-32.513382 -32.623277 -32.931795 -33.219139 -33.234246 -33.529100 -33.647717 -33.785537 -33.457571 -33.006051 -32.743238 -32.496296 -31.125627 -29.697440 -26.764318 -23.324352
-32.364425 -32.818578 -32.963318 -33.022123 -33.435855 -33.575648 -32.687401 -33.642323 -33.443479 -32.817238 -32.876831 -32.430783 -31.416653 -29.023513 -26.424942 -24.316979
-32.311753 -32.841580 -32.923388 -33.051960 -33.368492 -33.651809 -33.332521 -33.635188 -33.534504 -33.605040 -32.914305 -32.074060 -31.208095 -30.153113 -26.606191 -23.381232
-32.266894 -32.445680 -33.082713 -33.122629 -33.448328 -33.372436 -33.456726 -33.529926 -33.590608 -33.212729 -32.602649 -30.908721 -31.193630 -29.120909 -26.859073 -23.671784
-32.370072 -32.486093 -32.713748 -32.895900 -33.058880 -32.778712 -33.557439 -33.445889 -33.472072 -33.259650 -31.828070 -31.855028 -30.828227 -28.853209 -26.467050 -23.234347
-32.367483 -32.378313 -32.718460 -32.900377 -32.736055 -33.364198 -33.377529 -33.142447 -33.496767 -33.090382 -31.120967 -31.439270 -30.340729 -29.436786 -26.422014 -22.201251
-32.320185 -32.372069 -32.366412 -32.957710 -32.896202 -33.167692 -33.372376 -33.251241 -32.905681 -32.773547 -31.887556 -31.211041 -31.106853 -29.215895 -26.140526 -22.385965
-31.808943 -32.475064 -32.631415 -32.537495 -33.041410 -32.512428 -32.942482 -32.696536 -32.919133 -32.326525 -32.129618 -31.456389 -30.544379 -27.592689 -25.777907 -23.232033
-32.028096 -32.329252 -32.600114 -32.422029 -32.298144 -32.423680 -32.876169 -32.763218 -32.326940 -31.701319 -31.362944 -30.748450 -29.383907 -27.673444 -26.031793 -23.034709
-31.677609 -31.537544 -32.090135 -32.121816 -32.525107 -32.155372 -31.860588 -31.611387 -31.012452 -30.868133 -31.340155 -30.315781 -29.434944 -28.104220 -25.928575 -21.924468
-31.267360 -31.453692 -31.629367 -31.449777 -31.836469 -32.458682 -31.903645 -31.834751 -31.523890 -31.581191 -30.473875 -30.314550 -28.417439 -27.334144 -25.367474 -22.617900
-30.917539 -31.356703 -31.058187 -30.698592 -31.212760 -31.694317 -31.652655 -31.572947 -30.947232 -30.459550 -29.727807 -28.873395 -28.332181 -27.326364 -24.706550 -21.235372
-30.477214 -30.719097 -30.474113 -30.839692 -30.752685 -30.841467 -30.558141 -31.113085 -30.300361 -29.538674 -29.467221 -27.797943 -27.777948 -26.890808 -24.216939 -20.695498
-29.220679 -28.773214 -29.935715 -30.159709 -29.582404 -28.589477 -30.207434 -28.773386 -30.122354 -29.673395 -27.744558 -26.833762 -26.711338 -25.781949 -22.628578 -20.420819
-28.624367 -28.613767 -27.780251 -28.742257 -28.642257 -27.615431 -29.023543 -28.504267 -28.324927 -27.717611 -27.309614 -26.942215 -26.366826 -25.198248 -22.877112 -20.885806
-26.841056 -27.332470 -27.449938 -26.836415 -26.798884 -24.447548 -26.611395 -26.331933 -26.871832 -26.256292 -25.979189 -24.567594 -25.465859 -22.782808 -22.166859 -19.264957
-26.093047 -25.908194 -24.102739 -26.198137 -26.165526 -25.298203 -26.237986 -25.422209 -25.060754 -25.571958 -24.875981 -24.382456 -22.799146 -21.298654 -21.609251 -19.930414
-23.630464 -24.557910 -24.698553 -24.181179 -23.961489 -23.593120 -23.926032 -23.603333 -24.418585 -24.454306 -22.524638 -22.919187 -23.218396 -21.086579 -20.026709 -19.566626
-23.290389 -23.222215 -22.933785 -22.940380 -20.947704 -21.730232 -23.443728 -22.113643 -21.798213 -21.453787 -21.871654 -21.252169 -21.537486 -20.282450 -19.961039 -18.497725
-21.383468 -21.765175 -20.324988 -22.214843 -21.620545 -22.070140 -20.597452 -21.696120 -19.888828 -20.892729 -20.948504 -19.042377 -19.722669 -19.681553 -17.640426 -17.495798
-19.782074 -20.606038 -17.338476 -20.246161 -20.025865 -19.102291 -20.602333 -18.584161 -18.771073 -19.355354 -19.691654 -19.044704 -18.447465 -16.893444 -17.441602 -15.760498
