-30.802487 -30.589556 -30.929135 -31.260721 -31.172390 -31.313558 -31.788270 -31.558127 -31.643918 -31.878061 -31.514253 -30.652679 -29.588490 -28.596133 -25.659207 -20.837609
-30.678285 -30.803414 -30.716950 -31.834115 -31.391776 -31.571532 -30.939801 -32.122195 -31.722714 -31.909218 -31.201672 -30.426562 -30.687873 -28.427748 -25.295955 -21.614659
-30.542171 -31.311113 -31.201270 -31.420351 -30.992657 -31.243588 -31.414473 -31.818023 -32.140174 -31.259270 -31.199934 -30.264512 -29.769436 -28.212132 -25.796328 -21.200665
-30.520004 -29.964300 -31.012018 -30.741144 -30.878077 -31.718285 -31.723604 -32.214664 -31.724154 -31.361741 -30.848055 -30.422047 -29.712829 -28.484427 -25.206266 -21.751015
-30.867663 -31.377368 -30.464461 -30.841223 -31.456343 -31.921833 -30.935043 -31.147035 -31.367527 -31.709041 -31.386016 -30.985906 -29.199844 -27.829663 -25.719401 -21.195811
-31.347959 -31.175266 -31.521605 -31.196777 -31.289388 -31.583714 -31.254127 -31.579988 -31.315106 -30.864424 -29.861399 -30.359019 -29.634079 -28.417460 -25.756169 -21.726629
-30.319916 -30.546457 -31.212567 -31.324454 -31.225918 -30.996787 -30.982489 -31.209868 -31.097194 -31.338079 -31.372730 -30.398954 -29.186204 -27.864096 -25.464851 -20.429744
-30.390196 -30.401661 -31.071521 -31.324420 -30.711043 -31.515013 -31.617711 -31.198155 -31.379367 -31.432139 -30.368892 -29.488037 -28.792570 -28.083724 -25.281411 -21.366247
-30.185076 -30.857604 -30.771481 -31.213276 -31.486931 -31.263294 -31.141453 -31.318334 -30.631144 -30.360413 -30.509425 -28.699790 -28.698214 -27.521958 -25.211596 -20.820180
-30.197344 -30.350369 -30.846748 -30.608028 -31.587002 -31.225181 -30.446954 -31.040665 -30.702158 -29.379019 -29.434484 -29.237055 -28.664907 -26.740171 -24.154858 -20.321665
-30.691946 -30.499746 -30.475656 -31.071073 -30.556620 -30.333542 -30.339481 -30.628401 -30.071023 -29.837234 -28.920390 -29.345815 -28.246491 -26.579290 -24.155119 -20.823995
-29.364411 -29.735309 -30.403060 -30.458892 -30.517079 -29.738010 -30.262951 -29.903449 -30.557901 -29.544370 -28.700291 -28.990353 -28.155389 -26.863588 -23.703395 -19.230094
-29.030048 -28.752965 -28.591260 -29.604483 -29.410738 -29.910810 -29.117675 -29.148547 -28.179010 -29.022887 -28.388926 -27.920599 -26.776879 -25.726391 -23.482213 -19.594527
-28.563252 -29.663644 -28.970308 -29.081842 -28.580990 -28.249791 -28.155290 -28.772554 -29.341509 -27.856177 -28.155880 -27.150352 -26.573504 -24.989594 -22.903986 -18.678429
-27.508423 -27.605401 -27.467888 -28.018922 -28.155270 -27.286349 -27.644161 -27.691034 -26.953849 -26.803571 -27.153362 -25.932624 -25.597182 -24.244549 -22.419152 -19.430397
-25.338799 -26.285078 -26.569192 -26.188114 -26.224088 -26.490241 -26.287476 -26.462662 -26.841808 -26.791709 -25.055559 -25.007882 -24.401115 -23.309707 -21.184892 -16.289767
-26.044325 -24.735360 -25.053506 -25.574452 -26.206891 -24.802551 -25.425509 -25.902639 -25.195908 -23.534154 -24.503167 -23.726412 -21.837368 -21.187452 -22.026706 -17.546507
-22.738585 -24.089854 -22.997415 -23.593290 -22.972361 -24.967219 -23.493068 -22.813307 -24.018642 -23.684122 -22.870629 -23.034795 -21.948043 -20.688131 -18.944305 -15.893595
-22.671761 -22.711267 -22.914249 -22.554902 -23.574360 -22.756527 -22.765422 -21.675205 -23.093404 -22.176748 -21.788449 -21.038949 -21.768824 -19.256370 -18.349474 -15.811793
-21.739305 -19.819622 -19.756410 -21.129971 -21.559288 -20.831909 -21.287748 -20.784411 -20.864081 -20.989257 -19.681801 -20.767810 -20.200526 -19.574918 -17.595498 -15.699564
-19.039654 -19.577142 -19.886640 -20.061216 -18.586562 -20.156465 -20.831380 -19.968968 -19.220418 -19.982801 -19.323558 -19.925894 -18.370316 -17.993565 -15.996932 -14.746949
