-30.839234 -31.052229 -31.213546 -31.326541 -31.396670 -31.430812 -31.398421 -31.295789 -31.105254 -30.791823 -30.330959 -29.680945 -28.820221 -27.740194 -26.455050 -24.990079
-30.831277 -31.031977 -31.188149 -31.301517 -31.369176 -31.397345 -31.354332 -31.254599 -31.050902 -30.737351 -30.264085 -29.617867 -28.761713 -27.689592 -26.411489 -24.955461
-30.817814 -31.004519 -31.157045 -31.271608 -31.334057 -31.350628 -31.303577 -31.188298 -30.981909 -30.659652 -30.190061 -29.540359 -28.685707 -27.620972 -26.355419 -24.912868
-30.771630 -30.964756 -31.111574 -31.217195 -31.269306 -31.278935 -31.226084 -31.103117 -30.888809 -30.557659 -30.090549 -29.436457 -28.593061 -27.535795 -26.286486 -24.859053
-30.713992 -30.915358 -31.057660 -31.144661 -31.189049 -31.190918 -31.129641 -30.993047 -30.769586 -30.433527 -29.954999 -29.306616 -28.471822 -27.429829 -26.196431 -24.789045
-30.636489 -30.816861 -30.953510 -31.034290 -31.075865 -31.060675 -30.990254 -30.844930 -30.612006 -30.265562 -29.787405 -29.144932 -28.313685 -27.294210 -26.082820 -24.701064
-30.521627 -30.680042 -30.816175 -30.899638 -30.919779 -30.887303 -30.804194 -30.645135 -30.402386 -30.053629 -29.570864 -28.930748 -28.118978 -27.121838 -25.940879 -24.589612
-30.338294 -30.504062 -30.612146 -30.674037 -30.690926 -30.654677 -30.550320 -30.384094 -30.131069 -29.779101 -29.297238 -28.667403 -27.878374 -26.908352 -25.762735 -24.449425
-30.095778 -30.236477 -30.332466 -30.374352 -30.372403 -30.324699 -30.213288 -30.035541 -29.782445 -29.424391 -28.949459 -28.340192 -27.575499 -26.642796 -25.541989 -24.274657
-29.742417 -29.859038 -29.948019 -29.970067 -29.958079 -29.897405 -29.777028 -29.591922 -29.332009 -28.979960 -28.520327 -27.935354 -27.205692 -26.321637 -25.270167 -24.059833
-29.268060 -29.361179 -29.428617 -29.440991 -29.420131 -29.346497 -29.219553 -29.038517 -28.781758 -28.441084 -28.003470 -27.449371 -26.760185 -25.929117 -24.941185 -23.795803
-28.646657 -28.725953 -28.769909 -28.781242 -28.745390 -28.666680 -28.542789 -28.360801 -28.115784 -27.794373 -27.386074 -26.870045 -26.234174 -25.464282 -24.547401 -23.477437
-27.890032 -27.957310 -27.984505 -27.978344 -27.939300 -27.858871 -27.738525 -27.568081 -27.341648 -27.048982 -26.671801 -26.204871 -25.625860 -24.924043 -24.084836 -23.099635
-27.010517 -27.056876 -27.073844 -27.061690 -27.017114 -26.941086 -26.830360 -26.675766 -26.471522 -26.206745 -25.871643 -25.454952 -24.937250 -24.308781 -23.553302 -22.658182
-26.032416 -26.059879 -26.072032 -26.055934 -26.012121 -25.944919 -25.842861 -25.703669 -25.521388 -25.291196 -24.998553 -24.630710 -24.178691 -23.624803 -22.954421 -22.154597
-24.976105 -24.998647 -25.004700 -24.989325 -24.952149 -24.886241 -24.799723 -24.679183 -24.523317 -24.323854 -24.071562 -23.756197 -23.364347 -22.882243 -22.296016 -21.589873
-23.900854 -23.917699 -23.916378 -23.895851 -23.865262 -23.810200 -23.734548 -23.631992 -23.499818 -23.327944 -23.113426 -22.843008 -22.508906 -22.096031 -21.589101 -20.974433
-22.818448 -22.830280 -22.828428 -22.812415 -22.781075 -22.735276 -22.671596 -22.583385 -22.471178 -22.327860 -22.145685 -21.916961 -21.633374 -21.281480 -20.847638 -20.317702
-21.762962 -21.769504 -21.764984 -21.751029 -21.724837 -21.685018 -21.629643 -21.557030 -21.461665 -21.340841 -21.186176 -20.994946 -20.754039 -20.455341 -20.085604 -19.631792
-20.741166 -20.747129 -20.744822 -20.730205 -20.706165 -20.673152 -20.626731 -20.564118 -20.484814 -20.382346 -20.252454 -20.089726 -19.886971 -19.634128 -19.320414 -18.932601
-19.771844 -19.777548 -19.771614 -19.762088 -19.740382 -19.711387 -19.672556 -19.620023 -19.551089 -19.464023 -19.354843 -19.216942 -19.044446 -18.829535 -18.562985 -18.232023
