-35.348773 -35.095956 -34.908030 -34.861223 -34.945283 -34.858655 -33.729656 -33.249128 -32.113486 -30.957057 -29.608456 -28.044392 -26.440089 -24.766656 -23.060979 -21.469135
-34.428962 -34.696996 -34.733727 -34.917454 -34.795967 -34.458694 -33.756466 -32.818588 -32.058030 -30.779637 -29.450385 -27.913341 -26.331884 -24.682161 -23.005398 -21.432856
-34.297960 -34.224284 -34.752760 -34.402616 -34.399447 -33.824066 -33.246808 -32.507446 -31.636515 -30.532254 -29.137496 -27.737103 -26.201099 -24.551711 -22.935136 -21.387911
-34.555076 -34.732956 -34.435557 -34.045465 -33.864387 -33.426532 -33.112966 -32.216101 -31.297588 -30.238759 -28.890146 -27.525491 -26.039583 -24.460229 -22.846477 -21.330563
-33.720196 -33.824725 -34.013601 -33.639808 -33.308020 -32.983589 -32.475501 -31.733337 -30.899639 -29.870864 -28.583866 -27.267141 -25.823614 -24.304969 -22.736361 -21.259621
-33.268488 -33.476337 -33.406236 -33.244060 -32.734205 -32.362174 -31.845280 -31.201269 -30.392526 -29.406824 -28.202300 -26.948776 -25.570077 -24.108699 -22.600203 -21.169731
-32.517720 -32.710895 -32.677458 -32.286635 -32.199551 -31.663264 -31.155216 -30.532314 -29.776883 -28.863867 -27.739505 -26.555175 -25.260383 -23.839183 -22.426735 -21.056501
-31.640127 -31.774766 -31.535676 -31.430488 -31.141857 -30.811017 -30.314324 -29.640868 -29.043925 -28.216980 -27.181256 -26.080676 -24.875660 -23.547932 -22.219348 -20.919261
-30.317080 -30.576647 -30.328214 -30.206608 -30.085709 -29.628900 -29.366610 -28.846100 -28.143134 -27.400324 -26.524412 -25.532168 -24.426496 -23.203403 -21.967467 -20.752297
-29.410639 -29.292655 -29.282826 -29.026419 -28.819443 -28.530190 -28.176952 -27.741110 -27.194154 -26.554637 -25.781278 -24.896395 -23.869395 -22.796047 -21.672743 -20.551212
-28.116693 -27.963658 -27.891139 -27.756448 -27.562413 -27.337144 -27.026899 -26.638703 -26.173209 -25.605112 -24.944927 -24.175403 -23.279136 -22.327547 -21.324552 -20.315978
-26.578822 -26.588885 -26.509113 -26.399512 -26.238518 -26.027934 -25.779047 -25.464413 -25.078595 -24.597237 -24.041312 -23.390147 -22.623076 -21.808468 -20.933910 -20.044452
-25.190983 -25.180193 -25.114575 -25.008732 -24.891080 -24.725126 -24.508862 -24.258828 -23.944062 -23.531615 -23.073615 -22.560953 -21.931359 -21.247439 -20.506990 -19.742204
-23.819559 -23.786203 -23.728214 -23.642773 -23.555375 -23.425764 -23.262142 -23.064010 -22.791442 -22.509199 -22.129932 -21.704588 -21.213571 -20.659792 -20.053451 -19.417963
-22.492918 -22.477539 -22.426089 -22.358064 -22.277971 -22.212224 -22.080610 -21.927000 -21.723101 -21.495297 -21.216376 -20.888000 -20.506139 -20.073315 -19.590538 -19.080923
-21.306613 -21.307585 -21.259244 -21.231729 -21.156745 -21.085997 -20.995638 -20.881836 -20.743355 -20.576202 -20.367828 -20.127142 -19.839201 -19.511370 -19.142972 -18.744901
-20.299258 -20.280081 -20.256452 -20.223815 -20.185038 -20.136020 -20.068677 -19.989978 -19.892389 -19.769733 -19.622709 -19.445858 -19.232995 -18.997934 -18.721775 -18.416738
-19.465263 -19.445086 -19.431626 -19.413439 -19.383575 -19.339511 -19.304252 -19.246889 -19.178161 -19.094034 -18.990328 -18.867365 -18.717783 -18.541386 -18.341572 -18.115823
-18.798428 -18.785258 -18.777563 -18.762736 -18.743439 -18.721380 -18.684264 -18.647255 -18.601588 -18.542342 -18.473954 -18.386806 -18.279628 -18.155030 -17.858973 -17.713112
-18.280551 -18.277757 -18.270414 -18.062076 -18.243871 -18.223978 -18.017835 -17.995996 -17.965721 -17.934688 -17.890402 -17.839228 -17.777277 -17.699657 -17.599790 -17.488587
-17.747293 -17.738087 -17.731792 -17.723181 -17.715001 -17.705740 -17.698144 -17.682431 -17.657310 -17.631929 -17.604616 -17.555385 -17.508605 -17.447245 -17.367163 -17.286805
