-36.573095 -36.751358 -37.479787 -37.671474 -38.456625 -37.959430 -38.109872 -38.832807 -38.122274 -36.786031 -36.760981 -35.821732 -33.388430 -30.263077 -26.948294 -22.948583
-36.561560 -36.980940 -38.047648 -38.157832 -38.143059 -38.799100 -37.323299 -38.221915 -38.765127 -37.267535 -37.154846 -35.749416 -32.940601 -30.158377 -25.783359 -23.499086
-36.260760 -37.552435 -37.047236 -38.130414 -37.520979 -38.419444 -38.090843 -37.841083 -38.026460 -37.834274 -37.116947 -34.874309 -33.384338 -30.712167 -25.753949 -23.008049
-36.752873 -37.235085 -37.556536 -37.316579 -38.113074 -38.363672 -37.075618 -38.621669 -37.745403 -37.425801 -36.610783 -33.670878 -33.925730 -29.350445 -26.738115 -22.890021
-37.113650 -37.123938 -37.168351 -37.769579 -36.950916 -36.996587 -38.673920 -38.572102 -37.281537 -36.690077 -35.358941 -34.905349 -33.278558 -30.387127 -26.480580 -22.677777
-36.691151 -36.389359 -36.274470 -37.723873 -36.777843 -38.547500 -37.749894 -37.407122 -37.695750 -37.093765 -33.896344 -34.276285 -32.678708 -30.766362 -26.573517 -22.070029
-36.780732 -37.094868 -36.603378 -36.961467 -36.858295 -37.626622 -38.330684 -37.758811 -37.085316 -37.450619 -34.998109 -34.668028 -32.988916 -30.488589 -26.167276 -22.193430
-35.563451 -36.490682 -37.136344 -37.079947 -37.719106 -36.684777 -36.958080 -36.825136 -36.816333 -36.497772 -34.990205 -34.416557 -32.077795 -29.291419 -26.027202 -22.714431
-36.291836 -36.688066 -36.406915 -36.189712 -36.632737 -35.740158 -36.390320 -36.347334 -36.746090 -35.021609 -34.545536 -33.056640 -31.909061 -29.330719 -25.002611 -22.236468
-35.828117 -35.330476 -35.601527 -35.714701 -36.473978 -35.497206 -35.424207 -35.137293 -35.154140 -33.791373 -33.657105 -33.401316 -31.687743 -29.126037 -26.170720 -21.347729
-34.899644 -34.752129 -35.805203 -34.775554 -35.891851 -36.127202 -35.317250 -35.825112 -35.167724 -35.054746 -33.441320 -32.900489 -29.238972 -28.450602 -25.958798 -21.578617
-34.143864 -34.282000 -34.575604 -33.594210 -34.364733 -34.829247 -35.251908 -35.049299 -34.685742 -33.365023 -33.316496 -31.073448 -29.891231 -27.443024 -25.397544 -21.578605
-33.319159 -33.718183 -33.094669 -33.445490 -33.699647 -33.896489 -33.158579 -33.866728 -33.540766 -32.181651 -32.073314 -29.121924 -28.049817 -27.432011 -23.986808 -20.291048
-31.104632 -31.385443 -32.789410 -32.587776 -32.148553 -29.021768 -32.989169 -31.144182 -32.279678 -31.672176 -30.052344 -26.754226 -26.218742 -27.017973 -23.238387 -20.185463
-30.684132 -30.749672 -28.752487 -29.429395 -31.150847 -29.449687 -30.858565 -30.162023 -30.261951 -29.033756 -29.380957 -28.143375 -27.361442 -25.316942 -23.715107 -21.553047
-27.117799 -29.229246 -29.290926 -29.067820 -28.954777 -22.351866 -27.306424 -29.103966 -28.309350 -27.088205 -27.501040 -25.754750 -26.258090 -23.977739 -23.002085 -19.795046
-27.959314 -27.450800 -25.936180 -28.278634 -27.790461 -26.894147 -27.287560 -24.918471 -25.452489 -24.991966 -25.190283 -25.901829 -24.536635 -22.385312 -22.521835 -20.694188
-24.684873 -26.327173 -25.993822 -22.762506 -22.910604 -23.132572 -25.804109 -24.942717 -24.367439 -24.827090 -23.539920 -25.075354 -22.608854 -22.904276 -20.440284 -19.704870
-23.868190 -23.356304 -24.259196 -24.137670 -19.578238 -21.925200 -24.331714 -23.528436 -22.707616 -21.308931 -24.089111 -21.459280 -22.137029 -21.331561 -21.116245 -19.873531
-21.310581 -21.998551 -21.251104 -23.378806 -20.698329 -22.709591 -20.254891 -22.734032 -19.263783 -21.923130 -21.170530 -21.521635 -20.475063 -21.155569 -18.367083 -18.415077
-20.596704 -21.725705 -19.341933 -21.748282 -21.160684 -20.221388 -21.043134 -18.216073 -18.607040 -19.690645 -20.136590 -19.175191 -19.941774 -18.385757 -17.934533 -17.275315
