-34.665282 -35.456327 -35.403846 -34.899648 -35.181915 -35.693854 -35.692997 -36.159104 -36.113291 -35.886528 -35.041894 -33.982542 -32.642367 -30.505342 -26.133512 -20.574270
-35.093442 -34.442068 -35.283052 -35.186845 -35.894310 -36.267782 -35.545199 -36.039827 -35.801102 -35.265692 -34.679054 -34.228764 -33.384678 -29.690656 -25.609522 -21.010277
-34.520571 -36.021820 -35.895441 -35.816660 -36.095224 -35.404873 -35.649555 -35.398909 -35.887542 -35.287757 -34.983694 -33.352113 -32.981428 -30.273596 -26.038695 -20.684169
-34.434985 -35.046899 -34.828676 -36.141624 -34.870489 -35.553137 -35.126265 -36.424369 -35.745067 -35.517681 -35.067224 -33.316036 -32.370245 -30.094255 -26.045811 -20.910448
-34.711365 -34.984409 -34.928071 -35.158986 -34.806263 -35.806538 -35.224794 -35.231971 -34.862747 -35.403050 -34.478904 -33.485841 -32.086362 -29.469467 -26.228656 -20.660476
-34.746322 -35.478487 -35.334362 -36.048090 -35.333057 -35.877403 -34.990664 -35.657399 -34.872067 -33.824275 -33.198504 -33.587568 -32.305990 -29.544042 -26.253702 -21.359191
-34.814996 -34.773167 -35.435064 -35.650460 -35.311826 -35.166368 -35.223415 -36.006493 -34.450629 -34.597416 -34.930484 -33.559532 -31.721263 -29.553504 -25.575143 -20.341799
-34.106933 -34.613422 -35.119233 -35.307247 -35.001834 -35.641660 -35.320912 -35.070746 -34.814152 -35.090923 -34.288422 -33.082497 -31.404452 -29.537452 -25.807727 -20.737140
-34.066406 -34.737931 -34.593282 -34.989839 -35.442619 -35.765789 -35.278943 -35.498772 -34.696554 -33.532593 -33.689755 -31.757593 -31.443735 -28.949515 -25.021399 -20.409500
-34.003698 -34.249031 -34.803494 -35.180019 -35.369122 -34.557345 -34.062457 -34.828834 -33.779133 -34.053294 -32.678148 -32.613643 -30.858601 -28.401223 -24.488961 -19.944954
-34.466127 -34.373944 -34.263351 -34.413096 -34.412765 -34.251493 -34.181933 -34.551872 -33.637439 -33.452447 -32.849926 -32.012127 -30.343870 -27.792582 -24.272416 -20.272841
-33.378707 -33.006172 -33.735248 -34.255771 -34.346117 -32.982660 -33.557594 -33.890821 -34.017907 -32.771306 -32.153692 -31.468283 -30.448799 -27.707201 -23.990800 -19.507060
-32.432503 -32.867005 -32.454560 -33.138756 -33.152558 -33.184629 -33.029500 -32.520397 -31.886670 -32.213570 -31.991337 -30.173294 -29.212088 -26.897881 -23.541819 -19.622267
-32.194661 -32.944762 -32.242910 -33.119968 -32.053723 -31.677598 -31.854496 -32.169306 -32.045987 -31.473345 -31.072185 -29.621022 -28.012538 -25.784632 -22.838634 -19.174484
-31.485305 -31.071623 -31.353269 -30.940272 -31.062732 -31.227227 -30.972199 -31.171330 -30.413406 -30.119533 -29.486266 -28.451820 -27.116439 -25.019412 -22.369751 -19.621065
-30.074873 -30.094972 -29.358093 -29.898299 -29.895977 -29.962864 -29.750487 -29.927847 -29.703172 -28.974114 -28.420628 -27.266142 -26.166295 -23.910240 -22.123625 -17.812635
-28.687930 -29.354738 -28.428005 -28.907416 -29.276751 -28.609430 -28.520278 -28.947251 -27.999167 -27.699777 -27.386568 -26.356650 -25.211184 -23.294670 -21.968443 -18.549928
-27.025356 -27.688946 -27.407217 -27.425384 -27.406345 -27.247710 -27.175725 -27.101987 -27.309049 -26.317907 -26.527932 -25.353407 -24.307636 -22.899299 -19.807049 -17.916970
-26.213037 -26.294745 -26.275643 -25.815425 -25.495301 -26.386139 -25.787780 -25.562978 -25.840176 -25.247943 -24.720976 -24.051022 -23.381765 -21.393784 -19.808158 -17.717480
-24.575820 -24.591054 -24.098647 -24.782379 -24.529153 -24.541847 -24.571140 -24.532120 -24.091062 -23.974466 -23.272641 -23.278022 -22.425855 -20.456885 -19.311166 -17.940092
-22.062925 -22.190834 -22.799842 -23.218500 -22.807712 -22.820752 -22.771783 -21.561601 -22.411555 -22.717099 -22.687619 -22.193075 -20.702652 -20.254852 -18.163666 -17.732283
