34.675949 35.467567 35.418739 34.910343 35.206535 35.707203 35.745846 36.184269 36.130051 35.927036 35.066952 33.992420 32.673866 30.512032 26.128071 19.977858
35.129910 34.472721 35.325924 35.226875 35.911201 36.278740 35.560902 36.056728 35.812107 35.292171 34.694141 34.249798 33.393692 29.723417 25.589106 20.577335
34.560005 36.037315 35.923382 35.828072 36.112061 35.430885 35.673721 35.410778 35.927467 35.301426 34.997871 33.376427 32.990219 30.278442 26.046276 20.095196
34.447876 35.054127 34.841782 36.157848 34.890293 35.574001 35.142796 36.445297 35.760307 35.542942 35.095055 33.325340 32.388012 30.112097 26.042549 20.393774
34.737164 35.005417 34.937206 35.180180 34.828667 35.838291 35.251148 35.246395 34.879063 35.424824 34.486843 33.536098 32.104015 29.476990 26.221882 20.048153
34.767460 35.489635 35.343719 36.066151 35.344795 35.891373 35.012413 35.687405 34.889084 33.868698 33.230507 33.604893 32.315014 29.553804 26.246853 20.984859
34.839005 34.814152 35.448193 35.669243 35.328632 35.219311 35.239323 36.029625 34.467445 34.627060 34.958092 33.584278 31.748388 29.556774 25.563776 19.642750
34.118111 34.623863 35.140388 35.320889 35.011047 35.656631 35.332821 35.094372 34.827187 35.113255 34.305084 33.097183 31.419868 29.549295 25.792196 20.165237
34.112240 34.750816 34.600983 35.014771 35.456860 35.776798 35.298599 35.517067 34.704193 33.551582 33.710945 31.793854 31.450359 28.954319 24.988510 19.768856
34.010578 34.254589 34.825817 35.201969 35.379913 34.585335 34.097790 34.840736 33.806377 34.064808 32.690849 32.634777 30.868990 28.407284 24.453602 19.117853
34.475487 34.396072 34.272923 34.428944 34.426502 34.274719 34.190952 34.568485 33.661995 33.478771 32.865841 32.031685 30.364855 27.793766 24.224203 19.596401
33.389610 33.050636 33.747643 34.270370 34.360920 32.998489 33.589062 33.901749 34.022697 32.805733 32.173569 31.487589 30.456726 27.707836 23.921383 18.399197
32.458817 32.882488 32.468189 33.153915 33.172981 33.206200 33.059502 32.533157 31.896713 32.239155 32.004425 30.182331 29.216480 26.898567 23.448019 18.611359
32.207001 32.958073 32.258488 33.134712 32.060772 31.714981 31.863457 32.182156 32.060871 31.483021 31.075775 29.638016 28.015705 25.768164 22.672943 17.848335
31.491608 31.094244 31.364376 30.949562 31.072866 31.249542 30.989414 31.180775 30.422459 30.125427 29.492147 28.457422 27.123377 24.990692 22.145935 18.608501
30.081703 30.105774 29.363251 29.908812 29.909355 29.980974 29.762928 29.940788 29.720409 28.990496 28.423649 27.270212 26.166380 23.831184 21.889555 15.349634
28.692936 29.359333 28.457659 28.913088 29.286064 28.614452 28.539116 28.951628 28.005800 27.701149 27.391045 26.353233 25.191563 23.170074 21.727400 16.774805
27.036537 27.695404 27.410286 27.430189 27.407066 27.249050 27.181406 27.101379 27.311356 26.315514 26.528597 25.339645 24.260748 22.788458 18.808548 15.295681
26.206352 26.292135 26.274986 25.804600 25.488117 26.382036 25.784950 25.553701 25.831799 25.241602 24.690092 23.997875 23.293591 21.006136 18.841122 15.226150
24.552174 24.565096 24.058228 24.760883 24.497252 24.516788 24.541712 24.495644 24.038162 23.920017 23.185350 23.165876 22.250317 19.820444 18.001295 15.288446
21.926870 22.068594 22.710266 23.137730 22.695168 22.710041 22.652519 21.387842 22.286093 22.576172 22.524157 21.997356 20.062151 19.452972 16.361404 14.710827
