36.588776 36.775288 37.507500 37.701138 38.480167 37.984623 38.159554 38.868893 38.146877 36.808922 36.784199 35.838196 33.401428 30.276913 26.948273 22.836363
36.583992 36.995071 38.089062 38.181156 38.167946 38.819214 37.345463 38.254848 38.784569 37.285271 37.169910 35.768147 32.955341 30.168629 25.777300 23.430538
36.288528 37.568771 37.083260 38.154324 37.547409 38.446053 38.117222 37.882286 38.061657 37.854649 37.136002 34.888031 33.399933 30.719017 25.768425 22.854939
36.769344 37.250210 37.583252 37.349781 38.133297 38.408291 37.103199 38.647621 37.764862 37.452702 36.648029 33.680069 33.939041 29.355087 26.742056 22.752460
37.130424 37.135555 37.200653 37.792763 36.969810 37.015938 38.699078 38.592514 37.314835 36.717243 35.366768 34.928623 33.284496 30.402138 26.477379 22.496750
36.721367 36.426353 36.280689 37.745277 36.792934 38.569427 37.775833 37.446377 37.710903 37.112213 33.925640 34.297184 32.688946 30.775112 26.570856 21.831608
36.796104 37.114128 36.619537 36.990799 36.875240 37.645363 38.363972 37.782806 37.102909 37.472378 35.049755 34.677769 33.005756 30.497490 26.162319 21.975119
35.587025 36.506836 37.153488 37.115139 37.744762 36.709766 36.977993 36.856819 36.848671 36.508095 35.003006 34.431450 32.099926 29.294298 26.021374 22.549526
36.312592 36.713974 36.420334 36.219326 36.652779 35.766682 36.408558 36.365562 36.762650 35.043823 34.564022 33.102470 31.916582 29.336868 24.988688 22.006140
35.843605 35.335247 35.627045 35.737003 36.489441 35.508202 35.432808 35.148682 35.160591 33.805496 33.678082 33.414749 31.694527 29.135187 26.165890 20.968420
34.917191 34.766392 35.817104 34.779137 35.904392 36.151772 35.327446 35.836853 35.182446 35.078114 33.452366 32.916122 29.245909 28.452839 25.951130 21.276306
34.161678 34.293911 34.589649 33.594528 34.369778 34.846630 35.267925 35.070206 34.693584 33.376240 33.331619 31.091259 29.901188 27.445160 25.391302 21.270342
33.336342 33.739307 33.107914 33.464794 33.731453 33.906895 33.169128 33.881470 33.555672 32.189682 32.087132 29.132977 28.057541 27.435299 23.938602 19.641809
31.124231 31.387394 32.803455 32.598866 32.162319 29.028831 33.003685 31.151299 32.293098 31.682545 30.062145 26.752462 26.211651 27.029619 23.112244 19.515331
30.694958 30.758278 28.761309 29.438877 31.160910 29.456968 30.876120 30.169254 30.276377 29.045555 29.389435 28.150503 27.365440 25.314138 23.652411 21.223660
27.120319 29.233604 29.303116 29.071171 28.960646 22.182880 27.310390 29.113049 28.319351 27.083609 27.504141 25.746906 26.261080 23.943720 22.873661 18.851982
27.968378 27.453663 25.930059 28.282509 27.799877 26.894535 27.289719 24.907436 25.452087 24.986729 25.180273 25.904182 24.517464 22.252132 22.316286 20.283239
24.660133 26.327869 25.994560 22.638186 22.831570 23.063612 25.797346 24.924601 24.346127 24.812765 23.462059 25.065075 22.511917 22.782686 19.864796 18.925512
23.825377 23.305216 24.237192 24.103453 18.760284 21.689890 24.308054 23.484089 22.516100 21.071117 24.054129 21.103975 21.993355 21.037533 20.769053 19.071524
21.083582 21.843603 21.030289 23.330757 20.295294 22.620556 19.761503 22.635616 18.360394 21.641720 20.852318 21.243431 19.844826 20.825693 16.389748 16.677620
20.189512 21.529379 18.335005 21.489210 20.803593 19.621578 20.686123 16.316696 17.139698 18.956135 19.591772 18.149029 19.225807 16.567238 15.634690 13.699268
