35.608658 35.418530 35.305962 35.222069 35.279968 35.051865 34.038902 33.454525 32.289223 31.089050 29.704554 28.118130 26.479795 24.750025 22.924921 21.084145
34.776661 35.045597 35.128323 35.244797 35.081577 34.712700 33.980968 33.045395 32.192375 30.900572 29.542086 27.985935 26.369778 24.661501 22.863644 21.040619
34.680046 34.617599 35.033321 34.744610 34.671810 34.114372 33.501022 32.732159 31.792713 30.649233 29.245480 27.810452 26.236111 24.532511 22.784389 20.984982
34.757801 34.929070 34.677608 34.379578 34.145588 33.682858 33.285595 32.409752 31.441204 30.352232 28.987907 27.592772 26.067469 24.427689 22.686996 20.914557
34.040245 34.067162 34.225559 33.896450 33.581524 33.211815 32.667728 31.888252 31.028782 29.967602 28.671600 27.323780 25.847752 24.263611 22.564159 20.826229
33.495361 33.676304 33.593708 33.434612 32.959984 32.544682 32.024059 31.339554 30.503712 29.490282 28.279400 26.998968 25.583651 24.053099 22.410416 20.712963
32.709763 32.866791 32.832653 32.469028 32.342487 31.823784 31.288736 30.647324 29.871052 28.936720 27.803925 26.592653 25.264141 23.775795 22.216976 20.573423
31.779192 31.888283 31.696051 31.586569 31.270006 30.925175 30.416363 29.748011 29.117010 28.276783 27.236090 26.109732 24.864388 23.461166 21.981628 20.397602
30.499386 30.685532 30.467386 30.333778 30.168772 29.744299 29.438505 28.915684 28.216526 27.456554 26.560823 25.543747 24.392302 23.085960 21.689369 20.181635
29.485128 29.399387 29.351364 29.116562 28.902077 28.606564 28.250196 27.801998 27.244833 26.590940 25.800058 24.883305 23.808367 22.637690 21.339693 19.916771
28.161015 28.021507 27.949627 27.809120 27.619972 27.384468 27.071859 26.678066 26.198694 25.617805 24.934999 24.128950 23.171366 22.112925 20.916943 19.596043
26.625443 26.626263 26.541891 26.429293 26.267767 26.050253 25.794809 25.469501 25.071457 24.573513 23.987730 23.287949 22.448996 21.507084 20.428738 19.216602
25.199022 25.178537 25.108524 25.001286 24.879234 24.703873 24.479353 24.218933 23.885082 23.448853 22.950373 22.377132 21.656624 20.827465 19.869055 18.771612
23.757912 23.716562 23.656633 23.568342 23.470543 23.330545 23.153473 22.938520 22.642843 22.322174 21.894550 21.391151 20.791895 20.081490 19.240988 18.264006
22.310991 22.285828 22.221748 22.154793 22.067539 21.985889 21.835197 21.653669 21.417894 21.144392 20.799667 20.388298 19.882259 19.275524 18.549110 17.695253
20.915916 20.914831 20.858940 20.825367 20.734814 20.643898 20.531910 20.382977 20.206059 19.983822 19.699661 19.362362 18.939966 18.429646 17.811762 17.076378
19.611958 19.582603 19.555904 19.508039 19.453987 19.382847 19.285006 19.169529 19.024744 18.840710 18.614918 18.332684 17.980297 17.560270 17.041037 16.415445
18.368423 18.335091 18.318996 18.288794 18.239067 18.170027 18.105877 18.007118 17.888489 17.742760 17.558619 17.327583 17.043827 16.691042 16.256792 15.721087
17.197083 17.179771 17.162704 17.131124 17.091860 17.050344 16.983171 16.904900 16.811283 16.693405 16.549662 16.361614 16.127302 15.824656 15.464969 15.025309
16.111256 16.117966 16.104475 16.079994 16.034695 16.003023 15.952868 15.887352 15.800056 15.703095 15.577622 15.425146 15.234981 14.996024 14.685089 14.330392
15.152239 15.123369 15.107441 15.091763 15.050144 15.018872 15.003486 14.949197 14.878678 14.794351 14.700895 14.554977 14.402986 14.197177 13.931524 13.672046
