-28.433114
-26.725894
-27.451399
-28.601413
-27.843782
-27.632524
-28.564476
-27.571692
-27.149948
-26.210997
-28.445495
-27.991080
-27.484575
-25.240825
-27.224508
-27.704581
-28.295367
-27.153769
-27.694179
-27.526165
-27.498137
-28.294552
-28.508509
-27.312119
-27.802923
-28.639867
-28.067241
-27.695872
-28.236616
-27.605251
-28.415011
-28.031099
-28.295965
-26.600427
-28.481972
-27.072967
-28.283918
-27.898301
-25.880146
-27.332977
-27.085236
-28.434660
-27.934702
-26.423784
-28.264734
-28.755628
-27.415424
-28.535863
-27.548008
-27.547980
-28.243897
-27.768499
-26.920050
-27.506720
-27.001780
-27.266707
-27.559670
-28.480052
-28.548285
-28.451271
-28.364970
-27.384491
-28.183800
-28.335367
-28.290703
-27.830195
-27.821957
-27.578384
-28.322442
-28.196780
-27.741464
-28.152579
-27.307362
-28.275366
-28.067287
-27.867414
-27.739452
-27.486483
-27.902951
-27.538237
-28.684932
-27.073382
-28.780789
-27.939994
-28.258376
-27.680737
-28.025578
-26.716373
-28.087548
-27.515680
-26.243473
-27.563864
-27.167800
-27.931723
-27.533798
-28.355148
-28.265832
-25.404598
-27.936308
-27.801886
-26.072226
-27.890163
-27.545710
-28.222567
-28.220544
-27.539665
-27.811939
-26.207629
-27.606397
-27.904418
-25.429239
-26.495572
-28.660429
-26.857392
-27.748617
-28.001601
-28.131010
-27.655605
-28.250149
-27.456377
