3.935698
4.618557
3.806810
3.825992
3.851107
5.235420
3.849060
5.274973
5.194648
5.160618
3.962505
4.024379
5.226951
10.528171
3.876833
3.882468
3.859533
5.381769
4.012170
3.709306
4.533142
3.766198
3.957396
5.180695
3.999031
3.847807
3.899123
3.964906
3.994328
4.301780
3.925963
4.079965
4.129910
6.193907
3.951408
3.820009
4.018986
4.059296
6.561832
4.415957
5.244152
4.189934
3.873003
5.200776
3.960700
3.847421
3.897417
3.895117
5.262782
3.785058
3.841759
3.912612
5.242829
5.161931
3.793326
5.191095
5.342079
4.097807
3.897857
4.042347
3.756361
5.378615
3.858015
4.059502
3.739656
4.035884
3.942064
5.250069
3.764022
4.089902
3.709153
4.046599
5.019556
4.055956
3.906392
3.816504
3.981121
5.320263
3.922931
5.266457
3.868969
5.219182
3.921418
4.118149
3.961550
4.431407
3.942833
3.905263
3.815319
4.041947
6.326167
5.297502
3.837720
3.853934
3.862997
3.992666
3.687265
9.674541
3.999660
3.978482
5.199300
3.722487
5.242384
3.811893
3.898076
5.233206
4.004374
5.123798
5.247648
3.727228
10.757579
5.241439
3.937864
5.152091
3.994018
3.986479
4.357664
3.944672
4.111648
5.193284
