439.000000
1093.000000
1154.000000
151.000000
1276.000000
145.000000
138.000000
177.000000
328.000000
788.000000
420.000000
513.000000
73.000000
191.000000
1674.000000
877.000000
345.000000
254.000000
1090.000000
975.000000
338.000000
846.000000
255.000000
195.000000
1017.000000
216.000000
661.000000
1032.000000
245.000000
583.000000
550.000000
1236.000000
798.000000
240.000000
86.000000
1215.000000
125.000000
926.000000
287.000000
910.000000
579.000000
483.000000
849.000000
485.000000
270.000000
281.000000
1398.000000
190.000000
289.000000
730.000000
735.000000
1337.000000
605.000000
60.000000
828.000000
217.000000
180.000000
99.000000
242.000000
268.000000
587.000000
143.000000
545.000000
112.000000
624.000000
944.000000
1309.000000
47.000000
445.000000
295.000000
698.000000
470.000000
170.000000
370.000000
1073.000000
772.000000
971.000000
433.000000
395.000000
360.000000
229.000000
544.000000
294.000000
320.000000
476.000000
361.000000
1455.000000
1601.000000
1122.000000
632.000000
239.000000
95.000000
1163.000000
779.000000
1024.000000
220.000000
520.000000
300.000000
652.000000
365.000000
871.000000
570.000000
436.000000
809.000000
203.000000
725.000000
727.000000
681.000000
666.000000
495.000000
120.000000
422.000000
164.000000
506.000000
1382.000000
534.000000
387.000000
1528.000000
402.000000
291.000000
