-31.723064 -31.694038 -31.976207 -32.606541 -32.851476 -32.644550 -33.496137 -33.591519 -33.320729 -33.290053 -33.432076 -33.155778 -32.027774 -29.332726 -26.163759 -22.857621
-31.360774 -32.060103 -32.357470 -32.603365 -32.846635 -33.024429 -33.499363 -33.591999 -33.620024 -33.584642 -33.100007 -32.921295 -31.806545 -29.285558 -26.093899 -22.810316
-31.362880 -32.358052 -32.660718 -32.232286 -33.145421 -33.009362 -33.485097 -33.242628 -33.595065 -33.553638 -33.357205 -32.860317 -31.904057 -29.201731 -25.992602 -22.743582
-31.337468 -32.592295 -31.970200 -32.585642 -32.801069 -32.984148 -33.122930 -33.200810 -33.566279 -33.503723 -33.501262 -32.952375 -31.773719 -29.090491 -25.899507 -22.660272
-31.668405 -32.009635 -32.303495 -32.886639 -33.119234 -33.274522 -33.099796 -33.483617 -33.499795 -33.441390 -33.388782 -32.831679 -30.993696 -28.930278 -25.770352 -22.564574
-31.303949 -32.000101 -32.288002 -33.121466 -33.058932 -33.221851 -33.058584 -33.423100 -33.448144 -33.356995 -33.106934 -32.516273 -30.830909 -28.729812 -25.578942 -22.433408
-31.621865 -31.594639 -32.224986 -32.480753 -33.014851 -33.184938 -33.305734 -33.335458 -33.586084 -33.246509 -33.144977 -32.352093 -30.586313 -28.498988 -25.377385 -22.265116
-31.202031 -32.615622 -32.481334 -32.398179 -33.177059 -33.067428 -33.199126 -33.240181 -33.210071 -33.069863 -32.950182 -32.241540 -30.331479 -27.952339 -25.097915 -22.060470
-31.729499 -32.049977 -32.607391 -32.842767 -32.799895 -32.928528 -33.008385 -33.062533 -33.019905 -33.038010 -32.634669 -31.530702 -29.929017 -27.777826 -24.762527 -21.810491
-31.777472 -32.292334 -31.491407 -32.647389 -32.799076 -32.954837 -32.463829 -32.783051 -32.911135 -32.692441 -31.456840 -30.761715 -29.443758 -27.288808 -24.334011 -21.501440
-31.688103 -31.591264 -32.076506 -32.341067 -32.616982 -32.366517 -32.414641 -32.411329 -31.659638 -31.437030 -31.013189 -30.534976 -28.825241 -26.663588 -23.839547 -21.119361
-31.310510 -31.601587 -31.814865 -31.842381 -31.961934 -32.064137 -31.610878 -32.020040 -31.056520 -31.154375 -30.654231 -29.506916 -28.071761 -25.964072 -23.252391 -20.680052
-30.674314 -29.431912 -31.162044 -30.267958 -30.770728 -30.517453 -30.866987 -30.437227 -30.246844 -29.992224 -29.431290 -28.567721 -27.128242 -24.882017 -22.575128 -20.157180
-29.097529 -28.960903 -29.217262 -29.342721 -29.446104 -29.867999 -29.546279 -29.462299 -29.246659 -28.909922 -28.390332 -27.459918 -26.002444 -23.929063 -21.771243 -19.556743
-27.964413 -27.210320 -28.292065 -28.132079 -28.178700 -28.661843 -28.210499 -28.168021 -27.960206 -27.673358 -27.057373 -26.139383 -24.772884 -22.998456 -20.993957 -18.888874
-26.186518 -26.330648 -26.484951 -26.165095 -27.072013 -26.780582 -26.727449 -26.709955 -26.496913 -26.160575 -25.600758 -24.669078 -23.392542 -21.677148 -19.970003 -18.157261
-24.605343 -24.738771 -24.882178 -24.955963 -25.112592 -25.169288 -24.653258 -25.049169 -24.862994 -24.132811 -23.616797 -23.120748 -21.994596 -20.589523 -18.967477 -17.362243
-21.543311 -22.538456 -22.635588 -23.322263 -23.404165 -23.472911 -23.436306 -23.323241 -22.722155 -22.766582 -22.245671 -21.520713 -20.344372 -19.355845 -17.995311 -16.519178
-20.768181 -20.880451 -21.516172 -21.080044 -21.159207 -21.730345 -21.659001 -21.597707 -21.402948 -20.705269 -20.582692 -19.949414 -19.124321 -17.963361 -16.939221 -15.638089
-19.665783 -19.283778 -19.359688 -19.424408 -20.012743 -19.542459 -19.960237 -19.504204 -19.678904 -19.400603 -18.689500 -18.213464 -17.731244 -16.857438 -15.881448 -14.725706
-18.081808 -18.129714 -18.225618 -17.862186 -17.881493 -17.952735 -18.341248 -18.245988 -17.752202 -17.848316 -17.480441 -17.007929 -16.376577 -15.629415 -14.789370 -13.847331
