-31.161218 -31.385184 -31.559006 -31.684548 -31.767431 -31.797969 -31.759000 -31.646186 -31.433713 -31.089345 -30.585185 -29.888929 -28.978327 -27.846626 -26.513653 -25.013918
-31.145879 -31.366775 -31.536404 -31.655678 -31.727129 -31.752942 -31.713249 -31.597443 -31.371061 -31.027747 -30.519044 -29.823773 -28.914959 -27.792825 -26.469664 -24.979231
-31.114199 -31.335579 -31.500824 -31.609887 -31.689846 -31.699708 -31.644193 -31.521197 -31.298052 -30.943007 -30.433645 -29.736234 -28.836702 -27.722802 -26.414602 -24.936306
-31.081152 -31.280207 -31.443513 -31.562845 -31.620015 -31.618543 -31.567302 -31.431289 -31.196402 -30.836838 -30.323782 -29.629511 -28.733521 -27.635472 -26.340805 -24.880779
-31.021410 -31.228422 -31.379544 -31.474184 -31.524938 -31.516685 -31.453345 -31.304043 -31.060650 -30.697283 -30.178519 -29.490821 -28.606419 -27.521987 -26.248550 -24.810753
-30.926767 -31.120726 -31.255519 -31.360310 -31.404639 -31.381002 -31.299036 -31.134604 -30.883535 -30.510436 -29.999405 -29.312833 -28.443320 -27.382158 -26.132636 -24.720307
-30.797299 -30.970664 -31.108169 -31.186141 -31.219725 -31.181837 -31.090172 -30.922865 -30.653454 -30.280411 -29.764286 -29.090863 -28.241456 -27.205074 -25.987852 -24.607749
-30.593239 -30.766497 -30.888066 -30.955541 -30.965810 -30.919278 -30.813368 -30.635209 -30.361680 -29.981605 -29.472692 -28.812783 -27.985580 -26.982438 -25.805679 -24.465055
-30.330014 -30.480805 -30.573548 -30.621841 -30.618181 -30.569703 -30.446398 -30.254695 -29.982084 -29.602048 -29.103992 -28.467181 -27.670840 -26.710019 -25.578292 -24.287843
-29.944730 -30.066797 -30.159284 -30.189628 -30.175780 -30.100472 -29.977226 -29.778644 -29.501925 -29.132340 -28.652827 -28.044647 -27.288164 -26.376308 -25.301483 -24.069983
-29.432382 -29.539595 -29.600970 -29.623260 -29.594504 -29.512101 -29.381476 -29.182633 -28.918623 -28.565295 -28.108940 -27.535618 -26.827484 -25.973885 -24.965984 -23.803233
-28.773796 -28.867240 -28.915863 -28.918851 -28.880914 -28.796246 -28.666091 -28.476662 -28.222496 -27.890426 -27.468536 -26.939015 -26.286215 -25.500377 -24.565595 -23.481833
-27.987924 -28.052949 -28.085265 -28.079164 -28.038392 -27.949210 -27.831965 -27.650623 -27.423856 -27.118285 -26.732487 -26.253953 -25.664384 -24.949196 -24.097323 -23.100598
-27.080424 -27.122919 -27.140184 -27.127411 -27.086584 -27.007751 -26.888112 -26.733811 -26.524947 -26.252301 -25.912296 -25.485504 -24.964087 -24.325522 -23.560223 -22.656147
-26.073061 -26.097888 -26.108499 -26.093984 -26.052700 -25.982314 -25.880913 -25.736503 -25.556154 -25.321404 -25.023237 -24.651994 -24.193027 -23.633682 -22.955701 -22.149243
-25.000579 -25.025718 -25.030120 -25.010393 -24.972601 -24.910442 -24.818917 -24.699791 -24.540785 -24.337518 -24.083079 -23.764100 -23.369459 -22.884743 -22.293664 -21.582555
-23.907955 -23.926707 -23.924623 -23.908016 -23.872613 -23.816934 -23.742597 -23.637724 -23.503222 -23.333159 -23.116754 -22.843368 -22.507664 -22.092298 -21.582757 -20.964735
-22.819166 -22.830917 -22.829396 -22.811416 -22.779970 -22.734116 -22.668598 -22.581742 -22.470760 -22.325652 -22.143145 -21.913395 -21.627722 -21.274067 -20.838845 -20.305994
-21.757409 -21.762844 -21.762113 -21.746871 -21.719119 -21.679780 -21.624245 -21.550237 -21.455852 -21.333524 -21.179424 -20.987393 -20.746027 -20.445794 -20.075680 -19.620658
-20.737732 -20.740062 -20.735019 -20.720931 -20.701039 -20.664268 -20.618535 -20.556441 -20.474782 -20.373617 -20.244233 -20.080750 -19.876716 -19.623354 -19.309095 -18.920738
-19.764260 -19.767291 -19.764197 -19.751951 -19.731500 -19.701648 -19.661853 -19.609546 -19.541822 -19.455013 -19.345102 -19.207307 -19.034324 -18.818246 -18.551697 -18.220754
