-31.872394 -31.861915 -32.114325 -32.664897 -32.832828 -32.589488 -33.370496 -33.401718 -33.072906 -32.913786 -32.795079 -31.990294 -30.414075 -27.924157 -25.817713 -24.121841
-31.563037 -32.169399 -32.449216 -32.656248 -32.830759 -32.984713 -33.349474 -33.383494 -33.339297 -33.176897 -32.485175 -31.780381 -30.185031 -27.813484 -25.765114 -24.101776
-31.552824 -32.400187 -32.675706 -32.283131 -33.096096 -32.941720 -33.319135 -33.049566 -33.279173 -33.108376 -32.638997 -31.677298 -30.255073 -27.731899 -25.715197 -24.058922
-31.527292 -32.563750 -32.064750 -32.607359 -32.791926 -32.894218 -32.977363 -32.994223 -33.232819 -33.024261 -32.663170 -31.637732 -30.086637 -27.584410 -25.617134 -24.006873
-31.792604 -32.114555 -32.375619 -32.850135 -33.032357 -33.149818 -32.908948 -33.217990 -33.156519 -32.908784 -32.452976 -31.413313 -29.421242 -27.438245 -25.539275 -23.937348
-31.448383 -32.054168 -32.336336 -32.998281 -32.983769 -33.068324 -32.853453 -33.122269 -33.020489 -32.726044 -32.169314 -31.035395 -29.199595 -27.267720 -25.405889 -23.877972
-31.714906 -31.652452 -32.258761 -32.429951 -32.876415 -32.987398 -33.019626 -32.970285 -32.963080 -32.490851 -31.923249 -30.704841 -28.872922 -26.994073 -25.277015 -23.764491
-31.248042 -32.414181 -32.407514 -32.286010 -32.892938 -32.797891 -32.787942 -32.721214 -32.511557 -32.126602 -31.498831 -30.404825 -28.425939 -26.597738 -25.093525 -23.643914
-31.655642 -31.931410 -32.315008 -32.512369 -32.476034 -32.495850 -32.474552 -32.360371 -32.107906 -31.706142 -30.918201 -29.545530 -27.949809 -26.368271 -24.883337 -23.479420
-31.472677 -31.830562 -31.211107 -32.081485 -32.147253 -32.134552 -31.762130 -31.731473 -31.507874 -30.962660 -29.771686 -28.670666 -27.340992 -25.941879 -24.602258 -23.297675
-31.022604 -31.047900 -31.266695 -31.422564 -31.519602 -31.285738 -31.135793 -30.866386 -30.162373 -29.608376 -28.860413 -28.002360 -26.630821 -25.479542 -24.268202 -23.062913
-30.309281 -30.483208 -30.524372 -30.319694 -30.330472 -30.214921 -29.914598 -29.824820 -28.992176 -28.599370 -27.887919 -26.864674 -25.949166 -24.945221 -23.887135 -22.787656
-29.298849 -28.283011 -29.662449 -28.620365 -28.626792 -28.439634 -28.280158 -27.923673 -27.575442 -27.090170 -26.477157 -25.863614 -25.151913 -24.372489 -23.434160 -22.462347
-26.917173 -26.990634 -26.975615 -26.872575 -26.832232 -26.849508 -26.574948 -26.312695 -26.111059 -25.770274 -25.394212 -24.911605 -24.342844 -23.775055 -22.940190 -22.091040
-25.407247 -25.321303 -25.450766 -25.343186 -25.326576 -25.373057 -25.063407 -24.988333 -24.806570 -24.544594 -24.301359 -23.964012 -23.518748 -22.974443 -22.291095 -21.669079
-23.900904 -23.923162 -23.917058 -24.049800 -24.078914 -23.901974 -23.842264 -23.795463 -23.614360 -23.511544 -23.279949 -23.030987 -22.676816 -22.402677 -21.850650 -21.215674
-22.789142 -22.810731 -22.798944 -22.783494 -22.816546 -22.800323 -22.913465 -22.667486 -22.586313 -22.663268 -22.513398 -22.134453 -21.846350 -21.536219 -21.294029 -20.700475
-21.890879 -21.990031 -21.918333 -21.762827 -21.739725 -21.764938 -21.734649 -21.636112 -21.890112 -21.524267 -21.443051 -21.351755 -21.389369 -20.669899 -19.806390 -19.666485
-21.058101 -21.094534 -20.896136 -21.169019 -21.215735 -20.970938 -20.925298 -20.824278 -20.648577 -20.522757 -19.428579 -18.583115 -17.854021 -17.926160 -18.107019 -16.987438
-17.193071 -18.216376 -18.737263 -18.955059 -17.094901 -18.886109 -18.457612 -18.588718 -18.254542 -18.209411 -17.815861 -17.908149 -17.537631 -17.557733 -17.554253 -17.825171
-17.509193 -17.433081 -17.466453 -18.264357 -18.428002 -18.426201 -17.824112 -17.864275 -18.512301 -17.992807 -18.032662 -18.063364 -18.097176 -18.044576 -17.927390 -17.706235
