-38.324193 -38.839179 -39.348515 -40.033533 -40.110160 -40.587004 -40.927308 -40.529643 -40.011217 -39.048390 -37.637096 -35.984181 -33.915371 -30.289453 -26.408179 -23.315308
-38.190162 -38.829096 -39.570076 -39.653691 -40.383098 -40.382006 -40.556159 -40.438973 -39.954540 -39.110445 -37.451139 -35.879298 -33.763151 -30.192456 -26.326392 -23.281676
-38.228493 -39.089428 -39.435101 -40.029228 -40.281478 -40.363945 -40.567881 -40.553821 -40.130649 -39.072291 -37.465847 -35.961297 -33.804750 -30.086515 -26.260104 -23.233988
-38.405289 -38.874884 -39.416789 -39.688913 -40.133894 -40.554746 -40.381366 -40.421307 -39.772839 -38.664462 -37.459436 -35.855714 -33.695483 -29.897192 -26.153880 -23.171082
-38.285042 -38.747234 -39.388826 -39.909629 -40.469527 -40.363849 -40.257200 -40.194434 -39.655265 -38.733275 -37.266986 -35.771921 -33.276090 -29.731244 -26.006341 -23.067209
-38.119151 -38.637962 -39.224979 -39.515280 -40.083259 -40.284415 -40.135916 -40.160460 -39.434618 -38.470656 -37.110191 -35.690532 -33.026015 -29.463078 -25.816819 -22.981013
-38.219806 -38.680486 -39.067914 -39.493469 -39.622144 -39.778000 -40.275232 -39.482923 -39.206538 -38.028793 -36.951307 -35.534637 -32.587456 -29.080809 -25.590452 -22.859254
-38.137211 -38.650194 -38.955304 -39.276040 -39.746024 -39.651229 -39.606177 -39.263489 -38.679689 -37.688037 -36.771312 -35.324301 -32.008843 -28.582311 -25.303336 -22.697402
-37.625630 -38.321137 -38.794696 -38.827841 -39.009998 -39.180097 -39.023909 -38.677901 -38.051674 -37.578309 -36.584498 -34.495413 -31.332011 -28.137646 -24.974272 -22.496758
-37.294543 -37.612493 -37.874408 -38.207396 -38.265140 -38.313387 -38.199394 -38.095707 -37.565680 -37.098568 -35.554736 -33.270927 -30.446517 -27.465270 -24.551697 -22.269189
-36.667988 -36.836698 -37.303056 -37.436099 -37.564081 -37.530630 -37.644629 -37.536541 -36.784987 -35.798863 -34.119726 -32.022712 -29.312208 -26.738623 -24.076542 -21.979883
-35.858561 -36.198874 -36.582219 -36.660463 -36.879454 -36.854792 -36.510852 -36.272013 -34.927206 -34.034498 -32.358102 -30.177322 -28.066739 -25.847721 -23.537605 -21.674115
-34.638321 -34.268365 -34.870074 -34.411602 -34.550682 -34.034203 -33.838975 -33.074218 -32.150436 -31.176928 -29.897060 -28.371072 -26.708919 -24.736658 -22.946719 -21.311168
-31.468303 -31.526136 -31.358738 -31.231653 -31.095988 -31.001804 -30.442285 -29.980300 -29.373022 -28.698504 -27.742325 -26.639038 -25.344416 -23.799319 -22.313798 -20.943270
-28.508958 -28.373026 -28.439643 -28.367911 -28.145825 -28.004858 -27.636946 -27.431117 -27.002913 -26.416045 -25.769563 -24.971845 -24.001447 -22.852970 -21.585589 -20.560867
-25.896967 -25.752506 -25.664332 -25.723950 -25.719794 -25.592071 -25.352288 -25.215250 -24.834972 -24.537030 -24.084321 -23.531575 -22.774550 -22.063671 -21.176078 -20.204942
-23.947561 -23.967861 -23.766974 -23.741844 -23.757829 -23.667507 -23.658689 -23.445675 -23.204217 -23.100155 -22.804071 -22.335847 -21.804215 -21.239614 -20.758450 -19.958221
-22.568348 -22.654580 -22.458868 -22.290483 -22.210258 -22.283664 -22.200250 -22.057187 -22.273639 -21.861089 -21.740563 -21.569057 -21.608828 -21.252711 -20.771717 -19.977252
-21.843367 -21.894393 -21.547370 -21.817132 -21.908054 -21.625616 -21.641122 -21.713467 -21.836732 -21.837455 -21.764727 -21.339804 -21.045324 -20.730013 -20.189160 -19.335898
-21.279616 -21.544796 -21.789155 -21.917586 -21.360341 -21.741833 -21.818095 -21.562628 -21.468131 -21.259548 -20.920208 -20.690024 -20.320118 -19.965262 -19.519668 -19.040291
-20.382888 -20.362921 -20.360064 -20.381226 -20.341085 -20.321698 -20.257721 -20.185025 -20.140148 -20.035102 -19.907734 -19.760687 -19.566681 -19.342862 -19.080222 -18.755098
