-38.200368 -38.957472 -39.623747 -40.119882 -40.560142 -40.854287 -41.039813 -41.114064 -40.674946 -39.814959 -38.672599 -36.763386 -33.855953 -29.671741 -25.181318 -21.318159
-38.398151 -39.044460 -39.592895 -40.098204 -40.499996 -40.583123 -40.820705 -41.038394 -40.446409 -39.827406 -38.639461 -36.676470 -33.709294 -29.615715 -25.118393 -21.283318
-38.257759 -38.782301 -39.710926 -39.889141 -40.447392 -40.565919 -40.845336 -40.765536 -40.585441 -39.824099 -38.652528 -36.610451 -33.675380 -29.499012 -25.024029 -21.227101
-38.408644 -38.914998 -39.328495 -40.214915 -40.562409 -40.611397 -41.097686 -40.769157 -40.391959 -39.723605 -38.805303 -36.538861 -33.555843 -29.394299 -24.919380 -21.164358
-38.231444 -39.094384 -39.547573 -39.958760 -40.407112 -40.543572 -40.593470 -40.795313 -40.449545 -39.972533 -38.533944 -36.424488 -33.163675 -29.218570 -24.797156 -21.085730
-38.110491 -38.508124 -39.670648 -39.833254 -40.077576 -40.565352 -41.046152 -40.971061 -40.346356 -39.668579 -38.364442 -36.227018 -32.947252 -29.021355 -24.627838 -20.986794
-38.403754 -38.975147 -39.307477 -40.195375 -40.664879 -40.843701 -40.678277 -40.621427 -40.347042 -39.526004 -38.202403 -35.989841 -32.685696 -28.737701 -24.417401 -20.862624
-38.115349 -38.897326 -39.642705 -39.905199 -40.314470 -40.534212 -40.646530 -40.597277 -40.214824 -39.374975 -37.975246 -35.733133 -32.342121 -28.269672 -24.158531 -20.709621
-38.158013 -38.860122 -39.337003 -39.910675 -40.125631 -40.462115 -40.575304 -40.423478 -40.089079 -39.135516 -37.625542 -35.186347 -31.862727 -27.968708 -23.824976 -20.526082
-37.919611 -38.813601 -39.598377 -39.875406 -39.889036 -40.365013 -40.247894 -40.172447 -39.630381 -38.702081 -36.887167 -34.491271 -31.257477 -27.436695 -23.435881 -20.313366
-38.048910 -38.708345 -39.092372 -39.520366 -39.817082 -39.915992 -40.044239 -39.650430 -38.995581 -37.836575 -36.142937 -33.847403 -30.505757 -26.774323 -22.963300 -20.055609
-37.645381 -38.170801 -38.672937 -38.858709 -39.346606 -39.414297 -39.205640 -38.908145 -37.975316 -37.034745 -35.340589 -32.747453 -29.594251 -26.004196 -22.443436 -19.775356
-37.145024 -37.486979 -37.911452 -38.001683 -38.338018 -38.194474 -38.168650 -37.558798 -36.838769 -35.680703 -33.966985 -31.570823 -28.489082 -24.971011 -21.843596 -19.459440
-36.119042 -36.404646 -36.592691 -36.610499 -36.813643 -36.888683 -36.510932 -36.063052 -35.396585 -34.180613 -32.491577 -30.137887 -27.208315 -24.008953 -21.188224 -19.133202
-34.679348 -34.749702 -35.152670 -35.048566 -35.126374 -35.111006 -34.759184 -34.252020 -33.547420 -32.475634 -30.842358 -28.584436 -25.859548 -23.099475 -20.621119 -18.812215
-32.814332 -32.988389 -33.058406 -33.047930 -33.200854 -33.031690 -32.754832 -32.379614 -31.679502 -30.626185 -29.005671 -26.899532 -24.495019 -21.949480 -19.914648 -18.503751
-30.831640 -30.970644 -31.036020 -31.082734 -31.039961 -30.949991 -30.623314 -30.378308 -29.760285 -28.526375 -26.965767 -25.233776 -23.138216 -21.080099 -19.352231 -18.225429
-28.480384 -28.767991 -28.819081 -29.001182 -28.937294 -28.867019 -28.650965 -28.328589 -27.586242 -26.703943 -25.346104 -23.689183 -21.804208 -20.228660 -18.905716 -17.985042
-26.413930 -26.571044 -26.596646 -26.642670 -26.671116 -26.667076 -26.492630 -26.227710 -25.627036 -24.701102 -23.635762 -22.276826 -20.817084 -19.459722 -18.495553 -17.778584
-24.100279 -24.234265 -24.279973 -24.338549 -24.384608 -24.410672 -24.317680 -24.067425 -23.630282 -22.995702 -22.031279 -20.953335 -19.908246 -18.922800 -18.165179 -17.603229
-21.769467 -21.837214 -21.886311 -22.080852 -22.157585 -22.194081 -22.121374 -21.982134 -21.777017 -21.330478 -20.692477 -19.927306 -19.148859 -18.449713 -17.888053 -17.450706
