-35.968506 -36.296602 -36.120167 -35.956622 -35.847635 -35.255054 -34.697148 -33.642161 -32.601222 -31.261024 -29.754385 -28.133478 -26.456252 -24.710561 -23.015279 -21.399512
-35.829424 -35.961128 -35.872085 -35.713381 -35.618284 -34.977744 -34.389235 -33.494405 -32.327917 -31.052268 -29.576013 -27.996671 -26.310480 -24.637144 -22.944817 -21.367556
-35.464603 -35.610478 -35.416885 -35.550360 -35.086447 -34.763176 -33.854450 -33.113315 -32.027026 -30.757590 -29.361776 -27.849622 -26.208426 -24.529158 -22.874599 -21.324170
-34.855367 -35.145080 -35.116487 -35.153990 -34.639942 -34.232171 -33.464245 -32.588291 -31.590864 -30.428193 -29.072830 -27.620449 -26.006783 -24.402201 -22.785894 -21.265223
-34.858978 -34.837683 -34.564253 -34.494470 -34.158366 -33.572217 -32.924918 -32.171581 -31.177245 -30.034459 -28.727575 -27.346952 -25.822715 -24.243814 -22.675388 -21.192187
-33.883763 -33.827739 -33.824229 -33.742260 -33.402821 -32.906228 -32.293369 -31.548088 -30.615733 -29.525758 -28.318495 -26.993149 -25.551310 -24.043820 -22.534513 -21.104664
-33.013926 -33.124452 -32.926945 -32.712730 -32.433698 -32.062451 -31.496064 -30.771017 -29.946998 -28.951637 -27.814778 -26.596884 -25.228514 -23.801156 -22.377488 -20.994038
-32.045213 -32.039893 -32.033263 -31.766010 -31.405555 -31.034412 -30.556028 -29.917126 -29.152220 -28.247669 -27.220407 -26.095463 -24.816652 -23.505696 -22.166187 -20.858561
-30.859887 -30.843383 -30.772135 -30.573057 -30.289162 -29.955619 -29.475805 -28.941953 -28.253023 -27.465946 -26.566369 -25.519771 -24.379857 -23.157724 -21.906225 -20.691324
-29.606274 -29.481891 -29.301293 -29.231494 -29.020499 -28.692279 -28.322004 -27.841131 -27.248273 -26.561319 -25.763312 -24.862285 -23.842592 -22.744304 -21.615535 -20.492596
-28.158466 -28.097017 -27.941630 -27.863972 -27.659996 -27.394997 -27.071664 -26.669290 -26.172114 -25.588368 -24.917576 -24.129712 -23.243477 -22.274575 -21.272031 -20.258378
-26.694390 -26.614852 -26.533379 -26.429662 -26.244268 -26.067138 -25.771252 -25.447459 -25.067457 -24.553592 -24.002583 -23.335942 -22.582880 -21.752330 -20.875762 -19.993022
-25.235277 -25.180554 -25.098440 -25.005738 -24.883946 -24.674938 -24.466399 -24.225685 -23.901282 -23.506995 -23.038745 -22.500426 -21.879245 -21.191598 -20.451195 -19.696037
-23.785340 -23.711431 -23.671884 -23.609814 -23.506592 -23.381120 -23.198719 -22.991161 -22.751488 -22.444716 -22.088618 -21.658618 -21.163428 -20.607840 -20.000961 -19.376166
-22.441753 -22.421926 -22.361694 -22.318633 -22.239400 -22.153827 -22.021051 -21.875858 -21.677282 -21.446188 -21.168548 -20.840202 -20.457989 -20.024890 -19.552056 -19.043671
-21.267398 -21.229488 -21.215237 -21.169290 -21.111297 -21.048107 -20.946801 -20.837929 -20.694507 -20.527508 -20.325002 -20.080153 -19.793979 -19.468398 -19.106320 -18.710107
-20.254492 -20.243281 -20.212716 -20.185150 -20.142499 -20.088745 -20.027203 -19.944160 -19.848700 -19.727294 -19.579673 -19.405769 -19.198109 -18.962273 -18.688250 -18.383284
-19.416086 -19.408382 -19.390454 -19.372268 -19.341027 -19.304804 -19.263344 -19.206666 -19.137548 -19.054531 -18.952536 -18.830174 -18.685048 -18.514217 -18.312132 -18.083693
-18.760580 -18.753394 -18.744719 -18.729254 -18.712681 -18.685303 -18.656738 -18.617849 -18.571444 -18.514701 -18.444030 -18.359704 -18.255149 -18.125599 -17.978645 -17.813112
-18.257501 -18.249237 -18.234359 -18.226456 -18.211487 -18.194890 -18.177752 -18.148157 -18.116381 -18.076129 -18.025662 -17.963445 -17.890328 -17.803111 -17.694105 -17.569863
-17.853391 -17.848769 -17.841392 -17.834032 -17.827160 -17.812242 -17.801154 -17.782623 -17.759719 -17.729255 -17.693250 -17.648271 -17.592457 -17.526211 -17.444039 -17.344900
