36.108376 36.428782 36.260556 36.112901 35.973983 35.374514 34.776652 33.721812 32.644251 31.287101 29.768269 28.141992 26.449488 24.653802 22.832690 20.950170
35.963411 36.142471 36.030592 35.871104 35.751177 35.102366 34.459970 33.546685 32.372014 31.075574 29.591036 28.004641 26.303478 24.576546 22.755401 20.910784
35.609724 35.759641 35.587033 35.645267 35.218420 34.834724 33.947572 33.167880 32.061297 30.782318 29.377833 27.854099 26.196871 24.463971 22.677563 20.857799
35.042206 35.287207 35.264842 35.260123 34.741685 34.305135 33.538340 32.652700 31.631451 30.449684 29.085651 27.623601 25.993909 24.331306 22.578775 20.784622
34.944643 34.937771 34.675567 34.571392 34.229734 33.638916 32.980138 32.208091 31.205342 30.052192 28.739300 27.348624 25.803972 24.163543 22.456414 20.693872
33.984925 33.911888 33.914121 33.814310 33.471719 32.960015 32.328845 31.583477 30.637781 29.542836 28.328350 26.992443 25.526302 23.951776 22.296661 20.584020
33.080857 33.189366 32.991964 32.775764 32.488864 32.106129 31.530748 30.796626 29.965936 28.966116 27.822337 26.591573 25.194428 23.694450 22.118538 20.443705
32.112640 32.085863 32.072504 31.801578 31.446221 31.061379 30.579728 29.936272 29.169908 28.259646 27.224693 26.084119 24.770108 23.376405 21.876091 20.271186
30.893537 30.878344 30.800659 30.599133 30.314687 29.974302 29.494095 28.955416 28.264287 27.472063 26.563159 25.495275 24.310593 22.998611 21.574121 20.052458
29.618735 29.506352 29.330977 29.249267 29.036193 28.708299 28.335860 27.852222 27.254529 26.560895 25.748368 24.818242 23.743076 22.541022 21.228950 19.789105
28.167868 28.114594 27.956404 27.876381 27.669614 27.405536 27.080219 26.671363 26.166358 25.569773 24.877249 24.052118 23.097910 22.010541 20.812395 19.469450
26.694414 26.614900 26.535821 26.426638 26.243028 26.059498 25.758841 25.428199 25.034331 24.502380 23.918470 23.202146 22.367443 21.402031 20.309462 19.094466
25.208159 25.152606 25.070326 24.972432 24.847265 24.631841 24.413854 24.158142 23.814319 23.393670 22.879685 22.278937 21.560780 20.720944 19.752029 18.654325
23.696822 23.618332 23.574780 23.507788 23.395938 23.260339 23.063612 22.834441 22.568177 22.221813 21.812274 21.305254 20.694794 19.971862 19.122816 18.152024
22.223673 22.204200 22.134969 22.082791 21.994133 21.894415 21.743351 21.573575 21.333096 21.054932 20.709256 20.290972 19.781529 19.169504 18.446474 17.589686
20.845798 20.790671 20.778001 20.724126 20.651322 20.570490 20.441680 20.302448 20.114785 19.890212 19.610035 19.262784 18.838780 18.325750 17.715122 16.980497
19.527528 19.511804 19.465862 19.428117 19.366241 19.291886 19.202379 19.078904 18.935329 18.749188 18.521185 18.238115 17.887999 17.475498 16.947005 16.286611
18.269364 18.255105 18.228081 18.199851 18.147256 18.086424 18.012989 17.919327 17.798224 17.651896 17.469791 17.241094 16.954942 16.601931 16.159175 15.605732
17.119719 17.103466 17.088042 17.054648 17.021864 16.967018 16.908546 16.832023 16.736939 16.615795 16.463579 16.279825 16.044016 15.716432 15.355843 14.915960
16.063739 16.042069 15.979329 15.985395 15.954157 15.885898 15.871811 15.799007 15.702837 15.603254 15.477511 15.323136 15.131283 14.890730 14.588637 14.218435
15.027270 15.019077 14.992426 14.982580 14.964209 14.914569 14.891328 14.838639 14.776809 14.692667 14.588161 14.460757 14.291897 14.090542 13.826046 13.507077
