38.333005 38.846199 39.358377 40.045058 40.119229 40.596649 40.938398 40.538949 40.018894 39.056044 37.645406 35.993936 33.925221 30.297011 26.414133 23.268799
38.200511 38.838164 39.583890 39.667217 40.399256 40.390982 40.564811 40.448017 39.964307 39.118683 37.458455 35.888029 33.772436 30.199741 26.332494 23.234212
38.235631 39.099134 39.449288 40.041662 40.294121 40.373431 40.577848 40.566897 40.142981 39.081373 37.474947 35.971969 33.814515 30.095199 26.264913 23.184689
38.413963 38.890185 39.425086 39.696692 40.144020 40.567465 40.388924 40.435025 39.781336 38.672398 37.469671 35.865610 33.704937 29.904531 26.158906 23.117714
38.292822 38.754034 39.417464 39.920793 40.477735 40.375820 40.264554 40.206300 39.664335 38.745687 37.276248 35.781762 33.286661 29.738432 26.010694 23.008016
38.131004 38.648854 39.232825 39.527271 40.093725 40.295817 40.144727 40.174622 39.446938 38.482523 37.119266 35.701384 33.034523 29.470296 25.820762 22.917563
38.228201 38.690924 39.075357 39.504135 39.631313 39.786727 40.287466 39.492238 39.219400 38.038414 36.961963 35.544348 32.597536 29.087835 25.592129 22.788839
38.162214 38.659164 38.967233 39.295272 39.757014 39.661906 39.621194 39.278551 38.693257 37.698355 36.783991 35.335626 32.018946 28.589595 25.302719 22.615279
37.637171 38.333914 38.804657 38.839410 39.023016 39.193184 39.033019 38.688771 38.060845 37.597218 36.599841 34.508024 31.340149 28.144563 24.970238 22.399087
37.307504 37.625456 37.894765 38.216764 38.278329 38.325604 38.215900 38.118201 37.577432 37.114487 35.570626 33.283190 30.455571 27.471955 24.541192 22.149115
36.682754 36.857083 37.323111 37.454051 37.586016 37.553845 37.671462 37.557867 36.807239 35.815974 34.132695 32.031228 29.319726 26.743732 24.055462 21.827038
35.877931 36.214981 36.604100 36.679365 36.908391 36.876698 36.535941 36.287452 34.947199 34.045423 32.370168 30.185824 28.073586 25.849924 23.499244 21.476716
34.654959 34.283360 34.882743 34.430916 34.573795 34.050750 33.853008 33.091144 32.165000 31.187579 29.905792 28.379589 26.714539 24.728216 22.878433 21.048428
31.488029 31.538801 31.373186 31.250322 31.114593 31.015567 30.457227 29.990813 29.385280 28.707846 27.750296 26.644274 25.343028 23.767906 22.194868 20.594517
28.526862 28.388864 28.451219 28.376427 28.156994 28.017080 27.645148 27.440014 27.011126 26.421471 25.771216 24.964697 23.974758 22.775300 21.365281 20.101502
25.898355 25.755094 25.668474 25.725265 25.721772 25.591228 25.349913 25.210616 24.824417 24.521931 24.056976 23.487102 22.686366 21.908764 20.874532 19.616306
23.911173 23.932593 23.723312 23.700359 23.715337 23.621257 23.608628 23.389200 23.134579 23.021197 22.707178 22.200641 21.601095 20.930802 20.343730 19.253744
22.426244 22.521911 22.314582 22.135061 22.037588 22.124903 22.030619 21.872680 22.116831 21.647168 21.507344 21.305898 21.360361 20.941931 20.379873 19.308885
21.598910 21.672607 21.252468 21.575504 21.689326 21.343908 21.356205 21.443233 21.594904 21.590664 21.564142 21.096430 20.724188 20.203997 19.380665 18.151590
20.936933 20.977257 21.367576 21.464906 20.909076 21.182080 21.294074 20.897717 20.879487 20.642407 20.247903 19.923381 19.455522 18.979661 18.340546 17.542518
19.469599 19.454229 19.456205 19.485184 19.436778 19.386004 19.331542 19.252645 19.192644 19.089057 18.940789 18.731270 18.455506 18.115922 17.695101 17.119476
