38.212077 38.974942 39.630983 40.127788 40.570554 40.864475 41.051739 41.127420 40.687616 39.827698 38.687412 36.781398 33.876334 29.690327 25.172832 21.035814
38.403813 39.053318 39.601258 40.105617 40.509653 40.593172 40.832097 41.052443 40.459045 39.841871 38.655035 36.696519 33.729374 29.632396 25.108129 20.994532
38.264900 38.790556 39.719953 39.897216 40.454471 40.574674 40.855806 40.775387 40.598731 39.840017 38.675129 36.629420 33.694065 29.517401 25.013257 20.927746
38.419379 38.923991 39.333805 40.223626 40.572458 40.621801 41.107389 40.779176 40.408230 39.737783 38.828204 36.557405 33.576580 29.409796 24.905626 20.853291
38.237498 39.108921 39.558583 39.970338 40.418569 40.552759 40.601646 40.807754 40.462496 39.988172 38.555132 36.442285 33.182526 29.235726 24.777014 20.759073
38.125013 38.517076 39.684064 39.843707 40.086974 40.573999 41.055667 40.982614 40.360433 39.683341 38.380002 36.245199 32.964953 29.038147 24.602738 20.639180
38.413125 38.984781 39.314237 40.209781 40.676562 40.856932 40.688960 40.633059 40.360374 39.539483 38.219669 36.008308 32.701733 28.753208 24.383037 20.488079
38.125263 38.908459 39.651121 39.913659 40.326183 40.544937 40.656870 40.610426 40.225521 39.386973 37.991542 35.753345 32.358611 28.285729 24.114272 20.299942
38.166463 38.867785 39.347145 39.924694 40.135982 40.481364 40.586262 40.437991 40.103377 39.155630 37.641390 35.203226 31.878675 27.984564 23.764483 20.068133
37.930191 38.825877 39.607679 39.886047 39.901488 40.377088 40.259443 40.186086 39.643851 38.717175 36.900048 34.508735 31.272667 27.449022 23.351508 19.793902
38.059280 38.715958 39.102482 39.531499 39.829245 39.925644 40.054555 39.663211 39.006263 37.846930 36.159406 33.863407 30.520260 26.783637 22.847449 19.451379
37.659580 38.181719 38.681602 38.867952 39.359297 39.429421 39.212447 38.917859 37.985422 37.047724 35.354181 32.762184 29.608867 26.000549 22.278400 19.061739
37.155865 37.495189 37.922917 38.008790 38.344770 38.202066 38.179227 37.565842 36.849453 35.693139 33.978321 31.581905 28.502967 24.936274 21.615445 18.599413
36.126891 36.408070 36.596738 36.618127 36.817360 36.894935 36.517735 36.073958 35.405713 34.190277 32.505727 30.150077 27.216828 23.933920 20.862400 18.082863
34.684874 34.754903 35.159645 35.052598 35.131935 35.118375 34.770004 34.259034 33.556514 32.486371 30.850815 28.594272 25.846281 22.973388 20.176909 17.529851
32.818190 32.997265 33.064989 33.051047 33.204611 33.038672 32.760753 32.384951 31.688002 30.637000 29.015065 26.898602 24.432434 21.725735 19.248560 16.943152
30.836145 30.976433 31.041513 31.092305 31.048522 30.954228 30.631925 30.387269 29.769120 28.541043 26.969468 25.197002 23.013788 20.732674 18.420938 16.357802
28.486010 28.772427 28.827002 29.008604 28.944928 28.873791 28.658539 28.338196 27.595654 26.709200 25.321145 23.596978 21.559296 19.669539 17.687805 15.784090
26.418586 26.577474 26.602496 26.648712 26.679820 26.674564 26.502694 26.235426 25.629860 24.667938 23.558755 22.095634 20.416545 18.581283 16.921905 15.236904
24.083080 24.219003 24.267243 24.330079 24.378733 24.402920 24.309802 24.048467 23.587965 22.899943 21.836360 20.585161 19.240742 17.718108 16.205289 14.708289
21.588116 21.666311 21.726539 21.939130 22.026217 22.077116 22.002769 21.844100 21.586573 21.078329 20.304904 19.300159 18.110286 16.825852 15.498448 14.208586
