5.817087
4.188158
3.981475
3.642023
4.529777
6.038366
4.647810
4.191130
4.582720
4.031926
44.610410
8.488623
10.059630
3.798308
3.890952
4.249695
3.899546
4.065101
4.725918
5.417245
3.798011
4.566159
4.031009
4.516530
3.986431
4.358769
4.596716
6.379809
3.858107
4.241584
5.370253
7.140095
6.614972
5.112031
4.735392
5.047290
6.854378
4.003110
3.898440
3.875181
3.990393
3.790763
3.729389
3.785324
3.894572
3.686491
4.637480
6.752283
6.586922
4.358092
3.505751
3.712218
3.924851
4.007466
4.763431
4.765028
4.891545
4.670224
4.113300
8.872249
4.538450
9.008635
5.273622
8.330452
5.715286
3.829689
3.900820
4.045884
5.211755
8.617233
4.077185
8.882068
3.766386
3.792165
4.986485
3.770298
3.911910
4.047793
3.772677
46.147042
9.485558
3.929123
4.696394
8.375781
9.618085
57.316959
5.292186
9.918976
4.554573
9.615918
6.436563
9.878900
6.393915
3.779032
4.133758
6.727335
3.987136
3.749576
4.511234
4.240935
7.221485
4.950328
3.756442
5.383125
4.748953
4.263008
3.690122
3.747401
9.387120
4.602398
5.184006
5.236859
8.960850
9.857450
8.091723
6.263068
4.093284
5.894353
8.365106
22.142085
3.854940
5.281154
9.811537
9.247207
8.716091
9.001537
4.438571
4.169883
4.499376
4.060586
4.047693
3.768713
4.211835
3.968789
4.430406
4.108603
4.436701
4.089519
3.748252
8.376496
9.640432
3.791675
3.976952
3.544476
3.920775
7.320338
4.050483
5.594772
3.779755
4.807342
5.136070
3.792877
3.978882
9.644835
4.034793
3.946173
8.463464
9.273935
9.188437
3.927233
3.673832
3.597865
3.943590
4.285682
6.181135
4.219580
3.798410
3.898959
3.524921
4.919634
7.913615
3.563578
9.325107
5.683360
3.632337
3.743778
3.847850
3.641975
4.320589
3.765351
3.745819
4.785378
3.850589
3.851285
3.775085
3.812698
3.600996
3.712727
5.092344
3.623247
3.669081
3.856874
3.847687
3.627359
4.143660
3.771012
5.187880
3.633183
9.329583
4.561211
9.805736
6.198611
4.252366
9.979908
6.993852
5.337227
4.210775
4.839490
3.910850
9.610826
6.827121
3.866868
3.604943
3.921655
3.861230
3.891570
3.671862
8.533746
9.027423
3.984819
5.175714
4.755374
4.061818
3.608490
3.826759
3.407794
3.551623
3.481018
3.771447
3.681678
3.715889
3.892192
3.870493
3.880697
3.801093
3.903609
3.551690
3.964486
3.636346
4.019452
3.870582
9.208346
3.687340
4.097161
8.455722
3.538253
3.792424
3.692627
3.952867
8.537829
3.449039
4.186762
4.369645
4.515407
3.984790
4.917347
3.965688
12.029762
4.688490
3.888415
3.858695
4.412926
7.466941
4.453256
4.358979
3.823956
7.309077
4.193203
5.469757
5.020183
6.071823
4.084617
4.306722
11.025748
6.763739
3.893549
3.892481
3.720298
4.519076
5.848779
3.667470
7.076936
4.995581
5.955221
3.848244
3.979080
4.960550
26.377205
3.958679
3.703823
3.816488
3.742726
4.824142
5.454857
3.586068
3.975993
5.269530
4.487908
3.803977
3.690560
5.665624
4.638312
4.472341
4.031728
4.208341
4.250459
7.959859
5.197808
4.242175
4.590498
3.777298
7.543048
3.507616
4.494311
3.882041
3.824723
4.156358
6.597609
4.136528
8.335044
3.733120
9.633215
4.112080
4.007339
5.105907
10.453723
4.135843
3.656003
4.295069
9.070604
3.864256
4.829672
4.941512
3.666689
3.627139
4.005173
5.031065
3.633149
6.214033
6.172015
4.107542
3.696914
4.557739
4.343954
4.861980
4.056985
4.261453
4.636711
3.665268
8.929507
3.684502
33.756296
4.452681
4.073022
4.614496
3.725465
3.648470
4.254509
3.760893
6.853230
9.616832
3.966369
4.126314
4.177248
5.002302
3.828594
3.427230
9.631158
3.592959
4.312139
3.954234
3.636355
3.906920
8.431197
4.114168
4.114724
3.954841
9.633087
3.628313
3.992997
6.551931
3.633300
4.427489
3.711340
4.195949
3.951160
4.225901
5.302306
4.441848
3.885515
3.742827
4.218603
4.056292
4.363648
41.307619
9.372272
3.951163
4.094022
6.874456
3.760697
3.854736
3.803444
4.296337
3.848534
3.914676
4.722496
3.601553
3.942705
4.015513
3.964553
6.399857
3.624535
3.864189
4.664453
4.046307
9.353429
3.874520
3.948583
5.385086
4.830399
3.648218
5.079588
8.260830
3.789629
3.796447
3.943318
3.485729
3.873935
9.619229
5.248663
3.981350
3.782656
3.844663
3.779942
3.946846
3.777750
3.794823
3.803821
3.912808
9.908908
8.386561
3.924879
3.854976
4.013343
9.623559
3.865173
9.432586
4.258320
9.229224
3.779447
3.753256
3.705012
9.280504
3.820121
6.380488
3.731421
3.840598
3.975045
5.217826
3.718156
3.666390
9.355007
4.209494
3.847250
5.138485
9.891123
6.300920
4.219088
3.778561
3.890952
8.524966
3.768997
3.780573
3.800070
4.710577
9.562997
4.022956
9.201070
4.113099
3.671702
5.072371
4.135357
3.912212
3.566160
3.881980
3.841425
3.525158
3.888491
3.785467
3.851016
9.418284
3.712197
4.056672
9.242629
9.856711
13.507946
4.305594
3.727141
3.691631
4.154013
