3002.000000
3010.000000
2199.000000
7003.000000
1637.000000
1223.000000
4509.000000
708.000000
1133.000000
1186.000000
262.000000
1864.000000
239.000000
4320.000000
4100.000000
2915.000000
3631.000000
2146.000000
3253.000000
1192.000000
4301.000000
1277.000000
1294.000000
2071.000000
2433.000000
785.000000
2304.000000
226.000000
3159.000000
3107.000000
1417.000000
243.000000
263.000000
1384.000000
295.000000
562.000000
232.000000
678.000000
1249.000000
1290.000000
1352.000000
2147.000000
2359.000000
2412.000000
2310.000000
1511.000000
1465.000000
2686.000000
2831.000000
2405.000000
4374.000000
910.000000
736.000000
1443.000000
1430.000000
442.000000
309.000000
1526.000000
799.000000
2252.000000
824.000000
106.000000
190.000000
105.000000
190.000000
598.000000
632.000000
598.000000
156.000000
175.000000
1684.000000
183.000000
1084.000000
819.000000
224.000000
513.000000
1462.000000
3774.000000
2855.000000
1065.000000
5135.000000
445.000000
716.000000
451.000000
71.000000
71.000000
190.000000
54.000000
461.000000
105.000000
139.000000
54.000000
451.000000
445.000000
2540.000000
1671.000000
2882.000000
5933.000000
1155.000000
5586.000000
3518.000000
1213.000000
1126.000000
5057.000000
1261.000000
1943.000000
785.000000
785.000000
71.000000
275.000000
207.000000
173.000000
105.000000
88.000000
173.000000
139.000000
853.000000
207.000000
122.000000
186.000000
700.000000
207.000000
239.000000
88.000000
139.000000
105.000000
292.000000
428.000000
411.000000
428.000000
462.000000
751.000000
1352.000000
496.000000
394.000000
479.000000
275.000000
1186.000000
4437.000000
398.000000
292.000000
1545.000000
836.000000
7884.000000
785.000000
1215.000000
1024.000000
4373.000000
1990.000000
258.000000
258.000000
2245.000000
666.000000
360.000000
513.000000
717.000000
139.000000
122.000000
105.000000
751.000000
1946.000000
1946.000000
7196.000000
6476.000000
8305.000000
11826.000000
5036.000000
7146.000000
10362.000000
6573.000000
10380.000000
1864.000000
3822.000000
2702.000000
2635.000000
1618.000000
1055.000000
1229.000000
5242.000000
5362.000000
1823.000000
5913.000000
1823.000000
768.000000
2830.000000
4642.000000
1905.000000
768.000000
330.000000
2200.000000
1741.000000
751.000000
768.000000
1905.000000
1246.000000
2895.000000
173.000000
1403.000000
440.000000
309.000000
186.000000
122.000000
1009.000000
113.000000
174.000000
340.000000
751.000000
1725.000000
819.000000
183.000000
521.000000
768.000000
785.000000
802.000000
785.000000
785.000000
751.000000
105.000000
122.000000
802.000000
173.000000
7070.000000
6890.000000
7505.000000
4737.000000
6880.000000
6880.000000
6722.000000
6687.000000
3706.000000
6366.000000
6315.000000
3994.000000
8202.000000
3955.000000
5713.000000
4011.000000
1564.000000
1723.000000
1511.000000
2824.000000
557.000000
2359.000000
1458.000000
451.000000
3065.000000
1789.000000
1909.000000
2127.000000
163.000000
3047.000000
4733.000000
3693.000000
4229.000000
2903.000000
5694.000000
4263.000000
6371.000000
2357.000000
2606.000000
4132.000000
2410.000000
5338.000000
1424.000000
4437.000000
2817.000000
3959.000000
2370.000000
2804.000000
3716.000000
2738.000000
2188.000000
2651.000000
4555.000000
3763.000000
2460.000000
3479.000000
5645.000000
4591.000000
2030.000000
2546.000000
1874.000000
3911.000000
3203.000000
3699.000000
2789.000000
1502.000000
2735.000000
6668.000000
6815.000000
4049.000000
1985.000000
1593.000000
11162.000000
6170.000000
1368.000000
9529.000000
2432.000000
3544.000000
3628.000000
5220.000000
1458.000000
5122.000000
2238.000000
1236.000000
2362.000000
3284.000000
3290.000000
3880.000000
1491.000000
2463.000000
3235.000000
9909.000000
2903.000000
1214.000000
3985.000000
1722.000000
3620.000000
2717.000000
122.000000
4825.000000
292.000000
4598.000000
1595.000000
799.000000
2400.000000
1855.000000
6659.000000
1462.000000
433.000000
5425.000000
2346.000000
1893.000000
9364.000000
1987.000000
2979.000000
4649.000000
4119.000000
1554.000000
596.000000
4956.000000
1055.000000
2420.000000
3529.000000
552.000000
544.000000
3832.000000
1140.000000
5320.000000
1348.000000
4589.000000
142.000000
6024.000000
1968.000000
1398.000000
8987.000000
3386.000000
799.000000
2049.000000
5564.000000
239.000000
3041.000000
883.000000
1956.000000
1597.000000
1988.000000
6034.000000
292.000000
2518.000000
1405.000000
1458.000000
2465.000000
2359.000000
398.000000
1511.000000
1352.000000
1299.000000
345.000000
8756.000000
1617.000000
1564.000000
2465.000000
10159.000000
2865.000000
343.000000
1324.000000
1100.000000
514.000000
482.000000
1150.000000
2752.000000
850.000000
1307.000000
2194.000000
403.000000
150.000000
2805.000000
3129.000000
577.000000
4789.000000
2525.000000
1429.000000
2257.000000
547.000000
2551.000000
292.000000
2147.000000
530.000000
4660.000000
785.000000
610.000000
2253.000000
2410.000000
1034.000000
445.000000
359.000000
870.000000
1776.000000
574.000000
875.000000
4037.000000
822.000000
345.000000
1522.000000
1988.000000
479.000000
2677.000000
853.000000
88.000000
139.000000
802.000000
819.000000
785.000000
768.000000
802.000000
870.000000
819.000000
836.000000
836.000000
54.000000
139.000000
785.000000
751.000000
445.000000
122.000000
785.000000
88.000000
360.000000
105.000000
802.000000
768.000000
802.000000
71.000000
853.000000
139.000000
751.000000
462.000000
462.000000
156.000000
836.000000
785.000000
71.000000
428.000000
768.000000
241.000000
54.000000
156.000000
309.000000
853.000000
734.000000
122.000000
836.000000
870.000000
700.000000
292.000000
88.000000
717.000000
122.000000
3929.000000
2306.000000
875.000000
4293.000000
513.000000
10243.000000
853.000000
479.000000
4742.000000
819.000000
2359.000000
8035.000000
71.000000
6572.000000
496.000000
345.000000
54.000000
4932.000000
2119.000000
5801.000000
2359.000000
1246.000000
