0.000210
0.000063
0.000021
0.000246
0.000020
0.000928
0.004762
0.000213
0.000040
0.000037
0.001064
0.000235
0.000687
0.001016
0.005005
0.000554
0.002706
0.000499
0.000079
0.001979
0.000483
0.000552
0.000463
0.001943
0.000104
0.000782
0.001536
0.000387
0.000139
0.007353
0.000321
0.000680
0.000748
0.000152
0.000010
0.001431
0.000328
0.000648
0.002893
0.000169
0.000981
0.000379
0.000422
0.000255
0.001331
0.000791
0.000521
0.000247
0.000564
0.000417
0.001174
0.000893
0.000533
0.000285
0.001756
0.000195
0.000643
0.000420
0.000111
0.003139
0.001069
0.000864
0.000779
0.000505
0.002260
0.000351
0.000882
0.001196
0.000871
0.000906
0.001622
0.000561
0.000846
0.000626
0.000651
0.000628
0.000296
0.001284
0.000462
0.000649
0.000672
0.001055
0.000595
0.000497
0.000728
0.000735
0.001469
0.001000
0.002240
0.000386
0.000816
0.000735
0.000046
0.001196
0.001220
0.001167
0.004006
0.001815
0.001351
0.000572
0.000447
0.000964
0.000639
0.000645
0.000350
0.000744
0.000531
0.001110
0.000616
0.001477
0.000269
0.000897
0.000715
0.000500
0.000498
0.000715
0.000408
0.000420
0.000218
0.000598
0.000378
0.000315
0.000464
0.000784
0.001161
0.000998
0.000687
0.000547
0.000519
0.000570
0.000808
0.000646
0.000796
0.000408
0.000848
0.000500
0.000449
0.000358
0.000527
0.000314
0.000948
0.000664
0.000017
0.000584
0.000491
0.000474
0.009057
0.000754
0.000422
0.000881
0.000534
0.000854
0.000686
0.001023
0.000751
0.000779
0.001327
0.000495
0.000927
0.001037
0.000709
0.000857
0.000588
0.000897
0.000737
0.001094
0.001592
0.000575
0.000451
0.000364
0.000804
0.000640
0.000642
0.000497
0.000522
0.000978
0.000488
0.000418
0.001270
0.000743
0.000710
0.000691
0.000551
0.000749
0.000637
0.000577
0.000468
0.000767
0.000384
0.000933
0.000938
0.001150
0.001237
0.001115
0.000956
0.001009
0.001350
0.000992
0.001572
0.001097
0.000888
0.000870
0.000905
0.000935
0.001036
0.001164
0.000897
0.000827
0.001374
0.001194
0.000826
0.000948
0.000879
0.001048
0.000800
0.000940
0.000697
0.000615
0.001161
0.000800
0.001020
0.001095
0.000953
0.001434
0.000833
0.001059
0.000704
0.001262
0.000570
0.000909
0.000728
0.000919
0.000848
0.001077
0.000645
0.000995
0.000793
0.001274
0.002050
0.000525
0.000504
0.000552
0.000627
0.001257
0.000482
0.000718
0.000886
0.000531
0.001754
0.000613
0.000740
0.000730
0.000432
0.000072
0.000426
0.000657
0.000573
0.001483
0.000785
0.001227
0.001246
0.001153
0.001013
0.000901
0.001398
0.000800
0.001139
0.000956
0.000669
0.000803
0.001252
0.001030
0.000344
0.001546
0.000703
0.000887
0.000602
0.000442
0.000768
0.001057
0.001376
0.001684
0.001047
0.001154
0.000929
0.001196
0.000999
0.000517
0.001356
0.000852
0.001091
0.000889
0.000590
0.000709
0.000374
0.000457
0.000986
0.001264
0.000807
0.000551
0.000669
0.001120
0.000916
0.000770
0.000499
0.001416
0.000635
0.000407
0.000833
0.001043
0.001904
0.000287
0.001212
0.000729
0.000038
0.000967
0.000564
0.000858
0.000656
0.001578
0.001683
0.001443
0.001722
0.002035
0.001508
0.000463
0.001556
0.000747
0.000587
0.000513
0.000499
0.000484
0.002841
0.000359
0.000406
0.000558
0.001344
0.000440
0.000613
0.000668
0.000314
0.000827
0.000018
0.000521
0.000025
0.001883
0.002243
0.005648
0.001348
0.000730
0.001132
0.000882
0.000463
0.000631
0.000532
0.000395
0.001566
0.000808
0.000979
0.001179
0.001103
0.000715
0.000896
0.001231
0.000586
0.000982
0.000783
0.000050
0.000697
0.001162
0.000867
0.000443
0.000540
0.001014
0.000631
0.000809
0.001298
0.000337
0.000929
0.000483
0.000694
0.000611
0.000423
0.000706
0.000110
0.000178
0.000549
0.000628
0.000727
0.000498
0.000691
0.000532
0.001124
0.000384
0.000667
0.000800
0.000564
0.000232
0.000460
0.001023
0.001285
0.000787
0.000685
0.000619
0.000014
0.000949
0.000142
0.001502
0.000879
0.001048
0.002497
0.000561
0.000739
0.001203
0.000471
0.000863
0.000390
0.000638
0.001105
0.000771
0.001770
0.001388
0.000963
0.000501
0.000422
0.000481
0.000344
0.000519
0.000572
0.000417
0.000504
0.000580
0.000653
0.000508
0.000302
0.000439
0.000683
0.001245
0.000577
0.000754
0.000371
0.001521
0.000890
0.001103
0.000675
0.000513
0.000597
0.000456
0.000827
0.001327
0.001672
0.001652
0.001929
0.001311
0.002304
0.001765
0.001570
0.001615
0.001921
0.001480
0.001661
0.001694
0.001871
0.001437
0.002419
0.002107
0.001504
0.001630
0.001304
0.001934
0.002103
0.001932
0.002680
0.003463
0.001795
0.002196
0.001428
0.001565
0.001307
0.001391
0.001631
0.001711
0.002163
0.001221
0.001890
0.001161
0.001411
0.001164
0.001623
0.001316
0.001103
0.001918
0.001458
0.001089
0.001023
0.001031
0.001011
0.001164
0.001019
0.001197
