0.002796
0.003517
0.014338
0.002458
0.004479
0.003627
0.002935
0.002817
0.004957
0.003302
0.003363
0.002583
0.002342
0.003464
0.003850
0.002265
0.002983
0.002291
0.005796
0.003808
0.002435
0.003434
0.002670
0.004108
0.002799
0.002178
0.002503
0.002418
0.002774
0.004961
0.002541
0.002657
0.003335
0.002726
0.006721
0.002959
0.002545
0.004559
0.003513
0.002577
0.002848
0.003312
0.002342
0.002407
0.002554
0.002504
0.002197
0.002679
0.003321
0.002735
0.002377
0.002435
0.002536
0.002604
0.004483
0.002504
0.003219
0.002654
0.002931
0.004990
0.002369
0.002162
0.002544
0.002368
0.002832
0.002672
0.002282
0.002380
0.002338
0.002928
0.002749
0.002835
0.003327
0.002262
0.002294
0.002258
0.003332
0.002424
0.002504
0.002243
0.002374
0.003157
0.002513
0.002606
0.002189
0.002452
0.003349
0.002545
0.005015
0.002472
0.002291
0.002755
0.004660
0.002264
0.002178
0.002734
0.004249
0.002594
0.002545
0.002465
0.002497
0.002683
0.002101
0.003225
0.002682
0.002544
0.002523
0.003109
0.002542
0.004256
0.002993
0.002336
0.002136
0.002203
0.002454
0.002811
0.002230
0.002726
0.002475
0.002668
0.002401
0.002494
0.002566
0.002937
0.003613
0.003485
0.002768
0.002129
0.002425
0.002438
0.002100
0.002301
0.002440
0.002618
0.002620
0.002099
0.004269
0.002725
0.002977
0.002347
0.002644
0.002356
0.013868
0.002303
0.002043
0.003051
0.004888
0.002498
0.002836
0.002261
0.002375
0.002253
0.003103
0.002662
0.002165
0.002629
0.005896
0.002344
0.002185
0.002504
0.002446
0.002888
0.002503
0.003023
0.002541
0.002588
0.002568
0.004750
0.002393
0.002445
0.002508
0.002272
0.002610
0.002157
0.002443
0.002740
0.002755
0.004960
0.002454
0.002233
0.002237
0.002294
0.002647
0.002287
0.002267
0.002948
0.002358
0.002492
0.002632
0.002035
0.002459
0.002078
0.002603
0.003264
0.002128
0.002031
0.002751
0.002387
0.002768
0.002564
0.002163
0.002300
0.002123
0.004547
0.003195
0.002306
0.002213
0.002327
0.002566
0.002760
0.002604
0.003124
0.002319
0.002220
0.002365
0.002623
0.002983
0.002244
0.002383
0.002364
0.002622
0.002720
0.002674
0.002290
0.002665
0.002541
0.002278
0.002487
0.002815
0.002144
0.002393
0.003168
0.004809
0.002443
0.002576
0.003309
0.002262
0.002042
0.003019
0.002145
0.002292
0.002490
0.002234
0.002776
0.002279
0.002574
0.002345
0.002488
0.003223
0.002394
0.002152
0.002304
0.002102
0.002982
0.002623
0.003564
0.002246
0.003897
0.003804
0.002092
0.004217
0.002403
0.002824
0.002380
0.002926
0.002513
0.002542
0.004088
0.002312
0.002369
0.003881
0.003126
0.002526
0.003165
0.002293
0.003511
0.002204
0.003114
0.002543
0.002181
0.002607
0.002602
0.003771
0.002226
0.003027
0.002269
0.002604
0.002351
0.005086
0.003767
0.003754
0.002533
0.005244
0.002238
0.002376
0.002497
0.002322
0.002505
0.002578
0.003235
0.003047
0.002937
0.002806
0.002347
0.002709
0.003202
0.003165
0.002741
0.002533
0.003538
0.003994
0.002590
0.002299
0.002833
0.003629
0.002556
0.002391
0.002158
0.002377
0.002045
0.002687
0.002170
0.002287
0.003297
0.002440
0.003208
0.003005
0.002485
0.002846
0.002152
0.002620
0.002330
0.005672
0.002500
0.002554
0.002287
0.002898
0.002422
0.002649
0.002503
0.002602
0.002524
0.011317
0.002526
0.007071
0.004543
0.005842
0.006158
0.002359
0.002919
0.002649
0.002590
0.002428
0.004756
0.002278
0.002684
0.005382
0.003021
0.002540
0.002127
0.002706
0.002391
0.002659
0.002426
0.002402
0.002308
0.005200
0.004747
0.002172
0.002407
0.003612
0.003665
0.002301
0.003246
0.003167
0.002401
0.002539
0.002377
0.002781
0.002737
0.002147
0.002777
0.002298
0.002120
0.003820
0.003119
0.002185
0.002628
0.006120
0.002329
0.002335
0.002358
0.002730
0.002698
0.002284
0.002325
0.002215
0.003004
0.002282
0.006319
0.003017
0.002366
0.002346
0.002416
0.004792
0.003050
0.003083
0.002378
0.002395
0.003275
0.003224
0.002404
0.002261
0.002968
0.002571
0.002957
0.002471
0.003067
0.007304
0.002446
0.003074
0.005874
0.002408
0.002135
0.003131
0.002354
0.002385
0.002207
0.002295
0.002886
0.002789
0.002226
0.002328
0.002279
0.002332
0.002420
0.002407
0.002312
0.002511
0.002668
0.002477
0.002819
0.003044
0.002557
0.002179
0.002795
0.002617
0.002527
0.003187
0.002146
0.002113
0.002353
0.002483
0.002651
0.002989
0.002359
0.002143
0.003437
0.004271
0.002257
0.002064
0.003120
0.003120
0.002516
0.002204
0.005195
0.002263
0.002614
0.002179
0.002101
0.002206
0.002624
0.002353
0.003485
0.002236
0.002933
0.002589
0.002206
0.002614
0.002270
0.003667
0.002317
0.002760
0.002715
0.002856
0.002257
0.003211
0.002264
0.002396
0.002378
0.004414
0.002724
0.002610
0.002105
0.001993
0.002298
0.002820
0.002348
0.002549
0.002433
