0.000397
0.000090
0.000099
0.000075
0.000335
0.002319
0.007811
0.001250
0.000024
0.007090
0.000010
0.000469
0.000404
0.000941
0.000158
0.000257
0.002359
0.000770
0.000029
0.000219
0.002153
0.000472
0.000431
0.000159
0.000747
0.000046
0.000340
0.003837
0.001473
0.000087
0.000154
0.000365
0.000618
0.000252
0.000118
0.000263
0.000063
0.000206
0.001224
0.000117
0.000525
0.000332
0.000263
0.000223
0.000714
0.000303
0.000920
0.000155
0.000053
0.000436
0.000107
0.000368
0.000281
0.000558
0.000205
0.001147
0.000185
0.000417
0.000668
0.001681
0.000931
0.000887
0.000410
0.000512
0.002790
0.000263
0.000599
0.000957
0.001735
0.001178
0.004410
0.000011
0.000811
0.000137
0.000338
0.000428
0.001025
0.001385
0.000911
0.002068
0.001081
0.000780
0.001028
0.000629
0.000683
0.000473
0.001482
0.000906
0.000562
0.000621
0.000675
0.000640
0.000970
0.001339
0.000949
0.000801
0.000786
0.001775
0.001760
0.002806
0.001500
0.000698
0.001094
0.000828
0.000683
0.000546
0.001248
0.000497
0.000664
0.001002
0.002311
0.000742
0.002027
0.000381
0.000232
0.000584
0.000320
0.001225
0.000851
0.001620
0.002649
0.001082
0.000919
0.000757
0.003679
0.000492
0.000183
0.000620
0.001331
0.001007
0.000990
0.000853
0.000721
0.000824
0.001867
0.001130
0.000670
0.000444
0.000845
0.000561
0.000878
0.001024
0.001313
0.000756
0.000767
0.000607
0.000898
0.001530
0.001157
0.000511
0.000717
0.000836
0.000673
0.000981
0.000288
0.001150
0.000603
0.000766
0.000358
0.001379
0.001037
0.001020
0.000860
0.000848
0.000954
0.009492
0.000914
0.000685
0.001216
0.000530
0.000732
0.000937
0.000831
0.000636
0.000610
0.000779
0.000637
0.000836
0.001064
0.000826
0.001113
0.001037
0.000876
0.000846
0.000733
0.001246
0.000899
0.000481
0.000521
0.000469
0.000442
0.000716
0.000560
0.000817
0.000657
0.000398
0.000941
0.000765
0.000755
0.000536
0.000024
0.000860
0.000682
0.000664
0.000759
0.000637
0.000601
0.000824
0.000567
0.001027
0.000704
0.000663
0.000797
0.000820
0.000944
0.000948
0.001161
0.000956
0.001405
0.000757
0.000471
0.000830
0.000615
0.001046
0.000704
0.000895
0.000945
0.001103
0.000831
0.001234
0.000747
0.000861
0.000721
0.000597
0.000922
0.000784
0.000671
0.001057
0.000870
0.000882
0.001005
0.000802
0.000772
0.000556
0.000903
0.000693
0.000617
0.000780
0.001131
0.000948
0.000695
0.000868
0.005462
0.000500
0.001269
0.001048
0.000766
0.000857
0.000628
0.003376
0.000961
0.000579
0.000039
0.000723
0.000015
0.001152
0.000813
0.000417
0.000635
0.000974
0.001391
0.001043
0.001572
0.000938
0.000304
0.001149
0.001209
0.001074
0.001287
0.000906
0.001878
0.001081
0.000884
0.000854
0.000945
0.000759
0.000844
0.000520
0.000353
0.001164
0.001429
0.001728
0.001644
0.001365
0.001356
0.001961
0.001030
0.001257
0.001121
0.001477
0.001536
0.001025
0.000081
0.000968
0.002212
0.001111
0.001018
0.001334
0.001165
0.001007
0.000941
0.001231
0.000796
0.001511
0.001018
0.000894
0.000135
0.000689
0.001158
0.000765
0.001021
0.000184
0.001724
0.001045
0.001313
0.001022
0.000890
0.000695
0.000842
0.000629
0.000925
0.000750
0.001166
0.000848
0.001431
0.000738
0.002406
0.000996
0.000571
0.000237
0.001170
0.000881
0.000660
0.000800
0.001063
0.001236
0.001067
0.001521
0.001279
0.000972
0.001066
0.001762
0.000747
0.000566
0.000672
0.000769
0.000626
0.001352
0.000735
0.000916
0.001118
0.000810
0.000506
0.000966
0.000670
0.001160
0.001296
0.001604
0.001168
0.002030
0.001474
0.000581
0.000770
0.001034
0.000872
0.001228
0.000705
0.001086
0.000443
0.000863
0.000624
0.001358
0.001780
0.001380
0.001366
0.001511
0.001677
0.001968
0.001839
0.001537
0.002436
0.002259
0.000100
0.001606
0.002004
0.001969
0.001436
0.001262
0.001761
0.000062
0.002798
0.001198
0.001539
0.001371
0.002055
0.001119
0.001208
0.001550
0.001039
0.001334
0.000997
0.001777
0.000206
0.001127
0.000978
0.002578
0.001480
0.001221
0.000271
0.002212
0.002349
0.002318
0.002189
0.001722
0.002904
0.001904
0.002874
0.001996
0.000953
0.000793
0.000876
0.000912
0.001554
0.001051
0.000791
0.000931
0.000384
0.000696
0.001297
0.001078
0.001673
0.001426
0.000828
0.001924
0.000534
0.000975
0.000728
0.001155
0.000844
0.001294
0.001032
0.000648
0.000853
0.002069
0.002582
0.001373
0.000746
0.001631
0.001667
0.002158
0.001745
0.001569
0.001148
0.001913
0.001467
0.001309
0.001081
0.003350
0.000036
0.002233
0.000954
0.001445
0.000149
0.001221
0.001686
0.001104
0.000312
0.000929
0.001288
0.000983
0.000834
0.001536
0.001887
0.001204
0.000907
0.001047
0.007438
0.000763
0.002558
0.001440
0.000013
0.000848
0.001067
0.001655
0.002159
0.000121
0.001250
0.000683
0.004627
0.000943
