0.000117
0.000128
0.000018
0.003261
0.001570
0.001150
0.002670
0.005308
0.000012
0.000065
0.000610
0.000222
0.000721
0.000053
0.000264
0.001599
0.001519
0.005853
0.008860
0.000546
0.002058
0.001567
0.001019
0.000906
0.000356
0.003893
0.001124
0.000411
0.002511
0.000182
0.001676
0.001245
0.000685
0.000472
0.000823
0.000763
0.000120
0.000826
0.000167
0.000071
0.000848
0.000328
0.000580
0.002952
0.000966
0.002012
0.003818
0.000702
0.001264
0.000023
0.000454
0.001989
0.001260
0.001062
0.000260
0.000655
0.001403
0.001508
0.002431
0.004947
0.000516
0.001286
0.000776
0.001669
0.001036
0.000399
0.000667
0.001319
0.002101
0.003440
0.002401
0.001766
0.000925
0.001424
0.002020
0.002872
0.008669
0.000547
0.001475
0.000916
0.000818
0.001142
0.002282
0.001409
0.001793
0.001047
0.004669
0.000733
0.000296
0.000626
0.000601
0.000741
0.000396
0.000389
0.000459
0.000252
0.000500
0.000330
0.000201
0.000614
0.001141
0.000737
0.000899
0.000662
0.000798
0.000446
0.000547
0.000363
0.000540
0.001174
0.001012
0.001625
0.000603
0.001389
0.000870
0.000719
0.001982
0.000295
0.002724
0.001015
0.000011
0.000925
0.000430
0.001291
0.000519
0.001026
0.001731
0.000766
0.002242
0.001154
0.000671
0.000157
0.000315
0.000225
0.000396
0.001475
0.000034
0.000836
0.000092
0.000561
0.000483
0.000623
0.000468
0.000346
0.000413
0.000452
0.000304
0.000543
0.000492
0.001050
0.000254
0.000728
0.000619
0.000886
0.001879
0.001309
0.000366
0.000362
0.000279
0.000447
0.000502
0.000684
0.000365
0.001549
0.000649
0.000325
0.000953
0.000791
0.000503
0.001200
0.000570
0.000785
0.000630
0.000727
0.000397
0.001020
0.001021
0.001393
0.001107
0.001532
0.000882
0.001631
0.002118
0.001417
0.001661
0.001236
0.001135
0.001729
0.001212
0.001298
0.001347
0.001555
0.001206
0.001018
0.001247
0.001773
0.001510
0.000939
0.001950
0.002392
0.001116
0.000834
0.001288
0.000959
0.003161
0.001494
0.000422
0.000224
0.000406
0.000344
0.001095
0.000448
0.000522
0.001351
0.000693
0.000320
0.000456
0.000555
0.001845
0.000860
0.000852
0.001019
0.001224
0.000752
0.000964
0.000393
0.000462
0.001559
0.000845
0.000295
0.000633
0.000490
0.000413
0.000500
0.000590
0.000357
0.001218
0.001384
0.001420
0.001710
0.001092
0.001279
0.002107
0.000739
0.000446
0.001489
0.001561
0.001395
0.001136
0.001114
0.000903
0.001292
0.001656
0.001009
0.001190
0.001875
0.001415
0.000995
0.000787
0.001167
0.001648
0.000881
0.000019
0.001397
0.000670
0.002245
0.001114
0.001130
0.002643
0.001368
0.001566
0.001038
0.001203
0.001828
0.000966
0.000955
0.000712
0.001007
0.000830
0.001114
0.001556
0.002039
0.000583
0.000320
0.001277
0.000280
0.000368
0.000948
0.000774
0.001469
0.000692
0.001111
0.000882
0.001293
0.000536
0.001741
0.000254
0.000039
0.001170
0.001011
0.000620
0.001439
0.000805
0.000391
0.000952
0.001881
0.001232
0.001615
0.000662
0.002292
0.006171
0.000526
0.001402
0.001045
0.000336
0.000861
0.001169
0.000429
0.000752
0.001325
0.002009
0.000579
0.001588
0.001062
0.000894
0.000692
0.001284
0.000380
0.000496
0.001506
0.001810
0.001112
0.000940
0.000769
0.001236
0.001043
0.000287
0.000250
0.000219
0.000235
0.000135
0.000198
0.000262
0.000184
0.000267
0.000275
0.000221
0.000305
0.000261
0.000302
0.000244
0.000366
0.000196
0.000281
0.000336
0.000169
0.000843
0.002718
0.000956
0.001692
0.001078
0.000328
0.001205
0.000825
0.000410
0.001506
0.002184
0.000247
0.000914
0.001405
0.000670
0.001105
0.001803
0.001877
0.002241
0.002015
0.001873
0.002504
0.002007
0.001871
0.001470
0.001646
0.001728
0.002503
0.001700
0.003149
0.000735
0.001291
0.002237
0.000965
0.001483
0.000771
0.000227
0.001723
0.001119
0.001970
0.000091
0.000887
0.001320
0.000289
0.000608
0.001025
0.001597
0.001238
0.000833
0.001440
0.001871
0.001508
0.001417
0.002229
0.001676
0.001351
0.000681
0.001854
0.001544
0.001619
0.002056
0.001457
0.001284
0.001606
0.002649
0.001175
0.001839
0.000995
0.001226
0.009636
0.001464
0.000579
0.000556
0.000475
0.000627
0.000572
0.000707
0.000498
0.000822
0.000433
0.000583
0.000710
0.000634
0.000516
0.000014
0.000499
0.000552
0.000489
0.000460
0.000349
0.000420
0.000757
0.000606
0.000915
0.000911
0.003592
0.000812
0.000962
0.001066
0.000888
0.000713
0.001143
0.000971
0.000774
0.000862
0.001048
0.001177
0.001305
0.000684
0.000952
0.000381
0.000764
0.001265
0.002306
0.001053
0.001058
0.000984
0.000839
0.001067
0.000876
0.000687
0.001018
0.001349
0.001292
0.001374
0.001968
0.001476
0.001733
0.001756
0.002959
0.002069
0.001610
0.001841
0.002275
0.001352
0.001602
0.001186
0.001409
0.002502
0.001701
0.001184
0.001950
0.001446
0.001174
