0.001075
0.000308
0.000010
0.001186
0.000018
0.002637
0.000907
0.000027
0.000076
0.000125
0.006703
0.007322
0.000311
0.008230
0.000274
0.000253
0.000064
0.000448
0.000153
0.000535
0.002084
0.003866
0.003413
0.000170
0.000668
0.000603
0.004019
0.001658
0.000646
0.001294
0.000801
0.000652
0.005015
0.000453
0.001780
0.001061
0.002779
0.000743
0.001132
0.001271
0.002410
0.000399
0.000350
0.000980
0.000219
0.000391
0.009979
0.005069
0.001481
0.000810
0.000112
0.000566
0.000211
0.000767
0.000537
0.000322
0.000085
0.000308
0.000027
0.000445
0.000175
0.001045
0.000657
0.000266
0.000412
0.000412
0.000130
0.000329
0.000245
0.000011
0.001893
0.000519
0.000698
0.001421
0.000971
0.000960
0.002365
0.002983
0.004035
0.006123
0.003114
0.001207
0.000856
0.000362
0.000472
0.003685
0.001981
0.000622
0.004958
0.000301
0.000579
0.000576
0.000511
0.000389
0.000890
0.001567
0.000215
0.001135
0.000707
0.000606
0.000406
0.000755
0.000956
0.000639
0.000345
0.000472
0.002260
0.002830
0.000275
0.001306
0.000799
0.000542
0.000629
0.000183
0.000446
0.000713
0.007963
0.004545
0.000889
0.000505
0.001061
0.001240
0.001369
0.006392
0.001723
0.001112
0.000404
0.000593
0.000813
0.000288
0.000356
0.001072
0.001160
0.001550
0.000718
0.000925
0.003145
0.000242
0.000591
0.000455
0.000678
0.000834
0.001237
0.000501
0.000556
0.000966
0.000327
0.000743
0.000752
0.000044
0.000631
0.000417
0.000675
0.000894
0.003761
0.000534
0.001027
0.001386
0.000794
0.000475
0.001151
0.005234
0.005294
0.004112
0.000667
0.000621
0.000756
0.000557
0.000366
0.000571
0.000430
0.000658
0.000873
0.000731
0.000509
0.000737
0.000546
0.000963
0.000397
0.002002
0.000812
0.000837
0.000675
0.002630
0.001189
0.000603
0.001006
0.000786
0.001008
0.000791
0.000883
0.000907
0.000760
0.001040
0.001325
0.001034
0.000848
0.000669
0.001621
0.001061
0.000514
0.000711
0.000729
0.000900
0.000636
0.000307
0.001272
0.000445
0.000809
0.000924
0.000701
0.000558
0.000548
0.000603
0.003329
0.000506
0.000751
0.001045
0.000627
0.000376
0.000464
0.000868
0.000780
0.000687
0.000583
0.000567
0.000574
0.001156
0.000483
0.000987
0.000941
0.000690
0.000829
0.001112
0.000970
0.001403
0.000627
0.000347
0.000745
0.000887
0.004418
0.000736
0.000606
0.000544
0.000626
0.000437
0.001008
0.000816
0.000563
0.000694
0.000491
0.000399
0.000393
0.000327
0.000402
0.000481
0.000262
0.000474
0.000431
0.001199
0.000518
0.000435
0.000349
0.000290
0.000451
0.000423
0.000663
0.003659
0.001015
0.001274
0.000884
0.000614
0.000353
0.001462
0.000492
0.001132
0.002876
0.000799
0.000689
0.000585
0.000425
0.000733
0.000793
0.000797
0.000936
0.000645
0.000833
0.001016
0.000766
0.000642
0.000946
0.000015
0.000536
0.001115
0.000717
0.000819
0.005642
0.000594
0.009098
0.002469
0.000516
0.001695
0.001727
0.001277
0.001192
0.003292
0.001339
0.001606
0.001022
0.000677
0.000322
0.001434
0.001870
0.002039
0.000904
0.004667
0.000375
0.000493
0.003844
0.000600
0.001100
0.000714
0.000027
0.000936
0.000558
0.002253
0.000252
0.000462
0.000057
0.000812
0.000637
0.001195
0.000744
0.000301
0.000997
0.000526
0.000545
0.000624
0.002897
0.000855
0.000685
0.000662
0.000699
0.000832
0.000719
0.000624
0.001054
0.000764
0.000901
0.000531
0.000974
0.001023
0.001123
0.001463
0.001381
0.001676
0.001140
0.001466
0.001319
0.001058
0.001512
0.001096
0.001196
0.000953
0.001000
0.001078
0.001378
0.001258
0.001821
0.000961
0.000970
0.001035
0.001146
0.000952
0.001162
0.000914
0.001502
0.000866
0.000871
0.000911
0.000681
0.000793
0.001264
0.000864
0.004491
0.002140
0.000661
0.001006
0.000756
0.003702
0.000880
0.001255
0.002599
0.001584
0.000608
0.001070
0.000709
0.000854
0.006268
0.003129
0.001003
0.000766
0.000657
0.000591
0.000608
0.000671
0.000553
0.000696
0.000479
0.000787
0.000633
0.000039
0.001218
0.001387
0.001807
0.001195
0.001600
0.001320
0.001105
0.000864
0.001186
0.000947
0.000138
0.000996
0.001424
0.001101
0.000922
0.000807
0.001196
0.000992
0.000747
0.001291
0.000858
0.001074
0.001496
0.000905
0.003929
0.000748
0.001843
0.000990
0.006954
0.000706
0.000679
0.000673
0.000589
0.000734
0.000739
0.000618
0.000809
0.000677
0.000542
0.000791
0.005075
0.002425
0.000680
0.003397
0.000590
0.000818
0.000539
0.000697
0.000718
0.000794
0.000861
0.000662
0.001311
0.001664
0.000898
0.001075
0.002081
0.000091
0.000746
0.000904
0.001186
0.000655
0.004388
0.000808
0.000716
0.001439
0.000600
0.000965
0.001077
0.000513
0.000840
0.000724
0.001293
0.003000
0.000605
0.000943
0.001144
0.000759
0.001621
0.000657
0.000191
0.000493
0.000888
0.001028
0.000577
0.000809
0.001247
0.000699
