0.002662
0.002438
0.005396
0.003302
0.004644
0.002922
0.003964
0.004773
0.005146
0.002524
0.002495
0.004759
0.002872
0.003833
0.002495
0.002763
0.003338
0.002649
0.002784
0.002671
0.002856
0.002065
0.003898
0.002618
0.002250
0.002236
0.004160
0.002651
0.002117
0.002475
0.002423
0.002473
0.002252
0.002673
0.002330
0.002956
0.004112
0.002228
0.002023
0.002293
0.003243
0.002118
0.002265
0.002472
0.002503
0.002268
0.006643
0.003329
0.002710
0.002337
0.002828
0.003974
0.003121
0.002947
0.002285
0.002188
0.002929
0.002504
0.005097
0.002306
0.002574
0.002397
0.002370
0.002414
0.002189
0.002704
0.002640
0.002339
0.002382
0.005223
0.002364
0.002689
0.002410
0.002375
0.002069
0.002828
0.003221
0.002019
0.002359
0.004649
0.003367
0.002550
0.003120
0.002548
0.002343
0.004820
0.002556
0.002040
0.007128
0.002496
0.002180
0.002596
0.002526
0.002445
0.002597
0.002823
0.002853
0.002240
0.003696
0.003973
0.002364
0.002300
0.002390
0.002310
0.002364
0.002599
0.003720
0.003513
0.002656
0.002933
0.002591
0.002566
0.002282
0.002964
0.002537
0.002325
0.004372
0.005932
0.002732
0.003840
0.002370
0.002180
0.002609
0.002532
0.002779
0.002736
0.002333
0.002377
0.002851
0.002287
0.002479
0.002322
0.003047
0.002478
0.002369
0.005169
0.004394
0.003044
0.003399
0.002804
0.002754
0.002696
0.002370
0.002460
0.002430
0.002767
0.002355
0.002171
0.002773
0.006187
0.002472
0.002398
0.002289
0.002330
0.004137
0.003541
0.002276
0.004770
0.003650
0.002588
0.002625
0.005436
0.002881
0.003333
0.001989
0.002593
0.002810
0.002202
0.002644
0.002463
0.002663
0.002454
0.002446
0.002003
0.002382
0.003012
0.002505
0.002301
0.004068
0.002959
0.002195
0.002363
0.002629
0.002380
0.002607
0.002269
0.002104
0.002224
0.002441
0.002798
0.002199
0.002489
0.003497
0.002000
0.003314
0.002500
0.002870
0.002454
0.002519
0.002992
0.004107
0.002013
0.003193
0.003127
0.002464
0.002489
0.002660
0.002367
0.002279
0.002433
0.002790
0.002225
0.002493
0.002575
0.006223
0.003211
0.002906
0.002282
0.002310
0.003172
0.002376
0.005157
0.003284
0.002271
0.002098
0.002589
0.002922
0.002932
0.002474
0.002158
0.002467
0.002484
0.002984
0.002340
0.002996
0.002239
0.002597
0.002310
0.002387
0.002434
0.004075
0.002267
0.002087
0.003012
0.002236
0.002366
0.004637
0.002341
0.002492
0.002734
0.002025
0.002224
0.002467
0.002871
0.002317
0.002447
0.002683
0.002304
0.002152
0.002806
0.002328
0.002197
0.002644
0.002290
0.002507
0.002753
0.002248
0.003180
0.002515
0.003013
0.002666
0.002352
0.003563
0.002737
0.002295
0.002336
0.002233
0.002157
0.002707
0.002560
0.003458
0.003425
0.002170
0.002302
0.003127
0.003706
0.003087
0.002318
0.002295
0.002533
0.002880
0.005108
0.002252
0.004173
0.002285
0.002680
0.002689
0.002221
0.003737
0.004422
0.002450
0.002090
0.002735
0.002469
0.002898
0.002222
0.004902
0.002329
0.003254
0.002299
0.002834
0.004762
0.002804
0.002949
0.002327
0.003576
0.002478
0.002715
0.002858
0.003140
0.003133
0.003085
0.005846
0.007092
0.002423
0.002839
0.002376
0.002337
0.003145
0.003215
0.004657
0.002786
0.002855
0.002549
0.002709
0.002170
0.002541
0.002516
0.002709
0.003435
0.002082
0.002079
0.002265
0.002362
0.002339
0.002402
0.002136
0.002275
0.002496
0.002750
0.002095
0.002090
0.002157
0.002050
0.002680
0.002436
0.002516
0.002887
0.002521
0.002350
0.002332
0.002041
0.002655
0.002121
0.002223
0.003174
0.002466
0.002800
0.003487
0.002117
0.002584
0.002368
0.002560
0.002670
0.002761
0.002940
0.002418
0.001980
0.002321
0.002537
0.002676
0.003057
0.002480
0.002490
0.002981
0.003380
0.002491
0.002534
0.002459
0.004412
0.002292
0.003436
0.003145
0.002326
0.002490
0.002359
0.002308
0.002355
0.003511
0.004412
0.002192
0.002513
0.002039
0.002404
0.002502
0.002681
0.002663
0.002508
0.002317
0.002357
0.003218
0.003750
0.002078
0.002901
0.002644
0.002326
0.003470
0.002202
0.004294
0.002140
0.002249
0.002065
0.002904
0.003180
0.002485
0.002562
0.002762
0.002770
0.002989
0.003291
0.002228
0.004924
0.002326
0.002868
0.003140
0.002603
0.003853
0.002168
0.003719
0.002413
0.005573
0.002065
0.002273
0.002500
0.002187
0.002092
0.002671
0.002311
0.002480
0.002146
0.002691
0.002300
0.005458
0.002287
0.002127
0.003884
0.002282
0.002466
0.002710
0.002092
0.003717
0.002800
0.002364
0.002386
0.002750
0.002517
0.002503
0.003189
0.002353
0.003509
0.002250
0.002287
0.002891
0.002349
0.005195
0.002224
0.002232
0.003293
0.002587
0.002245
0.003593
0.002359
0.002860
0.002899
0.003111
0.004061
0.002592
0.002431
0.002979
0.003598
0.003318
0.003591
0.002651
0.002561
0.002226
0.002278
0.002159
0.002309
0.002143
0.002323
