0.002286
0.004312
0.002815
0.005620
0.001983
0.005458
0.006302
0.002977
0.003735
0.002773
0.010573
0.002545
0.002295
0.003301
0.003088
0.002773
0.003490
0.002564
0.008010
0.002708
0.004392
0.002455
0.002604
0.002685
0.004053
0.005423
0.002379
0.002959
0.002984
0.002733
0.003245
0.002639
0.002464
0.002262
0.003159
0.002325
0.002959
0.002951
0.002867
0.003299
0.002874
0.003032
0.002722
0.002468
0.002644
0.002608
0.004149
0.003934
0.003279
0.002592
0.002976
0.002611
0.002655
0.003000
0.002782
0.002508
0.002598
0.002266
0.002591
0.003538
0.002236
0.002328
0.002611
0.002616
0.002500
0.002824
0.002541
0.002264
0.006702
0.006156
0.006779
0.010536
0.002668
0.003125
0.002455
0.002523
0.002260
0.002661
0.002100
0.003255
0.002517
0.002518
0.002577
0.002093
0.002979
0.002406
0.002904
0.003174
0.002436
0.002267
0.002228
0.002152
0.002193
0.002310
0.002280
0.002223
0.002340
0.002021
0.003591
0.002421
0.002825
0.002140
0.002569
0.002430
0.002338
0.002481
0.002773
0.002269
0.002426
0.002445
0.002437
0.002522
0.002845
0.002695
0.002516
0.002702
0.002806
0.002828
0.002847
0.003828
0.002544
0.005122
0.002468
0.003003
0.002317
0.002485
0.002535
0.002535
0.002292
0.002172
0.003621
0.002151
0.002434
0.003354
0.002487
0.002462
0.002279
0.002398
0.002088
0.002409
0.002714
0.002273
0.002385
0.002093
0.002322
0.002424
0.003448
0.003123
0.002293
0.002373
0.003518
0.002487
0.003511
0.002809
0.002869
0.002270
0.002262
0.002519
0.002467
0.002506
0.002112
0.002383
0.002191
0.002365
0.002228
0.002702
0.002936
0.002462
0.002893
0.008263
0.002337
0.002246
0.002192
0.002235
0.002440
0.002345
0.002330
0.002119
0.002232
0.002605
0.002390
0.005990
0.002169
0.002923
0.002969
0.002288
0.003221
0.002187
0.002264
0.003407
0.002578
0.002304
0.002938
0.002295
0.002334
0.002368
0.003221
0.002204
0.002592
0.002829
0.003734
0.002378
0.002212
0.002419
0.002610
0.002141
0.002344
0.003048
0.002342
0.002468
0.002580
0.002335
0.002025
0.002318
0.002086
0.002952
0.002289
0.002390
0.002304
0.002253
0.002231
0.002265
0.003004
0.002751
0.002358
0.002018
0.002521
0.002691
0.002409
0.002345
0.002307
0.003079
0.002792
0.002344
0.002977
0.002063
0.002283
0.002363
0.002186
0.002609
0.003083
0.002559
0.004086
0.003053
0.002262
0.002320
0.002554
0.002212
0.003155
0.002636
0.002417
0.002548
0.003215
0.002589
0.002509
0.003177
0.003012
0.002386
0.003189
0.002347
0.002392
0.002426
0.008272
0.002261
0.015088
0.002574
0.002540
0.002350
0.003208
0.002152
0.003239
0.002476
0.003169
0.002309
0.002577
0.002100
0.003256
0.002197
0.002409
0.004186
0.003838
0.002246
0.002159
0.002608
0.005218
0.002520
0.002625
0.002314
0.002363
0.002409
0.001973
0.002319
0.002721
0.005595
0.002515
0.003225
0.002077
0.002912
0.002536
0.002621
0.002351
0.002083
0.003977
0.002440
0.004626
0.002231
0.002354
0.002506
0.003655
0.002367
0.002439
0.002688
0.002282
0.004074
0.002944
0.002447
0.002598
0.002712
0.002283
0.002578
0.002110
0.002782
0.002284
0.004705
0.002189
0.002500
0.002038
0.002406
0.002347
0.002530
0.003617
0.002447
0.003114
0.002261
0.005632
0.002346
0.002769
0.002820
0.002442
0.002943
0.002200
0.003288
0.002667
0.002337
0.001993
0.002931
0.002453
0.003230
0.003010
0.002459
0.002737
0.002919
0.002152
0.002711
0.002967
0.002377
0.002843
0.002593
0.002705
0.002543
0.004358
0.003584
0.002382
0.004302
0.002509
0.002144
0.002810
0.002875
0.002244
0.002321
0.002669
0.002545
0.003257
0.002278
0.002498
0.002218
0.002658
0.002162
0.002570
0.002695
0.002354
0.002007
0.003569
0.003929
0.002330
0.002132
0.002751
0.002030
0.003032
0.002436
0.002461
0.002297
0.003923
0.002781
0.002976
0.003701
0.002827
0.002784
0.002290
0.004808
0.002813
0.002160
0.003024
0.002320
0.002839
0.002191
0.003251
0.003109
0.002647
0.002366
0.002609
0.002999
0.002607
0.002274
0.002377
0.004137
0.002773
0.002842
0.002451
0.002062
0.002844
0.003417
0.005185
0.002349
0.002701
0.002513
0.002404
0.002555
0.003057
0.003194
0.002255
0.002547
0.002331
0.002618
0.002429
0.002153
0.002377
0.002368
0.002549
0.002737
0.002361
0.002382
0.002386
0.002613
0.002729
0.002857
0.002407
0.002610
0.002937
0.002326
0.002331
0.002935
0.002249
0.003732
0.002928
0.002290
0.002236
0.002101
0.002454
0.002627
0.004246
0.002382
0.002178
0.004324
0.003860
0.002400
0.002352
0.003744
0.009114
0.002626
0.002530
0.002242
0.003434
0.003219
0.005704
0.002289
0.002550
0.003202
0.002213
0.002237
0.002569
0.002278
0.003257
0.003034
0.005166
0.002869
0.002888
0.002261
0.002316
0.002323
0.013102
0.002225
0.002211
0.003135
0.003511
0.004211
0.003542
0.003096
0.003078
0.002679
