0.002962
0.002644
0.005820
0.003388
0.002334
0.002947
0.003058
0.004575
0.005524
0.002917
0.002655
0.002776
0.004651
0.002965
0.002781
0.002305
0.002621
0.005267
0.004240
0.002803
0.002999
0.003120
0.002143
0.003303
0.002817
0.004082
0.002699
0.002936
0.003342
0.002715
0.002794
0.004323
0.002184
0.002373
0.002175
0.002106
0.002722
0.002446
0.002752
0.002750
0.003196
0.002513
0.002498
0.003035
0.004619
0.004500
0.003094
0.002511
0.002897
0.003833
0.003189
0.002676
0.002332
0.002956
0.002892
0.002471
0.002113
0.002401
0.002477
0.002951
0.002502
0.002809
0.003254
0.002766
0.003183
0.002354
0.004168
0.003172
0.002061
0.003198
0.003336
0.002715
0.002343
0.002051
0.003051
0.002650
0.004491
0.003162
0.002518
0.003022
0.002733
0.003707
0.003123
0.003587
0.003943
0.004341
0.004277
0.002314
0.002325
0.002300
0.002558
0.002761
0.002242
0.003674
0.003751
0.002618
0.002399
0.002590
0.002916
0.002632
0.003108
0.003827
0.004029
0.003401
0.003594
0.002775
0.002259
0.002616
0.002556
0.002726
0.002979
0.002331
0.002430
0.003120
0.003083
0.002640
0.002580
0.002326
0.005019
0.002011
0.007580
0.004232
0.003328
0.003408
0.002738
0.002606
0.003140
0.002708
0.003791
0.002791
0.004215
0.002369
0.002246
0.002848
0.002587
0.003986
0.003791
0.002671
0.002935
0.002438
0.002298
0.002579
0.002289
0.003514
0.002628
0.003057
0.003197
0.002824
0.002760
0.002864
0.002621
0.002945
0.002598
0.004974
0.003672
0.003932
0.002151
0.002331
0.002513
0.002351
0.002743
0.002061
0.002531
0.003299
0.002610
0.002438
0.004264
0.002431
0.002518
0.003919
0.002671
0.002562
0.002930
0.002643
0.002948
0.002169
0.002548
0.002946
0.005232
0.002033
0.002720
0.002234
0.004327
0.002512
0.004271
0.002242
0.002580
0.002640
0.002072
0.002269
0.002624
0.002885
0.002625
0.002443
0.003211
0.003736
0.003255
0.003586
0.003281
0.002991
0.004484
0.005745
0.004750
0.004427
0.002704
0.004363
0.002181
0.002661
0.002447
0.002426
0.002931
0.003489
0.002360
0.002531
0.002791
0.002622
0.002290
0.002502
0.003689
0.002287
0.002596
0.002792
0.003732
0.003170
0.002524
0.003694
0.002326
0.002580
0.002395
0.002970
0.003209
0.002161
0.002764
0.002535
0.004311
0.002332
0.003500
0.002242
0.002844
0.003417
0.002376
0.002536
0.005726
0.002878
0.002523
0.002176
0.003136
0.002661
0.002239
0.002349
0.002402
0.004197
0.003839
0.002464
0.003417
0.003772
0.002724
0.002657
0.002381
0.002754
0.003103
0.004246
0.009865
0.002289
0.003971
0.002608
0.002241
0.002300
0.003211
0.004054
0.004434
0.002426
0.003526
0.002825
0.002152
0.003161
0.002618
0.003650
0.002829
0.003143
0.003941
0.003355
0.002504
0.003238
0.006570
0.003554
0.002597
0.002778
0.002898
0.002682
0.002582
0.004590
0.002749
0.002642
0.002333
0.003912
0.002500
0.004573
0.003669
0.003090
0.002572
0.002772
0.002806
0.002979
0.002300
0.002884
0.003127
0.003485
0.002345
0.003835
0.005064
0.002536
0.003101
0.002353
0.002669
0.002346
0.002740
0.002542
0.002571
0.003004
0.002575
0.002424
0.005184
0.003438
0.003569
0.002528
0.003610
0.002394
0.003087
0.003933
0.002528
0.003309
0.003326
0.002791
0.003495
0.002446
0.002146
0.002240
0.002277
0.002365
0.002420
0.002589
0.002210
0.002628
0.004024
0.002478
0.003134
0.002323
0.002331
0.002401
0.002542
0.002658
0.002578
0.002662
0.002573
0.002633
0.003162
0.006565
0.003790
0.004475
0.002598
0.002607
0.003144
0.003120
0.002667
0.003468
0.009067
0.002755
0.002391
0.002383
0.002832
0.003017
0.002106
0.002121
0.004135
0.003866
0.004025
0.004062
0.002929
0.003342
0.005043
0.002880
0.005093
0.002814
0.005425
0.004759
0.003325
0.004265
0.002866
0.003088
0.007514
0.002594
0.002884
0.002600
0.002306
0.002528
0.002683
0.003367
0.002294
0.002820
0.002344
0.002700
0.002455
0.003857
0.002453
0.002090
0.003471
0.003652
0.002620
0.003478
0.002558
0.003288
0.002484
0.003194
0.002228
0.002697
0.002465
0.002332
0.002832
0.003349
0.002932
0.002205
0.002638
0.003038
0.002364
0.004183
0.002572
0.002114
0.002489
0.002890
0.002412
0.002495
0.002613
0.004303
0.002890
0.003273
0.002606
0.002875
0.003960
0.002219
0.006289
0.002808
0.002714
0.002645
0.002605
0.002443
0.002788
0.002657
0.002973
0.002171
0.002794
0.002814
0.002754
0.002425
0.002391
0.002524
0.003702
0.002824
0.002351
0.003429
0.003730
0.009081
0.003070
0.002221
0.002978
0.003353
0.002343
0.003508
0.002781
0.002647
0.002065
0.002196
0.002588
0.002688
0.003140
0.002514
0.002726
0.002602
0.002173
0.002827
0.003021
0.002893
0.003441
0.002166
0.002628
0.002934
0.003020
0.004978
0.003085
0.005120
0.002954
0.002374
0.004103
0.003041
0.003266
0.005440
0.002701
0.005004
0.003129
0.002886
