85.000000
14.000000
141.000000
20.000000
175.000000
468.000000
206.000000
19.000000
451.000000
203.000000
341.000000
122.000000
304.000000
115.000000
95.000000
226.000000
301.000000
178.000000
65.000000
379.000000
263.000000
273.000000
156.000000
324.000000
387.000000
52.000000
232.000000
178.000000
70.000000
417.000000
498.000000
236.000000
294.000000
161.000000
155.000000
111.000000
197.000000
136.000000
89.000000
37.000000
177.000000
100.000000
141.000000
114.000000
23.000000
76.000000
209.000000
127.000000
343.000000
153.000000
102.000000
244.000000
283.000000
218.000000
188.000000
255.000000
166.000000
227.000000
335.000000
311.000000
117.000000
53.000000
114.000000
141.000000
80.000000
195.000000
171.000000
127.000000
128.000000
225.000000
372.000000
110.000000
152.000000
60.000000
89.000000
163.000000
37.000000
11.000000
39.000000
39.000000
35.000000
25.000000
46.000000
68.000000
66.000000
82.000000
94.000000
126.000000
59.000000
72.000000
23.000000
44.000000
32.000000
24.000000
10.000000
32.000000
45.000000
27.000000
28.000000
33.000000
48.000000
18.000000
17.000000
54.000000
40.000000
19.000000
67.000000
34.000000
10.000000
57.000000
28.000000
44.000000
77.000000
21.000000
61.000000
37.000000
46.000000
104.000000
29.000000
70.000000
85.000000
140.000000
48.000000
185.000000
18.000000
147.000000
123.000000
98.000000
55.000000
32.000000
32.000000
21.000000
10.000000
25.000000
42.000000
37.000000
20.000000
63.000000
52.000000
57.000000
49.000000
32.000000
19.000000
77.000000
75.000000
43.000000
66.000000
29.000000
51.000000
37.000000
86.000000
21.000000
55.000000
14.000000
40.000000
27.000000
71.000000
47.000000
63.000000
32.000000
11.000000
12.000000
25.000000
23.000000
40.000000
11.000000
32.000000
24.000000
42.000000
466.000000
53.000000
37.000000
10.000000
18.000000
11.000000
20.000000
27.000000
18.000000
29.000000
10.000000
44.000000
29.000000
21.000000
20.000000
36.000000
19.000000
47.000000
37.000000
25.000000
52.000000
11.000000
38.000000
32.000000
44.000000
20.000000
61.000000
32.000000
10.000000
20.000000
14.000000
432.000000
28.000000
10.000000
18.000000
10.000000
25.000000
10.000000
33.000000
25.000000
50.000000
38.000000
24.000000
21.000000
20.000000
30.000000
28.000000
39.000000
11.000000
10.000000
23.000000
54.000000
33.000000
41.000000
30.000000
210.000000
256.000000
20.000000
271.000000
19.000000
47.000000
243.000000
236.000000
276.000000
295.000000
254.000000
31.000000
28.000000
10.000000
38.000000
40.000000
261.000000
21.000000
33.000000
26.000000
43.000000
18.000000
58.000000
34.000000
10.000000
49.000000
25.000000
38.000000
248.000000
18.000000
27.000000
64.000000
35.000000
18.000000
45.000000
29.000000
10.000000
55.000000
21.000000
40.000000
31.000000
49.000000
18.000000
71.000000
364.000000
29.000000
37.000000
28.000000
48.000000
59.000000
37.000000
24.000000
43.000000
28.000000
80.000000
33.000000
52.000000
21.000000
40.000000
65.000000
494.000000
43.000000
27.000000
39.000000
53.000000
23.000000
32.000000
47.000000
36.000000
62.000000
31.000000
47.000000
39.000000
270.000000
74.000000
57.000000
39.000000
43.000000
55.000000
46.000000
218.000000
308.000000
29.000000
172.000000
284.000000
19.000000
67.000000
41.000000
32.000000
20.000000
90.000000
52.000000
255.000000
38.000000
25.000000
46.000000
321.000000
346.000000
195.000000
321.000000
19.000000
378.000000
28.000000
19.000000
28.000000
351.000000
285.000000
56.000000
322.000000
32.000000
391.000000
16.000000
44.000000
202.000000
160.000000
337.000000
26.000000
393.000000
18.000000
67.000000
78.000000
102.000000
84.000000
91.000000
75.000000
64.000000
230.000000
58.000000
71.000000
76.000000
87.000000
64.000000
106.000000
74.000000
78.000000
55.000000
132.000000
95.000000
33.000000
115.000000
46.000000
11.000000
187.000000
416.000000
13.000000
10.000000
24.000000
10.000000
218.000000
66.000000
50.000000
23.000000
82.000000
36.000000
19.000000
34.000000
45.000000
10.000000
17.000000
295.000000
10.000000
27.000000
26.000000
20.000000
17.000000
27.000000
11.000000
28.000000
19.000000
34.000000
11.000000
28.000000
39.000000
22.000000
10.000000
34.000000
21.000000
39.000000
311.000000
29.000000
19.000000
47.000000
27.000000
38.000000
10.000000
146.000000
53.000000
19.000000
365.000000
29.000000
42.000000
19.000000
35.000000
178.000000
55.000000
10.000000
30.000000
24.000000
47.000000
19.000000
242.000000
37.000000
10.000000
58.000000
329.000000
25.000000
44.000000
32.000000
20.000000
39.000000
10.000000
25.000000
62.000000
32.000000
48.000000
19.000000
34.000000
19.000000
51.000000
27.000000
42.000000
17.000000
211.000000
34.000000
402.000000
69.000000
10.000000
267.000000
25.000000
56.000000
353.000000
44.000000
28.000000
10.000000
12.000000
10.000000
281.000000
18.000000
79.000000
98.000000
304.000000
21.000000
36.000000
121.000000
28.000000
41.000000
434.000000
10.000000
20.000000
61.000000
50.000000
165.000000
31.000000
18.000000
38.000000
26.000000
10.000000
48.000000
34.000000
88.000000
22.000000
62.000000
19.000000
42.000000
10.000000
31.000000
74.000000
52.000000
26.000000
39.000000
196.000000
20.000000
31.000000
234.000000
20.000000
155.000000
