2.939908
2.986506
3.027656
4.101804
2.661304
2.759757
2.792051
2.709698
2.975129
2.855815
2.830428
2.705448
3.023864
2.889484
2.999715
2.740033
2.749796
2.777442
4.046998
2.677587
2.795623
4.225693
2.580834
2.751778
2.878379
4.025050
2.841864
4.274057
2.825202
2.735457
2.648289
3.214742
2.953093
2.887236
2.683035
2.635793
3.068806
2.694280
2.696683
2.867472
2.964207
2.756010
2.733320
4.116401
3.047571
2.957142
2.665478
2.826830
2.853746
3.275879
4.195886
2.752097
3.060766
2.992021
2.699308
2.791103
2.755427
3.365419
2.907121
2.686735
2.868147
2.956588
2.909156
3.021603
3.133425
2.726891
2.759406
2.576491
3.093462
2.975298
3.066456
3.182526
2.840207
2.804541
2.931588
2.820663
2.685737
2.769307
2.712033
3.003956
2.813849
3.252243
2.728392
2.901630
2.788855
3.052265
2.982278
2.584277
4.102881
3.144559
2.987444
3.146576
3.164739
3.046501
2.523734
2.633715
2.794969
2.708281
3.071292
3.122264
3.024793
3.263414
2.921411
4.093123
2.976479
3.008702
2.824456
3.070400
2.735807
3.074346
4.113805
2.740455
3.038529
3.393372
2.812325
2.550983
4.142377
3.116355
2.603164
3.049241
4.083039
2.886765
4.081667
2.840827
2.898918
4.068068
2.723051
2.805536
2.950806
2.756778
2.972657
2.636877
2.752560
2.552382
2.591393
2.765923
2.693040
2.986903
2.856941
2.859760
2.614223
3.006629
3.090193
3.001899
2.994142
2.783956
3.029327
2.847626
3.070881
2.836097
2.774969
2.854991
3.061002
3.107095
2.853985
2.740403
2.674906
2.541750
2.573852
2.947412
4.023843
2.860069
3.312889
2.720366
2.594202
2.755294
3.051615
2.822551
3.981298
2.609036
2.597771
2.637052
2.762483
2.653559
2.871665
2.874201
3.128740
3.067734
3.197009
2.779841
3.729648
2.989627
2.826015
2.942618
2.981169
3.077953
3.056349
2.807067
2.978825
3.010094
2.625054
2.761559
3.009612
3.029700
2.663796
2.918178
2.832933
2.732731
2.608380
2.660530
2.870245
2.821706
2.954302
2.862881
2.909068
2.746489
4.107238
2.969163
2.729348
3.112431
3.022654
3.034707
2.992500
2.753338
3.365286
3.071869
2.781906
2.604531
2.791942
2.772201
2.750297
2.614073
3.263015
2.753592
3.059860
3.111151
2.703451
2.629279
3.048565
2.806031
3.613341
2.503331
3.117118
2.971746
4.060811
2.731681
2.754058
2.768120
2.912914
2.597504
3.062376
2.900615
2.483028
4.099350
3.134519
2.650141
2.846340
3.087653
3.020563
2.820032
2.819434
3.105033
3.021544
2.695221
3.033131
2.635243
2.747579
2.799622
2.801606
2.684212
3.106063
2.760605
2.818715
2.949070
3.000052
4.263547
3.039349
2.764961
2.833778
3.722586
2.569613
2.913621
2.735283
2.824833
2.759212
2.810874
2.650733
3.112561
2.471597
2.631104
3.990468
3.008542
2.737395
2.965286
2.784571
3.002956
3.016281
2.718201
2.674756
3.134258
2.972833
4.181818
2.660570
2.951765
2.850169
3.027675
2.882047
2.656787
2.748861
2.872845
3.493088
2.851581
4.278503
3.073477
3.120401
2.865092
2.842076
3.453811
2.828883
2.989846
2.538329
2.959216
3.870193
3.031337
2.951670
2.968684
2.958710
2.788547
2.726873
2.809969
2.775533
2.947291
2.961427
2.888593
2.962863
2.658792
3.379216
2.981331
3.049013
2.598289
4.111800
2.955028
2.577373
2.836975
2.948832
2.859869
2.893551
2.710749
2.790340
2.675472
2.947627
2.639467
3.018200
4.040632
3.388994
2.669371
4.194977
2.707629
2.786159
4.058529
3.131981
2.787429
3.020828
2.994153
2.828079
2.863130
2.844700
2.976331
2.847622
3.901705
3.219130
2.836613
4.069667
2.656835
3.092527
3.010631
2.980154
4.049769
2.901555
2.703585
2.640189
3.002759
2.696672
2.675139
2.854786
2.790638
2.949611
2.805261
4.098614
2.941994
2.680227
2.729508
2.761885
2.939377
2.859515
3.406795
3.043713
2.715562
3.043086
2.698642
2.839576
2.783879
2.643251
2.783828
3.062764
2.760090
2.917892
2.900403
2.654330
3.925783
2.920458
2.972344
2.729483
3.089423
2.552129
3.402194
2.827232
2.659428
3.036812
2.731367
2.695517
2.737415
2.722500
3.026993
4.068550
2.864719
2.559944
2.980773
2.955493
2.549910
3.107859
2.809480
3.047531
2.993517
3.120201
2.909572
2.821551
2.984011
2.765143
3.014437
2.679119
2.959865
2.861907
2.653626
3.078233
2.976268
2.846367
2.719797
2.839233
3.019657
3.000071
2.728909
2.770718
2.798661
3.016630
2.855824
3.047513
2.709851
2.796322
2.997169
2.727902
3.099496
3.011830
2.995614
2.534266
2.811745
3.022390
4.060880
3.011723
2.820369
