4835.000000
1122.000000
1528.000000
1630.000000
1956.000000
370.000000
2191.000000
385.000000
4956.000000
3099.000000
772.000000
489.000000
3310.000000
6045.000000
328.000000
2696.000000
1642.000000
2445.000000
3867.000000
1095.000000
1825.000000
652.000000
359.000000
2740.000000
2185.000000
2066.000000
2200.000000
195.000000
112.000000
745.000000
1438.000000
245.000000
4554.000000
2630.000000
1401.000000
845.000000
3504.000000
541.000000
2592.000000
3426.000000
3020.000000
795.000000
895.000000
1062.000000
3701.000000
4137.000000
177.000000
4075.000000
788.000000
1270.000000
229.000000
2053.000000
3905.000000
1337.000000
2557.000000
1215.000000
2494.000000
1100.000000
5924.000000
1857.000000
1398.000000
735.000000
3207.000000
2205.000000
675.000000
1290.000000
3353.000000
1549.000000
1090.000000
4748.000000
2008.000000
5682.000000
1820.000000
926.000000
320.000000
3810.000000
2151.000000
216.000000
1327.000000
6408.000000
2938.000000
1568.000000
1623.000000
5663.000000
3791.000000
1017.000000
661.000000
945.000000
944.000000
3047.000000
2039.000000
1741.000000
4472.000000
1440.000000
1220.000000
307.000000
809.000000
620.000000
1447.000000
476.000000
910.000000
845.000000
871.000000
2778.000000
1459.000000
483.000000
2404.000000
3746.000000
1808.000000
6287.000000
867.000000
4360.000000
579.000000
1276.000000
1416.000000
545.000000
771.000000
2226.000000
1145.000000
365.000000
1521.000000
4330.000000
125.000000
3480.000000
3778.000000
544.000000
1919.000000
2618.000000
3572.000000
849.000000
4791.000000
670.000000
395.000000
528.000000
502.000000
398.000000
1882.000000
6166.000000
3645.000000
1674.000000
870.000000
2290.000000
3374.000000
2829.000000
3875.000000
3225.000000
1525.000000
4457.000000
681.000000
4246.000000
2862.000000
3499.000000
3625.000000
1931.000000
4351.000000
828.000000
1759.000000
1245.000000
606.000000
624.000000
976.000000
1601.000000
2502.000000
294.000000
770.000000
1612.000000
4069.000000
2715.000000
1185.000000
970.000000
372.000000
281.000000
445.000000
567.000000
5336.000000
4900.000000
868.000000
1865.000000
2375.000000
1661.000000
138.000000
1154.000000
4500.000000
877.000000
1514.000000
3487.000000
2120.000000
3280.000000
1610.000000
2611.000000
1697.000000
255.000000
2331.000000
698.000000
1070.000000
3584.000000
1780.000000
346.000000
619.000000
424.000000
1695.000000
2069.000000
5319.000000
3565.000000
4355.000000
1024.000000
534.000000
4942.000000
883.000000
666.000000
727.000000
1644.000000
1163.000000
345.000000
2323.000000
3262.000000
1220.000000
1845.000000
1216.000000
1320.000000
1734.000000
1475.000000
1957.000000
2102.000000
3156.000000
1015.000000
1660.000000
411.000000
2970.000000
730.000000
2032.000000
671.000000
798.000000
4160.000000
1205.000000
645.000000
2543.000000
2842.000000
320.000000
593.000000
5803.000000
2808.000000
684.000000
965.000000
291.000000
1142.000000
4028.000000
1950.000000
4593.000000
3718.000000
2258.000000
4714.000000
2284.000000
1068.000000
1093.000000
1170.000000
515.000000
2915.000000
2112.000000
1120.000000
3141.000000
1764.000000
1703.000000
1886.000000
3988.000000
1353.000000
605.000000
2460.000000
1465.000000
2415.000000
470.000000
2035.000000
2801.000000
2679.000000
151.000000
2130.000000
1020.000000
1810.000000
658.000000
1586.000000
436.000000
5440.000000
3228.000000
3265.000000
595.000000
779.000000
5136.000000
3106.000000
242.000000
2657.000000
846.000000
760.000000
1906.000000
2173.000000
3395.000000
2536.000000
3002.000000
437.000000
1512.000000
4651.000000
3483.000000
4166.000000
1084.000000
3140.000000
4109.000000
2545.000000
3134.000000
387.000000
3864.000000
1455.000000
463.000000
3055.000000
1450.000000
1581.000000
4573.000000
5554.000000
2550.000000
2252.000000
1771.000000
957.000000
2396.000000
203.000000
3681.000000
3592.000000
220.000000
3061.000000
1355.000000
2885.000000
930.000000
1295.000000
1412.000000
295.000000
450.000000
164.000000
3383.000000
4263.000000
3735.000000
2249.000000
975.000000
1105.000000
513.000000
554.000000
268.000000
2517.000000
485.000000
583.000000
99.000000
695.000000
2298.000000
1848.000000
5077.000000
2313.000000
5039.000000
2720.000000
2800.000000
1032.000000
4845.000000
1236.000000
5227.000000
2899.000000
1689.000000
2769.000000
1303.000000
1045.000000
2711.000000
4230.000000
2905.000000
2393.000000
1073.000000
2496.000000
333.000000
3650.000000
520.000000
2984.000000
5772.000000
1253.000000
2435.000000
1367.000000
971.000000
495.000000
1195.000000
3045.000000
420.000000
587.000000
3293.000000
2294.000000
4682.000000
920.000000
1256.000000
995.000000
3196.000000
3820.000000
1808.000000
439.000000
1309.000000
5009.000000
4245.000000
1710.000000
632.000000
1194.000000
5561.000000
632.000000
2347.000000
2175.000000
476.000000
1085.000000
1269.000000
580.000000
1171.000000
570.000000
1947.000000
1031.000000
270.000000
402.000000
1935.000000
1893.000000
1270.000000
3919.000000
5118.000000
645.000000
2129.000000
2623.000000
5445.000000
2420.000000
2052.000000
4464.000000
2988.000000
2614.000000
1563.000000
1382.000000
2923.000000
2477.000000
550.000000
2004.000000
725.000000
1747.000000
3972.000000
3167.000000
1520.000000
4415.000000
1326.000000
1318.000000
2374.000000
3990.000000
1739.000000
190.000000
1547.000000
1364.000000
1179.000000
3390.000000
720.000000
963.000000
5198.000000
1966.000000
820.000000
1955.000000
994.000000
1838.000000
1159.000000
920.000000
