-19.846021
-25.040583
-20.939164
-28.783446
-29.300554
-27.429930
-16.227023
-26.587113
-27.841008
-27.417329
-19.585356
-28.884730
-25.634279
-25.099020
-18.774731
-28.268403
-28.830757
-26.711425
-18.362903
-24.988436
-19.620404
-25.804415
-25.838902
-22.817700
-28.890757
-28.912479
-20.531620
-22.689954
-25.134048
-28.178335
-19.049951
-25.073317
-27.349293
-20.040937
-22.639990
-20.976143
-23.095118
-27.006592
-27.532165
-27.604105
-27.434279
-27.522852
-28.889874
-27.864855
-16.836526
-28.789054
-27.617290
-28.825038
-28.458836
-27.749899
-25.124152
-18.953704
-28.708141
-27.512765
-25.072335
-19.762876
-25.204952
-28.117268
-22.206662
-22.512176
-25.098376
-27.527638
-28.149970
-26.430932
-29.069513
-27.627923
-17.400319
-19.418944
-27.402672
-25.827822
-28.803933
-27.395245
-28.946106
-23.869173
-25.250064
-24.082515
-22.428331
-18.587636
-17.004101
-18.116181
-18.828185
-25.083518
-25.109380
-22.669820
-27.899662
-19.249490
-28.908557
-19.492879
-27.477272
-18.739494
-22.704535
-15.993007
-19.889161
-22.216255
-20.321865
-28.679834
-18.496421
-17.592803
-25.094706
-19.004425
-22.629173
-27.663108
-25.700528
-26.818979
-25.732044
-18.287202
-20.149152
-24.937737
-21.961395
-28.093417
