6.123553
3.333092
3.978728
4.392898
6.188587
3.083706
2.570473
9.105669
3.100159
8.421719
2.598884
9.132365
2.700474
9.132841
8.553821
3.174211
9.112489
2.695628
4.357567
4.850887
2.772402
7.271613
4.666442
2.992970
9.126125
2.933213
2.938571
3.016349
3.882998
6.350370
4.315171
3.129624
6.057977
4.344985
2.270330
4.924609
2.332126
3.908980
9.126748
4.351195
3.403884
3.346864
9.130715
4.331255
4.204252
7.166573
8.726399
4.362707
3.038278
4.344790
4.072100
7.460287
4.842501
4.184253
2.880147
2.992901
4.320184
2.236198
3.697249
6.026140
3.024429
9.130512
4.077058
2.335438
2.800554
8.672182
3.509012
9.002989
2.555332
4.502893
3.352498
2.639269
2.829699
4.318749
6.492271
5.235165
3.138599
3.130992
2.971813
4.359170
3.062887
3.986554
9.262871
5.642191
6.990689
3.100719
4.937389
6.963457
7.511979
7.029591
9.132463
9.123237
3.149769
3.039206
5.862214
3.404502
3.325828
4.346414
4.101053
3.764042
7.132668
4.810753
3.442299
6.260108
3.101882
5.000421
7.072292
9.132383
5.955150
2.810408
4.354910
3.024085
10.453716
3.049972
4.156211
5.526979
2.908143
5.899237
5.012803
2.761393
