647.000000
33.000000
575.000000
38.000000
182.000000
307.000000
1275.000000
93.000000
165.000000
279.000000
734.000000
116.000000
359.000000
118.000000
663.000000
233.000000
99.000000
399.000000
746.000000
365.000000
791.000000
104.000000
248.000000
609.000000
199.000000
49.000000
580.000000
524.000000
67.000000
82.000000
839.000000
169.000000
350.000000
719.000000
548.000000
695.000000
281.000000
209.000000
195.000000
167.000000
349.000000
223.000000
249.000000
27.000000
1043.000000
194.000000
139.000000
60.000000
143.000000
187.000000
84.000000
419.000000
71.000000
299.000000
186.000000
497.000000
16.000000
243.000000
314.000000
431.000000
101.000000
55.000000
272.000000
287.000000
149.000000
111.000000
1049.000000
563.000000
428.000000
499.000000
155.000000
389.000000
121.000000
487.000000
231.000000
347.000000
579.000000
1033.000000
1154.000000
927.000000
811.000000
152.000000
50.000000
670.000000
311.000000
751.000000
215.000000
375.000000
251.000000
829.000000
414.000000
1159.000000
463.000000
503.000000
629.000000
77.000000
939.000000
944.000000
135.000000
845.000000
331.000000
83.000000
449.000000
115.000000
549.000000
912.000000
657.000000
426.000000
469.000000
304.000000
