5.854565
5.809692
3.562382
5.713458
7.442729
3.881950
8.811478
5.809692
4.011424
5.857996
5.796647
5.759162
4.512725
4.869905
4.277158
5.064420
3.079953
3.108693
3.108693
3.926534
3.108694
3.108693
4.103750
3.108693
3.926535
3.289940
5.785021
6.371544
5.889252
8.851563
4.081984
4.512724
3.289940
3.177349
4.512724
3.881951
6.581902
6.581902
6.762121
5.895341
9.160443
6.581901
3.881950
6.581902
3.881950
4.869905
3.808067
6.581902
4.308476
3.289940
3.272540
3.177349
3.177350
3.562383
3.808067
3.108694
5.668329
3.376388
5.713458
4.512725
4.957223
4.277159
5.891693
5.891693
6.581902
3.177349
3.881950
5.891693
4.755566
7.907706
5.087252
3.699626
5.100412
6.909346
4.600032
3.405442
5.353575
3.177350
5.821981
3.774688
3.289940
3.850846
5.064418
4.057815
4.512724
4.755566
3.881950
3.881950
4.512723
3.881950
3.808067
4.512723
4.512724
4.512725
5.891693
4.512723
4.226180
3.177349
6.581902
4.512724
3.289940
7.435603
6.581901
6.494865
6.254999
6.581902
4.734231
5.174387
6.554813
7.157931
4.176458
4.755567
4.755567
4.277159
6.494865
4.277158
5.273483
2.919661
7.182161
3.061034
3.061033
2.905058
2.905058
4.057815
3.111930
3.111930
3.111930
3.699625
4.734231
5.353575
3.111930
4.734231
5.822533
5.499087
3.111930
4.734230
6.884980
2.931470
2.931469
2.931469
2.931470
2.931469
2.931469
2.931469
4.063541
4.734230
5.822533
4.420210
4.734230
3.111931
3.808067
5.783999
6.762121
6.762121
5.783998
5.758483
6.411097
6.734629
5.891693
3.881950
4.755566
3.177349
3.881950
3.562382
3.111930
6.494865
4.063539
3.111930
4.755566
4.223146
5.759163
4.755567
4.176485
4.103748
3.808067
5.789917
6.581901
6.513345
6.581902
4.176458
6.581902
4.630274
4.277159
3.105071
3.105071
3.105071
4.511103
3.808066
3.105071
4.277158
4.755567
7.157931
7.558892
5.821979
6.513345
4.755566
5.758483
4.755567
6.581902
4.755566
4.176485
4.892441
4.755566
6.581902
4.805821
5.758483
4.755566
5.954039
4.328758
4.755567
4.755567
5.809691
7.465863
9.231976
6.762121
7.558892
5.273483
5.785021
7.157931
5.821981
4.775180
4.805821
4.226165
4.512723
3.881950
4.892441
5.821979
5.064418
3.881950
4.755566
3.774678
4.892440
4.892441
3.874513
6.254982
3.881951
5.758481
4.512725
4.630278
4.755567
5.929499
4.512726
4.755567
3.881950
5.758482
4.328755
4.755566
3.080877
4.936977
3.589046
5.954039
4.774377
6.254996
3.808067
6.762121
4.841234
4.734231
5.796648
6.494865
4.755566
5.265813
4.892440
4.755566
5.783999
3.138215
3.322944
3.199873
5.783999
5.783998
5.783998
5.783998
3.199872
3.657946
3.657946
3.657946
3.657946
3.657946
3.199872
5.100412
6.513345
5.821979
4.755566
4.226172
5.713458
5.821980
4.892441
4.176458
3.881950
6.581902
4.512726
4.734231
4.892440
6.449035
6.581902
3.498220
4.734231
6.581902
4.328756
3.080877
5.758483
