10248.000000
2624.000000
5360.000000
4640.000000
5856.000000
2288.000000
11376.000000
2624.000000
17000.000000
3808.000000
4650.000000
2806.000000
1726.000000
2086.000000
2160.000000
4050.000000
8718.000000
7120.000000
7120.000000
8010.000000
7120.000000
7120.000000
2870.000000
7120.000000
8010.000000
3220.000000
4392.000000
4848.000000
1904.000000
11376.000000
3204.000000
1726.000000
3220.000000
4280.000000
1726.000000
2288.000000
776.000000
776.000000
936.000000
2320.000000
3792.000000
776.000000
2288.000000
776.000000
2288.000000
2086.000000
2850.000000
776.000000
4600.000000
3220.000000
7832.000000
4280.000000
4280.000000
5360.000000
2850.000000
7120.000000
2446.000000
7500.000000
4640.000000
1726.000000
6368.000000
2160.000000
1440.000000
1440.000000
776.000000
4280.000000
2288.000000
1440.000000
1164.000000
10420.000000
9184.000000
4760.000000
11312.000000
9480.000000
3276.000000
7080.000000
2340.000000
4280.000000
1884.000000
5200.000000
3220.000000
5730.000000
4050.000000
5040.000000
1726.000000
1164.000000
2288.000000
2288.000000
1726.000000
2288.000000
2850.000000
1726.000000
1726.000000
1726.000000
1440.000000
1726.000000
7666.000000
4280.000000
776.000000
1726.000000
3220.000000
3768.000000
776.000000
1552.000000
11956.000000
776.000000
1940.000000
3936.000000
4396.000000
1096.000000
5124.000000
1164.000000
1164.000000
2160.000000
1552.000000
2160.000000
1404.000000
20120.000000
25440.000000
22780.000000
22780.000000
12420.000000
12420.000000
5040.000000
3600.000000
3600.000000
3600.000000
4760.000000
1940.000000
2340.000000
3600.000000
1940.000000
2880.000000
3140.000000
3600.000000
1940.000000
2192.000000
8880.000000
8880.000000
8880.000000
8880.000000
8880.000000
8880.000000
8880.000000
4730.000000
1940.000000
2880.000000
21230.000000
1940.000000
3600.000000
2850.000000
1672.000000
936.000000
936.000000
1672.000000
1644.000000
7252.000000
14160.000000
1440.000000
2288.000000
1164.000000
4280.000000
2288.000000
5360.000000
3600.000000
1552.000000
4730.000000
3600.000000
1164.000000
18180.000000
2806.000000
1164.000000
5124.000000
2870.000000
2850.000000
6960.000000
776.000000
2328.000000
776.000000
5124.000000
776.000000
8120.000000
2160.000000
5340.000000
5340.000000
5340.000000
7950.000000
2850.000000
5340.000000
2160.000000
1164.000000
1096.000000
1256.000000
1884.000000
2328.000000
1164.000000
1644.000000
1164.000000
776.000000
1164.000000
5124.000000
2716.000000
1164.000000
776.000000
8672.000000
1644.000000
1164.000000
3416.000000
4014.000000
1164.000000
1164.000000
2624.000000
2928.000000
3792.000000
936.000000
1256.000000
1404.000000
4392.000000
1096.000000
1884.000000
11336.000000
8672.000000
7666.000000
1726.000000
2288.000000
2716.000000
1884.000000
4050.000000
2288.000000
1164.000000
5200.000000
2716.000000
2716.000000
6610.000000
11956.000000
2288.000000
1644.000000
1726.000000
8120.000000
1164.000000
16980.000000
1726.000000
1164.000000
2288.000000
1644.000000
4014.000000
1164.000000
8640.000000
12060.000000
5800.000000
3416.000000
8744.000000
11956.000000
2850.000000
936.000000
3480.000000
1940.000000
4650.000000
1552.000000
1164.000000
8512.000000
2716.000000
1164.000000
1672.000000
4180.000000
6210.000000
2508.000000
1672.000000
1672.000000
1672.000000
1672.000000
2508.000000
2856.000000
2856.000000
2856.000000
2856.000000
2856.000000
2508.000000
11312.000000
2328.000000
1884.000000
1164.000000
7666.000000
4640.000000
1884.000000
2716.000000
5124.000000
2288.000000
776.000000
1726.000000
1940.000000
2716.000000
4848.000000
776.000000
10208.000000
1940.000000
776.000000
4014.000000
8640.000000
1644.000000
