-24.217136
-26.490938
-27.934877
-24.947482
-23.829563
nan
-28.412600
-26.537051
-27.694042
-23.379512
-27.588268
-25.428475
nan
-27.783400
-27.566615
-28.531723
-28.084613
-27.916783
-27.180046
-26.456061
nan
-27.695889
-28.094370
-27.894561
-28.652810
-27.809569
-27.258025
-25.231917
-22.187322
-27.823175
-15.066768
-26.818018
-27.465554
-27.884471
-28.247635
-28.379019
-28.243589
-25.416506
-27.698550
-27.672920
-28.006567
-27.807754
nan
nan
-28.570706
-26.483531
-26.697701
-26.384934
-28.522138
-28.112326
-27.206738
-27.286006
-27.660417
-17.093008
-28.122835
-27.935089
-28.643112
-28.359549
-28.498965
-27.602668
-28.608380
-28.493328
-27.695883
-27.110266
-25.756497
-25.527857
-27.579165
-21.930018
-23.376910
-28.659214
-28.274985
-27.811458
nan
nan
nan
-27.646909
-27.299130
-28.312551
-27.580090
-27.990298
-24.378111
-27.417929
-28.358130
-24.174135
nan
-28.150221
nan
-27.397818
-27.841344
-24.578590
-28.622714
nan
-26.996387
-24.536478
-27.535077
-26.898848
