9.262331
4.146360
4.406648
9.424186
11.735915
nan
3.678554
5.778207
4.053415
15.437835
4.206286
8.479806
nan
4.261129
5.290158
3.350691
4.332357
4.302065
5.032045
8.073910
nan
4.036271
4.272596
3.597875
3.881701
3.726614
5.491066
9.421651
14.823782
3.813135
15.396620
5.523411
4.844122
3.607979
3.670490
4.100894
3.864206
6.823738
3.962380
4.464881
4.283952
4.223918
nan
nan
4.113644
5.901883
8.930657
5.231990
4.506033
4.102502
4.173488
4.540689
4.474856
19.153087
4.194748
3.890511
3.650512
4.035354
3.669118
4.028654
3.634775
3.462648
4.166630
4.227861
8.685761
7.679088
4.384861
12.066935
6.397657
3.506821
3.421389
3.879640
nan
nan
nan
5.585907
7.264624
4.176629
4.025262
4.682431
12.757712
5.194383
4.465545
11.812169
nan
4.183597
nan
4.641211
4.800735
10.211492
3.641099
nan
5.359033
9.450506
7.113834
4.368082
