918.000000
1567.000000
98.000000
552.000000
3401.000000
1012.000000
1270.000000
973.000000
1306.000000
3138.000000
1902.000000
1218.000000
1105.000000
1863.000000
1322.000000
406.000000
381.000000
1181.000000
320.000000
405.000000
1548.000000
254.000000
1233.000000
1284.000000
213.000000
3398.000000
2735.000000
1863.000000
757.000000
406.000000
615.000000
540.000000
821.000000
100.000000
433.000000
1051.000000
875.000000
370.000000
1006.000000
202.000000
1212.000000
1062.000000
591.000000
658.000000
1588.000000
1283.000000
707.000000
202.000000
659.000000
1413.000000
2880.000000
1622.000000
370.000000
448.000000
2471.000000
486.000000
1209.000000
1156.000000
403.000000
666.000000
2107.000000
485.000000
1123.000000
1982.000000
766.000000
1646.000000
609.000000
487.000000
474.000000
557.000000
2576.000000
202.000000
369.000000
1024.000000
202.000000
202.000000
2469.000000
1606.000000
2001.000000
642.000000
1281.000000
510.000000
820.000000
766.000000
926.000000
3498.000000
870.000000
454.000000
3294.000000
2009.000000
455.000000
302.000000
2987.000000
99.000000
551.000000
1466.000000
1130.000000
98.000000
