680.500000
1027.000000
314.500000
434.000000
1001.000000
nan
199.000000
1357.000000
384.500000
995.000000
532.000000
1871.500000
nan
496.000000
215.500000
726.000000
544.500000
531.000000
629.000000
215.500000
nan
746.500000
314.500000
1228.000000
1105.500000
239.000000
265.000000
1969.500000
1564.000000
1011.500000
700.000000
1406.500000
1673.500000
1920.000000
482.500000
629.000000
296.000000
581.500000
647.500000
1357.000000
314.500000
895.000000
nan
nan
116.500000
447.500000
446.500000
858.000000
813.500000
314.500000
1376.500000
533.000000
215.500000
731.000000
680.500000
383.500000
166.000000
776.500000
545.500000
334.000000
314.500000
678.500000
1971.500000
631.000000
1265.000000
778.500000
1654.000000
448.500000
1065.000000
347.500000
678.500000
435.000000
nan
nan
nan
595.000000
1822.000000
665.000000
1358.000000
681.500000
1007.500000
1055.000000
760.000000
1191.000000
nan
297.000000
nan
808.500000
545.500000
1461.000000
314.500000
nan
1047.500000
847.500000
1014.500000
955.000000
