5.143697
3.642946
2.931855
2.946666
2.940012
3.006378
3.038645
3.202463
3.017581
2.953508
3.346223
3.118358
3.174125
3.710863
3.082928
2.977306
3.049996
8.761841
3.479756
3.960465
3.325561
8.796374
4.259705
4.772448
4.198558
3.775033
3.076750
3.419682
4.147007
4.798511
3.305534
8.832685
6.928902
7.681614
6.212146
3.948986
2.999077
3.297559
2.932069
3.668259
3.259981
3.985147
7.621733
3.865168
7.213732
3.288150
3.586494
7.605421
8.692477
7.164041
3.197283
3.136484
3.104625
3.849572
4.821605
3.047006
3.019700
2.946027
8.689625
2.956605
2.941987
7.727332
35.322157
4.083919
6.031579
3.749366
3.210345
3.747298
3.148789
3.071062
4.650519
7.640915
4.637066
4.928593
3.094996
8.248591
3.740487
3.420050
7.723000
4.144881
5.986661
3.106251
3.244595
3.213266
3.714316
8.651602
3.259343
4.066108
3.338711
4.783386
4.497845
3.103337
8.231619
4.166087
7.591860
4.052548
3.533444
3.232666
3.167238
3.082069
3.010723
2.810529
2.818178
2.858812
3.295969
3.042519
2.918031
2.937828
2.948114
2.897261
2.920050
2.829835
2.960398
2.932571
2.918755
2.940216
2.933199
2.910324
2.909841
2.983866
3.006526
2.935696
2.949057
2.945904
3.003328
2.942156
2.927089
3.045151
2.934261
3.055288
2.925076
3.371322
3.013597
2.873888
2.938563
8.698646
3.336317
3.003331
2.912355
2.902056
2.899496
7.748217
2.954555
8.264774
4.265603
3.034636
2.969114
5.986139
8.201338
3.438789
3.008687
2.985287
2.945640
2.967305
2.920581
2.975012
2.902625
3.387118
2.907429
2.995958
2.814779
4.483922
8.236208
8.716421
8.739975
4.121732
7.824757
7.082291
8.690976
8.661020
4.824785
4.171067
3.688986
3.808237
3.961741
3.641688
4.043854
8.744221
6.944503
8.202985
4.051917
3.216289
4.673473
8.700029
3.654258
4.728779
3.537555
8.255062
6.924564
3.171184
3.946267
4.925170
8.288712
4.958256
3.105341
2.961978
6.928586
5.799111
7.005241
5.944180
2.904536
3.934643
2.930495
3.138621
8.776721
2.931439
3.054781
3.819868
3.249352
6.238285
2.852932
3.807206
3.574773
6.985180
3.286242
4.157115
3.016420
3.066492
4.027262
8.677557
4.832631
2.887345
2.902710
2.924010
2.948722
2.906328
8.610174
8.744265
2.917369
2.974869
6.214051
7.732313
2.976052
3.706548
7.634808
3.780637
2.929548
2.977984
5.008781
8.649336
8.228867
3.100969
2.954461
2.999611
2.865535
3.300638
7.606945
6.069651
2.901838
3.211995
3.052426
4.663052
6.970035
3.204768
2.923625
3.636783
3.412940
3.245315
8.643545
8.220551
3.081620
3.596879
6.022793
8.704802
7.756365
8.256288
3.278789
7.658286
2.989120
4.113456
3.957436
3.919797
3.010788
3.201938
2.907433
2.996141
3.662030
3.058449
4.128614
2.993726
3.029646
3.097094
8.211357
4.678015
3.169573
3.889313
8.645672
3.022890
3.759818
6.039196
3.251519
2.819816
6.164145
3.016437
4.118645
8.598950
2.979165
4.465359
2.961780
3.273165
7.681132
3.005936
2.930871
4.791370
2.952160
3.604554
3.393968
3.201010
3.106158
3.038867
4.723596
2.904149
2.944498
2.987448
3.013862
4.684034
6.126514
7.673433
2.979118
5.981830
3.046252
6.048867
3.049312
3.986837
2.966378
4.164419
7.794850
3.951738
4.112980
3.031533
3.568530
3.083785
3.067768
3.276365
4.858368
4.003211
3.604908
2.953704
8.706286
3.213853
8.760506
6.981458
3.264096
3.023635
3.114887
3.582012
3.970746
3.024027
3.021860
7.782841
2.878945
2.863102
2.926410
2.921590
3.800016
2.900268
3.002717
2.932418
2.933499
2.944386
2.983464
2.956428
3.042568
3.061293
3.009396
3.174757
3.041962
7.637935
3.151623
3.054571
2.879371
8.287360
4.680175
3.416734
6.985647
2.936219
7.106103
2.931838
2.855799
3.016084
2.985286
3.090107
2.946068
2.934709
3.040878
4.825732
3.412948
8.168431
3.187324
3.905846
3.057039
3.013906
7.785490
3.020267
8.640730
4.005206
6.226025
2.985857
7.674926
6.072569
4.003578
8.197684
3.554505
3.594602
3.334412
3.003852
8.183899
3.120945
3.309635
2.970617
4.313974
4.137824
3.761793
6.928618
3.047826
8.692672
3.007092
2.966334
3.708009
3.046765
2.928677
3.004714
4.852237
6.218617
4.006502
2.897883
3.100119
2.909750
3.157157
3.244816
4.113454
3.571329
7.754131
3.774491
6.045793
2.919548
8.721415
2.979427
3.639969
2.915542
2.918747
2.985589
8.257143
4.764513
3.072250
2.827901
2.933987
7.666281
3.111835
2.980635
47.631476
3.017581
4.956356
3.528048
2.902642
3.950724
2.825554
2.890811
2.847041
2.857136
2.851711
2.876208
2.913850
3.037247
2.828891
2.893847
2.894379
2.844239
2.877738
2.914858
2.949420
2.854894
7.044781
6.056571
7.125480
8.718245
7.731918
8.703205
4.830013
7.771766
4.790296
3.020885
3.904309
6.977866
3.147997
6.206373
8.785368
8.814571
4.048919
3.040338
8.252418
3.627358
3.911218
4.974239
4.149876
4.180998
3.187177
30.063915
7.131759
3.121733
