283.000000
504.000000
2655.000000
4046.000000
6046.000000
3483.000000
1170.000000
638.000000
4058.000000
1406.000000
325.000000
455.000000
416.000000
221.000000
714.000000
693.000000
588.000000
26.000000
247.000000
315.000000
580.000000
26.000000
130.000000
189.000000
143.000000
234.000000
609.000000
286.000000
270.000000
304.000000
299.000000
26.000000
78.000000
91.000000
126.000000
169.000000
2295.000000
1035.000000
2740.000000
208.000000
2025.000000
208.000000
104.000000
444.000000
65.000000
546.000000
273.000000
145.000000
52.000000
505.000000
525.000000
455.000000
481.000000
518.000000
117.000000
533.000000
1732.000000
650.000000
52.000000
650.000000
2115.000000
117.000000
26.000000
156.000000
91.000000
247.000000
696.000000
555.000000
351.000000
899.000000
147.000000
148.000000
272.000000
130.000000
559.000000
39.000000
234.000000
351.000000
65.000000
169.000000
104.000000
481.000000
429.000000
585.000000
260.000000
39.000000
2320.000000
130.000000
923.000000
189.000000
208.000000
520.000000
78.000000
156.000000
105.000000
117.000000
464.000000
1617.000000
1061.000000
2197.000000
1843.000000
5302.000000
5365.000000
5164.000000
1735.000000
4086.000000
2250.000000
2070.000000
2250.000000
2160.000000
2160.000000
1776.000000
1554.000000
1628.000000
1443.000000
1739.000000
1702.000000
1813.000000
1813.000000
1517.000000
1591.000000
1628.000000
1406.000000
1776.000000
1443.000000
1702.000000
1850.000000
1044.000000
1628.000000
1184.000000
1443.000000
696.000000
1517.000000
1776.000000
1665.000000
87.000000
666.000000
1015.000000
966.000000
987.000000
1008.000000
91.000000
650.000000
78.000000
169.000000
2810.000000
1554.000000
104.000000
148.000000
462.000000
3411.000000
624.000000
611.000000
611.000000
1739.000000
637.000000
1665.000000
1246.000000
1776.000000
598.000000
1813.000000
143.000000
78.000000
26.000000
26.000000
117.000000
91.000000
65.000000
65.000000
52.000000
130.000000
169.000000
221.000000
182.000000
195.000000
247.000000
156.000000
26.000000
104.000000
78.000000
182.000000
1105.000000
130.000000
52.000000
260.000000
117.000000
768.000000
63.000000
91.000000
403.000000
195.000000
156.000000
65.000000
143.000000
442.000000
637.000000
78.000000
117.000000
91.000000
104.000000
650.000000
525.000000
3600.000000
351.000000
39.000000
637.000000
1485.000000
208.000000
338.000000
104.000000
4715.000000
182.000000
273.000000
270.000000
364.000000
169.000000
624.000000
1258.000000
319.000000
39.000000
104.000000
1850.000000
1776.000000
1739.000000
1813.000000
650.000000
74.000000
52.000000
1813.000000
624.000000
222.000000
91.000000
637.000000
247.000000
65.000000
221.000000
650.000000
611.000000
117.000000
74.000000
52.000000
851.000000
637.000000
624.000000
1850.000000
338.000000
65.000000
104.000000
1813.000000
481.000000
624.000000
370.000000
78.000000
390.000000
598.000000
573.000000
711.000000
814.000000
87.000000
148.000000
468.000000
234.000000
168.000000
42.000000
126.000000
39.000000
312.000000
91.000000
624.000000
130.000000
444.000000
195.000000
637.000000
865.000000
650.000000
1295.000000
234.000000
598.000000
117.000000
1480.000000
611.000000
559.000000
116.000000
296.000000
1806.000000
182.000000
74.000000
637.000000
208.000000
270.000000
403.000000
4737.000000
91.000000
650.000000
169.000000
111.000000
611.000000
407.000000
624.000000
364.000000
52.000000
1945.000000
1421.000000
370.000000
1392.000000
855.000000
609.000000
725.000000
1440.000000
986.000000
189.000000
2025.000000
1450.000000
3110.000000
1620.000000
290.000000
315.000000
116.000000
637.000000
126.000000
533.000000
104.000000
624.000000
169.000000
533.000000
313.000000
145.000000
630.000000
143.000000
650.000000
260.000000
507.000000
611.000000
766.000000
130.000000
208.000000
299.000000
1421.000000
52.000000
1305.000000
26.000000
91.000000
978.000000
624.000000
567.000000
195.000000
189.000000
572.000000
3245.000000
78.000000
1450.000000
1450.000000
1450.000000
637.000000
435.000000
650.000000
637.000000
650.000000
2205.000000
650.000000
624.000000
624.000000
650.000000
3531.000000
611.000000
494.000000
1485.000000
65.000000
546.000000
468.000000
1450.000000
39.000000
143.000000
325.000000
91.000000
2205.000000
104.000000
637.000000
1363.000000
4100.000000
611.000000
585.000000
598.000000
2070.000000
4977.000000
117.000000
286.000000
52.000000
462.000000
348.000000
624.000000
611.000000
78.000000
572.000000
90.000000
182.000000
104.000000
624.000000
65.000000
203.000000
210.000000
39.000000
234.000000
260.000000
1080.000000
986.000000
148.000000
624.000000
481.000000
598.000000
315.000000
130.000000
273.000000
222.000000
1160.000000
39.000000
585.000000
611.000000
675.000000
3119.000000
1813.000000
624.000000
104.000000
117.000000
156.000000
1363.000000
546.000000
2205.000000
416.000000
720.000000
407.000000
247.000000
78.000000
208.000000
259.000000
1247.000000
39.000000
650.000000
221.000000
2160.000000
2378.000000
637.000000
65.000000
104.000000
1971.000000
6480.000000
624.000000
180.000000
455.000000
1665.000000
26.000000
611.000000
117.000000
650.000000
1702.000000
182.000000
1029.000000
4945.000000
4189.000000
4747.000000
4850.000000
4986.000000
6100.000000
3175.000000
4856.000000
1008.000000
1029.000000
1050.000000
1392.000000
2475.000000
1421.000000
966.000000
78.000000
130.000000
104.000000
52.000000
91.000000
39.000000
117.000000
65.000000
143.000000
559.000000
169.000000
78.000000
520.000000
104.000000
26.000000
52.000000
156.000000
585.000000
91.000000
234.000000
169.000000
130.000000
195.000000
117.000000
403.000000
26.000000
78.000000
559.000000
