10.495572
9.642142
4.266746
8.340749
2.189767
2.846799
2.710670
2.214418
2.753355
2.484414
6.488201
8.760597
8.956981
10.515690
2.505263
4.078093
2.882605
2.464319
2.708487
3.991353
3.323546
3.995887
8.408701
4.014254
2.693241
8.404428
4.412123
2.608490
4.003760
10.665566
8.700452
3.997385
2.726680
8.317591
8.403152
4.037456
2.757780
2.451226
4.045094
2.321607
2.961356
2.330257
8.442611
14.361758
8.433721
4.040866
2.309057
2.940918
2.218657
6.396876
2.215587
2.211312
2.516794
2.524564
2.215536
13.824449
2.313303
2.530341
2.250881
3.598234
7.091295
2.215410
4.409346
2.521718
3.126200
2.513031
2.216362
3.196439
3.041537
2.435060
3.213291
8.325938
2.510207
3.530314
2.678707
3.967923
4.444401
2.575487
3.179070
4.374966
2.456492
2.503370
4.848094
2.322022
2.330174
2.219457
2.213264
6.470565
2.435942
2.321332
2.356797
2.444629
2.437798
2.433424
2.677860
2.326799
2.546918
2.729369
2.500053
2.697127
10.820856
9.649648
2.337977
2.480626
2.644911
4.112042
2.713401
2.432108
2.685894
4.181717
2.334072
2.313680
2.348569
2.357549
2.357271
4.027281
4.044878
8.332619
8.312963
4.026841
4.003306
8.655707
8.395741
8.328659
4.055425
15.996791
4.040286
2.748835
8.437166
5.707314
2.307378
8.439472
4.181226
7.888366
2.774171
4.051270
8.466212
2.224567
2.674614
8.829429
5.628148
2.360044
8.398731
2.730507
2.383806
14.493371
4.078323
10.954335
4.037036
8.432504
2.474787
5.604770
2.733489
4.040602
4.039117
2.731510
4.048113
2.729404
4.024855
4.034622
2.721856
2.745709
8.316654
3.997769
8.325684
2.735763
4.043928
2.347657
8.336302
2.703953
2.729112
4.039362
8.323228
2.522749
2.689917
8.315079
8.407635
8.327320
4.029375
2.908602
3.329062
2.691278
2.361990
4.039277
2.724725
4.010205
7.388847
2.910076
2.373742
4.806423
4.123377
5.905917
2.326335
2.432824
2.671067
4.052537
2.505943
2.543253
6.351345
8.428952
2.737086
4.033834
2.436384
8.425602
4.034471
4.234863
3.324149
2.731985
2.241862
11.562360
10.465087
2.357773
2.359909
2.355219
4.032291
4.020109
4.103219
4.061704
4.045244
4.006769
4.182500
4.034788
4.025101
5.332256
13.107063
4.034007
2.358276
8.714234
11.720708
2.215193
3.999778
8.341024
8.327884
8.333140
8.389713
8.334065
8.400563
6.411362
12.979564
2.738103
8.406648
2.465194
8.474921
2.967184
2.727886
2.442659
8.320686
8.051364
2.733735
2.432808
2.740581
2.695282
2.736984
2.736343
2.923487
6.551311
2.737180
2.747255
2.736512
8.335483
4.406116
2.762253
8.430965
8.394653
2.738459
3.258397
2.740089
8.314183
2.550703
6.870729
2.698220
8.401901
2.363904
2.735965
14.376289
2.740717
8.324979
3.204841
2.669386
2.431339
2.325341
2.728329
2.325224
2.322956
4.982616
2.325030
8.401203
4.043566
8.407141
2.502350
4.026939
4.009957
3.985919
4.008852
3.992665
4.030828
4.027322
4.002150
4.034892
3.990356
4.026418
4.025022
2.669862
2.221191
2.211112
2.232042
2.208543
2.223106
2.224710
2.227518
2.217817
2.208239
2.728550
2.439961
2.729038
2.425991
2.438029
2.442350
2.348580
2.438450
2.432488
2.678040
2.730629
2.739749
2.736191
2.742244
2.735968
2.733147
2.719370
2.440461
2.458541
2.350310
2.353981
2.553811
2.467279
2.454501
2.473563
2.506535
6.346080
2.486012
2.442617
4.373441
2.435402
2.368874
2.441195
2.520497
5.122014
2.455344
2.302693
6.397445
3.187254
2.361503
2.451046
2.432549
4.004243
2.375981
2.470006
4.668464
4.036235
2.355581
5.340718
2.210326
2.439409
2.189736
2.190891
2.192405
2.184000
2.446961
2.506154
6.335331
2.434322
2.360548
2.734892
2.709121
2.707000
2.714475
2.746767
8.039313
2.737145
2.848157
2.715802
8.605798
2.360554
2.358743
2.514766
2.366080
10.549078
2.575263
2.367510
3.170478
2.360801
13.827885
2.728579
2.538615
5.990711
2.940224
2.605007
2.645560
11.555113
2.512602
2.360220
4.135051
2.730434
5.773161
2.468008
2.735321
2.951500
14.064248
3.111905
3.166509
10.796645
2.346850
2.187119
2.434572
2.741193
2.726648
2.206173
2.683380
2.673360
4.893303
2.741013
11.641411
2.644015
2.739862
2.730130
2.746360
2.735297
2.205190
2.741232
2.356742
2.680439
2.675031
2.312235
2.643036
2.660752
2.211123
2.673797
2.666166
2.647715
2.208505
2.729126
2.359061
2.737392
2.690448
2.535148
2.738821
2.619093
2.738527
2.655809
2.353917
8.705598
2.675519
2.308956
2.863113
2.675757
2.649656
2.218307
2.674730
2.220848
4.710530
2.577101
2.728727
2.677356
2.305869
2.703926
2.676176
3.656051
2.655485
2.707552
2.731077
2.216348
2.683359
2.874051
2.311107
2.689973
2.677630
2.735471
2.592469
2.749520
2.212272
2.743326
2.359840
2.661963
7.040291
2.714455
2.773583
2.727544
2.300410
2.709642
3.221133
2.460962
2.496046
2.360267
2.678494
14.920124
2.665052
2.748412
2.445461
2.322111
2.505963
