712.000000
480.000000
1025.000000
93.000000
338.000000
308.000000
333.000000
416.000000
1123.000000
644.000000
656.000000
166.000000
165.000000
454.000000
275.000000
160.000000
332.000000
486.000000
304.000000
155.000000
570.000000
228.000000
122.000000
329.000000
266.000000
122.000000
397.000000
564.000000
167.000000
1188.000000
198.000000
200.000000
344.000000
43.000000
128.000000
145.000000
233.000000
244.000000
222.000000
266.000000
305.000000
266.000000
228.000000
701.000000
185.000000
194.000000
371.000000
166.000000
300.000000
177.000000
416.000000
300.000000
238.000000
172.000000
205.000000
375.000000
381.000000
138.000000
386.000000
967.000000
618.000000
205.000000
713.000000
155.000000
270.000000
265.000000
471.000000
1256.000000
214.000000
215.000000
332.000000
117.000000
121.000000
468.000000
763.000000
591.000000
912.000000
220.000000
475.000000
774.000000
298.000000
87.000000
596.000000
148.000000
148.000000
159.000000
159.000000
601.000000
76.000000
488.000000
460.000000
98.000000
98.000000
76.000000
427.000000
154.000000
936.000000
299.000000
554.000000
350.000000
1338.000000
480.000000
176.000000
500.000000
310.000000
131.000000
476.000000
216.000000
271.000000
292.000000
294.000000
126.000000
87.000000
87.000000
87.000000
54.000000
82.000000
71.000000
43.000000
54.000000
121.000000
98.000000
94.000000
43.000000
132.000000
762.000000
110.000000
177.000000
288.000000
466.000000
461.000000
179.000000
204.000000
308.000000
154.000000
194.000000
185.000000
315.000000
300.000000
154.000000
502.000000
109.000000
139.000000
383.000000
283.000000
447.000000
143.000000
131.000000
156.000000
144.000000
303.000000
518.000000
65.000000
54.000000
54.000000
65.000000
82.000000
65.000000
54.000000
65.000000
76.000000
65.000000
43.000000
194.000000
43.000000
65.000000
54.000000
87.000000
71.000000
481.000000
121.000000
54.000000
43.000000
331.000000
377.000000
43.000000
162.000000
43.000000
54.000000
109.000000
746.000000
182.000000
87.000000
54.000000
65.000000
278.000000
1045.000000
459.000000
255.000000
747.000000
722.000000
518.000000
215.000000
82.000000
104.000000
71.000000
120.000000
120.000000
120.000000
60.000000
65.000000
54.000000
76.000000
60.000000
54.000000
109.000000
746.000000
65.000000
220.000000
109.000000
93.000000
87.000000
87.000000
87.000000
54.000000
278.000000
76.000000
82.000000
54.000000
110.000000
377.000000
196.000000
65.000000
87.000000
120.000000
65.000000
87.000000
294.000000
221.000000
137.000000
200.000000
239.000000
71.000000
71.000000
94.000000
211.000000
173.000000
316.000000
913.000000
65.000000
111.000000
328.000000
196.000000
333.000000
65.000000
76.000000
43.000000
120.000000
65.000000
76.000000
65.000000
249.000000
65.000000
65.000000
98.000000
1160.000000
65.000000
65.000000
65.000000
155.000000
690.000000
289.000000
179.000000
83.000000
65.000000
341.000000
65.000000
43.000000
240.000000
458.000000
416.000000
307.000000
131.000000
65.000000
381.000000
467.000000
43.000000
746.000000
93.000000
76.000000
126.000000
65.000000
137.000000
322.000000
746.000000
126.000000
210.000000
128.000000
173.000000
87.000000
43.000000
234.000000
161.000000
307.000000
308.000000
128.000000
346.000000
313.000000
60.000000
319.000000
43.000000
43.000000
93.000000
137.000000
137.000000
137.000000
137.000000
154.000000
154.000000
154.000000
154.000000
154.000000
54.000000
65.000000
54.000000
99.000000
82.000000
82.000000
199.000000
82.000000
82.000000
93.000000
54.000000
54.000000
54.000000
54.000000
54.000000
54.000000
54.000000
65.000000
215.000000
76.000000
182.000000
399.000000
282.000000
232.000000
349.000000
532.000000
126.000000
584.000000
99.000000
779.000000
82.000000
110.000000
82.000000
189.000000
447.000000
218.000000
215.000000
194.000000
659.000000
93.000000
116.000000
99.000000
228.000000
195.000000
201.000000
364.000000
43.000000
76.000000
275.000000
137.000000
65.000000
159.000000
159.000000
159.000000
159.000000
65.000000
515.000000
109.000000
65.000000
76.000000
54.000000
366.000000
249.000000
327.000000
54.000000
120.000000
54.000000
137.000000
54.000000
258.000000
93.000000
110.000000
104.000000
127.000000
779.000000
220.000000
178.000000
608.000000
93.000000
275.000000
305.000000
206.000000
603.000000
183.000000
676.000000
166.000000
109.000000
415.000000
93.000000
104.000000
71.000000
861.000000
315.000000
122.000000
200.000000
298.000000
564.000000
375.000000
768.000000
76.000000
159.000000
65.000000
54.000000
54.000000
137.000000
126.000000
115.000000
148.000000
76.000000
170.000000
132.000000
87.000000
54.000000
76.000000
54.000000
137.000000
54.000000
76.000000
93.000000
93.000000
198.000000
132.000000
93.000000
137.000000
93.000000
93.000000
132.000000
137.000000
54.000000
76.000000
54.000000
171.000000
381.000000
54.000000
625.000000
54.000000
132.000000
76.000000
198.000000
93.000000
198.000000
137.000000
93.000000
217.000000
137.000000
93.000000
137.000000
226.000000
639.000000
288.000000
93.000000
198.000000
366.000000
93.000000
203.000000
132.000000
210.000000
280.000000
137.000000
273.000000
332.000000
249.000000
385.000000
246.000000
87.000000
503.000000
54.000000
181.000000
122.000000
161.000000
93.000000
955.000000
366.000000
142.000000
54.000000
192.000000
278.000000
308.000000
184.000000
87.000000
76.000000
246.000000
695.000000
93.000000
87.000000
266.000000
198.000000
87.000000
