-27.760339
-22.058464
-24.165205
-27.324167
-18.557749
-20.343390
-7.380214
-25.656589
-26.451516
-19.830822
-27.482133
-27.482132
-28.665717
-29.052949
-29.052958
-29.577530
-28.499948
-29.477206
-25.142575
-26.349576
-28.730233
-29.208350
-28.475089
-28.882295
-28.624803
-20.906663
-29.260546
-22.845877
-16.068028
-28.121105
-27.876522
-28.235522
-28.821972
-24.526545
-29.429214
-18.335271
-23.486300
-24.514970
-8.858435
-27.154617
-23.226883
-28.821972
-29.578205
-29.154635
-29.245978
-29.865818
-28.560643
-29.210999
-26.718085
-29.089829
-29.089828
-28.087333
-24.312247
-27.194855
-28.020986
-27.568983
-21.944126
-27.693676
-30.069779
-9.424033
-26.978843
-27.516445
-29.227243
-24.866520
-29.227216
-27.365977
-21.497946
-27.075996
-26.971332
-26.715658
-4.835131
-28.608703
-24.715088
-27.609214
-27.644424
-27.946013
-26.998257
-30.149182
-29.471833
-28.002653
-29.794723
-29.794723
-30.027879
-29.690795
-24.840033
-24.030035
-16.659973
-23.760862
-29.426854
-29.893778
-24.697739
-29.893844
-30.026859
-28.620271
-29.667006
-29.660234
-18.134093
-20.175762
-29.404428
-30.688864
