5.576536
10.888810
8.643740
5.803787
13.381670
12.290217
20.956187
8.131550
6.147341
12.057692
5.824145
5.824144
5.064594
5.248709
5.248695
5.163638
5.985791
5.088680
8.152881
7.380714
5.048022
5.096119
5.344694
5.596880
5.378995
11.934049
4.568292
9.645957
13.771610
5.332337
5.743524
6.032143
4.831735
7.843193
4.817040
12.501145
9.379878
8.003554
18.821555
6.687897
9.208726
4.831735
4.703969
5.018645
4.858108
4.899008
6.011451
5.133858
6.895643
4.613821
4.613822
5.847639
8.992540
6.041731
5.165455
6.420127
10.560618
6.449100
4.202664
22.354977
5.912892
6.112750
4.393639
8.725376
4.393772
5.167539
10.775281
5.470320
6.399655
7.213398
23.105815
5.226076
8.607103
6.177130
6.034577
5.443750
5.299983
4.222187
4.685964
5.800219
4.222936
4.222936
4.378037
4.468358
8.161537
9.308429
13.600633
8.654549
4.621210
4.261128
7.650417
4.261070
4.377926
5.062662
4.527020
4.305445
12.597361
11.869180
4.551349
4.269517
