3.897138
2.749496
2.537274
2.523513
2.447644
4.900711
2.435105
2.900850
2.632013
3.265667
2.470883
2.533146
2.940086
4.407959
3.056698
2.533146
3.126019
3.832620
3.740122
2.942136
3.454561
2.467842
3.338404
3.234565
3.628555
3.056698
3.071312
2.615243
3.836221
3.439021
3.345622
2.467092
2.467843
2.483086
3.204895
4.092969
2.683614
6.457482
5.554345
3.341989
2.698118
2.467092
3.884220
2.628236
3.884220
2.782776
4.070825
6.039528
4.974387
5.407713
2.533146
3.884220
2.533145
2.627918
2.968485
2.339998
4.900707
3.188791
3.098015
2.793445
2.435105
3.345622
2.604805
3.298203
3.188791
4.849826
3.126020
3.496255
3.298203
2.927812
6.039524
4.092967
3.188791
4.407959
4.201556
4.092971
3.015493
3.056694
3.616581
3.226542
2.904135
3.884217
3.884209
3.884208
3.884212
3.884212
3.884212
3.884212
3.884212
3.753988
2.802292
2.816752
2.533145
2.533146
3.884220
4.131907
4.442588
3.207984
3.884220
3.211511
2.782774
3.106702
2.533146
3.753949
2.533145
3.321915
3.056698
2.776342
3.131360
3.693915
3.108538
2.833120
2.843112
2.627918
2.615241
2.625007
4.214371
3.544855
2.627918
2.450247
2.450248
2.450248
2.843111
3.345622
3.119245
4.904540
2.699875
3.298203
3.106093
2.627918
2.976150
2.450248
2.520868
4.442482
4.138681
2.537274
3.345622
2.533146
3.509652
2.339998
3.226540
2.533146
2.470883
2.533146
3.026977
4.092969
4.407959
2.617786
3.226541
4.068112
2.533146
3.226542
4.583887
3.226541
4.583890
3.226541
3.628558
3.226542
4.583887
3.226542
3.836219
2.339998
2.533145
2.533145
2.533146
2.533146
2.533146
2.533145
2.467843
5.005794
2.922250
2.533146
2.533145
2.533146
2.533146
4.070825
2.922252
2.533146
2.585950
2.553826
2.585951
2.585951
2.776344
2.776344
2.776344
2.776344
3.098015
2.776344
3.098015
2.553834
4.268956
2.585952
2.585950
2.776344
2.776344
2.776344
2.953963
4.657298
4.268959
2.953963
4.657297
4.268956
3.652486
3.652503
2.402968
2.378580
2.378577
2.378577
2.378577
2.378580
2.953963
2.378580
2.953962
2.953962
2.953962
2.402968
4.268954
3.884208
3.884220
3.884210
3.884208
3.561180
5.554345
3.561183
3.561182
3.561180
5.554339
4.657296
3.561183
5.097645
5.097633
3.884220
3.884220
3.884220
3.884212
3.884217
3.884213
3.884216
2.628235
3.884211
2.533146
3.410324
3.410324
2.769176
3.015493
2.449976
2.585952
4.268959
3.537188
4.268954
3.942853
2.585952
4.268955
2.585952
4.268955
4.268953
3.537190
4.268956
2.585951
3.942854
4.191691
4.583887
3.211512
2.533145
4.583889
2.533145
2.776343
2.776344
2.776344
2.776344
2.776344
4.105086
2.776344
2.776344
2.776344
2.900849
2.776343
2.776344
2.249231
2.674556
2.683614
2.683614
2.683614
2.683614
3.601409
2.249234
2.249232
2.249234
2.249237
2.249224
2.249234
2.249234
2.249234
2.447644
2.249234
2.249234
2.249238
2.526959
2.249234
2.301498
