9336.000000
9278.000000
2894.000000
16638.000000
27270.000000
12782.000000
17408.000000
9528.000000
26112.000000
6478.000000
4202.000000
1938.000000
8386.000000
3858.000000
8804.000000
1938.000000
3308.000000
3826.000000
9628.000000
11794.000000
2828.000000
4202.000000
6840.000000
5906.000000
3826.000000
8804.000000
13698.000000
17580.000000
3826.000000
9762.000000
5732.000000
4202.000000
4202.000000
8544.000000
4778.000000
2880.000000
22718.000000
8626.000000
3978.000000
11702.000000
5344.000000
4202.000000
1474.000000
3604.000000
1474.000000
3358.000000
9618.000000
2242.000000
2532.000000
6240.000000
1938.000000
1474.000000
1938.000000
11390.000000
11436.000000
8606.000000
12782.000000
15174.000000
6542.000000
16592.000000
17408.000000
5732.000000
10716.000000
8584.000000
15174.000000
12918.000000
3308.000000
20728.000000
8584.000000
9362.000000
2242.000000
2880.000000
15174.000000
3858.000000
19358.000000
2880.000000
8458.000000
8804.000000
6936.000000
2170.000000
12524.000000
1474.000000
1474.000000
1474.000000
1474.000000
1474.000000
1474.000000
1474.000000
1474.000000
3450.000000
3822.000000
11698.000000
1938.000000
1938.000000
1474.000000
18958.000000
2658.000000
2206.000000
1474.000000
4764.000000
3358.000000
7698.000000
1938.000000
3450.000000
1938.000000
4948.000000
8804.000000
4622.000000
19404.000000
4374.000000
8228.000000
15388.000000
14600.000000
11390.000000
17580.000000
14318.000000
10640.000000
5628.000000
11390.000000
6980.000000
6980.000000
6980.000000
14600.000000
5732.000000
3094.000000
6428.000000
16662.000000
8584.000000
5842.000000
11390.000000
9480.000000
6980.000000
6882.000000
4416.000000
2874.000000
2894.000000
5732.000000
1938.000000
29152.000000
8606.000000
2170.000000
1938.000000
4202.000000
1938.000000
5036.000000
2880.000000
3858.000000
31268.000000
2170.000000
3394.000000
1938.000000
2170.000000
1706.000000
2170.000000
1706.000000
2170.000000
3826.000000
2170.000000
1706.000000
2170.000000
3826.000000
8606.000000
1938.000000
1938.000000
1938.000000
1938.000000
1938.000000
1938.000000
4202.000000
5578.000000
7324.000000
1938.000000
1938.000000
1938.000000
1938.000000
9618.000000
7324.000000
1938.000000
1130.000000
3354.000000
1130.000000
1130.000000
4622.000000
4622.000000
4622.000000
4622.000000
6542.000000
4622.000000
6542.000000
3354.000000
810.000000
1130.000000
1130.000000
4622.000000
4622.000000
4622.000000
1566.000000
2394.000000
810.000000
1566.000000
2394.000000
810.000000
2354.000000
2354.000000
4654.000000
6846.000000
6846.000000
6846.000000
6846.000000
6846.000000
1566.000000
6846.000000
1566.000000
1566.000000
1566.000000
4654.000000
810.000000
1474.000000
1474.000000
1474.000000
1474.000000
3186.000000
3978.000000
3186.000000
3186.000000
3186.000000
3978.000000
2394.000000
3186.000000
1602.000000
1602.000000
1474.000000
1474.000000
1474.000000
1474.000000
1474.000000
1474.000000
1474.000000
3604.000000
1474.000000
1938.000000
4386.000000
4386.000000
16754.000000
8458.000000
5778.000000
1130.000000
810.000000
2744.000000
810.000000
1290.000000
1130.000000
810.000000
1130.000000
810.000000
810.000000
2744.000000
810.000000
1130.000000
1290.000000
970.000000
1706.000000
4764.000000
1938.000000
1706.000000
1938.000000
4622.000000
4622.000000
4622.000000
4622.000000
4622.000000
5582.000000
4622.000000
4622.000000
4622.000000
9528.000000
4622.000000
4622.000000
20462.000000
22718.000000
22718.000000
22718.000000
22718.000000
22718.000000
27230.000000
20462.000000
20462.000000
20462.000000
20462.000000
20462.000000
20462.000000
20462.000000
20462.000000
27270.000000
20462.000000
20462.000000
20462.000000
34078.000000
20462.000000
13886.000000
