0.150139
0.024643
0.011381
0.007094
0.005313
0.004350
0.003814
0.003400
0.003060
0.002794
0.002576
0.002394
0.002246
0.002123
0.002020
0.001931
0.001854
0.001787
0.001728
0.001675
0.001628
0.001586
0.001548
0.001513
0.001481
0.001451
0.001424
0.001398
0.001374
0.001352
0.001331
0.001312
0.001294
0.001278
0.001262
0.001248
0.001235
0.001223
0.001211
0.001200
0.001190
0.001181
0.001171
0.001163
0.001155
0.001147
0.001139
0.001132
0.001126
0.001119
0.001114
0.001108
0.001102
0.001097
0.001092
0.001087
0.001082
0.001077
0.001072
0.001068
0.001063
0.001059
0.001054
0.001050
0.001045
0.001041
0.001037
0.001032
0.001028
0.001023
0.001018
0.001014
0.001009
0.001004
0.000999
0.000993
0.000988
0.000982
0.000977
0.000971
0.000966
0.000960
0.000954
0.000948
0.000942
0.000936
0.000930
0.000923
0.000917
0.000911
0.000905
0.000899
0.000893
0.000886
0.000880
0.000874
0.000868
0.000862
0.000856
0.000851
0.000857
0.000796
0.000779
0.000780
0.000776
0.000774
0.000774
0.000772
0.000771
0.000769
0.000768
0.000767
0.000765
0.000764
0.000763
0.000762
0.000761
0.000759
0.000758
0.000757
0.000756
0.000754
0.000753
0.000752
0.000750
0.000749
0.000748
0.000746
0.000745
0.000743
0.000742
0.000740
0.000739
0.000737
0.000735
0.000734
0.000733
0.000731
0.000729
0.000728
0.000726
0.000724
0.000723
0.000721
0.000719
0.000717
0.000716
0.000714
0.000712
0.000710
0.000707
0.000705
0.000703
0.000701
0.000699
0.000697
0.000694
0.000692
0.000689
0.000686
0.000684
0.000681
0.000678
0.000675
0.000671
0.000668
0.000665
0.000661
0.000658
0.000655
0.000652
0.000648
0.000645
0.000641
0.000637
0.000633
0.000629
0.000624
0.000620
0.000615
0.000611
0.000606
0.000601
0.000596
0.000591
0.000586
0.000581
0.000575
0.000569
0.000564
0.000557
0.000552
0.000546
0.000540
0.000534
0.000527
0.000521
0.000514
0.000508
0.000501
0.000499
0.000462
0.000461
0.000453
0.000452
0.000449
0.000446
0.000444
0.000441
0.000439
0.000436
0.000434
0.000431
0.000429
0.000426
0.000424
0.000422
0.000419
0.000417
0.000415
0.000413
0.000411
0.000408
0.000406
0.000404
0.000402
0.000400
0.000398
0.000396
0.000394
0.000392
0.000390
0.000389
0.000387
0.000385
0.000384
0.000382
0.000381
0.000379
0.000378
0.000376
0.000375
0.000374
0.000372
0.000371
0.000370
0.000369
0.000367
0.000366
0.000365
0.000364
0.000363
0.000362
0.000362
0.000361
0.000360
0.000359
0.000358
0.000357
0.000357
0.000356
0.000355
0.000355
0.000354
0.000353
0.000352
0.000351
0.000351
0.000350
0.000349
0.000349
0.000348
0.000347
0.000347
0.000346
0.000345
0.000344
0.000344
0.000343
0.000343
0.000342
0.000341
0.000341
0.000340
0.000339
0.000339
0.000338
0.000338
0.000337
0.000336
0.000336
0.000335
0.000335
0.000334
0.000334
0.000333
0.000332
0.000332
0.000331
0.000330
0.000320
0.000315
0.000314
0.000314
0.000313
0.000313
0.000313
0.000313
0.000312
0.000312
0.000312
0.000312
0.000311
0.000311
0.000311
0.000311
0.000311
0.000310
0.000310
0.000310
0.000310
0.000309
0.000309
0.000309
0.000309
0.000308
0.000308
0.000308
0.000308
0.000307
0.000307
0.000307
0.000307
0.000306
0.000306
0.000306
0.000306
0.000305
0.000305
0.000305
0.000304
0.000304
0.000304
0.000304
0.000303
0.000303
0.000303
0.000303
0.000302
0.000302
0.000302
0.000302
0.000302
0.000301
0.000301
0.000301
0.000301
0.000300
0.000300
0.000300
0.000300
0.000299
0.000299
0.000299
0.000299
0.000298
0.000298
0.000298
0.000298
0.000298
0.000297
0.000297
0.000297
0.000297
0.000296
0.000296
0.000296
0.000296
0.000296
0.000295
0.000295
0.000295
0.000295
0.000295
0.000294
0.000294
0.000294
0.000294
0.000293
0.000293
0.000293
0.000293
0.000293
0.000292
0.000292
0.000292
0.000292
0.000292
0.000291
0.000291
0.000287
0.000286
0.000285
0.000285
0.000284
0.000284
0.000284
0.000284
0.000284
0.000284
0.000284
0.000284
0.000283
0.000283
0.000283
0.000283
0.000283
0.000283
0.000283
0.000283
0.000282
0.000282
0.000282
0.000282
0.000282
0.000282
0.000282
0.000282
0.000281
0.000281
0.000281
0.000281
0.000281
0.000281
0.000281
0.000281
0.000280
0.000280
0.000280
0.000280
0.000280
0.000280
0.000280
0.000279
0.000279
0.000279
0.000279
0.000279
0.000279
0.000279
0.000279
0.000278
0.000278
0.000278
0.000278
0.000278
0.000278
0.000278
0.000277
0.000277
0.000277
0.000277
0.000277
0.000277
0.000277
0.000277
0.000276
0.000276
0.000276
0.000276
0.000276
0.000276
0.000276
0.000275
0.000275
0.000275
0.000275
0.000275
0.000275
0.000275
0.000275
0.000274
0.000274
0.000274
0.000274
0.000274
0.000274
0.000274
0.000274
0.000273
0.000273
0.000273
0.000273
0.000273
0.000273
0.000273
0.000273
0.000272
0.000272
0.000272
