0.177955
0.052980
0.024096
0.011705
0.005515
0.003942
0.003219
0.002861
0.002583
0.002366
0.002189
0.002040
0.001917
0.001819
0.001742
0.001682
0.001632
0.001592
0.001558
0.001530
0.001504
0.001482
0.001461
0.001441
0.001423
0.001405
0.001387
0.001371
0.001356
0.001342
0.001329
0.001316
0.001304
0.001294
0.001283
0.001274
0.001264
0.001256
0.001247
0.001239
0.001231
0.001224
0.001217
0.001210
0.001203
0.001196
0.001190
0.001184
0.001178
0.001172
0.001167
0.001162
0.001157
0.001152
0.001148
0.001143
0.001139
0.001135
0.001131
0.001127
0.001122
0.001118
0.001114
0.001110
0.001106
0.001102
0.001097
0.001093
0.001088
0.001084
0.001079
0.001074
0.001069
0.001064
0.001059
0.001054
0.001049
0.001043
0.001038
0.001033
0.001028
0.001023
0.001018
0.001014
0.001009
0.001005
0.001001
0.000997
0.000993
0.000990
0.000986
0.000983
0.000979
0.000976
0.000972
0.000969
0.000966
0.000963
0.000960
0.000957
0.000951
0.000950
0.000947
0.000945
0.000944
0.000943
0.000941
0.000940
0.000939
0.000938
0.000936
0.000935
0.000934
0.000933
0.000932
0.000931
0.000930
0.000929
0.000927
0.000926
0.000925
0.000924
0.000923
0.000922
0.000921
0.000920
0.000919
0.000918
0.000917
0.000916
0.000915
0.000914
0.000912
0.000911
0.000910
0.000909
0.000908
0.000906
0.000905
0.000904
0.000903
0.000901
0.000900
0.000899
0.000897
0.000896
0.000894
0.000893
0.000891
0.000890
0.000888
0.000887
0.000885
0.000884
0.000882
0.000881
0.000879
0.000878
0.000876
0.000875
0.000874
0.000872
0.000871
0.000870
0.000868
0.000867
0.000866
0.000865
0.000864
0.000863
0.000862
0.000861
0.000860
0.000859
0.000858
0.000857
0.000856
0.000855
0.000854
0.000854
0.000853
0.000852
0.000851
0.000851
0.000850
0.000849
0.000849
0.000848
0.000847
0.000847
0.000846
0.000845
0.000845
0.000844
0.000844
0.000843
0.000842
0.000842
0.000841
0.000841
0.000838
0.000840
0.000840
0.000838
0.000838
0.000838
0.000838
0.000838
0.000838
0.000838
0.000837
0.000837
0.000837
0.000837
0.000837
0.000837
0.000837
0.000837
0.000837
0.000836
0.000836
0.000836
0.000836
0.000836
0.000836
0.000836
0.000836
0.000836
0.000835
0.000835
0.000835
0.000835
0.000835
0.000835
0.000835
0.000835
0.000835
0.000835
0.000834
0.000834
0.000834
0.000834
0.000834
0.000834
0.000834
0.000833
0.000833
0.000833
0.000833
0.000833
0.000833
0.000833
0.000832
0.000832
0.000832
0.000832
0.000832
0.000832
0.000831
0.000831
0.000831
0.000831
0.000831
0.000831
0.000830
0.000830
0.000830
0.000830
0.000830
0.000829
0.000829
0.000829
0.000829
0.000829
0.000828
0.000828
0.000828
0.000828
0.000828
0.000827
0.000827
0.000827
0.000827
0.000826
0.000826
0.000826
0.000826
0.000825
0.000825
0.000825
0.000825
0.000824
0.000824
0.000824
0.000823
0.000823
0.000823
0.000822
0.000822
0.000822
0.000817
0.000815
0.000815
0.000815
0.000815
0.000815
0.000814
0.000814
0.000814
0.000814
0.000814
0.000814
0.000814
0.000814
0.000814
0.000813
0.000813
0.000813
0.000813
0.000813
0.000813
0.000813
0.000813
0.000813
0.000812
0.000812
0.000812
0.000812
0.000812
0.000812
0.000812
0.000812
0.000812
0.000812
0.000811
0.000811
0.000811
0.000811
0.000811
0.000811
0.000811
0.000811
0.000811
0.000811
0.000810
0.000810
0.000810
0.000810
0.000810
0.000810
0.000810
0.000810
0.000810
0.000810
0.000810
0.000809
0.000809
0.000809
0.000809
0.000809
0.000809
0.000809
0.000809
0.000809
0.000809
0.000809
0.000808
0.000808
0.000808
0.000808
0.000808
0.000808
0.000808
0.000808
0.000808
0.000808
0.000808
0.000808
0.000807
0.000807
0.000807
0.000807
0.000807
0.000807
0.000807
0.000807
0.000807
0.000807
0.000807
0.000807
0.000806
0.000806
0.000806
0.000806
0.000806
0.000806
0.000806
0.000806
0.000806
0.000806
0.000804
0.000803
0.000803
0.000803
0.000803
0.000802
0.000802
0.000802
0.000802
0.000802
0.000802
0.000802
0.000802
0.000802
0.000802
0.000802
0.000802
0.000801
0.000801
0.000801
0.000801
0.000801
0.000801
0.000801
0.000801
0.000801
0.000801
0.000801
0.000801
0.000801
0.000800
0.000800
0.000800
0.000800
0.000800
0.000800
0.000800
0.000800
0.000800
0.000800
0.000800
0.000800
0.000799
0.000799
0.000799
0.000799
0.000799
0.000799
0.000799
0.000799
0.000799
0.000799
0.000799
0.000799
0.000798
0.000798
0.000798
0.000798
0.000798
0.000798
0.000798
0.000798
0.000798
0.000798
0.000798
0.000798
0.000797
0.000797
0.000797
0.000797
0.000797
0.000797
0.000797
0.000797
0.000797
0.000797
0.000796
0.000796
0.000796
0.000796
0.000796
0.000796
0.000796
0.000796
0.000796
0.000796
0.000795
0.000795
0.000795
0.000795
0.000795
0.000795
0.000795
0.000795
0.000795
0.000794
0.000794
0.000794
0.000794
0.000794
