0.378351
0.053494
0.022079
0.010796
0.007000
0.005420
0.004521
0.003928
0.003485
0.003148
0.002880
0.002661
0.002481
0.002331
0.002205
0.002094
0.001992
0.001898
0.001813
0.001733
0.001654
0.001578
0.001508
0.001442
0.001382
0.001324
0.001267
0.001215
0.001169
0.001123
0.001080
0.001038
0.000999
0.000962
0.000929
0.000901
0.000875
0.000853
0.000833
0.000815
0.000798
0.000782
0.000767
0.000753
0.000739
0.000725
0.000711
0.000698
0.000686
0.000674
0.000664
0.000654
0.000646
0.000639
0.000632
0.000625
0.000619
0.000614
0.000607
0.000600
0.000592
0.000584
0.000575
0.000566
0.000557
0.000548
0.000540
0.000532
0.000525
0.000519
0.000514
0.000509
0.000505
0.000500
0.000496
0.000492
0.000488
0.000485
0.000482
0.000480
0.000478
0.000477
0.000476
0.000475
0.000474
0.000473
0.000472
0.000472
0.000471
0.000471
0.000469
0.000467
0.000465
0.000463
0.000462
0.000461
0.000459
0.000458
0.000457
0.000456
0.000419
0.000419
0.000415
0.000413
0.000412
0.000411
0.000411
0.000410
0.000410
0.000410
0.000409
0.000409
0.000408
0.000408
0.000408
0.000407
0.000407
0.000407
0.000407
0.000406
0.000406
0.000406
0.000406
0.000406
0.000407
0.000407
0.000406
0.000406
0.000406
0.000406
0.000405
0.000405
0.000405
0.000404
0.000403
0.000403
0.000402
0.000401
0.000400
0.000398
0.000397
0.000396
0.000394
0.000393
0.000392
0.000391
0.000389
0.000388
0.000387
0.000385
0.000384
0.000383
0.000382
0.000381
0.000380
0.000379
0.000378
0.000377
0.000376
0.000375
0.000374
0.000373
0.000373
0.000372
0.000371
0.000370
0.000370
0.000369
0.000368
0.000368
0.000367
0.000367
0.000366
0.000366
0.000365
0.000365
0.000365
0.000364
0.000364
0.000363
0.000363
0.000363
0.000363
0.000362
0.000362
0.000362
0.000362
0.000362
0.000362
0.000362
0.000362
0.000362
0.000362
0.000362
0.000363
0.000363
0.000363
0.000363
0.000363
0.000362
0.000351
0.000348
0.000346
0.000346
0.000345
0.000345
0.000345
0.000345
0.000345
0.000345
0.000345
0.000345
0.000344
0.000344
0.000344
0.000344
0.000344
0.000344
0.000344
0.000344
0.000344
0.000344
0.000344
0.000344
0.000344
0.000344
0.000344
0.000344
0.000344
0.000344
0.000344
0.000344
0.000344
0.000344
0.000344
0.000344
0.000344
0.000344
0.000344
0.000344
0.000344
0.000344
0.000344
0.000344
0.000344
0.000344
0.000344
0.000344
0.000344
0.000344
0.000344
0.000344
0.000344
0.000344
0.000344
0.000343
0.000343
0.000343
0.000343
0.000343
0.000342
0.000342
0.000342
0.000341
0.000341
0.000341
0.000340
0.000340
0.000339
0.000339
0.000338
0.000338
0.000338
0.000337
0.000337
0.000336
0.000336
0.000335
0.000335
0.000335
0.000334
0.000334
0.000333
0.000332
0.000332
0.000331
0.000331
0.000330
0.000329
0.000329
0.000328
0.000328
0.000327
0.000326
0.000326
0.000325
0.000325
0.000324
0.000324
0.000323
0.000323
0.000322
0.000320
0.000318
0.000318
0.000318
0.000318
0.000317
0.000317
0.000317
0.000317
0.000317
0.000317
0.000316
0.000316
0.000316
0.000316
0.000316
0.000316
0.000316
0.000315
0.000315
0.000315
0.000315
0.000315
0.000315
0.000315
0.000314
0.000314
0.000314
0.000314
0.000314
0.000314
0.000314
0.000313
0.000313
0.000313
0.000313
0.000313
0.000313
0.000313
0.000312
0.000312
0.000312
0.000312
0.000312
0.000312
0.000312
0.000312
0.000311
0.000311
0.000311
0.000311
0.000311
0.000311
0.000311
0.000311
0.000310
0.000310
0.000310
0.000310
0.000310
0.000310
0.000310
0.000310
0.000310
0.000309
0.000309
0.000309
0.000309
0.000309
0.000309
0.000309
0.000309
0.000308
0.000308
0.000308
0.000308
0.000308
0.000308
0.000308
0.000308
0.000308
0.000308
0.000307
0.000307
0.000307
0.000307
0.000307
0.000307
0.000307
0.000307
0.000306
0.000306
0.000306
0.000306
0.000306
0.000306
0.000305
0.000305
0.000300
0.000300
0.000301
0.000301
0.000301
0.000301
0.000301
0.000301
0.000301
0.000301
0.000300
0.000300
0.000300
0.000300
0.000300
0.000300
0.000300
0.000299
0.000299
0.000299
0.000299
0.000299
0.000299
0.000299
0.000298
0.000298
0.000298
0.000298
0.000298
0.000298
0.000298
0.000297
0.000297
0.000297
0.000297
0.000297
0.000297
0.000297
0.000296
0.000296
0.000296
0.000296
0.000296
0.000296
0.000296
0.000295
0.000295
0.000295
0.000295
0.000295
0.000295
0.000294
0.000294
0.000294
0.000294
0.000294
0.000294
0.000293
0.000293
0.000293
0.000293
0.000293
0.000293
0.000292
0.000292
0.000292
0.000292
0.000292
0.000292
0.000291
0.000291
0.000291
0.000291
0.000291
0.000290
0.000290
0.000290
0.000290
0.000290
0.000289
0.000289
0.000289
0.000289
0.000289
0.000288
0.000288
0.000288
0.000288
0.000288
0.000287
0.000287
0.000287
0.000287
0.000286
0.000286
0.000286
0.000286
0.000286
0.000285
0.000285
