0.231639
0.032034
0.013594
0.007190
0.004303
0.003115
0.002611
0.002367
0.002199
0.002078
0.001989
0.001910
0.001843
0.001785
0.001734
0.001692
0.001655
0.001622
0.001592
0.001565
0.001541
0.001519
0.001499
0.001480
0.001462
0.001445
0.001429
0.001414
0.001400
0.001387
0.001375
0.001362
0.001350
0.001339
0.001329
0.001319
0.001309
0.001300
0.001291
0.001282
0.001274
0.001265
0.001258
0.001250
0.001244
0.001237
0.001231
0.001226
0.001220
0.001215
0.001210
0.001206
0.001202
0.001197
0.001193
0.001189
0.001186
0.001182
0.001178
0.001174
0.001171
0.001167
0.001163
0.001160
0.001156
0.001153
0.001150
0.001147
0.001144
0.001141
0.001139
0.001136
0.001133
0.001131
0.001128
0.001125
0.001123
0.001120
0.001117
0.001114
0.001111
0.001109
0.001107
0.001105
0.001103
0.001101
0.001099
0.001097
0.001095
0.001092
0.001090
0.001088
0.001086
0.001084
0.001082
0.001080
0.001079
0.001077
0.001075
0.001073
0.000990
0.000990
0.000974
0.000971
0.000971
0.000970
0.000969
0.000968
0.000967
0.000966
0.000965
0.000964
0.000964
0.000963
0.000962
0.000961
0.000960
0.000959
0.000958
0.000957
0.000956
0.000955
0.000954
0.000952
0.000951
0.000949
0.000948
0.000946
0.000944
0.000942
0.000940
0.000937
0.000934
0.000930
0.000926
0.000921
0.000914
0.000906
0.000895
0.000881
0.000862
0.000839
0.000814
0.000784
0.000753
0.000725
0.000696
0.000670
0.000647
0.000627
0.000609
0.000592
0.000576
0.000562
0.000549
0.000538
0.000527
0.000518
0.000509
0.000500
0.000493
0.000486
0.000479
0.000473
0.000466
0.000461
0.000456
0.000451
0.000446
0.000442
0.000438
0.000434
0.000430
0.000426
0.000423
0.000419
0.000416
0.000413
0.000410
0.000408
0.000405
0.000402
0.000400
0.000398
0.000396
0.000394
0.000392
0.000390
0.000388
0.000387
0.000385
0.000383
0.000382
0.000381
0.000379
0.000378
0.000377
0.000376
0.000375
0.000374
0.000372
0.000372
0.000370
0.000369
0.000369
0.000368
0.000367
0.000367
0.000367
0.000366
0.000366
0.000365
0.000365
0.000364
0.000364
0.000364
0.000363
0.000363
0.000362
0.000362
0.000362
0.000361
0.000361
0.000361
0.000360
0.000360
0.000360
0.000359
0.000359
0.000359
0.000358
0.000358
0.000358
0.000357
0.000357
0.000357
0.000357
0.000356
0.000356
0.000356
0.000356
0.000355
0.000355
0.000355
0.000355
0.000354
0.000354
0.000354
0.000354
0.000354
0.000353
0.000353
0.000353
0.000353
0.000352
0.000352
0.000352
0.000352
0.000351
0.000351
0.000351
0.000351
0.000350
0.000350
0.000350
0.000349
0.000349
0.000349
0.000348
0.000348
0.000347
0.000347
0.000347
0.000346
0.000346
0.000345
0.000345
0.000344
0.000344
0.000343
0.000343
0.000342
0.000342
0.000341
0.000341
0.000340
0.000340
0.000340
0.000339
0.000339
0.000338
0.000338
0.000337
0.000337
0.000337
0.000336
0.000336
0.000336
0.000335
0.000335
0.000334
0.000332
0.000331
0.000330
0.000330
0.000330
0.000330
0.000330
0.000330
0.000330
0.000330
0.000329
0.000329
0.000329
0.000329
0.000329
0.000329
0.000329
0.000329
0.000329
0.000329
0.000328
0.000328
0.000328
0.000328
0.000328
0.000328
0.000328
0.000328
0.000328
0.000328
0.000328
0.000328
0.000327
0.000327
0.000327
0.000327
0.000327
0.000327
0.000327
0.000327
0.000327
0.000327
0.000327
0.000327
0.000326
0.000326
0.000326
0.000326
0.000326
0.000326
0.000326
0.000326
0.000326
0.000326
0.000326
0.000326
0.000326
0.000326
0.000326
0.000325
0.000325
0.000325
0.000325
0.000325
0.000325
0.000325
0.000325
0.000325
0.000325
0.000325
0.000325
0.000325
0.000325
0.000325
0.000325
0.000325
0.000325
0.000324
0.000324
0.000324
0.000324
0.000324
0.000324
0.000324
0.000324
0.000324
0.000324
0.000324
0.000324
0.000324
0.000324
0.000324
0.000324
0.000324
0.000323
0.000323
0.000323
0.000323
0.000323
0.000319
0.000318
0.000317
0.000317
0.000317
0.000317
0.000317
0.000317
0.000316
0.000316
0.000316
0.000316
0.000316
0.000316
0.000316
0.000316
0.000316
0.000316
0.000316
0.000316
0.000316
0.000316
0.000316
0.000316
0.000316
0.000315
0.000315
0.000315
0.000315
0.000315
0.000315
0.000315
0.000315
0.000315
0.000315
0.000315
0.000315
0.000315
0.000315
0.000315
0.000315
0.000315
0.000315
0.000314
0.000314
0.000314
0.000314
0.000314
0.000314
0.000314
0.000314
0.000314
0.000314
0.000314
0.000314
0.000314
0.000314
0.000314
0.000314
0.000314
0.000314
0.000314
0.000313
0.000313
0.000313
0.000313
0.000313
0.000313
0.000313
0.000313
0.000313
0.000313
0.000313
0.000313
0.000313
0.000313
0.000313
0.000313
0.000313
0.000313
0.000313
0.000312
0.000312
0.000312
0.000312
0.000312
0.000312
0.000312
0.000312
0.000312
0.000312
0.000312
0.000312
0.000312
0.000312
0.000312
0.000312
0.000312
0.000312
0.000312
