0.258040
0.053286
0.018636
0.010722
0.008475
0.007126
0.006152
0.005418
0.004834
0.004352
0.003951
0.003615
0.003330
0.003085
0.002874
0.002692
0.002536
0.002402
0.002285
0.002183
0.002092
0.002010
0.001937
0.001871
0.001811
0.001757
0.001708
0.001663
0.001622
0.001585
0.001550
0.001518
0.001489
0.001461
0.001436
0.001413
0.001392
0.001373
0.001355
0.001339
0.001324
0.001311
0.001299
0.001288
0.001277
0.001268
0.001259
0.001250
0.001241
0.001232
0.001222
0.001212
0.001201
0.001187
0.001170
0.001148
0.001123
0.001099
0.001074
0.001050
0.001028
0.001008
0.000989
0.000970
0.000952
0.000935
0.000919
0.000903
0.000888
0.000874
0.000860
0.000847
0.000835
0.000824
0.000813
0.000803
0.000793
0.000783
0.000775
0.000766
0.000759
0.000751
0.000744
0.000737
0.000730
0.000724
0.000717
0.000711
0.000705
0.000699
0.000693
0.000687
0.000681
0.000675
0.000668
0.000662
0.000656
0.000650
0.000643
0.000636
0.000634
0.000603
0.000602
0.000597
0.000595
0.000593
0.000591
0.000589
0.000587
0.000585
0.000583
0.000581
0.000579
0.000577
0.000575
0.000573
0.000571
0.000569
0.000568
0.000566
0.000564
0.000562
0.000561
0.000559
0.000557
0.000556
0.000554
0.000553
0.000551
0.000550
0.000548
0.000547
0.000546
0.000544
0.000543
0.000542
0.000540
0.000539
0.000538
0.000537
0.000536
0.000534
0.000533
0.000532
0.000531
0.000530
0.000530
0.000529
0.000528
0.000527
0.000526
0.000525
0.000525
0.000524
0.000523
0.000522
0.000522
0.000521
0.000520
0.000519
0.000519
0.000518
0.000517
0.000516
0.000515
0.000515
0.000514
0.000513
0.000512
0.000511
0.000510
0.000509
0.000508
0.000507
0.000506
0.000505
0.000504
0.000503
0.000502
0.000501
0.000500
0.000498
0.000497
0.000496
0.000495
0.000493
0.000492
0.000491
0.000490
0.000488
0.000487
0.000486
0.000485
0.000484
0.000482
0.000481
0.000480
0.000479
0.000478
0.000477
0.000478
0.000471
0.000470
0.000470
0.000469
0.000469
0.000469
0.000468
0.000468
0.000468
0.000467
0.000467
0.000467
0.000466
0.000466
0.000466
0.000465
0.000465
0.000465
0.000465
0.000464
0.000464
0.000464
0.000463
0.000463
0.000463
0.000463
0.000462
0.000462
0.000462
0.000461
0.000461
0.000461
0.000461
0.000460
0.000460
0.000460
0.000460
0.000459
0.000459
0.000459
0.000459
0.000458
0.000458
0.000458
0.000458
0.000458
0.000457
0.000457
0.000457
0.000457
0.000457
0.000456
0.000456
0.000456
0.000456
0.000456
0.000456
0.000456
0.000455
0.000455
0.000455
0.000455
0.000455
0.000454
0.000454
0.000454
0.000454
0.000454
0.000454
0.000454
0.000453
0.000453
0.000453
0.000453
0.000453
0.000452
0.000452
0.000452
0.000452
0.000452
0.000452
0.000452
0.000451
0.000451
0.000451
0.000451
0.000451
0.000451
0.000450
0.000450
0.000450
0.000450
0.000450
0.000450
0.000449
0.000449
0.000449
0.000449
0.000449
0.000441
0.000440
0.000439
0.000439
0.000439
0.000439
0.000438
0.000438
0.000438
0.000438
0.000438
0.000438
0.000438
0.000438
0.000437
0.000437
0.000437
0.000437
0.000437
0.000437
0.000437
0.000437
0.000437
0.000436
0.000436
0.000436
0.000436
0.000436
0.000436
0.000436
0.000436
0.000436
0.000435
0.000435
0.000435
0.000435
0.000435
0.000435
0.000435
0.000435
0.000435
0.000434
0.000434
0.000434
0.000434
0.000434
0.000434
0.000434
0.000434
0.000434
0.000434
0.000433
0.000433
0.000433
0.000433
0.000433
0.000433
0.000433
0.000433
0.000433
0.000433
0.000432
0.000432
0.000432
0.000432
0.000432
0.000432
0.000432
0.000432
0.000432
0.000432
0.000432
0.000431
0.000431
0.000431
0.000431
0.000431
0.000431
0.000431
0.000431
0.000431
0.000431
0.000431
0.000431
0.000430
0.000430
0.000430
0.000430
0.000430
0.000430
0.000430
0.000430
0.000430
0.000430
0.000430
0.000430
0.000430
0.000429
0.000429
0.000429
0.000427
0.000427
0.000427
0.000427
0.000427
0.000427
0.000427
0.000427
0.000427
0.000427
0.000427
0.000427
0.000426
0.000426
0.000426
0.000426
0.000426
0.000426
0.000426
0.000426
0.000426
0.000426
0.000426
0.000426
0.000426
0.000426
0.000425
0.000425
0.000425
0.000425
0.000425
0.000425
0.000425
0.000425
0.000425
0.000425
0.000425
0.000425
0.000425
0.000425
0.000425
0.000425
0.000424
0.000424
0.000424
0.000424
0.000424
0.000424
0.000424
0.000424
0.000424
0.000424
0.000424
0.000424
0.000424
0.000424
0.000424
0.000423
0.000423
0.000423
0.000423
0.000423
0.000423
0.000423
0.000423
0.000423
0.000423
0.000423
0.000423
0.000423
0.000423
0.000423
0.000423
0.000422
0.000422
0.000422
0.000422
0.000422
0.000422
0.000422
0.000422
0.000422
0.000422
0.000422
0.000422
0.000422
0.000422
0.000422
0.000422
0.000421
0.000421
0.000421
0.000421
0.000421
0.000421
0.000421
0.000421
0.000421
0.000421
0.000421
