0.394143
0.065190
0.045241
0.028233
0.013618
0.005615
0.002908
0.002290
0.002176
0.002105
0.002048
0.002006
0.001973
0.001946
0.001924
0.001907
0.001893
0.001881
0.001871
0.001862
0.001854
0.001847
0.001841
0.001835
0.001830
0.001825
0.001821
0.001817
0.001813
0.001809
0.001806
0.001802
0.001799
0.001795
0.001792
0.001789
0.001786
0.001783
0.001780
0.001778
0.001775
0.001772
0.001769
0.001766
0.001763
0.001760
0.001757
0.001754
0.001751
0.001748
0.001745
0.001742
0.001738
0.001735
0.001731
0.001728
0.001724
0.001720
0.001715
0.001711
0.001707
0.001702
0.001698
0.001693
0.001688
0.001683
0.001678
0.001672
0.001667
0.001662
0.001656
0.001651
0.001645
0.001640
0.001635
0.001629
0.001624
0.001619
0.001614
0.001609
0.001604
0.001599
0.001594
0.001589
0.001583
0.001578
0.001573
0.001567
0.001562
0.001557
0.001551
0.001546
0.001541
0.001535
0.001530
0.001524
0.001518
0.001512
0.001506
0.001500
0.001476
0.001476
0.001472
0.001467
0.001463
0.001460
0.001456
0.001452
0.001449
0.001445
0.001441
0.001437
0.001434
0.001430
0.001426
0.001422
0.001417
0.001413
0.001409
0.001405
0.001400
0.001396
0.001392
0.001387
0.001382
0.001378
0.001373
0.001368
0.001364
0.001359
0.001354
0.001349
0.001344
0.001339
0.001333
0.001328
0.001323
0.001317
0.001312
0.001307
0.001301
0.001296
0.001290
0.001284
0.001279
0.001273
0.001267
0.001262
0.001256
0.001250
0.001244
0.001238
0.001232
0.001226
0.001221
0.001215
0.001208
0.001202
0.001196
0.001190
0.001184
0.001178
0.001172
0.001166
0.001160
0.001154
0.001148
0.001142
0.001136
0.001130
0.001124
0.001119
0.001113
0.001107
0.001102
0.001096
0.001091
0.001086
0.001080
0.001075
0.001070
0.001065
0.001059
0.001054
0.001049
0.001044
0.001039
0.001035
0.001030
0.001025
0.001020
0.001016
0.001011
0.001007
0.001003
0.000999
0.000994
0.000990
0.000986
0.000982
0.000976
0.000976
0.000975
0.000973
0.000971
0.000969
0.000967
0.000965
0.000963
0.000961
0.000959
0.000958
0.000956
0.000954
0.000952
0.000950
0.000949
0.000947
0.000945
0.000944
0.000942
0.000940
0.000939
0.000937
0.000936
0.000934
0.000933
0.000931
0.000930
0.000928
0.000927
0.000926
0.000924
0.000923
0.000922
0.000920
0.000919
0.000918
0.000917
0.000915
0.000914
0.000913
0.000912
0.000911
0.000910
0.000909
0.000907
0.000906
0.000905
0.000904
0.000903
0.000902
0.000901
0.000900
0.000899
0.000898
0.000898
0.000897
0.000896
0.000895
0.000894
0.000893
0.000892
0.000892
0.000891
0.000890
0.000889
0.000889
0.000888
0.000887
0.000886
0.000886
0.000885
0.000885
0.000884
0.000883
0.000883
0.000882
0.000882
0.000881
0.000881
0.000880
0.000880
0.000879
0.000879
0.000878
0.000878
0.000877
0.000877
0.000876
0.000876
0.000875
0.000875
0.000874
0.000874
0.000874
0.000873
0.000873
0.000873
0.000872
0.000868
0.000868
0.000868
0.000868
0.000867
0.000867
0.000867
0.000867
0.000867
0.000867
0.000866
0.000866
0.000866
0.000866
0.000866
0.000866
0.000865
0.000865
0.000865
0.000865
0.000865
0.000865
0.000864
0.000864
0.000864
0.000864
0.000864
0.000864
0.000864
0.000863
0.000863
0.000863
0.000863
0.000863
0.000863
0.000863
0.000862
0.000862
0.000862
0.000862
0.000862
0.000862
0.000862
0.000862
0.000862
0.000861
0.000861
0.000861
0.000861
0.000861
0.000861
0.000861
0.000861
0.000860
0.000860
0.000860
0.000860
0.000860
0.000860
0.000860
0.000860
0.000860
0.000860
0.000859
0.000859
0.000859
0.000859
0.000859
0.000859
0.000859
0.000859
0.000859
0.000859
0.000859
0.000858
0.000858
0.000858
0.000858
0.000858
0.000858
0.000858
0.000858
0.000858
0.000858
0.000858
0.000858
0.000858
0.000858
0.000858
0.000857
0.000857
0.000857
0.000857
0.000857
0.000857
0.000857
0.000857
0.000857
0.000857
0.000857
0.000856
0.000857
0.000857
0.000858
0.000858
0.000858
0.000858
0.000858
0.000858
0.000858
0.000858
0.000858
0.000858
0.000858
0.000858
0.000858
0.000858
0.000858
0.000858
0.000858
0.000858
0.000857
0.000857
0.000857
0.000857
0.000857
0.000857
0.000857
0.000857
0.000857
0.000857
0.000857
0.000857
0.000857
0.000857
0.000857
0.000857
0.000857
0.000857
0.000857
0.000857
0.000857
0.000857
0.000857
0.000857
0.000857
0.000857
0.000857
0.000857
0.000857
0.000857
0.000857
0.000857
0.000857
0.000857
0.000857
0.000857
0.000857
0.000857
0.000857
0.000856
0.000856
0.000856
0.000856
0.000856
0.000856
0.000856
0.000856
0.000856
0.000856
0.000856
0.000856
0.000856
0.000856
0.000856
0.000856
0.000856
0.000856
0.000856
0.000856
0.000856
0.000856
0.000856
0.000856
0.000856
0.000856
0.000856
0.000856
0.000856
0.000856
0.000856
0.000855
0.000855
0.000855
0.000855
0.000855
0.000855
0.000855
0.000855
0.000855
