0.373244
0.128228
0.044055
0.026592
0.023817
0.022531
0.021352
0.020384
0.019527
0.018721
0.017963
0.017247
0.016571
0.015935
0.015338
0.014781
0.014263
0.013782
0.013337
0.012927
0.012549
0.012202
0.011883
0.011591
0.011323
0.011077
0.010851
0.010643
0.010451
0.010275
0.010111
0.009959
0.009818
0.009686
0.009563
0.009446
0.009336
0.009232
0.009134
0.009039
0.008949
0.008863
0.008780
0.008700
0.008622
0.008547
0.008475
0.008404
0.008336
0.008269
0.008204
0.008140
0.008079
0.008018
0.007959
0.007902
0.007846
0.007791
0.007737
0.007685
0.007634
0.007584
0.007535
0.007488
0.007441
0.007396
0.007352
0.007309
0.007267
0.007226
0.007186
0.007147
0.007109
0.007072
0.007036
0.007001
0.006967
0.006933
0.006901
0.006870
0.006839
0.006809
0.006780
0.006752
0.006725
0.006699
0.006673
0.006648
0.006624
0.006600
0.006577
0.006555
0.006533
0.006512
0.006492
0.006472
0.006453
0.006434
0.006416
0.006399
0.006369
0.006325
0.006318
0.006313
0.006302
0.006295
0.006287
0.006279
0.006271
0.006263
0.006256
0.006248
0.006241
0.006233
0.006226
0.006219
0.006212
0.006205
0.006198
0.006191
0.006184
0.006177
0.006171
0.006164
0.006158
0.006151
0.006145
0.006139
0.006132
0.006126
0.006120
0.006114
0.006109
0.006103
0.006097
0.006091
0.006086
0.006080
0.006075
0.006070
0.006064
0.006059
0.006054
0.006049
0.006044
0.006039
0.006034
0.006029
0.006024
0.006020
0.006015
0.006010
0.006006
0.006001
0.005997
0.005992
0.005988
0.005984
0.005980
0.005975
0.005971
0.005967
0.005963
0.005959
0.005955
0.005952
0.005948
0.005944
0.005940
0.005936
0.005933
0.005929
0.005926
0.005922
0.005919
0.005915
0.005912
0.005908
0.005905
0.005902
0.005899
0.005895
0.005892
0.005889
0.005886
0.005883
0.005880
0.005877
0.005874
0.005871
0.005868
0.005865
0.005862
0.005859
0.005856
0.005854
0.005851
0.005848
0.005845
0.005843
0.005828
0.005818
0.005819
0.005817
0.005816
0.005815
0.005813
0.005812
0.005811
0.005809
0.005808
0.005807
0.005805
0.005804
0.005803
0.005801
0.005800
0.005799
0.005797
0.005796
0.005795
0.005794
0.005792
0.005791
0.005790
0.005788
0.005787
0.005786
0.005784
0.005783
0.005782
0.005781
0.005779
0.005778
0.005777
0.005776
0.005774
0.005773
0.005772
0.005770
0.005769
0.005768
0.005767
0.005765
0.005764
0.005763
0.005762
0.005760
0.005759
0.005758
0.005757
0.005756
0.005754
0.005753
0.005752
0.005751
0.005749
0.005748
0.005747
0.005746
0.005745
0.005743
0.005742
0.005741
0.005740
0.005739
0.005738
0.005736
0.005735
0.005734
0.005733
0.005732
0.005731
0.005729
0.005728
0.005727
0.005726
0.005725
0.005724
0.005722
0.005721
0.005720
0.005719
0.005718
0.005717
0.005716
0.005715
0.005714
0.005712
0.005711
0.005710
0.005709
0.005708
0.005707
0.005706
0.005705
0.005704
0.005703
0.005702
0.005701
0.005693
0.005691
0.005690
0.005690
0.005689
0.005689
0.005688
0.005688
0.005687
0.005687
0.005686
0.005686
0.005685
0.005685
0.005684
0.005683
0.005683
0.005682
0.005682
0.005681
0.005681
0.005680
0.005680
0.005679
0.005679
0.005678
0.005677
0.005677
0.005676
0.005676
0.005675
0.005675
0.005674
0.005674
0.005673
0.005673
0.005672
0.005672
0.005671
0.005670
0.005670
0.005669
0.005669
0.005668
0.005668
0.005667
0.005667
0.005666
0.005666
0.005665
0.005665
0.005664
0.005663
0.005663
0.005662
0.005662
0.005661
0.005661
0.005660
0.005660
0.005659
0.005659
0.005658
0.005658
0.005657
0.005657
0.005656
0.005655
0.005655
0.005654
0.005654
0.005653
0.005653
0.005652
0.005652
0.005651
0.005651
0.005650
0.005650
0.005649
0.005649
0.005648
0.005648
0.005647
0.005647
0.005646
0.005646
0.005645
0.005645
0.005644
0.005644
0.005643
0.005643
0.005642
0.005642
0.005641
0.005641
0.005640
0.005640
0.005639
0.005635
0.005635
0.005634
0.005634
0.005634
0.005634
0.005633
0.005633
0.005633
0.005633
0.005632
0.005632
0.005632
0.005632
0.005631
0.005631
0.005631
0.005631
0.005630
0.005630
0.005630
0.005630
0.005629
0.005629
0.005629
0.005629
0.005628
0.005628
0.005628
0.005628
0.005627
0.005627
0.005627
0.005627
0.005626
0.005626
0.005626
0.005626
0.005625
0.005625
0.005625
0.005625
0.005624
0.005624
0.005624
0.005624
0.005623
0.005623
0.005623
0.005623
0.005622
0.005622
0.005622
0.005622
0.005621
0.005621
0.005621
0.005621
0.005620
0.005620
0.005620
0.005620
0.005619
0.005619
0.005619
0.005619
0.005618
0.005618
0.005618
0.005618
0.005617
0.005617
0.005617
0.005617
0.005616
0.005616
0.005616
0.005616
0.005615
0.005615
0.005615
0.005615
0.005614
0.005614
0.005614
0.005614
0.005614
0.005613
0.005613
0.005613
0.005613
0.005612
0.005612
0.005612
0.005612
0.005611
0.005611
0.005611
0.005611
0.005610
