0.962751
0.356869
0.157283
0.091455
0.063790
0.047706
0.038616
0.032471
0.028224
0.025095
0.022735
0.020910
0.019472
0.018317
0.017372
0.016584
0.015914
0.015333
0.014821
0.014364
0.013950
0.013573
0.013226
0.012906
0.012608
0.012331
0.012071
0.011827
0.011598
0.011381
0.011175
0.010979
0.010792
0.010613
0.010442
0.010276
0.010116
0.009961
0.009811
0.009665
0.009522
0.009383
0.009246
0.009112
0.008981
0.008851
0.008724
0.008598
0.008474
0.008352
0.008231
0.008111
0.007993
0.007876
0.007760
0.007645
0.007531
0.007418
0.007305
0.007194
0.007084
0.006974
0.006866
0.006759
0.006653
0.006549
0.006447
0.006346
0.006246
0.006148
0.006052
0.005958
0.005865
0.005774
0.005685
0.005598
0.005512
0.005428
0.005346
0.005266
0.005187
0.005110
0.005034
0.004961
0.004889
0.004818
0.004749
0.004682
0.004616
0.004552
0.004489
0.004428
0.004368
0.004309
0.004252
0.004196
0.004142
0.004088
0.004036
0.003986
0.003922
0.003902
0.003880
0.003853
0.003826
0.003800
0.003776
0.003751
0.003726
0.003702
0.003678
0.003654
0.003630
0.003606
0.003583
0.003559
0.003536
0.003513
0.003490
0.003467
0.003445
0.003423
0.003400
0.003378
0.003357
0.003335
0.003313
0.003292
0.003271
0.003250
0.003229
0.003208
0.003188
0.003167
0.003147
0.003127
0.003107
0.003088
0.003068
0.003049
0.003030
0.003011
0.002992
0.002973
0.002954
0.002936
0.002918
0.002900
0.002882
0.002864
0.002846
0.002829
0.002812
0.002795
0.002778
0.002761
0.002744
0.002728
0.002711
0.002695
0.002679
0.002663
0.002648
0.002632
0.002617
0.002602
0.002587
0.002572
0.002557
0.002542
0.002528
0.002513
0.002499
0.002485
0.002471
0.002457
0.002444
0.002430
0.002417
0.002404
0.002390
0.002377
0.002364
0.002352
0.002339
0.002327
0.002314
0.002302
0.002290
0.002278
0.002266
0.002254
0.002242
0.002230
0.002219
0.002207
0.002196
0.002185
0.002174
0.002163
0.002117
0.002121
0.002114
0.002104
0.002097
0.002092
0.002087
0.002081
0.002075
0.002069
0.002064
0.002058
0.002052
0.002047
0.002041
0.002036
0.002030
0.002024
0.002019
0.002013
0.002008
0.002002
0.001997
0.001991
0.001986
0.001980
0.001975
0.001969
0.001964
0.001959
0.001953
0.001948
0.001942
0.001937
0.001932
0.001926
0.001921
0.001916
0.001911
0.001905
0.001900
0.001895
0.001890
0.001885
0.001879
0.001874
0.001869
0.001864
0.001859
0.001854
0.001849
0.001844
0.001839
0.001834
0.001829
0.001824
0.001819
0.001814
0.001809
0.001804
0.001799
0.001794
0.001789
0.001784
0.001780
0.001775
0.001770
0.001765
0.001761
0.001756
0.001751
0.001746
0.001742
0.001737
0.001732
0.001728
0.001723
0.001719
0.001714
0.001710
0.001705
0.001701
0.001696
0.001692
0.001687
0.001683
0.001678
0.001674
0.001670
0.001665
0.001661
0.001657
0.001652
0.001648
0.001644
0.001639
0.001635
0.001631
0.001627
0.001623
0.001611
0.001622
0.001632
0.001636
0.001638
0.001637
0.001636
0.001634
0.001632
0.001630
0.001629
0.001627
0.001625
0.001623
0.001621
0.001619
0.001616
0.001614
0.001612
0.001610
0.001608
0.001605
0.001603
0.001601
0.001599
0.001596
0.001594
0.001592
0.001589
0.001587
0.001585
0.001582
0.001580
0.001578
0.001576
0.001573
0.001571
0.001569
0.001566
0.001564
0.001562
0.001560
0.001557
0.001555
0.001553
0.001551
0.001549
0.001546
0.001544
0.001542
0.001540
0.001538
0.001536
0.001533
0.001531
0.001529
0.001527
0.001525
0.001523
0.001521
0.001519
0.001516
0.001514
0.001512
0.001510
0.001508
0.001506
0.001504
0.001502
0.001500
0.001498
0.001496
0.001494
0.001492
0.001490
0.001488
0.001486
0.001484
0.001481
0.001479
0.001477
0.001475
0.001473
0.001472
0.001470
0.001468
0.001466
0.001464
0.001462
0.001460
0.001458
0.001456
0.001454
0.001452
0.001450
0.001448
0.001446
0.001444
0.001442
0.001440
0.001431
0.001409
0.001407
0.001409
0.001406
0.001405
0.001405
0.001404
0.001403
0.001402
0.001401
0.001400
0.001399
0.001398
0.001397
0.001396
0.001396
0.001395
0.001394
0.001393
0.001392
0.001391
0.001390
0.001389
0.001388
0.001387
0.001386
0.001385
0.001384
0.001383
0.001382
0.001381
0.001380
0.001379
0.001378
0.001377
0.001376
0.001375
0.001375
0.001374
0.001373
0.001372
0.001371
0.001370
0.001369
0.001368
0.001367
0.001366
0.001365
0.001364
0.001363
0.001362
0.001361
0.001360
0.001359
0.001358
0.001357
0.001356
0.001355
0.001354
0.001353
0.001352
0.001351
0.001350
0.001349
0.001348
0.001347
0.001346
0.001345
0.001343
0.001342
0.001341
0.001340
0.001339
0.001338
0.001337
0.001336
0.001335
0.001334
0.001333
0.001332
0.001331
0.001330
0.001329
0.001328
0.001327
0.001326
0.001325
0.001324
0.001323
0.001322
0.001321
0.001320
0.001319
0.001318
0.001317
0.001316
0.001314
0.001313
0.001312
