0.733814
0.097443
0.040570
0.019845
0.012443
0.009324
0.007709
0.006655
0.005924
0.005387
0.004964
0.004621
0.004343
0.004111
0.003942
0.003809
0.003690
0.003590
0.003504
0.003434
0.003371
0.003298
0.003222
0.003143
0.003065
0.002987
0.002908
0.002827
0.002745
0.002660
0.002574
0.002487
0.002398
0.002305
0.002209
0.002114
0.002024
0.001938
0.001858
0.001784
0.001718
0.001662
0.001616
0.001577
0.001543
0.001514
0.001487
0.001464
0.001442
0.001423
0.001406
0.001390
0.001375
0.001362
0.001350
0.001338
0.001328
0.001319
0.001310
0.001301
0.001294
0.001286
0.001280
0.001273
0.001267
0.001261
0.001256
0.001251
0.001246
0.001242
0.001237
0.001233
0.001229
0.001225
0.001222
0.001218
0.001215
0.001212
0.001209
0.001206
0.001203
0.001201
0.001198
0.001196
0.001193
0.001191
0.001189
0.001187
0.001185
0.001183
0.001181
0.001179
0.001177
0.001176
0.001174
0.001172
0.001171
0.001169
0.001167
0.001166
0.001174
0.001236
0.001266
0.001267
0.001254
0.001238
0.001224
0.001213
0.001205
0.001200
0.001197
0.001194
0.001192
0.001190
0.001188
0.001186
0.001184
0.001183
0.001181
0.001180
0.001179
0.001178
0.001176
0.001175
0.001174
0.001173
0.001172
0.001172
0.001171
0.001170
0.001169
0.001168
0.001168
0.001167
0.001166
0.001165
0.001165
0.001164
0.001164
0.001163
0.001162
0.001162
0.001161
0.001161
0.001160
0.001160
0.001159
0.001159
0.001158
0.001158
0.001157
0.001157
0.001156
0.001156
0.001155
0.001155
0.001154
0.001154
0.001153
0.001153
0.001152
0.001152
0.001151
0.001151
0.001150
0.001150
0.001150
0.001149
0.001149
0.001148
0.001148
0.001147
0.001147
0.001146
0.001146
0.001146
0.001145
0.001145
0.001144
0.001144
0.001143
0.001143
0.001142
0.001142
0.001142
0.001141
0.001141
0.001140
0.001140
0.001139
0.001139
0.001138
0.001138
0.001137
0.001137
0.001136
0.001136
0.001136
0.001135
0.001135
0.001059
0.001048
0.001037
0.001035
0.001036
0.001036
0.001035
0.001035
0.001035
0.001035
0.001034
0.001034
0.001034
0.001034
0.001033
0.001033
0.001033
0.001033
0.001033
0.001032
0.001032
0.001032
0.001032
0.001031
0.001031
0.001031
0.001031
0.001031
0.001030
0.001030
0.001030
0.001030
0.001030
0.001029
0.001029
0.001029
0.001029
0.001029
0.001028
0.001028
0.001028
0.001028
0.001028
0.001028
0.001027
0.001027
0.001027
0.001027
0.001027
0.001027
0.001026
0.001026
0.001026
0.001026
0.001026
0.001026
0.001025
0.001025
0.001025
0.001025
0.001025
0.001025
0.001025
0.001025
0.001024
0.001024
0.001024
0.001024
0.001024
0.001024
0.001024
0.001024
0.001023
0.001023
0.001023
0.001023
0.001023
0.001023
0.001023
0.001023
0.001023
0.001022
0.001022
0.001022
0.001022
0.001022
0.001022
0.001022
0.001021
0.001021
0.001021
0.001021
0.001021
0.001021
0.001021
0.001020
0.001020
0.001020
0.001020
0.001020
0.000993
0.000998
0.001000
0.001000
0.000999
0.000998
0.000997
0.000997
0.000997
0.000997
0.000996
0.000996
0.000996
0.000995
0.000995
0.000995
0.000995
0.000994
0.000994
0.000994
0.000994
0.000993
0.000993
0.000993
0.000993
0.000992
0.000992
0.000992
0.000992
0.000991
0.000991
0.000991
0.000991
0.000990
0.000990
0.000990
0.000990
0.000989
0.000989
0.000989
0.000989
0.000989
0.000988
0.000988
0.000988
0.000988
0.000987
0.000987
0.000987
0.000987
0.000987
0.000986
0.000986
0.000986
0.000986
0.000985
0.000985
0.000985
0.000985
0.000985
0.000984
0.000984
0.000984
0.000984
0.000983
0.000983
0.000983
0.000983
0.000983
0.000982
0.000982
0.000982
0.000982
0.000981
0.000981
0.000981
0.000981
0.000981
0.000980
0.000980
0.000980
0.000980
0.000979
0.000979
0.000979
0.000979
0.000978
0.000978
0.000978
0.000978
0.000978
0.000977
0.000977
0.000977
0.000977
0.000976
0.000976
0.000976
0.000976
0.000975
0.000966
0.000972
0.000976
0.000978
0.000979
0.000979
0.000978
0.000978
0.000978
0.000978
0.000978
0.000977
0.000977
0.000977
0.000977
0.000977
0.000977
0.000977
0.000976
0.000976
0.000976
0.000976
0.000976
0.000976
0.000976
0.000975
0.000975
0.000975
0.000975
0.000975
0.000975
0.000975
0.000974
0.000974
0.000974
0.000974
0.000974
0.000974
0.000974
0.000974
0.000973
0.000973
0.000973
0.000973
0.000973
0.000973
0.000973
0.000972
0.000972
0.000972
0.000972
0.000972
0.000972
0.000972
0.000971
0.000971
0.000971
0.000971
0.000971
0.000971
0.000971
0.000970
0.000970
0.000970
0.000970
0.000970
0.000970
0.000970
0.000969
0.000969
0.000969
0.000969
0.000969
0.000969
0.000969
0.000968
0.000968
0.000968
0.000968
0.000968
0.000968
0.000968
0.000968
0.000967
0.000967
0.000967
0.000967
0.000967
0.000967
0.000967
0.000966
0.000966
0.000966
0.000966
0.000966
0.000966
0.000966
0.000965
0.000965
0.000965
