0.396226
0.073528
0.033653
0.021951
0.016713
0.013693
0.011662
0.010188
0.009052
0.008133
0.007365
0.006705
0.006125
0.005605
0.005141
0.004726
0.004355
0.004028
0.003739
0.003482
0.003253
0.003048
0.002865
0.002701
0.002554
0.002421
0.002301
0.002192
0.002093
0.002003
0.001922
0.001848
0.001781
0.001719
0.001664
0.001613
0.001568
0.001527
0.001489
0.001455
0.001425
0.001397
0.001371
0.001348
0.001327
0.001308
0.001290
0.001273
0.001258
0.001244
0.001231
0.001218
0.001207
0.001196
0.001186
0.001176
0.001167
0.001159
0.001150
0.001142
0.001135
0.001127
0.001120
0.001113
0.001105
0.001098
0.001091
0.001083
0.001074
0.001063
0.001050
0.001032
0.001009
0.000977
0.000940
0.000903
0.000867
0.000834
0.000805
0.000780
0.000753
0.000726
0.000701
0.000680
0.000661
0.000644
0.000627
0.000612
0.000598
0.000585
0.000573
0.000561
0.000549
0.000539
0.000529
0.000520
0.000512
0.000503
0.000495
0.000487
0.000479
0.000477
0.000464
0.000458
0.000457
0.000456
0.000454
0.000452
0.000450
0.000448
0.000446
0.000445
0.000443
0.000442
0.000440
0.000439
0.000437
0.000436
0.000435
0.000433
0.000432
0.000431
0.000430
0.000429
0.000428
0.000426
0.000425
0.000424
0.000422
0.000421
0.000420
0.000418
0.000417
0.000415
0.000414
0.000412
0.000411
0.000409
0.000407
0.000405
0.000404
0.000403
0.000401
0.000400
0.000399
0.000397
0.000396
0.000395
0.000394
0.000393
0.000392
0.000391
0.000390
0.000389
0.000388
0.000387
0.000387
0.000386
0.000385
0.000385
0.000384
0.000383
0.000383
0.000383
0.000382
0.000381
0.000381
0.000380
0.000380
0.000379
0.000379
0.000378
0.000378
0.000377
0.000377
0.000376
0.000376
0.000375
0.000374
0.000374
0.000373
0.000373
0.000372
0.000371
0.000371
0.000371
0.000370
0.000370
0.000369
0.000369
0.000369
0.000368
0.000368
0.000367
0.000366
0.000366
0.000365
0.000365
0.000365
0.000364
0.000361
0.000357
0.000356
0.000357
0.000356
0.000355
0.000355
0.000355
0.000355
0.000355
0.000355
0.000355
0.000355
0.000355
0.000354
0.000354
0.000354
0.000354
0.000354
0.000354
0.000353
0.000353
0.000353
0.000353
0.000352
0.000352
0.000352
0.000351
0.000351
0.000351
0.000351
0.000350
0.000350
0.000350
0.000349
0.000349
0.000349
0.000349
0.000348
0.000348
0.000348
0.000348
0.000347
0.000347
0.000347
0.000347
0.000347
0.000346
0.000346
0.000346
0.000346
0.000346
0.000346
0.000345
0.000345
0.000345
0.000345
0.000345
0.000345
0.000345
0.000345
0.000344
0.000344
0.000344
0.000344
0.000344
0.000344
0.000344
0.000344
0.000344
0.000343
0.000343
0.000343
0.000343
0.000343
0.000342
0.000342
0.000342
0.000342
0.000342
0.000341
0.000341
0.000341
0.000341
0.000340
0.000340
0.000340
0.000340
0.000340
0.000340
0.000339
0.000339
0.000339
0.000339
0.000339
0.000339
0.000339
0.000338
0.000338
0.000338
0.000336
0.000336
0.000336
0.000336
0.000335
0.000335
0.000335
0.000335
0.000335
0.000335
0.000335
0.000335
0.000335
0.000335
0.000335
0.000335
0.000335
0.000335
0.000335
0.000336
0.000336
0.000336
0.000336
0.000336
0.000336
0.000336
0.000336
0.000336
0.000336
0.000336
0.000336
0.000336
0.000336
0.000336
0.000336
0.000336
0.000336
0.000336
0.000336
0.000336
0.000336
0.000336
0.000336
0.000336
0.000336
0.000336
0.000336
0.000336
0.000336
0.000336
0.000336
0.000336
0.000336
0.000336
0.000336
0.000335
0.000335
0.000335
0.000335
0.000335
0.000335
0.000335
0.000335
0.000335
0.000335
0.000335
0.000335
0.000335
0.000335
0.000334
0.000334
0.000334
0.000334
0.000334
0.000334
0.000334
0.000334
0.000334
0.000333
0.000333
0.000333
0.000333
0.000333
0.000333
0.000332
0.000332
0.000332
0.000332
0.000332
0.000332
0.000331
0.000331
0.000331
0.000331
0.000331
0.000331
0.000330
0.000330
0.000330
0.000330
0.000329
0.000327
0.000327
0.000327
0.000327
0.000327
0.000327
0.000327
0.000327
0.000327
0.000327
0.000327
0.000327
0.000327
0.000327
0.000327
0.000327
0.000327
0.000326
0.000326
0.000326
0.000326
0.000326
0.000326
0.000326
0.000326
0.000326
0.000326
0.000326
0.000326
0.000326
0.000326
0.000326
0.000326
0.000326
0.000326
0.000326
0.000326
0.000326
0.000326
0.000326
0.000326
0.000326
0.000326
0.000326
0.000326
0.000326
0.000326
0.000326
0.000326
0.000326
0.000326
0.000326
0.000326
0.000326
0.000326
0.000326
0.000326
0.000326
0.000326
0.000326
0.000326
0.000326
0.000326
0.000326
0.000326
0.000326
0.000326
0.000326
0.000326
0.000326
0.000326
0.000326
0.000326
0.000326
0.000326
0.000326
0.000326
0.000326
0.000326
0.000326
0.000326
0.000326
0.000326
0.000326
0.000326
0.000326
0.000326
0.000326
0.000326
0.000326
0.000326
0.000326
0.000326
0.000326
0.000326
0.000326
0.000326
0.000326
0.000326
