0.347638
0.056423
0.026246
0.016478
0.012740
0.010798
0.009869
0.009141
0.008496
0.007891
0.007307
0.006765
0.006272
0.005827
0.005425
0.005065
0.004745
0.004458
0.004199
0.003965
0.003755
0.003567
0.003398
0.003247
0.003112
0.002989
0.002878
0.002777
0.002686
0.002601
0.002521
0.002445
0.002370
0.002298
0.002228
0.002160
0.002093
0.002029
0.001968
0.001909
0.001853
0.001798
0.001746
0.001697
0.001652
0.001609
0.001570
0.001533
0.001499
0.001467
0.001438
0.001410
0.001384
0.001360
0.001336
0.001314
0.001293
0.001272
0.001253
0.001234
0.001216
0.001198
0.001181
0.001166
0.001150
0.001136
0.001122
0.001109
0.001096
0.001084
0.001072
0.001060
0.001049
0.001039
0.001028
0.001019
0.001010
0.001001
0.000993
0.000985
0.000977
0.000970
0.000962
0.000955
0.000948
0.000941
0.000933
0.000926
0.000918
0.000909
0.000900
0.000891
0.000882
0.000872
0.000863
0.000853
0.000843
0.000833
0.000823
0.000814
0.000790
0.000813
0.000824
0.000819
0.000810
0.000803
0.000799
0.000794
0.000789
0.000784
0.000779
0.000774
0.000769
0.000764
0.000758
0.000753
0.000748
0.000743
0.000738
0.000733
0.000728
0.000723
0.000718
0.000713
0.000708
0.000704
0.000699
0.000694
0.000690
0.000685
0.000681
0.000677
0.000672
0.000668
0.000664
0.000660
0.000656
0.000652
0.000648
0.000644
0.000640
0.000636
0.000632
0.000629
0.000625
0.000621
0.000617
0.000614
0.000610
0.000607
0.000603
0.000600
0.000596
0.000593
0.000590
0.000586
0.000583
0.000580
0.000577
0.000573
0.000570
0.000567
0.000564
0.000561
0.000558
0.000555
0.000552
0.000549
0.000547
0.000544
0.000541
0.000538
0.000536
0.000533
0.000531
0.000528
0.000526
0.000523
0.000521
0.000519
0.000516
0.000514
0.000512
0.000510
0.000508
0.000506
0.000504
0.000502
0.000500
0.000498
0.000496
0.000494
0.000492
0.000490
0.000488
0.000486
0.000484
0.000482
0.000480
0.000478
0.000467
0.000474
0.000480
0.000480
0.000480
0.000478
0.000477
0.000476
0.000474
0.000473
0.000472
0.000470
0.000469
0.000468
0.000466
0.000465
0.000464
0.000462
0.000461
0.000460
0.000458
0.000457
0.000456
0.000454
0.000453
0.000452
0.000450
0.000449
0.000448
0.000447
0.000445
0.000444
0.000443
0.000442
0.000441
0.000440
0.000438
0.000437
0.000436
0.000435
0.000434
0.000433
0.000432
0.000431
0.000430
0.000429
0.000428
0.000427
0.000426
0.000425
0.000424
0.000423
0.000422
0.000422
0.000421
0.000420
0.000419
0.000418
0.000417
0.000416
0.000416
0.000415
0.000414
0.000413
0.000412
0.000412
0.000411
0.000410
0.000409
0.000409
0.000408
0.000407
0.000406
0.000406
0.000405
0.000404
0.000403
0.000403
0.000402
0.000401
0.000401
0.000400
0.000399
0.000399
0.000398
0.000397
0.000397
0.000396
0.000396
0.000395
0.000394
0.000394
0.000393
0.000393
0.000392
0.000392
0.000391
0.000390
0.000390
0.000389
0.000388
0.000394
0.000397
0.000397
0.000397
0.000396
0.000396
0.000396
0.000395
0.000395
0.000395
0.000394
0.000394
0.000394
0.000393
0.000393
0.000393
0.000392
0.000392
0.000392
0.000391
0.000391
0.000391
0.000391
0.000390
0.000390
0.000390
0.000389
0.000389
0.000389
0.000389
0.000388
0.000388
0.000388
0.000387
0.000387
0.000387
0.000387
0.000386
0.000386
0.000386
0.000385
0.000385
0.000385
0.000385
0.000384
0.000384
0.000384
0.000383
0.000383
0.000383
0.000383
0.000382
0.000382
0.000382
0.000382
0.000381
0.000381
0.000381
0.000381
0.000380
0.000380
0.000380
0.000379
0.000379
0.000379
0.000379
0.000378
0.000378
0.000378
0.000377
0.000377
0.000377
0.000377
0.000376
0.000376
0.000376
0.000376
0.000375
0.000375
0.000375
0.000375
0.000374
0.000374
0.000374
0.000374
0.000373
0.000373
0.000373
0.000373
0.000373
0.000372
0.000372
0.000372
0.000372
0.000371
0.000371
0.000371
0.000371
0.000370
0.000364
0.000363
0.000360
0.000359
0.000359
0.000359
0.000359
0.000359
0.000359
0.000359
0.000359
0.000358
0.000358
0.000358
0.000358
0.000358
0.000358
0.000358
0.000358
0.000358
0.000358
0.000357
0.000357
0.000357
0.000357
0.000357
0.000357
0.000357
0.000357
0.000357
0.000357
0.000356
0.000356
0.000356
0.000356
0.000356
0.000356
0.000356
0.000356
0.000356
0.000356
0.000356
0.000355
0.000355
0.000355
0.000355
0.000355
0.000355
0.000355
0.000355
0.000355
0.000355
0.000354
0.000354
0.000354
0.000354
0.000354
0.000354
0.000354
0.000354
0.000354
0.000354
0.000354
0.000353
0.000353
0.000353
0.000353
0.000353
0.000353
0.000353
0.000353
0.000353
0.000353
0.000352
0.000352
0.000352
0.000352
0.000352
0.000352
0.000352
0.000352
0.000352
0.000352
0.000352
0.000351
0.000351
0.000351
0.000351
0.000351
0.000351
0.000351
0.000351
0.000351
0.000351
0.000350
0.000350
0.000350
0.000350
0.000350
0.000350
