1.347602
0.450309
0.124098
0.058251
0.044344
0.035021
0.028699
0.024560
0.021439
0.019013
0.017098
0.015566
0.014323
0.013304
0.012462
0.011760
0.011171
0.010671
0.010243
0.009872
0.009546
0.009257
0.008997
0.008760
0.008540
0.008336
0.008144
0.007961
0.007787
0.007619
0.007458
0.007303
0.007152
0.007007
0.006866
0.006730
0.006598
0.006470
0.006348
0.006229
0.006115
0.006006
0.005901
0.005802
0.005707
0.005618
0.005532
0.005451
0.005374
0.005298
0.005224
0.005150
0.005075
0.004999
0.004921
0.004841
0.004759
0.004677
0.004595
0.004514
0.004434
0.004357
0.004284
0.004214
0.004149
0.004087
0.004028
0.003972
0.003918
0.003866
0.003816
0.003767
0.003721
0.003676
0.003632
0.003590
0.003549
0.003509
0.003470
0.003433
0.003397
0.003361
0.003327
0.003294
0.003261
0.003230
0.003200
0.003171
0.003143
0.003116
0.003091
0.003067
0.003044
0.003023
0.003003
0.002983
0.002965
0.002946
0.002927
0.002907
0.002806
0.002836
0.002870
0.002881
0.002878
0.002869
0.002858
0.002847
0.002837
0.002826
0.002816
0.002805
0.002795
0.002785
0.002775
0.002764
0.002754
0.002744
0.002734
0.002723
0.002713
0.002703
0.002693
0.002682
0.002672
0.002662
0.002651
0.002641
0.002630
0.002620
0.002610
0.002599
0.002588
0.002578
0.002567
0.002556
0.002546
0.002535
0.002524
0.002514
0.002503
0.002492
0.002481
0.002470
0.002460
0.002449
0.002438
0.002428
0.002417
0.002406
0.002396
0.002385
0.002374
0.002364
0.002353
0.002343
0.002333
0.002322
0.002312
0.002302
0.002292
0.002281
0.002271
0.002261
0.002251
0.002241
0.002232
0.002222
0.002212
0.002202
0.002193
0.002183
0.002173
0.002164
0.002154
0.002145
0.002136
0.002126
0.002117
0.002108
0.002099
0.002090
0.002081
0.002072
0.002063
0.002054
0.002045
0.002036
0.002028
0.002019
0.002011
0.002002
0.001994
0.001985
0.001977
0.001969
0.001960
0.001952
0.001944
0.001936
0.001803
0.001769
0.001759
0.001756
0.001750
0.001746
0.001742
0.001738
0.001734
0.001730
0.001727
0.001723
0.001719
0.001715
0.001711
0.001707
0.001703
0.001699
0.001695
0.001691
0.001687
0.001683
0.001680
0.001676
0.001672
0.001668
0.001664
0.001660
0.001657
0.001653
0.001649
0.001645
0.001642
0.001638
0.001634
0.001631
0.001627
0.001623
0.001620
0.001616
0.001612
0.001609
0.001605
0.001602
0.001598
0.001595
0.001591
0.001588
0.001584
0.001581
0.001577
0.001574
0.001571
0.001567
0.001564
0.001561
0.001557
0.001554
0.001551
0.001548
0.001544
0.001541
0.001538
0.001535
0.001532
0.001529
0.001526
0.001523
0.001519
0.001516
0.001513
0.001510
0.001507
0.001504
0.001501
0.001498
0.001496
0.001493
0.001490
0.001487
0.001484
0.001481
0.001478
0.001475
0.001472
0.001469
0.001467
0.001464
0.001461
0.001458
0.001455
0.001452
0.001450
0.001447
0.001444
0.001441
0.001439
0.001436
0.001433
0.001430
0.001386
0.001386
0.001384
0.001380
0.001378
0.001376
0.001375
0.001373
0.001371
0.001370
0.001368
0.001367
0.001365
0.001363
0.001362
0.001360
0.001359
0.001357
0.001356
0.001354
0.001352
0.001351
0.001349
0.001348
0.001346
0.001345
0.001343
0.001341
0.001340
0.001338
0.001337
0.001335
0.001334
0.001332
0.001331
0.001329
0.001328
0.001326
0.001325
0.001323
0.001322
0.001320
0.001319
0.001317
0.001316
0.001314
0.001313
0.001311
0.001310
0.001308
0.001307
0.001305
0.001304
0.001302
0.001301
0.001299
0.001298
0.001296
0.001295
0.001293
0.001292
0.001291
0.001289
0.001288
0.001286
0.001285
0.001284
0.001282
0.001281
0.001279
0.001278
0.001277
0.001275
0.001274
0.001272
0.001271
0.001270
0.001268
0.001267
0.001266
0.001264
0.001263
0.001261
0.001260
0.001259
0.001257
0.001256
0.001255
0.001253
0.001252
0.001251
0.001250
0.001248
0.001247
0.001246
0.001244
0.001243
0.001242
0.001241
0.001239
0.001227
0.001233
0.001239
0.001242
0.001243
0.001243
0.001242
0.001241
0.001241
0.001240
0.001240
0.001239
0.001238
0.001238
0.001237
0.001236
0.001236
0.001235
0.001235
0.001234
0.001233
0.001233
0.001232
0.001232
0.001231
0.001230
0.001230
0.001229
0.001228
0.001228
0.001227
0.001227
0.001226
0.001225
0.001225
0.001224
0.001223
0.001223
0.001222
0.001222
0.001221
0.001220
0.001220
0.001219
0.001219
0.001218
0.001217
0.001217
0.001216
0.001216
0.001215
0.001214
0.001214
0.001213
0.001213
0.001212
0.001211
0.001211
0.001210
0.001209
0.001209
0.001208
0.001208
0.001207
0.001206
0.001206
0.001205
0.001205
0.001204
0.001204
0.001203
0.001202
0.001202
0.001201
0.001201
0.001200
0.001199
0.001199
0.001198
0.001198
0.001197
0.001196
0.001196
0.001195
0.001195
0.001194
0.001194
0.001193
0.001192
0.001192
0.001191
0.001191
0.001190
0.001190
0.001189
0.001188
0.001188
0.001187
0.001187
0.001186
