0.217461
0.028762
0.012622
0.008104
0.006425
0.005393
0.004709
0.004204
0.003803
0.003463
0.003165
0.002911
0.002690
0.002500
0.002339
0.002201
0.002081
0.001988
0.001906
0.001836
0.001775
0.001719
0.001669
0.001625
0.001583
0.001548
0.001516
0.001485
0.001456
0.001431
0.001409
0.001388
0.001368
0.001349
0.001331
0.001314
0.001299
0.001285
0.001273
0.001259
0.001245
0.001230
0.001216
0.001204
0.001193
0.001179
0.001167
0.001155
0.001144
0.001135
0.001125
0.001116
0.001105
0.001094
0.001081
0.001068
0.001053
0.001038
0.001020
0.001004
0.000986
0.000968
0.000953
0.000932
0.000909
0.000885
0.000860
0.000833
0.000803
0.000771
0.000740
0.000711
0.000686
0.000666
0.000651
0.000636
0.000624
0.000612
0.000602
0.000591
0.000581
0.000570
0.000561
0.000551
0.000543
0.000535
0.000528
0.000521
0.000514
0.000509
0.000505
0.000500
0.000494
0.000488
0.000483
0.000478
0.000473
0.000469
0.000464
0.000459
0.000450
0.000456
0.000455
0.000453
0.000451
0.000449
0.000447
0.000445
0.000443
0.000440
0.000438
0.000436
0.000433
0.000431
0.000428
0.000426
0.000424
0.000421
0.000419
0.000416
0.000414
0.000412
0.000410
0.000408
0.000407
0.000405
0.000403
0.000401
0.000399
0.000397
0.000395
0.000394
0.000392
0.000390
0.000389
0.000388
0.000386
0.000385
0.000383
0.000382
0.000381
0.000380
0.000378
0.000377
0.000376
0.000375
0.000374
0.000373
0.000372
0.000370
0.000369
0.000368
0.000367
0.000366
0.000365
0.000364
0.000363
0.000362
0.000361
0.000360
0.000359
0.000359
0.000358
0.000357
0.000357
0.000356
0.000355
0.000355
0.000354
0.000354
0.000353
0.000353
0.000352
0.000352
0.000351
0.000350
0.000350
0.000349
0.000349
0.000348
0.000347
0.000347
0.000346
0.000346
0.000345
0.000345
0.000344
0.000344
0.000344
0.000343
0.000343
0.000343
0.000342
0.000342
0.000342
0.000341
0.000341
0.000341
0.000341
0.000341
0.000335
0.000338
0.000340
0.000343
0.000344
0.000344
0.000344
0.000344
0.000343
0.000343
0.000343
0.000342
0.000342
0.000342
0.000341
0.000341
0.000341
0.000341
0.000341
0.000341
0.000341
0.000341
0.000341
0.000340
0.000340
0.000340
0.000340
0.000340
0.000340
0.000340
0.000340
0.000340
0.000340
0.000340
0.000340
0.000340
0.000340
0.000340
0.000339
0.000339
0.000339
0.000339
0.000339
0.000339
0.000339
0.000339
0.000339
0.000339
0.000339
0.000338
0.000338
0.000338
0.000338
0.000338
0.000338
0.000338
0.000337
0.000337
0.000337
0.000337
0.000337
0.000337
0.000336
0.000336
0.000336
0.000336
0.000336
0.000336
0.000335
0.000335
0.000335
0.000335
0.000334
0.000334
0.000334
0.000333
0.000333
0.000333
0.000333
0.000332
0.000332
0.000332
0.000331
0.000331
0.000331
0.000331
0.000330
0.000330
0.000330
0.000330
0.000329
0.000329
0.000329
0.000328
0.000328
0.000327
0.000327
0.000327
0.000326
0.000326
0.000321
0.000316
0.000316
0.000315
0.000315
0.000315
0.000315
0.000315
0.000315
0.000315
0.000315
0.000315
0.000315
0.000315
0.000315
0.000315
0.000315
0.000315
0.000315
0.000315
0.000315
0.000315
0.000315
0.000315
0.000315
0.000315
0.000315
0.000315
0.000315
0.000315
0.000315
0.000315
0.000315
0.000315
0.000315
0.000315
0.000315
0.000315
0.000315
0.000315
0.000315
0.000315
0.000315
0.000315
0.000315
0.000315
0.000315
0.000315
0.000315
0.000315
0.000315
0.000315
0.000315
0.000315
0.000315
0.000315
0.000315
0.000315
0.000315
0.000315
0.000315
0.000315
0.000315
0.000315
0.000316
0.000316
0.000316
0.000316
0.000316
0.000316
0.000316
0.000316
0.000316
0.000316
0.000316
0.000316
0.000316
0.000316
0.000316
0.000316
0.000316
0.000316
0.000316
0.000316
0.000316
0.000316
0.000316
0.000316
0.000316
0.000316
0.000316
0.000316
0.000316
0.000316
0.000316
0.000316
0.000316
0.000316
0.000316
0.000316
0.000311
0.000310
0.000309
0.000309
0.000309
0.000309
0.000309
0.000309
0.000309
0.000309
0.000309
0.000309
0.000309
0.000309
0.000309
0.000309
0.000308
0.000308
0.000308
0.000308
0.000308
0.000308
0.000308
0.000308
0.000308
0.000308
0.000308
0.000308
0.000308
0.000308
0.000308
0.000308
0.000308
0.000308
0.000308
0.000308
0.000308
0.000308
0.000308
0.000308
0.000308
0.000308
0.000308
0.000308
0.000308
0.000308
0.000308
0.000308
0.000308
0.000308
0.000308
0.000308
0.000308
0.000308
0.000308
0.000308
0.000308
0.000308
0.000308
0.000308
0.000308
0.000308
0.000308
0.000308
0.000308
0.000308
0.000308
0.000308
0.000307
0.000307
0.000307
0.000307
0.000307
0.000307
0.000307
0.000307
0.000307
0.000307
0.000307
0.000307
0.000307
0.000307
0.000307
0.000307
0.000307
0.000307
0.000307
0.000307
0.000307
0.000307
0.000307
0.000307
0.000307
0.000307
0.000307
0.000307
0.000307
0.000307
0.000307
0.000307
