0.421404
0.059370
0.027995
0.015808
0.010697
0.008044
0.006306
0.005136
0.004332
0.003710
0.003247
0.002916
0.002656
0.002440
0.002263
0.002117
0.001996
0.001892
0.001803
0.001725
0.001660
0.001602
0.001551
0.001507
0.001468
0.001434
0.001404
0.001375
0.001348
0.001321
0.001296
0.001273
0.001251
0.001230
0.001209
0.001191
0.001173
0.001157
0.001141
0.001125
0.001110
0.001095
0.001081
0.001067
0.001053
0.001040
0.001027
0.001014
0.001001
0.000987
0.000974
0.000961
0.000948
0.000934
0.000921
0.000907
0.000893
0.000879
0.000865
0.000848
0.000832
0.000814
0.000796
0.000777
0.000757
0.000737
0.000716
0.000695
0.000675
0.000655
0.000634
0.000614
0.000596
0.000581
0.000566
0.000553
0.000542
0.000534
0.000525
0.000517
0.000509
0.000504
0.000497
0.000488
0.000479
0.000473
0.000470
0.000463
0.000456
0.000452
0.000449
0.000446
0.000442
0.000438
0.000435
0.000430
0.000426
0.000423
0.000420
0.000419
0.000403
0.000399
0.000394
0.000394
0.000392
0.000391
0.000390
0.000389
0.000388
0.000387
0.000386
0.000385
0.000384
0.000383
0.000382
0.000382
0.000381
0.000380
0.000380
0.000379
0.000378
0.000378
0.000377
0.000377
0.000376
0.000376
0.000376
0.000375
0.000375
0.000375
0.000374
0.000374
0.000374
0.000374
0.000374
0.000373
0.000373
0.000373
0.000373
0.000373
0.000373
0.000373
0.000373
0.000373
0.000373
0.000373
0.000373
0.000373
0.000373
0.000372
0.000372
0.000372
0.000371
0.000371
0.000371
0.000371
0.000371
0.000371
0.000371
0.000370
0.000370
0.000370
0.000370
0.000370
0.000369
0.000369
0.000369
0.000369
0.000368
0.000368
0.000368
0.000368
0.000368
0.000368
0.000367
0.000367
0.000367
0.000367
0.000367
0.000366
0.000366
0.000366
0.000366
0.000366
0.000366
0.000365
0.000365
0.000365
0.000364
0.000364
0.000363
0.000363
0.000363
0.000363
0.000362
0.000362
0.000362
0.000361
0.000361
0.000361
0.000353
0.000353
0.000352
0.000351
0.000350
0.000350
0.000349
0.000349
0.000348
0.000348
0.000348
0.000347
0.000347
0.000347
0.000346
0.000346
0.000345
0.000345
0.000344
0.000344
0.000344
0.000343
0.000343
0.000342
0.000342
0.000342
0.000341
0.000341
0.000341
0.000340
0.000340
0.000339
0.000339
0.000339
0.000338
0.000338
0.000338
0.000337
0.000337
0.000337
0.000337
0.000336
0.000336
0.000336
0.000335
0.000335
0.000335
0.000335
0.000335
0.000334
0.000334
0.000334
0.000334
0.000334
0.000334
0.000333
0.000333
0.000333
0.000333
0.000333
0.000333
0.000333
0.000333
0.000332
0.000332
0.000332
0.000332
0.000332
0.000332
0.000332
0.000332
0.000332
0.000332
0.000332
0.000331
0.000331
0.000331
0.000331
0.000331
0.000331
0.000331
0.000331
0.000331
0.000331
0.000331
0.000331
0.000331
0.000331
0.000331
0.000331
0.000331
0.000331
0.000331
0.000331
0.000331
0.000331
0.000331
0.000331
0.000331
0.000331
0.000329
0.000333
0.000335
0.000333
0.000332
0.000332
0.000332
0.000332
0.000332
0.000332
0.000332
0.000332
0.000332
0.000332
0.000332
0.000332
0.000332
0.000332
0.000332
0.000331
0.000331
0.000331
0.000331
0.000331
0.000331
0.000331
0.000331
0.000331
0.000331
0.000331
0.000331
0.000331
0.000331
0.000331
0.000331
0.000331
0.000331
0.000331
0.000331
0.000331
0.000331
0.000331
0.000331
0.000331
0.000331
0.000331
0.000331
0.000331
0.000330
0.000330
0.000330
0.000330
0.000330
0.000330
0.000330
0.000330
0.000330
0.000330
0.000330
0.000330
0.000330
0.000330
0.000330
0.000330
0.000330
0.000330
0.000330
0.000330
0.000330
0.000330
0.000330
0.000330
0.000330
0.000329
0.000329
0.000329
0.000329
0.000329
0.000329
0.000329
0.000329
0.000329
0.000329
0.000329
0.000329
0.000329
0.000329
0.000329
0.000329
0.000329
0.000329
0.000329
0.000329
0.000329
0.000329
0.000329
0.000329
0.000329
0.000329
0.000329
0.000322
0.000321
0.000320
0.000319
0.000319
0.000319
0.000319
0.000319
0.000319
0.000319
0.000319
0.000319
0.000319
0.000319
0.000319
0.000319
0.000319
0.000319
0.000319
0.000319
0.000319
0.000319
0.000319
0.000319
0.000319
0.000319
0.000319
0.000319
0.000319
0.000319
0.000319
0.000319
0.000319
0.000319
0.000319
0.000319
0.000319
0.000319
0.000319
0.000319
0.000319
0.000319
0.000319
0.000319
0.000319
0.000319
0.000319
0.000319
0.000319
0.000319
0.000319
0.000319
0.000319
0.000319
0.000319
0.000319
0.000319
0.000319
0.000319
0.000319
0.000319
0.000319
0.000319
0.000319
0.000319
0.000319
0.000319
0.000319
0.000319
0.000319
0.000319
0.000319
0.000319
0.000319
0.000319
0.000319
0.000319
0.000319
0.000319
0.000319
0.000319
0.000319
0.000319
0.000319
0.000319
0.000319
0.000319
0.000319
0.000319
0.000319
0.000319
0.000319
0.000319
0.000319
0.000319
0.000319
0.000319
0.000319
0.000319
0.000319
