0.162486
0.042430
0.025303
0.016910
0.009563
0.006331
0.004938
0.004124
0.003567
0.003192
0.002932
0.002745
0.002606
0.002499
0.002414
0.002345
0.002287
0.002237
0.002194
0.002157
0.002125
0.002023
0.001779
0.001628
0.001525
0.001455
0.001397
0.001352
0.001316
0.001283
0.001254
0.001227
0.001204
0.001183
0.001164
0.001148
0.001133
0.001120
0.001109
0.001097
0.001085
0.001075
0.001065
0.001057
0.001050
0.001041
0.001034
0.001027
0.001021
0.001015
0.001008
0.001002
0.000995
0.000989
0.000983
0.000976
0.000970
0.000964
0.000958
0.000953
0.000948
0.000944
0.000940
0.000936
0.000932
0.000929
0.000926
0.000923
0.000920
0.000918
0.000916
0.000914
0.000912
0.000910
0.000908
0.000907
0.000905
0.000903
0.000902
0.000901
0.000900
0.000898
0.000896
0.000894
0.000893
0.000891
0.000890
0.000889
0.000888
0.000887
0.000886
0.000885
0.000884
0.000884
0.000883
0.000882
0.000882
0.000881
0.000880
0.000880
0.000872
0.000872
0.000871
0.000870
0.000870
0.000870
0.000869
0.000869
0.000869
0.000868
0.000868
0.000867
0.000867
0.000867
0.000867
0.000866
0.000866
0.000866
0.000865
0.000865
0.000864
0.000864
0.000864
0.000863
0.000863
0.000863
0.000863
0.000862
0.000862
0.000862
0.000861
0.000861
0.000861
0.000860
0.000860
0.000860
0.000860
0.000860
0.000860
0.000859
0.000859
0.000859
0.000859
0.000859
0.000858
0.000858
0.000858
0.000858
0.000858
0.000858
0.000858
0.000858
0.000857
0.000857
0.000857
0.000857
0.000857
0.000857
0.000857
0.000857
0.000857
0.000856
0.000856
0.000856
0.000856
0.000856
0.000856
0.000856
0.000856
0.000856
0.000856
0.000856
0.000856
0.000856
0.000856
0.000856
0.000856
0.000856
0.000856
0.000856
0.000856
0.000856
0.000856
0.000856
0.000855
0.000855
0.000855
0.000855
0.000855
0.000855
0.000855
0.000855
0.000855
0.000855
0.000855
0.000855
0.000855
0.000855
0.000855
0.000855
0.000852
0.000853
0.000853
0.000852
0.000852
0.000853
0.000853
0.000853
0.000853
0.000853
0.000853
0.000853
0.000853
0.000853
0.000853
0.000853
0.000853
0.000853
0.000853
0.000853
0.000853
0.000853
0.000853
0.000853
0.000853
0.000853
0.000853
0.000853
0.000853
0.000853
0.000853
0.000853
0.000853
0.000853
0.000853
0.000853
0.000853
0.000853
0.000853
0.000853
0.000853
0.000853
0.000853
0.000853
0.000853
0.000853
0.000853
0.000853
0.000853
0.000853
0.000853
0.000853
0.000853
0.000853
0.000853
0.000853
0.000853
0.000853
0.000853
0.000853
0.000853
0.000853
0.000853
0.000853
0.000853
0.000853
0.000853
0.000853
0.000853
0.000852
0.000852
0.000852
0.000852
0.000852
0.000852
0.000852
0.000852
0.000852
0.000852
0.000852
0.000852
0.000852
0.000851
0.000851
0.000851
0.000851
0.000851
0.000851
0.000851
0.000851
0.000851
0.000851
0.000851
0.000851
0.000851
0.000851
0.000850
0.000850
0.000850
0.000850
0.000848
0.000846
0.000845
0.000846
0.000845
0.000846
0.000845
0.000845
0.000845
0.000845
0.000845
0.000845
0.000845
0.000845
0.000845
0.000845
0.000845
0.000845
0.000845
0.000845
0.000845
0.000845
0.000845
0.000845
0.000845
0.000845
0.000845
0.000845
0.000845
0.000845
0.000845
0.000845
0.000845
0.000845
0.000845
0.000845
0.000845
0.000845
0.000845
0.000845
0.000845
0.000845
0.000845
0.000845
0.000845
0.000845
0.000845
0.000845
0.000845
0.000845
0.000845
0.000845
0.000845
0.000845
0.000845
0.000845
0.000845
0.000845
0.000845
0.000845
0.000845
0.000845
0.000845
0.000845
0.000845
0.000845
0.000845
0.000845
0.000845
0.000845
0.000845
0.000845
0.000845
0.000845
0.000845
0.000845
0.000845
0.000845
0.000845
0.000845
0.000845
0.000845
0.000845
0.000845
0.000845
0.000845
0.000845
0.000845
0.000845
0.000845
0.000845
0.000845
0.000845
0.000845
0.000845
0.000845
0.000845
0.000845
0.000845
0.000845
0.000844
0.000844
0.000843
0.000843
0.000843
0.000843
0.000843
0.000843
0.000843
0.000843
0.000843
0.000843
0.000843
0.000843
0.000843
0.000843
0.000843
0.000843
0.000843
0.000843
0.000842
0.000842
0.000842
0.000842
0.000842
0.000842
0.000842
0.000842
0.000842
0.000842
0.000842
0.000842
0.000842
0.000842
0.000842
0.000842
0.000842
0.000842
0.000842
0.000842
0.000842
0.000842
0.000842
0.000842
0.000842
0.000842
0.000842
0.000842
0.000842
0.000842
0.000842
0.000842
0.000842
0.000842
0.000842
0.000842
0.000842
0.000842
0.000842
0.000842
0.000842
0.000842
0.000842
0.000842
0.000842
0.000842
0.000841
0.000841
0.000841
0.000841
0.000841
0.000841
0.000841
0.000841
0.000841
0.000841
0.000841
0.000841
0.000841
0.000841
0.000841
0.000841
0.000841
0.000841
0.000841
0.000841
0.000841
0.000841
0.000841
0.000841
0.000841
0.000841
0.000841
0.000841
0.000841
0.000841
0.000841
0.000841
0.000841
0.000841
