0.385521
0.069392
0.029828
0.018636
0.015007
0.011836
0.009373
0.007411
0.005925
0.004820
0.004041
0.003504
0.003136
0.002879
0.002692
0.002548
0.002433
0.002338
0.002259
0.002191
0.002135
0.002087
0.002046
0.002012
0.001983
0.001959
0.001939
0.001921
0.001907
0.001894
0.001884
0.001875
0.001868
0.001861
0.001856
0.001851
0.001846
0.001842
0.001837
0.001832
0.001824
0.001811
0.001784
0.001728
0.001677
0.001622
0.001563
0.001509
0.001465
0.001432
0.001405
0.001382
0.001361
0.001342
0.001324
0.001307
0.001290
0.001275
0.001261
0.001247
0.001234
0.001221
0.001209
0.001197
0.001187
0.001176
0.001166
0.001157
0.001148
0.001139
0.001130
0.001122
0.001114
0.001106
0.001099
0.001092
0.001085
0.001079
0.001073
0.001067
0.001061
0.001055
0.001049
0.001044
0.001039
0.001034
0.001029
0.001024
0.001019
0.001015
0.001012
0.001008
0.001004
0.001000
0.000996
0.000993
0.000989
0.000985
0.000982
0.000979
0.000971
0.000967
0.000966
0.000964
0.000963
0.000961
0.000959
0.000958
0.000956
0.000955
0.000953
0.000952
0.000950
0.000949
0.000947
0.000946
0.000944
0.000943
0.000941
0.000940
0.000939
0.000937
0.000936
0.000934
0.000933
0.000932
0.000931
0.000929
0.000928
0.000927
0.000925
0.000924
0.000923
0.000922
0.000921
0.000919
0.000918
0.000917
0.000916
0.000915
0.000914
0.000913
0.000912
0.000911
0.000910
0.000909
0.000908
0.000907
0.000906
0.000905
0.000904
0.000903
0.000902
0.000901
0.000900
0.000899
0.000898
0.000897
0.000896
0.000896
0.000895
0.000894
0.000893
0.000892
0.000891
0.000891
0.000890
0.000889
0.000888
0.000887
0.000886
0.000886
0.000885
0.000884
0.000883
0.000883
0.000882
0.000881
0.000881
0.000880
0.000879
0.000879
0.000878
0.000877
0.000877
0.000876
0.000876
0.000875
0.000874
0.000874
0.000873
0.000873
0.000872
0.000872
0.000871
0.000870
0.000870
0.000869
0.000869
0.000868
0.000866
0.000866
0.000866
0.000865
0.000865
0.000865
0.000864
0.000864
0.000864
0.000863
0.000863
0.000863
0.000862
0.000862
0.000862
0.000862
0.000861
0.000861
0.000861
0.000860
0.000860
0.000860
0.000860
0.000859
0.000859
0.000859
0.000859
0.000858
0.000858
0.000858
0.000857
0.000857
0.000857
0.000857
0.000856
0.000856
0.000856
0.000856
0.000855
0.000855
0.000855
0.000855
0.000854
0.000854
0.000854
0.000853
0.000853
0.000853
0.000853
0.000852
0.000852
0.000852
0.000851
0.000851
0.000851
0.000851
0.000850
0.000850
0.000850
0.000849
0.000849
0.000849
0.000849
0.000848
0.000848
0.000848
0.000848
0.000847
0.000847
0.000847
0.000847
0.000846
0.000846
0.000846
0.000845
0.000845
0.000845
0.000845
0.000844
0.000844
0.000844
0.000843
0.000843
0.000843
0.000842
0.000842
0.000842
0.000841
0.000841
0.000841
0.000840
0.000840
0.000840
0.000839
0.000839
0.000838
0.000838
0.000838
0.000837
0.000837
0.000835
0.000835
0.000834
0.000834
0.000834
0.000834
0.000833
0.000833
0.000833
0.000833
0.000833
0.000832
0.000832
0.000832
0.000832
0.000832
0.000831
0.000831
0.000831
0.000831
0.000830
0.000830
0.000830
0.000830
0.000829
0.000829
0.000829
0.000829
0.000828
0.000828
0.000828
0.000828
0.000827
0.000827
0.000827
0.000827
0.000826
0.000826
0.000826
0.000826
0.000825
0.000825
0.000825
0.000825
0.000824
0.000824
0.000824
0.000824
0.000823
0.000823
0.000823
0.000823
0.000822
0.000822
0.000822
0.000822
0.000822
0.000821
0.000821
0.000821
0.000821
0.000820
0.000820
0.000820
0.000820
0.000820
0.000819
0.000819
0.000819
0.000819
0.000819
0.000818
0.000818
0.000818
0.000818
0.000818
0.000817
0.000817
0.000817
0.000817
0.000816
0.000816
0.000816
0.000816
0.000816
0.000815
0.000815
0.000815
0.000815
0.000815
0.000814
0.000814
0.000814
0.000814
0.000814
0.000813
0.000813
0.000813
0.000813
0.000813
0.000812
0.000813
0.000813
0.000813
0.000813
0.000813
0.000813
0.000813
0.000813
0.000813
0.000813
0.000812
0.000812
0.000812
0.000812
0.000812
0.000812
0.000812
0.000812
0.000812
0.000812
0.000811
0.000811
0.000811
0.000811
0.000811
0.000811
0.000811
0.000811
0.000811
0.000811
0.000810
0.000810
0.000810
0.000810
0.000810
0.000810
0.000810
0.000810
0.000809
0.000809
0.000809
0.000809
0.000809
0.000809
0.000809
0.000809
0.000809
0.000808
0.000808
0.000808
0.000808
0.000808
0.000808
0.000808
0.000808
0.000808
0.000807
0.000807
0.000807
0.000807
0.000807
0.000807
0.000807
0.000807
0.000807
0.000806
0.000806
0.000806
0.000806
0.000806
0.000806
0.000806
0.000806
0.000806
0.000806
0.000805
0.000805
0.000805
0.000805
0.000805
0.000805
0.000805
0.000805
0.000805
0.000804
0.000804
0.000804
0.000804
0.000804
0.000804
0.000804
0.000804
0.000804
0.000803
0.000803
0.000803
0.000803
0.000803
0.000803
