0.038253
0.007235
0.002826
0.002145
0.001841
0.001674
0.001551
0.001457
0.001373
0.001295
0.001227
0.001172
0.001129
0.001093
0.001065
0.001041
0.001020
0.001001
0.000983
0.000966
0.000951
0.000938
0.000928
0.000919
0.000912
0.000905
0.000898
0.000892
0.000887
0.000882
0.000879
0.000876
0.000873
0.000870
0.000868
0.000867
0.000866
0.000864
0.000863
0.000861
0.000858
0.000855
0.000852
0.000849
0.000847
0.000845
0.000843
0.000841
0.000838
0.000836
0.000834
0.000831
0.000829
0.000827
0.000824
0.000821
0.000817
0.000814
0.000811
0.000807
0.000803
0.000799
0.000796
0.000792
0.000789
0.000786
0.000784
0.000782
0.000781
0.000780
0.000779
0.000778
0.000777
0.000776
0.000775
0.000775
0.000774
0.000774
0.000774
0.000773
0.000773
0.000773
0.000773
0.000773
0.000772
0.000773
0.000773
0.000773
0.000773
0.000773
0.000773
0.000773
0.000774
0.000774
0.000773
0.000774
0.000774
0.000774
0.000773
0.000773
0.000760
0.000762
0.000759
0.000759
0.000759
0.000758
0.000759
0.000759
0.000759
0.000759
0.000759
0.000759
0.000759
0.000759
0.000759
0.000759
0.000759
0.000759
0.000759
0.000759
0.000760
0.000760
0.000760
0.000760
0.000760
0.000760
0.000760
0.000760
0.000760
0.000760
0.000760
0.000761
0.000761
0.000761
0.000761
0.000761
0.000761
0.000761
0.000761
0.000761
0.000761
0.000761
0.000761
0.000761
0.000761
0.000761
0.000761
0.000761
0.000761
0.000761
0.000761
0.000761
0.000761
0.000761
0.000761
0.000761
0.000761
0.000761
0.000761
0.000761
0.000761
0.000762
0.000762
0.000762
0.000762
0.000762
0.000762
0.000762
0.000762
0.000762
0.000762
0.000762
0.000762
0.000762
0.000762
0.000762
0.000762
0.000762
0.000762
0.000762
0.000762
0.000761
0.000761
0.000761
0.000761
0.000761
0.000761
0.000761
0.000761
0.000761
0.000760
0.000760
0.000760
0.000760
0.000760
0.000760
0.000760
0.000760
0.000759
0.000759
0.000750
0.000749
0.000749
0.000749
0.000749
0.000749
0.000749
0.000749
0.000749
0.000749
0.000749
0.000749
0.000749
0.000749
0.000749
0.000749
0.000748
0.000748
0.000748
0.000748
0.000748
0.000748
0.000748
0.000748
0.000747
0.000747
0.000747
0.000747
0.000747
0.000747
0.000747
0.000747
0.000746
0.000746
0.000746
0.000746
0.000746
0.000746
0.000746
0.000746
0.000746
0.000746
0.000746
0.000746
0.000746
0.000745
0.000745
0.000745
0.000745
0.000745
0.000745
0.000745
0.000745
0.000745
0.000745
0.000745
0.000745
0.000745
0.000745
0.000745
0.000745
0.000745
0.000745
0.000745
0.000745
0.000745
0.000745
0.000745
0.000745
0.000745
0.000745
0.000745
0.000745
0.000746
0.000746
0.000746
0.000746
0.000746
0.000746
0.000746
0.000746
0.000746
0.000746
0.000746
0.000746
0.000746
0.000746
0.000746
0.000746
0.000746
0.000746
0.000746
0.000746
0.000746
0.000746
0.000746
0.000746
0.000746
0.000747
0.000747
0.000743
0.000743
0.000743
0.000743
0.000743
0.000743
0.000743
0.000743
0.000743
0.000743
0.000743
0.000743
0.000743
0.000743
0.000743
0.000743
0.000743
0.000743
0.000743
0.000743
0.000743
0.000743
0.000743
0.000743
0.000743
0.000743
0.000743
0.000743
0.000743
0.000743
0.000743
0.000743
0.000743
0.000743
0.000744
0.000744
0.000744
0.000744
0.000744
0.000744
0.000744
0.000744
0.000744
0.000744
0.000744
0.000744
0.000744
0.000744
0.000744
0.000744
0.000744
0.000744
0.000744
0.000744
0.000744
0.000744
0.000744
0.000744
0.000744
0.000744
0.000744
0.000744
0.000744
0.000744
0.000744
0.000744
0.000744
0.000744
0.000744
0.000744
0.000744
0.000744
0.000744
0.000744
0.000744
0.000744
0.000744
0.000744
0.000744
0.000744
0.000744
0.000744
0.000744
0.000744
0.000744
0.000744
0.000744
0.000744
0.000744
0.000744
0.000744
0.000744
0.000744
0.000744
0.000744
0.000744
0.000744
0.000744
0.000744
0.000744
0.000742
0.000741
0.000740
0.000740
0.000740
0.000740
0.000740
0.000740
0.000740
0.000740
0.000740
0.000740
0.000740
0.000740
0.000740
0.000740
0.000740
0.000740
0.000740
0.000740
0.000740
0.000740
0.000740
0.000740
0.000740
0.000740
0.000740
0.000740
0.000740
0.000740
0.000740
0.000740
0.000740
0.000740
0.000740
0.000740
0.000740
0.000740
0.000740
0.000740
0.000740
0.000740
0.000740
0.000740
0.000740
0.000740
0.000740
0.000740
0.000740
0.000740
0.000740
0.000740
0.000740
0.000740
0.000740
0.000740
0.000740
0.000740
0.000740
0.000740
0.000740
0.000740
0.000740
0.000740
0.000740
0.000740
0.000740
0.000740
0.000740
0.000740
0.000740
0.000740
0.000740
0.000740
0.000740
0.000740
0.000740
0.000740
0.000740
0.000740
0.000740
0.000740
0.000740
0.000740
0.000740
0.000740
0.000740
0.000740
0.000740
0.000740
0.000740
0.000740
0.000740
0.000740
0.000740
0.000740
0.000740
0.000740
0.000740
0.000740
