0.628702
0.080356
0.020197
0.010698
0.008275
0.007307
0.006613
0.005997
0.005483
0.005044
0.004669
0.004342
0.004054
0.003799
0.003573
0.003371
0.003190
0.003027
0.002879
0.002746
0.002626
0.002518
0.002422
0.002336
0.002260
0.002190
0.002127
0.002070
0.002017
0.001968
0.001923
0.001882
0.001843
0.001807
0.001772
0.001740
0.001709
0.001680
0.001652
0.001626
0.001602
0.001578
0.001556
0.001535
0.001515
0.001495
0.001477
0.001459
0.001442
0.001426
0.001410
0.001395
0.001379
0.001365
0.001350
0.001336
0.001321
0.001307
0.001291
0.001275
0.001257
0.001239
0.001221
0.001202
0.001182
0.001161
0.001140
0.001118
0.001095
0.001072
0.001048
0.001025
0.001001
0.000978
0.000956
0.000934
0.000913
0.000893
0.000875
0.000858
0.000841
0.000826
0.000811
0.000797
0.000783
0.000770
0.000757
0.000744
0.000732
0.000720
0.000708
0.000697
0.000687
0.000677
0.000667
0.000658
0.000650
0.000641
0.000633
0.000625
0.000624
0.000611
0.000604
0.000602
0.000598
0.000595
0.000592
0.000589
0.000587
0.000584
0.000581
0.000578
0.000575
0.000573
0.000570
0.000568
0.000565
0.000563
0.000560
0.000558
0.000556
0.000553
0.000551
0.000549
0.000547
0.000545
0.000543
0.000541
0.000539
0.000537
0.000536
0.000534
0.000532
0.000530
0.000528
0.000527
0.000525
0.000524
0.000522
0.000520
0.000519
0.000517
0.000515
0.000514
0.000512
0.000510
0.000508
0.000506
0.000505
0.000503
0.000501
0.000499
0.000497
0.000495
0.000492
0.000490
0.000488
0.000486
0.000484
0.000482
0.000480
0.000478
0.000476
0.000475
0.000473
0.000471
0.000469
0.000467
0.000466
0.000464
0.000463
0.000461
0.000460
0.000458
0.000457
0.000455
0.000454
0.000452
0.000451
0.000450
0.000449
0.000447
0.000446
0.000445
0.000444
0.000443
0.000442
0.000441
0.000440
0.000439
0.000438
0.000437
0.000436
0.000435
0.000434
0.000433
0.000432
0.000431
0.000431
0.000430
0.000428
0.000426
0.000425
0.000423
0.000422
0.000422
0.000422
0.000422
0.000421
0.000421
0.000421
0.000420
0.000420
0.000420
0.000419
0.000419
0.000419
0.000418
0.000418
0.000418
0.000418
0.000417
0.000417
0.000417
0.000416
0.000416
0.000416
0.000416
0.000415
0.000415
0.000415
0.000414
0.000414
0.000414
0.000413
0.000413
0.000413
0.000412
0.000412
0.000412
0.000412
0.000411
0.000411
0.000411
0.000410
0.000410
0.000409
0.000409
0.000409
0.000408
0.000408
0.000408
0.000407
0.000407
0.000407
0.000406
0.000406
0.000406
0.000405
0.000405
0.000404
0.000404
0.000404
0.000403
0.000403
0.000402
0.000402
0.000401
0.000401
0.000400
0.000400
0.000399
0.000399
0.000398
0.000398
0.000397
0.000397
0.000396
0.000396
0.000395
0.000395
0.000394
0.000394
0.000393
0.000393
0.000392
0.000392
0.000392
0.000391
0.000391
0.000390
0.000390
0.000389
0.000389
0.000388
0.000388
0.000387
0.000387
0.000386
0.000386
0.000386
0.000383
0.000382
0.000382
0.000381
0.000381
0.000381
0.000381
0.000381
0.000381
0.000381
0.000380
0.000380
0.000380
0.000380
0.000380
0.000380
0.000380
0.000379
0.000379
0.000379
0.000379
0.000379
0.000379
0.000379
0.000378
0.000378
0.000378
0.000378
0.000378
0.000378
0.000378
0.000377
0.000377
0.000377
0.000377
0.000377
0.000377
0.000377
0.000377
0.000376
0.000376
0.000376
0.000376
0.000376
0.000376
0.000376
0.000376
0.000376
0.000375
0.000375
0.000375
0.000375
0.000375
0.000375
0.000375
0.000375
0.000375
0.000375
0.000374
0.000374
0.000374
0.000374
0.000374
0.000374
0.000374
0.000374
0.000374
0.000374
0.000373
0.000373
0.000373
0.000373
0.000373
0.000373
0.000373
0.000373
0.000373
0.000373
0.000372
0.000372
0.000372
0.000372
0.000372
0.000372
0.000372
0.000372
0.000372
0.000372
0.000371
0.000371
0.000371
0.000371
0.000371
0.000371
0.000371
0.000371
0.000371
0.000371
0.000371
0.000366
0.000366
0.000365
0.000365
0.000365
0.000365
0.000365
0.000365
0.000364
0.000364
0.000364
0.000364
0.000364
0.000364
0.000364
0.000364
0.000364
0.000364
0.000364
0.000364
0.000364
0.000364
0.000364
0.000363
0.000363
0.000363
0.000363
0.000363
0.000363
0.000363
0.000363
0.000363
0.000363
0.000363
0.000363
0.000363
0.000363
0.000362
0.000362
0.000362
0.000362
0.000362
0.000362
0.000362
0.000362
0.000362
0.000362
0.000362
0.000362
0.000362
0.000362
0.000361
0.000361
0.000361
0.000361
0.000361
0.000361
0.000361
0.000361
0.000361
0.000361
0.000361
0.000361
0.000361
0.000361
0.000361
0.000360
0.000360
0.000360
0.000360
0.000360
0.000360
0.000360
0.000360
0.000360
0.000360
0.000360
0.000360
0.000360
0.000360
0.000359
0.000359
0.000359
0.000359
0.000359
0.000359
0.000359
0.000359
0.000359
0.000359
0.000359
0.000359
0.000359
0.000359
0.000359
0.000358
0.000358
0.000358
0.000358
0.000358
