1.079658
0.250484
0.080416
0.040397
0.023846
0.015771
0.012500
0.010766
0.009566
0.008634
0.007868
0.007232
0.006697
0.006242
0.005851
0.005511
0.005211
0.004944
0.004704
0.004486
0.004287
0.004103
0.003932
0.003774
0.003626
0.003487
0.003357
0.003236
0.003122
0.003015
0.002916
0.002822
0.002735
0.002653
0.002577
0.002506
0.002440
0.002378
0.002321
0.002267
0.002217
0.002170
0.002126
0.002085
0.002046
0.002010
0.001976
0.001944
0.001914
0.001885
0.001859
0.001833
0.001809
0.001786
0.001765
0.001744
0.001725
0.001706
0.001688
0.001671
0.001655
0.001640
0.001625
0.001611
0.001598
0.001585
0.001572
0.001560
0.001549
0.001538
0.001527
0.001517
0.001507
0.001497
0.001488
0.001479
0.001471
0.001463
0.001455
0.001447
0.001440
0.001433
0.001426
0.001419
0.001413
0.001406
0.001400
0.001395
0.001389
0.001384
0.001378
0.001373
0.001369
0.001364
0.001359
0.001355
0.001351
0.001347
0.001343
0.001339
0.001309
0.001310
0.001310
0.001307
0.001304
0.001301
0.001298
0.001296
0.001294
0.001292
0.001289
0.001287
0.001285
0.001283
0.001281
0.001279
0.001277
0.001275
0.001273
0.001271
0.001269
0.001267
0.001265
0.001263
0.001261
0.001259
0.001257
0.001256
0.001254
0.001252
0.001250
0.001248
0.001247
0.001245
0.001243
0.001242
0.001240
0.001238
0.001237
0.001235
0.001233
0.001232
0.001230
0.001229
0.001227
0.001226
0.001224
0.001223
0.001221
0.001220
0.001218
0.001217
0.001216
0.001214
0.001213
0.001212
0.001210
0.001209
0.001208
0.001206
0.001205
0.001204
0.001203
0.001201
0.001200
0.001199
0.001198
0.001197
0.001195
0.001194
0.001193
0.001192
0.001191
0.001190
0.001189
0.001188
0.001187
0.001186
0.001185
0.001184
0.001183
0.001182
0.001181
0.001180
0.001179
0.001178
0.001177
0.001176
0.001175
0.001174
0.001173
0.001172
0.001171
0.001170
0.001169
0.001168
0.001168
0.001167
0.001166
0.001165
0.001147
0.001152
0.001157
0.001159
0.001159
0.001158
0.001157
0.001156
0.001155
0.001154
0.001154
0.001153
0.001152
0.001151
0.001151
0.001150
0.001149
0.001148
0.001148
0.001147
0.001146
0.001145
0.001145
0.001144
0.001143
0.001142
0.001142
0.001141
0.001140
0.001139
0.001139
0.001138
0.001137
0.001136
0.001136
0.001135
0.001134
0.001133
0.001133
0.001132
0.001131
0.001131
0.001130
0.001129
0.001129
0.001128
0.001127
0.001127
0.001126
0.001125
0.001124
0.001124
0.001123
0.001123
0.001122
0.001121
0.001121
0.001120
0.001119
0.001119
0.001118
0.001117
0.001117
0.001116
0.001115
0.001115
0.001114
0.001114
0.001113
0.001112
0.001112
0.001111
0.001111
0.001110
0.001109
0.001109
0.001108
0.001108
0.001107
0.001107
0.001106
0.001105
0.001105
0.001104
0.001104
0.001103
0.001103
0.001102
0.001102
0.001101
0.001100
0.001100
0.001099
0.001099
0.001098
0.001098
0.001097
0.001097
0.001096
0.001096
0.001088
0.001096
0.001103
0.001105
0.001105
0.001104
0.001104
0.001103
0.001103
0.001103
0.001102
0.001102
0.001102
0.001102
0.001101
0.001101
0.001101
0.001101
0.001101
0.001100
0.001100
0.001100
0.001100
0.001099
0.001099
0.001099
0.001099
0.001098
0.001098
0.001098
0.001098
0.001097
0.001097
0.001097
0.001097
0.001097
0.001096
0.001096
0.001096
0.001096
0.001095
0.001095
0.001095
0.001095
0.001094
0.001094
0.001094
0.001094
0.001094
0.001093
0.001093
0.001093
0.001093
0.001092
0.001092
0.001092
0.001092
0.001091
0.001091
0.001091
0.001091
0.001091
0.001090
0.001090
0.001090
0.001090
0.001089
0.001089
0.001089
0.001089
0.001088
0.001088
0.001088
0.001088
0.001088
0.001087
0.001087
0.001087
0.001087
0.001086
0.001086
0.001086
0.001086
0.001085
0.001085
0.001085
0.001085
0.001085
0.001084
0.001084
0.001084
0.001084
0.001083
0.001083
0.001083
0.001083
0.001082
0.001082
0.001082
0.001082
0.001073
0.001062
0.001058
0.001060
0.001060
0.001059
0.001059
0.001059
0.001059
0.001059
0.001059
0.001059
0.001059
0.001059
0.001059
0.001058
0.001058
0.001058
0.001058
0.001058
0.001058
0.001058
0.001058
0.001058
0.001058
0.001057
0.001057
0.001057
0.001057
0.001057
0.001057
0.001057
0.001057
0.001057
0.001056
0.001056
0.001056
0.001056
0.001056
0.001056
0.001056
0.001056
0.001056
0.001055
0.001055
0.001055
0.001055
0.001055
0.001055
0.001055
0.001055
0.001055
0.001054
0.001054
0.001054
0.001054
0.001054
0.001054
0.001054
0.001054
0.001054
0.001053
0.001053
0.001053
0.001053
0.001053
0.001053
0.001053
0.001053
0.001053
0.001052
0.001052
0.001052
0.001052
0.001052
0.001052
0.001052
0.001052
0.001052
0.001051
0.001051
0.001051
0.001051
0.001051
0.001051
0.001051
0.001051
0.001050
0.001050
0.001050
0.001050
0.001050
0.001050
0.001050
0.001050
0.001050
0.001049
0.001049
0.001049
0.001049
