0.101857
0.056791
0.037527
0.027029
0.019940
0.014593
0.010386
0.007275
0.005139
0.003809
0.003046
0.002629
0.002395
0.002249
0.002147
0.002069
0.002008
0.001957
0.001915
0.001878
0.001844
0.001813
0.001784
0.001756
0.001730
0.001705
0.001680
0.001657
0.001634
0.001612
0.001591
0.001571
0.001551
0.001531
0.001513
0.001495
0.001477
0.001460
0.001443
0.001427
0.001412
0.001396
0.001382
0.001367
0.001353
0.001340
0.001326
0.001313
0.001301
0.001288
0.001276
0.001264
0.001253
0.001242
0.001231
0.001220
0.001210
0.001200
0.001190
0.001180
0.001171
0.001161
0.001152
0.001144
0.001135
0.001127
0.001118
0.001110
0.001103
0.001095
0.001088
0.001080
0.001073
0.001066
0.001060
0.001053
0.001047
0.001041
0.001035
0.001029
0.001023
0.001017
0.001012
0.001007
0.001002
0.000997
0.000992
0.000988
0.000983
0.000979
0.000975
0.000971
0.000967
0.000963
0.000960
0.000956
0.000953
0.000950
0.000947
0.000944
0.000941
0.000940
0.000939
0.000938
0.000937
0.000936
0.000935
0.000933
0.000932
0.000931
0.000930
0.000929
0.000927
0.000926
0.000925
0.000924
0.000923
0.000922
0.000921
0.000920
0.000919
0.000918
0.000917
0.000916
0.000915
0.000914
0.000914
0.000913
0.000912
0.000911
0.000910
0.000910
0.000909
0.000908
0.000908
0.000907
0.000906
0.000906
0.000905
0.000905
0.000904
0.000903
0.000903
0.000902
0.000902
0.000901
0.000901
0.000901
0.000900
0.000900
0.000899
0.000899
0.000898
0.000898
0.000898
0.000897
0.000897
0.000897
0.000896
0.000896
0.000896
0.000895
0.000895
0.000895
0.000895
0.000894
0.000894
0.000894
0.000894
0.000893
0.000893
0.000893
0.000893
0.000893
0.000892
0.000892
0.000892
0.000892
0.000892
0.000891
0.000891
0.000891
0.000891
0.000891
0.000891
0.000891
0.000891
0.000890
0.000890
0.000890
0.000890
0.000890
0.000890
0.000890
0.000890
0.000890
0.000890
0.000890
0.000890
0.000889
0.000889
0.000890
0.000891
0.000891
0.000891
0.000891
0.000891
0.000891
0.000891
0.000891
0.000891
0.000891
0.000891
0.000890
0.000890
0.000890
0.000890
0.000890
0.000890
0.000890
0.000890
0.000890
0.000890
0.000890
0.000890
0.000889
0.000889
0.000889
0.000889
0.000889
0.000889
0.000889
0.000889
0.000889
0.000889
0.000889
0.000889
0.000889
0.000888
0.000888
0.000888
0.000888
0.000888
0.000888
0.000888
0.000888
0.000888
0.000888
0.000888
0.000888
0.000888
0.000888
0.000887
0.000887
0.000887
0.000887
0.000887
0.000887
0.000887
0.000887
0.000887
0.000887
0.000887
0.000887
0.000887
0.000887
0.000887
0.000887
0.000887
0.000887
0.000887
0.000887
0.000887
0.000886
0.000886
0.000886
0.000886
0.000886
0.000886
0.000886
0.000886
0.000886
0.000886
0.000886
0.000886
0.000886
0.000886
0.000886
0.000886
0.000886
0.000886
0.000886
0.000886
0.000886
0.000886
0.000886
0.000886
0.000886
0.000886
0.000886
0.000885
0.000887
0.000888
0.000889
0.000889
0.000889
0.000889
0.000889
0.000889
0.000889
0.000889
0.000889
0.000889
0.000889
0.000889
0.000889
0.000889
0.000889
0.000889
0.000889
0.000889
0.000889
0.000889
0.000889
0.000889
0.000889
0.000889
0.000889
0.000889
0.000889
0.000889
0.000889
0.000889
0.000889
0.000888
0.000888
0.000888
0.000888
0.000888
0.000888
0.000888
0.000888
0.000888
0.000888
0.000888
0.000888
0.000888
0.000888
0.000888
0.000888
0.000888
0.000888
0.000888
0.000888
0.000888
0.000888
0.000888
0.000888
0.000888
0.000888
0.000888
0.000888
0.000888
0.000888
0.000888
0.000888
0.000888
0.000888
0.000888
0.000888
0.000888
0.000888
0.000888
0.000888
0.000888
0.000888
0.000888
0.000888
0.000888
0.000888
0.000888
0.000888
0.000888
0.000888
0.000888
0.000888
0.000888
0.000888
0.000888
0.000888
0.000888
0.000888
0.000887
0.000887
0.000887
0.000887
0.000887
0.000887
0.000887
0.000887
0.000885
0.000884
0.000883
0.000883
0.000883
0.000883
0.000883
0.000883
0.000883
0.000883
0.000883
0.000883
0.000883
0.000883
0.000883
0.000883
0.000883
0.000883
0.000883
0.000883
0.000883
0.000883
0.000883
0.000883
0.000883
0.000883
0.000883
0.000883
0.000883
0.000883
0.000883
0.000883
0.000883
0.000883
0.000883
0.000883
0.000883
0.000883
0.000883
0.000883
0.000883
0.000883
0.000883
0.000883
0.000883
0.000883
0.000883
0.000883
0.000883
0.000883
0.000883
0.000883
0.000883
0.000883
0.000883
0.000883
0.000883
0.000883
0.000883
0.000883
0.000883
0.000883
0.000883
0.000883
0.000883
0.000883
0.000883
0.000883
0.000883
0.000883
0.000883
0.000883
0.000883
0.000883
0.000883
0.000883
0.000883
0.000883
0.000883
0.000883
0.000883
0.000882
0.000882
0.000882
0.000882
0.000882
0.000882
0.000882
0.000882
0.000882
0.000882
0.000882
0.000882
0.000882
0.000882
0.000882
0.000882
0.000882
0.000882
0.000882
