0.571059
0.086762
0.035791
0.016781
0.010030
0.007377
0.005962
0.005113
0.004511
0.004057
0.003698
0.003402
0.003157
0.002950
0.002774
0.002623
0.002493
0.002379
0.002279
0.002190
0.002111
0.002039
0.001975
0.001917
0.001864
0.001816
0.001773
0.001733
0.001697
0.001664
0.001634
0.001607
0.001582
0.001559
0.001539
0.001520
0.001502
0.001487
0.001472
0.001459
0.001446
0.001435
0.001424
0.001415
0.001406
0.001397
0.001389
0.001382
0.001375
0.001368
0.001362
0.001356
0.001350
0.001345
0.001340
0.001335
0.001330
0.001326
0.001321
0.001317
0.001313
0.001308
0.001304
0.001301
0.001297
0.001293
0.001289
0.001286
0.001282
0.001279
0.001275
0.001272
0.001269
0.001265
0.001262
0.001259
0.001256
0.001253
0.001250
0.001247
0.001244
0.001241
0.001238
0.001235
0.001233
0.001230
0.001227
0.001225
0.001222
0.001219
0.001217
0.001214
0.001212
0.001209
0.001207
0.001205
0.001202
0.001200
0.001198
0.001196
0.001135
0.001136
0.001131
0.001126
0.001125
0.001124
0.001123
0.001122
0.001121
0.001119
0.001118
0.001117
0.001116
0.001115
0.001114
0.001113
0.001111
0.001110
0.001109
0.001108
0.001107
0.001106
0.001105
0.001104
0.001103
0.001102
0.001101
0.001100
0.001099
0.001098
0.001097
0.001096
0.001095
0.001094
0.001093
0.001092
0.001092
0.001091
0.001090
0.001089
0.001088
0.001087
0.001086
0.001086
0.001085
0.001084
0.001083
0.001082
0.001082
0.001081
0.001080
0.001079
0.001079
0.001078
0.001077
0.001076
0.001076
0.001075
0.001074
0.001074
0.001073
0.001072
0.001072
0.001071
0.001071
0.001070
0.001069
0.001069
0.001068
0.001068
0.001067
0.001066
0.001066
0.001065
0.001065
0.001064
0.001064
0.001063
0.001063
0.001062
0.001062
0.001061
0.001061
0.001060
0.001060
0.001059
0.001059
0.001058
0.001058
0.001057
0.001057
0.001057
0.001056
0.001056
0.001055
0.001055
0.001054
0.001054
0.001054
0.001053
0.001031
0.001036
0.001041
0.001041
0.001040
0.001039
0.001038
0.001037
0.001037
0.001037
0.001036
0.001036
0.001035
0.001035
0.001034
0.001034
0.001033
0.001033
0.001032
0.001032
0.001032
0.001031
0.001031
0.001030
0.001030
0.001029
0.001029
0.001029
0.001028
0.001028
0.001027
0.001027
0.001027
0.001026
0.001026
0.001026
0.001025
0.001025
0.001024
0.001024
0.001024
0.001023
0.001023
0.001023
0.001022
0.001022
0.001022
0.001021
0.001021
0.001021
0.001020
0.001020
0.001020
0.001019
0.001019
0.001019
0.001019
0.001018
0.001018
0.001018
0.001017
0.001017
0.001017
0.001017
0.001016
0.001016
0.001016
0.001015
0.001015
0.001015
0.001015
0.001014
0.001014
0.001014
0.001014
0.001013
0.001013
0.001013
0.001013
0.001012
0.001012
0.001012
0.001012
0.001012
0.001011
0.001011
0.001011
0.001011
0.001010
0.001010
0.001010
0.001010
0.001010
0.001009
0.001009
0.001009
0.001009
0.001008
0.001008
0.001008
0.001001
0.001008
0.001015
0.001017
0.001017
0.001017
0.001016
0.001016
0.001016
0.001016
0.001015
0.001015
0.001015
0.001015
0.001015
0.001014
0.001014
0.001014
0.001014
0.001014
0.001014
0.001014
0.001013
0.001013
0.001013
0.001013
0.001013
0.001013
0.001013
0.001013
0.001012
0.001012
0.001012
0.001012
0.001012
0.001012
0.001012
0.001012
0.001011
0.001011
0.001011
0.001011
0.001011
0.001011
0.001011
0.001011
0.001011
0.001010
0.001010
0.001010
0.001010
0.001010
0.001010
0.001010
0.001010
0.001010
0.001010
0.001009
0.001009
0.001009
0.001009
0.001009
0.001009
0.001009
0.001009
0.001009
0.001009
0.001009
0.001008
0.001008
0.001008
0.001008
0.001008
0.001008
0.001008
0.001008
0.001008
0.001008
0.001008
0.001007
0.001007
0.001007
0.001007
0.001007
0.001007
0.001007
0.001007
0.001007
0.001007
0.001007
0.001006
0.001006
0.001006
0.001006
0.001006
0.001006
0.001006
0.001006
0.001006
0.001006
0.000999
0.000987
0.000987
0.000988
0.000987
0.000987
0.000987
0.000987
0.000987
0.000987
0.000987
0.000987
0.000987
0.000987
0.000987
0.000987
0.000987
0.000987
0.000987
0.000987
0.000987
0.000987
0.000987
0.000987
0.000987
0.000987
0.000987
0.000987
0.000987
0.000987
0.000987
0.000987
0.000987
0.000987
0.000987
0.000987
0.000987
0.000987
0.000987
0.000987
0.000987
0.000987
0.000987
0.000987
0.000987
0.000987
0.000986
0.000986
0.000986
0.000986
0.000986
0.000986
0.000986
0.000986
0.000986
0.000986
0.000986
0.000986
0.000986
0.000986
0.000986
0.000986
0.000986
0.000986
0.000986
0.000986
0.000986
0.000986
0.000986
0.000986
0.000986
0.000986
0.000986
0.000986
0.000986
0.000986
0.000986
0.000986
0.000986
0.000986
0.000986
0.000985
0.000985
0.000985
0.000985
0.000985
0.000985
0.000985
0.000985
0.000985
0.000985
0.000985
0.000985
0.000985
0.000985
0.000985
0.000985
0.000985
0.000985
0.000985
