0.796007
0.148685
0.047047
0.017426
0.010544
0.009148
0.008203
0.007457
0.006937
0.006550
0.006252
0.006010
0.005806
0.005625
0.005460
0.005306
0.005158
0.005014
0.004872
0.004731
0.004590
0.004450
0.004309
0.004167
0.004026
0.003885
0.003745
0.003607
0.003471
0.003338
0.003210
0.003085
0.002967
0.002853
0.002745
0.002645
0.002551
0.002464
0.002384
0.002311
0.002244
0.002184
0.002130
0.002081
0.002036
0.001996
0.001959
0.001926
0.001895
0.001866
0.001838
0.001813
0.001789
0.001766
0.001744
0.001722
0.001702
0.001682
0.001663
0.001645
0.001627
0.001610
0.001593
0.001578
0.001563
0.001548
0.001535
0.001521
0.001509
0.001496
0.001484
0.001472
0.001461
0.001450
0.001439
0.001429
0.001419
0.001409
0.001400
0.001391
0.001382
0.001374
0.001365
0.001358
0.001350
0.001342
0.001335
0.001328
0.001321
0.001314
0.001308
0.001301
0.001295
0.001289
0.001283
0.001277
0.001271
0.001265
0.001260
0.001254
0.001244
0.001246
0.001248
0.001247
0.001246
0.001244
0.001242
0.001239
0.001237
0.001234
0.001231
0.001229
0.001226
0.001223
0.001220
0.001218
0.001215
0.001212
0.001209
0.001207
0.001204
0.001201
0.001199
0.001196
0.001193
0.001191
0.001188
0.001185
0.001182
0.001180
0.001177
0.001174
0.001171
0.001168
0.001166
0.001163
0.001160
0.001157
0.001154
0.001151
0.001149
0.001146
0.001143
0.001141
0.001138
0.001135
0.001133
0.001130
0.001127
0.001125
0.001122
0.001119
0.001117
0.001114
0.001112
0.001109
0.001107
0.001104
0.001102
0.001099
0.001097
0.001094
0.001092
0.001089
0.001087
0.001085
0.001082
0.001080
0.001077
0.001075
0.001073
0.001070
0.001068
0.001065
0.001063
0.001061
0.001058
0.001056
0.001054
0.001051
0.001049
0.001047
0.001045
0.001042
0.001040
0.001038
0.001035
0.001033
0.001031
0.001029
0.001026
0.001024
0.001022
0.001020
0.001017
0.001015
0.001013
0.001011
0.001008
0.001006
0.001001
0.001004
0.001006
0.001007
0.001006
0.001005
0.001004
0.001003
0.001002
0.001001
0.001000
0.000999
0.000998
0.000996
0.000995
0.000994
0.000993
0.000992
0.000991
0.000990
0.000989
0.000988
0.000986
0.000985
0.000984
0.000983
0.000982
0.000981
0.000980
0.000979
0.000977
0.000976
0.000975
0.000974
0.000973
0.000972
0.000970
0.000969
0.000968
0.000967
0.000966
0.000964
0.000963
0.000962
0.000961
0.000960
0.000958
0.000957
0.000956
0.000955
0.000954
0.000952
0.000951
0.000950
0.000948
0.000947
0.000946
0.000944
0.000943
0.000942
0.000941
0.000939
0.000938
0.000937
0.000935
0.000934
0.000933
0.000931
0.000930
0.000929
0.000927
0.000926
0.000925
0.000923
0.000922
0.000921
0.000919
0.000918
0.000917
0.000915
0.000914
0.000912
0.000911
0.000910
0.000908
0.000907
0.000906
0.000904
0.000903
0.000901
0.000900
0.000899
0.000897
0.000896
0.000894
0.000893
0.000891
0.000890
0.000889
0.000887
0.000881
0.000883
0.000879
0.000877
0.000877
0.000876
0.000876
0.000875
0.000874
0.000874
0.000873
0.000872
0.000872
0.000871
0.000870
0.000870
0.000869
0.000868
0.000868
0.000867
0.000866
0.000866
0.000865
0.000864
0.000864
0.000863
0.000862
0.000862
0.000861
0.000860
0.000859
0.000859
0.000858
0.000857
0.000857
0.000856
0.000855
0.000854
0.000854
0.000853
0.000852
0.000852
0.000851
0.000850
0.000849
0.000849
0.000848
0.000847
0.000846
0.000846
0.000845
0.000844
0.000843
0.000843
0.000842
0.000841
0.000840
0.000840
0.000839
0.000838
0.000837
0.000837
0.000836
0.000835
0.000834
0.000833
0.000833
0.000832
0.000831
0.000830
0.000829
0.000829
0.000828
0.000827
0.000826
0.000825
0.000824
0.000823
0.000823
0.000822
0.000821
0.000820
0.000819
0.000818
0.000817
0.000816
0.000815
0.000814
0.000812
0.000811
0.000810
0.000809
0.000808
0.000806
0.000805
0.000803
0.000801
0.000798
0.000796
0.000793
0.000789
0.000780
0.000778
0.000776
0.000773
0.000771
0.000769
0.000767
0.000765
0.000764
0.000762
0.000760
0.000758
0.000757
0.000755
0.000753
0.000752
0.000750
0.000748
0.000747
0.000745
0.000743
0.000741
0.000739
0.000738
0.000735
0.000733
0.000731
0.000729
0.000727
0.000725
0.000723
0.000720
0.000718
0.000716
0.000713
0.000711
0.000708
0.000705
0.000703
0.000700
0.000697
0.000694
0.000691
0.000688
0.000685
0.000682
0.000678
0.000675
0.000672
0.000669
0.000666
0.000662
0.000659
0.000656
0.000653
0.000650
0.000646
0.000644
0.000641
0.000638
0.000635
0.000632
0.000629
0.000627
0.000624
0.000621
0.000619
0.000616
0.000613
0.000610
0.000608
0.000605
0.000602
0.000600
0.000597
0.000595
0.000593
0.000590
0.000588
0.000585
0.000583
0.000581
0.000578
0.000576
0.000574
0.000572
0.000570
0.000568
0.000566
0.000564
0.000562
0.000560
0.000558
0.000556
0.000554
0.000552
0.000550
0.000548
0.000546
