0.880311
0.110909
0.052948
0.033831
0.020163
0.013369
0.009823
0.007847
0.006545
0.005606
0.004905
0.004378
0.003974
0.003655
0.003397
0.003183
0.003003
0.002848
0.002715
0.002598
0.002494
0.002403
0.002321
0.002247
0.002181
0.002121
0.002067
0.002017
0.001972
0.001930
0.001891
0.001855
0.001821
0.001791
0.001762
0.001735
0.001710
0.001687
0.001665
0.001644
0.001625
0.001606
0.001589
0.001572
0.001557
0.001542
0.001529
0.001516
0.001504
0.001494
0.001483
0.001473
0.001464
0.001455
0.001446
0.001438
0.001430
0.001423
0.001416
0.001409
0.001402
0.001395
0.001389
0.001383
0.001377
0.001371
0.001366
0.001361
0.001355
0.001350
0.001345
0.001340
0.001335
0.001331
0.001326
0.001321
0.001316
0.001312
0.001308
0.001303
0.001299
0.001294
0.001290
0.001285
0.001281
0.001276
0.001272
0.001267
0.001262
0.001257
0.001253
0.001248
0.001243
0.001238
0.001233
0.001228
0.001223
0.001217
0.001212
0.001207
0.001233
0.001085
0.001095
0.001066
0.001074
0.001066
0.001068
0.001065
0.001064
0.001063
0.001062
0.001061
0.001060
0.001059
0.001058
0.001057
0.001056
0.001056
0.001055
0.001054
0.001053
0.001053
0.001052
0.001052
0.001051
0.001051
0.001050
0.001050
0.001049
0.001049
0.001049
0.001049
0.001048
0.001048
0.001048
0.001048
0.001048
0.001048
0.001048
0.001048
0.001048
0.001048
0.001048
0.001048
0.001048
0.001049
0.001049
0.001049
0.001049
0.001049
0.001050
0.001050
0.001050
0.001050
0.001051
0.001051
0.001051
0.001051
0.001052
0.001052
0.001052
0.001053
0.001053
0.001053
0.001053
0.001053
0.001054
0.001054
0.001054
0.001054
0.001054
0.001054
0.001054
0.001054
0.001054
0.001054
0.001054
0.001054
0.001054
0.001054
0.001054
0.001054
0.001054
0.001054
0.001053
0.001053
0.001053
0.001053
0.001053
0.001052
0.001052
0.001052
0.001052
0.001051
0.001051
0.001051
0.001050
0.001050
0.001050
0.001050
0.000973
0.000969
0.000959
0.000959
0.000960
0.000958
0.000958
0.000958
0.000957
0.000957
0.000956
0.000956
0.000955
0.000955
0.000955
0.000954
0.000954
0.000954
0.000953
0.000953
0.000953
0.000952
0.000952
0.000952
0.000951
0.000951
0.000951
0.000950
0.000950
0.000950
0.000950
0.000949
0.000949
0.000949
0.000949
0.000948
0.000948
0.000948
0.000948
0.000948
0.000947
0.000947
0.000947
0.000947
0.000947
0.000947
0.000946
0.000946
0.000946
0.000946
0.000946
0.000946
0.000946
0.000946
0.000945
0.000945
0.000945
0.000945
0.000945
0.000945
0.000945
0.000945
0.000945
0.000945
0.000945
0.000945
0.000945
0.000945
0.000945
0.000945
0.000945
0.000945
0.000945
0.000945
0.000945
0.000945
0.000945
0.000945
0.000945
0.000945
0.000945
0.000945
0.000945
0.000945
0.000945
0.000945
0.000945
0.000945
0.000945
0.000945
0.000945
0.000945
0.000945
0.000945
0.000945
0.000945
0.000945
0.000945
0.000945
0.000945
0.000917
0.000925
0.000927
0.000927
0.000927
0.000927
0.000927
0.000927
0.000926
0.000926
0.000926
0.000926
0.000925
0.000925
0.000925
0.000924
0.000924
0.000924
0.000924
0.000923
0.000923
0.000923
0.000923
0.000922
0.000922
0.000922
0.000922
0.000921
0.000921
0.000921
0.000921
0.000920
0.000920
0.000920
0.000920
0.000919
0.000919
0.000919
0.000919
0.000918
0.000918
0.000918
0.000918
0.000917
0.000917
0.000917
0.000917
0.000917
0.000916
0.000916
0.000916
0.000916
0.000916
0.000915
0.000915
0.000915
0.000915
0.000915
0.000914
0.000914
0.000914
0.000914
0.000914
0.000913
0.000913
0.000913
0.000913
0.000913
0.000912
0.000912
0.000912
0.000912
0.000912
0.000912
0.000911
0.000911
0.000911
0.000911
0.000911
0.000911
0.000910
0.000910
0.000910
0.000910
0.000910
0.000910
0.000910
0.000909
0.000909
0.000909
0.000909
0.000909
0.000909
0.000909
0.000908
0.000908
0.000908
0.000908
0.000908
0.000908
0.000898
0.000906
0.000911
0.000912
0.000912
0.000911
0.000911
0.000911
0.000911
0.000911
0.000911
0.000911
0.000910
0.000910
0.000910
0.000910
0.000910
0.000910
0.000910
0.000910
0.000910
0.000910
0.000910
0.000910
0.000910
0.000910
0.000909
0.000909
0.000909
0.000909
0.000909
0.000909
0.000909
0.000909
0.000909
0.000909
0.000909
0.000909
0.000909
0.000909
0.000909
0.000908
0.000908
0.000908
0.000908
0.000908
0.000908
0.000908
0.000908
0.000908
0.000908
0.000908
0.000908
0.000908
0.000908
0.000907
0.000907
0.000907
0.000907
0.000907
0.000907
0.000907
0.000907
0.000907
0.000907
0.000907
0.000907
0.000907
0.000907
0.000906
0.000906
0.000906
0.000906
0.000906
0.000906
0.000906
0.000906
0.000906
0.000906
0.000906
0.000906
0.000906
0.000905
0.000905
0.000905
0.000905
0.000905
0.000905
0.000905
0.000905
0.000905
0.000905
0.000905
0.000905
0.000905
0.000904
0.000904
0.000904
0.000904
0.000904
