0.962522
0.431532
0.097443
0.047134
0.030589
0.021608
0.015860
0.011284
0.008795
0.007203
0.006143
0.005343
0.004748
0.004278
0.003890
0.003570
0.003301
0.003078
0.002904
0.002772
0.002667
0.002582
0.002509
0.002442
0.002381
0.002324
0.002271
0.002221
0.002174
0.002129
0.002087
0.002046
0.002007
0.001969
0.001933
0.001899
0.001866
0.001833
0.001803
0.001773
0.001745
0.001717
0.001691
0.001666
0.001642
0.001619
0.001597
0.001576
0.001556
0.001537
0.001519
0.001502
0.001486
0.001471
0.001457
0.001443
0.001430
0.001418
0.001407
0.001396
0.001386
0.001376
0.001367
0.001358
0.001350
0.001343
0.001336
0.001329
0.001322
0.001316
0.001311
0.001305
0.001300
0.001295
0.001291
0.001286
0.001282
0.001278
0.001274
0.001271
0.001267
0.001264
0.001261
0.001258
0.001255
0.001252
0.001250
0.001247
0.001244
0.001242
0.001240
0.001237
0.001235
0.001233
0.001231
0.001229
0.001227
0.001225
0.001224
0.001222
0.001181
0.001186
0.001185
0.001182
0.001179
0.001178
0.001178
0.001177
0.001176
0.001175
0.001174
0.001173
0.001172
0.001171
0.001170
0.001169
0.001168
0.001167
0.001167
0.001166
0.001165
0.001164
0.001163
0.001162
0.001162
0.001161
0.001160
0.001159
0.001158
0.001158
0.001157
0.001156
0.001155
0.001155
0.001154
0.001153
0.001152
0.001152
0.001151
0.001150
0.001149
0.001149
0.001148
0.001147
0.001147
0.001146
0.001145
0.001145
0.001144
0.001143
0.001143
0.001142
0.001141
0.001140
0.001140
0.001139
0.001138
0.001138
0.001137
0.001137
0.001136
0.001135
0.001135
0.001134
0.001133
0.001133
0.001132
0.001131
0.001131
0.001130
0.001129
0.001129
0.001128
0.001127
0.001127
0.001126
0.001125
0.001125
0.001124
0.001123
0.001123
0.001122
0.001121
0.001121
0.001120
0.001119
0.001119
0.001118
0.001118
0.001117
0.001116
0.001115
0.001115
0.001114
0.001113
0.001113
0.001112
0.001111
0.001111
0.001110
0.001097
0.001105
0.001113
0.001117
0.001118
0.001119
0.001119
0.001118
0.001118
0.001118
0.001117
0.001117
0.001117
0.001116
0.001116
0.001115
0.001115
0.001115
0.001114
0.001114
0.001113
0.001113
0.001113
0.001112
0.001112
0.001111
0.001111
0.001110
0.001110
0.001110
0.001109
0.001109
0.001108
0.001108
0.001107
0.001107
0.001106
0.001106
0.001105
0.001105
0.001104
0.001104
0.001103
0.001103
0.001102
0.001102
0.001101
0.001101
0.001100
0.001100
0.001099
0.001099
0.001098
0.001098
0.001097
0.001097
0.001096
0.001095
0.001095
0.001094
0.001094
0.001093
0.001093
0.001092
0.001091
0.001091
0.001090
0.001090
0.001089
0.001088
0.001088
0.001087
0.001087
0.001086
0.001085
0.001085
0.001084
0.001084
0.001083
0.001082
0.001082
0.001081
0.001080
0.001080
0.001079
0.001078
0.001078
0.001077
0.001077
0.001076
0.001075
0.001075
0.001074
0.001073
0.001073
0.001072
0.001071
0.001071
0.001070
0.001070
0.001058
0.001065
0.001060
0.001056
0.001056
0.001057
0.001057
0.001057
0.001056
0.001056
0.001056
0.001056
0.001056
0.001056
0.001056
0.001056
0.001055
0.001055
0.001055
0.001055
0.001055
0.001055
0.001055
0.001055
0.001054
0.001054
0.001054
0.001054
0.001054
0.001054
0.001054
0.001054
0.001053
0.001053
0.001053
0.001053
0.001053
0.001053
0.001053
0.001052
0.001052
0.001052
0.001052
0.001052
0.001052
0.001052
0.001051
0.001051
0.001051
0.001051
0.001051
0.001051
0.001051
0.001051
0.001050
0.001050
0.001050
0.001050
0.001050
0.001050
0.001049
0.001049
0.001049
0.001049
0.001049
0.001049
0.001049
0.001048
0.001048
0.001048
0.001048
0.001048
0.001048
0.001048
0.001047
0.001047
0.001047
0.001047
0.001047
0.001047
0.001046
0.001046
0.001046
0.001046
0.001046
0.001046
0.001045
0.001045
0.001045
0.001045
0.001045
0.001045
0.001044
0.001044
0.001044
0.001044
0.001044
0.001044
0.001043
0.001043
0.001039
0.001028
0.001029
0.001029
0.001029
0.001029
0.001029
0.001028
0.001028
0.001028
0.001028
0.001028
0.001028
0.001028
0.001028
0.001028
0.001028
0.001028
0.001027
0.001027
0.001027
0.001027
0.001027
0.001027
0.001027
0.001027
0.001027
0.001026
0.001026
0.001026
0.001026
0.001026
0.001026
0.001026
0.001026
0.001026
0.001026
0.001025
0.001025
0.001025
0.001025
0.001025
0.001025
0.001025
0.001025
0.001025
0.001024
0.001024
0.001024
0.001024
0.001024
0.001024
0.001024
0.001024
0.001024
0.001024
0.001023
0.001023
0.001023
0.001023
0.001023
0.001023
0.001023
0.001023
0.001023
0.001022
0.001022
0.001022
0.001022
0.001022
0.001022
0.001022
0.001022
0.001021
0.001021
0.001021
0.001021
0.001021
0.001021
0.001021
0.001021
0.001021
0.001020
0.001020
0.001020
0.001020
0.001020
0.001020
0.001020
0.001020
0.001020
0.001019
0.001019
0.001019
0.001019
0.001019
0.001019
0.001019
0.001019
0.001018
