0.207954
0.037008
0.016670
0.010300
0.007851
0.006349
0.005400
0.004683
0.004131
0.003698
0.003345
0.003043
0.002779
0.002544
0.002336
0.002154
0.001998
0.001862
0.001742
0.001636
0.001541
0.001458
0.001387
0.001322
0.001265
0.001213
0.001166
0.001125
0.001087
0.001052
0.001020
0.000990
0.000963
0.000937
0.000913
0.000890
0.000868
0.000847
0.000828
0.000810
0.000794
0.000779
0.000764
0.000750
0.000737
0.000724
0.000712
0.000700
0.000689
0.000679
0.000669
0.000659
0.000650
0.000641
0.000632
0.000624
0.000617
0.000609
0.000602
0.000595
0.000588
0.000581
0.000574
0.000568
0.000562
0.000556
0.000550
0.000545
0.000539
0.000534
0.000528
0.000523
0.000518
0.000514
0.000509
0.000505
0.000500
0.000496
0.000492
0.000488
0.000484
0.000480
0.000476
0.000472
0.000468
0.000464
0.000460
0.000456
0.000452
0.000449
0.000445
0.000442
0.000439
0.000435
0.000432
0.000429
0.000426
0.000424
0.000421
0.000418
0.000414
0.000414
0.000413
0.000412
0.000411
0.000409
0.000408
0.000407
0.000406
0.000405
0.000403
0.000402
0.000401
0.000400
0.000399
0.000398
0.000396
0.000395
0.000394
0.000393
0.000392
0.000391
0.000390
0.000389
0.000388
0.000387
0.000385
0.000384
0.000383
0.000382
0.000381
0.000380
0.000379
0.000378
0.000377
0.000376
0.000375
0.000374
0.000373
0.000372
0.000371
0.000370
0.000369
0.000368
0.000367
0.000367
0.000366
0.000365
0.000364
0.000363
0.000362
0.000361
0.000361
0.000360
0.000359
0.000359
0.000358
0.000357
0.000356
0.000356
0.000355
0.000355
0.000354
0.000353
0.000353
0.000352
0.000351
0.000351
0.000350
0.000350
0.000349
0.000349
0.000348
0.000347
0.000347
0.000346
0.000346
0.000345
0.000345
0.000344
0.000343
0.000343
0.000342
0.000342
0.000341
0.000341
0.000340
0.000339
0.000339
0.000338
0.000338
0.000337
0.000337
0.000337
0.000336
0.000336
0.000335
0.000334
0.000334
0.000333
0.000328
0.000325
0.000324
0.000323
0.000323
0.000322
0.000322
0.000321
0.000321
0.000320
0.000320
0.000320
0.000319
0.000319
0.000318
0.000318
0.000318
0.000317
0.000317
0.000317
0.000316
0.000316
0.000316
0.000315
0.000315
0.000315
0.000314
0.000314
0.000314
0.000313
0.000313
0.000313
0.000312
0.000312
0.000312
0.000311
0.000311
0.000311
0.000311
0.000310
0.000310
0.000310
0.000309
0.000309
0.000309
0.000309
0.000308
0.000308
0.000308
0.000308
0.000307
0.000307
0.000307
0.000307
0.000306
0.000306
0.000306
0.000306
0.000305
0.000305
0.000305
0.000305
0.000304
0.000304
0.000304
0.000304
0.000304
0.000303
0.000303
0.000303
0.000303
0.000303
0.000302
0.000302
0.000302
0.000302
0.000302
0.000302
0.000301
0.000301
0.000301
0.000301
0.000301
0.000301
0.000300
0.000300
0.000300
0.000300
0.000300
0.000300
0.000300
0.000300
0.000300
0.000299
0.000299
0.000299
0.000299
0.000299
0.000299
0.000299
0.000295
0.000296
0.000296
0.000296
0.000296
0.000296
0.000296
0.000296
0.000296
0.000296
0.000295
0.000295
0.000295
0.000295
0.000295
0.000295
0.000295
0.000295
0.000295
0.000294
0.000294
0.000294
0.000294
0.000294
0.000294
0.000293
0.000293
0.000293
0.000293
0.000293
0.000293
0.000293
0.000292
0.000292
0.000292
0.000292
0.000292
0.000292
0.000291
0.000291
0.000291
0.000291
0.000291
0.000291
0.000290
0.000290
0.000290
0.000290
0.000290
0.000290
0.000290
0.000289
0.000289
0.000289
0.000289
0.000289
0.000289
0.000289
0.000288
0.000288
0.000288
0.000288
0.000288
0.000288
0.000288
0.000287
0.000287
0.000287
0.000287
0.000287
0.000287
0.000287
0.000286
0.000286
0.000286
0.000286
0.000286
0.000286
0.000286
0.000286
0.000285
0.000285
0.000285
0.000285
0.000285
0.000285
0.000285
0.000285
0.000284
0.000284
0.000284
0.000284
0.000284
0.000284
0.000284
0.000284
0.000283
0.000283
0.000283
0.000283
0.000282
0.000282
0.000282
0.000282
0.000282
0.000282
0.000282
0.000282
0.000282
0.000282
0.000282
0.000282
0.000282
0.000281
0.000281
0.000281
0.000281
0.000281
0.000281
0.000281
0.000281
0.000281
0.000281
0.000281
0.000281
0.000281
0.000281
0.000281
0.000281
0.000281
0.000280
0.000280
0.000280
0.000280
0.000280
0.000280
0.000280
0.000280
0.000280
0.000280
0.000280
0.000280
0.000280
0.000280
0.000280
0.000280
0.000280
0.000279
0.000279
0.000279
0.000279
0.000279
0.000279
0.000279
0.000279
0.000279
0.000279
0.000279
0.000279
0.000279
0.000279
0.000279
0.000279
0.000278
0.000278
0.000278
0.000278
0.000278
0.000278
0.000278
0.000278
0.000278
0.000278
0.000278
0.000278
0.000278
0.000278
0.000277
0.000277
0.000277
0.000277
0.000277
0.000277
0.000277
0.000277
0.000277
0.000277
0.000277
0.000277
0.000277
0.000276
0.000276
0.000276
0.000276
0.000276
0.000276
0.000276
0.000276
0.000276
0.000276
