0.214710
0.044467
0.018338
0.010933
0.007507
0.005631
0.004052
0.002912
0.002367
0.002085
0.001919
0.001806
0.001719
0.001649
0.001588
0.001534
0.001486
0.001442
0.001402
0.001364
0.001328
0.001294
0.001262
0.001230
0.001200
0.001170
0.001141
0.001113
0.001086
0.001060
0.001034
0.001010
0.000987
0.000964
0.000942
0.000921
0.000901
0.000881
0.000862
0.000843
0.000825
0.000808
0.000792
0.000776
0.000761
0.000747
0.000733
0.000721
0.000709
0.000698
0.000687
0.000677
0.000667
0.000658
0.000650
0.000642
0.000634
0.000627
0.000620
0.000613
0.000607
0.000600
0.000594
0.000588
0.000582
0.000577
0.000571
0.000566
0.000561
0.000556
0.000551
0.000546
0.000541
0.000537
0.000532
0.000528
0.000524
0.000520
0.000516
0.000512
0.000509
0.000506
0.000502
0.000499
0.000497
0.000494
0.000491
0.000489
0.000486
0.000484
0.000482
0.000479
0.000477
0.000475
0.000473
0.000470
0.000468
0.000465
0.000462
0.000459
0.000455
0.000454
0.000452
0.000449
0.000446
0.000444
0.000443
0.000441
0.000440
0.000438
0.000437
0.000436
0.000434
0.000433
0.000432
0.000431
0.000430
0.000429
0.000428
0.000427
0.000426
0.000425
0.000424
0.000423
0.000422
0.000421
0.000420
0.000419
0.000418
0.000417
0.000417
0.000416
0.000415
0.000414
0.000413
0.000413
0.000412
0.000411
0.000410
0.000410
0.000409
0.000408
0.000408
0.000407
0.000406
0.000406
0.000405
0.000405
0.000404
0.000403
0.000403
0.000402
0.000402
0.000401
0.000401
0.000401
0.000400
0.000400
0.000399
0.000399
0.000399
0.000399
0.000398
0.000398
0.000398
0.000398
0.000397
0.000397
0.000397
0.000397
0.000397
0.000397
0.000396
0.000396
0.000396
0.000395
0.000395
0.000395
0.000394
0.000394
0.000393
0.000393
0.000392
0.000392
0.000391
0.000390
0.000390
0.000389
0.000388
0.000387
0.000387
0.000386
0.000385
0.000384
0.000384
0.000383
0.000382
0.000381
0.000381
0.000380
0.000380
0.000378
0.000376
0.000374
0.000374
0.000373
0.000373
0.000373
0.000372
0.000372
0.000372
0.000371
0.000371
0.000371
0.000370
0.000370
0.000370
0.000370
0.000369
0.000369
0.000369
0.000368
0.000368
0.000368
0.000368
0.000367
0.000367
0.000367
0.000367
0.000366
0.000366
0.000366
0.000366
0.000366
0.000365
0.000365
0.000365
0.000365
0.000364
0.000364
0.000364
0.000364
0.000363
0.000363
0.000363
0.000363
0.000363
0.000362
0.000362
0.000362
0.000362
0.000361
0.000361
0.000361
0.000361
0.000361
0.000360
0.000360
0.000360
0.000360
0.000360
0.000360
0.000359
0.000359
0.000359
0.000359
0.000359
0.000359
0.000359
0.000359
0.000358
0.000358
0.000358
0.000358
0.000358
0.000358
0.000358
0.000358
0.000358
0.000358
0.000358
0.000357
0.000357
0.000357
0.000357
0.000357
0.000357
0.000357
0.000357
0.000357
0.000357
0.000356
0.000356
0.000356
0.000356
0.000356
0.000356
0.000356
0.000356
0.000355
0.000350
0.000352
0.000354
0.000355
0.000356
0.000356
0.000356
0.000356
0.000356
0.000356
0.000355
0.000355
0.000355
0.000355
0.000355
0.000355
0.000355
0.000355
0.000354
0.000354
0.000354
0.000354
0.000354
0.000354
0.000354
0.000354
0.000353
0.000353
0.000353
0.000353
0.000353
0.000353
0.000353
0.000353
0.000353
0.000352
0.000352
0.000352
0.000352
0.000352
0.000352
0.000352
0.000351
0.000351
0.000351
0.000351
0.000351
0.000351
0.000351
0.000350
0.000350
0.000350
0.000350
0.000350
0.000350
0.000349
0.000349
0.000349
0.000349
0.000349
0.000349
0.000349
0.000348
0.000348
0.000348
0.000348
0.000348
0.000348
0.000347
0.000347
0.000347
0.000347
0.000347
0.000347
0.000347
0.000346
0.000346
0.000346
0.000346
0.000346
0.000346
0.000345
0.000345
0.000345
0.000345
0.000345
0.000344
0.000344
0.000344
0.000344
0.000344
0.000343
0.000343
0.000343
0.000343
0.000343
0.000342
0.000342
0.000342
0.000342
0.000340
0.000339
0.000338
0.000338
0.000338
0.000338
0.000338
0.000338
0.000338
0.000338
0.000338
0.000338
0.000338
0.000338
0.000338
0.000338
0.000338
0.000338
0.000338
0.000338
0.000338
0.000338
0.000337
0.000337
0.000337
0.000337
0.000337
0.000337
0.000337
0.000337
0.000337
0.000337
0.000337
0.000337
0.000337
0.000337
0.000337
0.000337
0.000337
0.000337
0.000337
0.000337
0.000337
0.000337
0.000337
0.000337
0.000337
0.000336
0.000336
0.000336
0.000336
0.000336
0.000336
0.000336
0.000336
0.000336
0.000336
0.000336
0.000336
0.000336
0.000336
0.000336
0.000336
0.000336
0.000336
0.000336
0.000336
0.000336
0.000336
0.000336
0.000336
0.000336
0.000336
0.000336
0.000336
0.000336
0.000336
0.000335
0.000335
0.000335
0.000335
0.000335
0.000335
0.000335
0.000335
0.000335
0.000335
0.000335
0.000335
0.000335
0.000335
0.000335
0.000335
0.000335
0.000335
0.000335
0.000335
0.000335
0.000335
0.000335
