0.221501
0.026584
0.008574
0.005072
0.003261
0.002618
0.002309
0.002092
0.001934
0.001799
0.001681
0.001577
0.001481
0.001393
0.001309
0.001230
0.001157
0.001088
0.001025
0.000969
0.000918
0.000875
0.000835
0.000799
0.000767
0.000738
0.000713
0.000691
0.000671
0.000653
0.000637
0.000624
0.000611
0.000599
0.000589
0.000579
0.000570
0.000562
0.000555
0.000548
0.000542
0.000536
0.000531
0.000525
0.000520
0.000515
0.000511
0.000507
0.000503
0.000498
0.000494
0.000491
0.000487
0.000484
0.000481
0.000477
0.000474
0.000471
0.000469
0.000466
0.000464
0.000461
0.000459
0.000456
0.000454
0.000452
0.000449
0.000447
0.000445
0.000444
0.000442
0.000441
0.000439
0.000438
0.000437
0.000435
0.000433
0.000431
0.000430
0.000428
0.000427
0.000426
0.000425
0.000424
0.000423
0.000422
0.000421
0.000420
0.000420
0.000419
0.000418
0.000418
0.000417
0.000417
0.000417
0.000417
0.000416
0.000416
0.000415
0.000415
0.000406
0.000398
0.000395
0.000394
0.000393
0.000392
0.000392
0.000391
0.000391
0.000390
0.000390
0.000389
0.000389
0.000388
0.000388
0.000387
0.000387
0.000386
0.000385
0.000385
0.000384
0.000384
0.000383
0.000383
0.000383
0.000382
0.000382
0.000381
0.000381
0.000381
0.000380
0.000380
0.000380
0.000379
0.000379
0.000379
0.000378
0.000378
0.000378
0.000378
0.000377
0.000377
0.000377
0.000377
0.000376
0.000376
0.000376
0.000376
0.000376
0.000375
0.000375
0.000375
0.000375
0.000375
0.000375
0.000374
0.000374
0.000374
0.000374
0.000374
0.000374
0.000374
0.000374
0.000374
0.000374
0.000374
0.000374
0.000373
0.000373
0.000373
0.000373
0.000373
0.000373
0.000373
0.000373
0.000373
0.000373
0.000373
0.000373
0.000373
0.000373
0.000373
0.000373
0.000374
0.000374
0.000374
0.000374
0.000374
0.000374
0.000374
0.000374
0.000374
0.000374
0.000374
0.000374
0.000374
0.000374
0.000374
0.000374
0.000374
0.000364
0.000364
0.000365
0.000366
0.000366
0.000366
0.000366
0.000366
0.000366
0.000365
0.000365
0.000365
0.000365
0.000365
0.000365
0.000365
0.000365
0.000365
0.000364
0.000364
0.000364
0.000364
0.000364
0.000364
0.000363
0.000363
0.000363
0.000363
0.000362
0.000362
0.000362
0.000361
0.000361
0.000361
0.000360
0.000360
0.000360
0.000359
0.000359
0.000359
0.000359
0.000358
0.000358
0.000358
0.000357
0.000357
0.000357
0.000357
0.000356
0.000356
0.000356
0.000356
0.000355
0.000355
0.000355
0.000355
0.000354
0.000354
0.000354
0.000354
0.000354
0.000353
0.000353
0.000353
0.000353
0.000353
0.000352
0.000352
0.000352
0.000352
0.000352
0.000352
0.000351
0.000351
0.000351
0.000351
0.000351
0.000350
0.000350
0.000350
0.000350
0.000350
0.000349
0.000349
0.000349
0.000349
0.000349
0.000348
0.000348
0.000348
0.000348
0.000348
0.000348
0.000347
0.000347
0.000347
0.000347
0.000346
0.000346
0.000346
0.000344
0.000345
0.000345
0.000344
0.000344
0.000344
0.000344
0.000344
0.000344
0.000343
0.000343
0.000343
0.000343
0.000343
0.000343
0.000343
0.000343
0.000343
0.000343
0.000343
0.000342
0.000342
0.000342
0.000342
0.000342
0.000342
0.000342
0.000342
0.000341
0.000341
0.000341
0.000341
0.000341
0.000341
0.000341
0.000341
0.000341
0.000340
0.000340
0.000340
0.000340
0.000340
0.000340
0.000340
0.000340
0.000339
0.000339
0.000339
0.000339
0.000339
0.000339
0.000338
0.000338
0.000338
0.000338
0.000338
0.000338
0.000337
0.000337
0.000337
0.000337
0.000337
0.000337
0.000336
0.000336
0.000336
0.000336
0.000336
0.000336
0.000335
0.000335
0.000335
0.000335
0.000335
0.000334
0.000334
0.000334
0.000334
0.000333
0.000333
0.000333
0.000333
0.000332
0.000332
0.000332
0.000332
0.000331
0.000331
0.000331
0.000331
0.000330
0.000330
0.000330
0.000329
0.000329
0.000329
0.000329
0.000328
0.000328
0.000328
0.000326
0.000324
0.000324
0.000323
0.000323
0.000323
0.000323
0.000323
0.000323
0.000323
0.000323
0.000322
0.000322
0.000322
0.000322
0.000322
0.000322
0.000322
0.000322
0.000322
0.000321
0.000321
0.000321
0.000321
0.000321
0.000321
0.000321
0.000321
0.000321
0.000321
0.000320
0.000320
0.000320
0.000320
0.000320
0.000320
0.000320
0.000320
0.000320
0.000320
0.000320
0.000319
0.000319
0.000319
0.000319
0.000319
0.000319
0.000319
0.000319
0.000319
0.000319
0.000319
0.000319
0.000318
0.000318
0.000318
0.000318
0.000318
0.000318
0.000318
0.000318
0.000318
0.000318
0.000318
0.000318
0.000318
0.000318
0.000318
0.000317
0.000317
0.000317
0.000317
0.000317
0.000317
0.000317
0.000317
0.000317
0.000317
0.000317
0.000317
0.000317
0.000317
0.000317
0.000317
0.000317
0.000316
0.000316
0.000316
0.000316
0.000316
0.000316
0.000316
0.000316
0.000316
0.000316
0.000316
0.000316
0.000316
0.000316
0.000316
