1.628165
0.436650
0.183040
0.097768
0.058631
0.043465
0.035064
0.029819
0.025980
0.022798
0.020012
0.017537
0.015365
0.013485
0.011888
0.010554
0.009458
0.008569
0.007852
0.007274
0.006803
0.006415
0.006092
0.005820
0.005588
0.005385
0.005204
0.005041
0.004892
0.004754
0.004624
0.004502
0.004386
0.004275
0.004169
0.004066
0.003968
0.003873
0.003782
0.003693
0.003608
0.003525
0.003445
0.003368
0.003294
0.003222
0.003153
0.003087
0.003022
0.002961
0.002901
0.002844
0.002790
0.002737
0.002687
0.002639
0.002593
0.002549
0.002507
0.002467
0.002429
0.002392
0.002357
0.002324
0.002292
0.002261
0.002232
0.002204
0.002177
0.002151
0.002127
0.002104
0.002081
0.002060
0.002039
0.002019
0.002001
0.001983
0.001965
0.001948
0.001932
0.001917
0.001902
0.001887
0.001873
0.001860
0.001847
0.001834
0.001822
0.001810
0.001798
0.001787
0.001776
0.001765
0.001754
0.001744
0.001734
0.001724
0.001714
0.001705
0.001595
0.001583
0.001561
0.001557
0.001552
0.001546
0.001541
0.001536
0.001530
0.001525
0.001520
0.001515
0.001510
0.001505
0.001500
0.001496
0.001491
0.001486
0.001482
0.001477
0.001473
0.001468
0.001464
0.001459
0.001455
0.001451
0.001446
0.001442
0.001438
0.001434
0.001430
0.001426
0.001422
0.001418
0.001415
0.001411
0.001407
0.001404
0.001400
0.001397
0.001393
0.001390
0.001386
0.001383
0.001380
0.001377
0.001373
0.001370
0.001367
0.001364
0.001361
0.001358
0.001356
0.001353
0.001350
0.001347
0.001345
0.001342
0.001339
0.001337
0.001334
0.001332
0.001330
0.001327
0.001325
0.001323
0.001320
0.001318
0.001316
0.001314
0.001312
0.001310
0.001308
0.001306
0.001304
0.001302
0.001300
0.001298
0.001297
0.001295
0.001293
0.001291
0.001290
0.001288
0.001286
0.001285
0.001283
0.001282
0.001280
0.001279
0.001277
0.001276
0.001274
0.001273
0.001271
0.001270
0.001269
0.001267
0.001266
0.001265
0.001220
0.001230
0.001228
0.001222
0.001220
0.001220
0.001219
0.001218
0.001217
0.001216
0.001215
0.001214
0.001213
0.001212
0.001212
0.001211
0.001210
0.001209
0.001208
0.001207
0.001206
0.001206
0.001205
0.001204
0.001203
0.001203
0.001202
0.001201
0.001200
0.001200
0.001199
0.001198
0.001197
0.001197
0.001196
0.001195
0.001195
0.001194
0.001193
0.001193
0.001192
0.001191
0.001191
0.001190
0.001189
0.001189
0.001188
0.001187
0.001187
0.001186
0.001186
0.001185
0.001184
0.001184
0.001183
0.001183
0.001182
0.001181
0.001181
0.001180
0.001180
0.001179
0.001179
0.001178
0.001178
0.001177
0.001177
0.001176
0.001176
0.001175
0.001174
0.001174
0.001173
0.001173
0.001172
0.001172
0.001171
0.001171
0.001171
0.001170
0.001170
0.001169
0.001169
0.001168
0.001168
0.001167
0.001167
0.001166
0.001166
0.001165
0.001165
0.001165
0.001164
0.001164
0.001163
0.001163
0.001162
0.001162
0.001162
0.001161
0.001148
0.001161
0.001172
0.001178
0.001179
0.001180
0.001180
0.001180
0.001180
0.001180
0.001179
0.001179
0.001179
0.001179
0.001179
0.001179
0.001179
0.001179
0.001179
0.001179
0.001179
0.001179
0.001179
0.001179
0.001178
0.001178
0.001178
0.001178
0.001178
0.001178
0.001178
0.001178
0.001177
0.001177
0.001177
0.001177
0.001177
0.001177
0.001177
0.001176
0.001176
0.001176
0.001176
0.001176
0.001176
0.001175
0.001175
0.001175
0.001175
0.001175
0.001174
0.001174
0.001174
0.001174
0.001174
0.001173
0.001173
0.001173
0.001173
0.001173
0.001172
0.001172
0.001172
0.001172
0.001172
0.001171
0.001171
0.001171
0.001171
0.001171
0.001170
0.001170
0.001170
0.001170
0.001170
0.001169
0.001169
0.001169
0.001169
0.001168
0.001168
0.001168
0.001168
0.001168
0.001167
0.001167
0.001167
0.001167
0.001166
0.001166
0.001166
0.001166
0.001166
0.001165
0.001165
0.001165
0.001165
0.001164
0.001164
0.001164
0.001146
0.001136
0.001124
0.001126
0.001128
0.001127
0.001126
0.001127
0.001127
0.001126
0.001126
0.001126
0.001126
0.001126
0.001126
0.001126
0.001126
0.001126
0.001126
0.001126
0.001126
0.001126
0.001126
0.001126
0.001126
0.001126
0.001126
0.001126
0.001126
0.001126
0.001126
0.001126
0.001126
0.001126
0.001126
0.001126
0.001126
0.001126
0.001126
0.001126
0.001126
0.001126
0.001125
0.001125
0.001125
0.001125
0.001125
0.001125
0.001125
0.001125
0.001125
0.001125
0.001125
0.001125
0.001125
0.001125
0.001125
0.001125
0.001125
0.001125
0.001125
0.001125
0.001125
0.001125
0.001125
0.001125
0.001125
0.001125
0.001124
0.001124
0.001124
0.001124
0.001124
0.001124
0.001124
0.001124
0.001124
0.001124
0.001124
0.001124
0.001124
0.001124
0.001124
0.001124
0.001124
0.001124
0.001124
0.001123
0.001123
0.001123
0.001123
0.001123
0.001123
0.001123
0.001123
0.001123
0.001123
0.001123
0.001123
0.001123
