0.223862
0.086494
0.050809
0.019888
0.007741
0.003789
0.002841
0.002113
0.001904
0.001796
0.001735
0.001685
0.001639
0.001594
0.001547
0.001499
0.001451
0.001404
0.001360
0.001319
0.001283
0.001249
0.001218
0.001194
0.001169
0.001147
0.001128
0.001110
0.001093
0.001077
0.001062
0.001048
0.001034
0.001020
0.001007
0.000995
0.000985
0.000975
0.000966
0.000958
0.000950
0.000943
0.000936
0.000930
0.000925
0.000920
0.000916
0.000913
0.000909
0.000906
0.000903
0.000899
0.000897
0.000895
0.000893
0.000891
0.000889
0.000888
0.000886
0.000885
0.000884
0.000883
0.000882
0.000882
0.000881
0.000880
0.000880
0.000879
0.000878
0.000878
0.000877
0.000876
0.000876
0.000874
0.000874
0.000874
0.000873
0.000873
0.000873
0.000872
0.000872
0.000872
0.000872
0.000872
0.000871
0.000871
0.000870
0.000870
0.000870
0.000870
0.000869
0.000869
0.000869
0.000869
0.000869
0.000868
0.000868
0.000868
0.000867
0.000867
0.000857
0.000857
0.000858
0.000859
0.000859
0.000858
0.000858
0.000858
0.000858
0.000858
0.000858
0.000858
0.000858
0.000858
0.000857
0.000857
0.000857
0.000857
0.000857
0.000857
0.000857
0.000857
0.000857
0.000857
0.000857
0.000857
0.000857
0.000857
0.000856
0.000856
0.000856
0.000856
0.000856
0.000856
0.000856
0.000856
0.000856
0.000855
0.000855
0.000855
0.000855
0.000855
0.000855
0.000855
0.000855
0.000855
0.000854
0.000854
0.000854
0.000854
0.000854
0.000854
0.000854
0.000854
0.000854
0.000854
0.000854
0.000854
0.000854
0.000854
0.000854
0.000854
0.000854
0.000854
0.000854
0.000854
0.000854
0.000853
0.000853
0.000853
0.000853
0.000853
0.000853
0.000853
0.000853
0.000853
0.000853
0.000853
0.000853
0.000853
0.000853
0.000853
0.000853
0.000853
0.000853
0.000853
0.000853
0.000854
0.000854
0.000854
0.000854
0.000854
0.000854
0.000854
0.000854
0.000854
0.000854
0.000854
0.000854
0.000854
0.000852
0.000854
0.000853
0.000853
0.000853
0.000853
0.000853
0.000853
0.000852
0.000852
0.000852
0.000852
0.000852
0.000852
0.000852
0.000852
0.000852
0.000852
0.000852
0.000852
0.000853
0.000853
0.000853
0.000853
0.000853
0.000853
0.000853
0.000853
0.000853
0.000853
0.000853
0.000853
0.000853
0.000853
0.000853
0.000853
0.000853
0.000853
0.000853
0.000853
0.000853
0.000853
0.000853
0.000853
0.000853
0.000853
0.000853
0.000853
0.000853
0.000853
0.000853
0.000853
0.000853
0.000853
0.000853
0.000853
0.000853
0.000853
0.000853
0.000853
0.000853
0.000853
0.000853
0.000853
0.000853
0.000853
0.000853
0.000854
0.000854
0.000854
0.000854
0.000854
0.000854
0.000854
0.000854
0.000854
0.000854
0.000854
0.000854
0.000854
0.000854
0.000854
0.000854
0.000854
0.000854
0.000854
0.000854
0.000854
0.000854
0.000854
0.000854
0.000854
0.000854
0.000854
0.000854
0.000854
0.000854
0.000854
0.000854
0.000854
0.000851
0.000849
0.000848
0.000849
0.000849
0.000849
0.000849
0.000849
0.000849
0.000849
0.000849
0.000849
0.000849
0.000849
0.000849
0.000849
0.000849
0.000849
0.000849
0.000849
0.000849
0.000849
0.000849
0.000849
0.000849
0.000849
0.000849
0.000849
0.000849
0.000849
0.000849
0.000849
0.000849
0.000849
0.000849
0.000849
0.000849
0.000849
0.000849
0.000849
0.000849
0.000849
0.000849
0.000849
0.000849
0.000849
0.000849
0.000849
0.000849
0.000849
0.000849
0.000849
0.000849
0.000849
0.000849
0.000849
0.000849
0.000849
0.000849
0.000849
0.000849
0.000849
0.000849
0.000849
0.000849
0.000849
0.000849
0.000849
0.000849
0.000849
0.000849
0.000849
0.000849
0.000849
0.000849
0.000849
0.000849
0.000849
0.000849
0.000849
0.000849
0.000849
0.000849
0.000849
0.000849
0.000849
0.000849
0.000849
0.000849
0.000849
0.000849
0.000849
0.000849
0.000849
0.000849
0.000849
0.000849
0.000849
0.000849
0.000849
0.000848
0.000849
0.000849
0.000849
0.000849
0.000849
0.000849
0.000849
0.000849
0.000849
0.000849
0.000849
0.000849
0.000849
0.000848
0.000848
0.000848
0.000848
0.000848
0.000848
0.000848
0.000848
0.000848
0.000848
0.000848
0.000848
0.000848
0.000848
0.000848
0.000848
0.000848
0.000848
0.000848
0.000848
0.000848
0.000848
0.000848
0.000848
0.000848
0.000848
0.000848
0.000848
0.000848
0.000848
0.000848
0.000848
0.000848
0.000848
0.000848
0.000848
0.000848
0.000848
0.000848
0.000848
0.000848
0.000848
0.000848
0.000848
0.000848
0.000848
0.000848
0.000848
0.000848
0.000848
0.000848
0.000848
0.000848
0.000848
0.000848
0.000848
0.000848
0.000848
0.000848
0.000848
0.000848
0.000848
0.000848
0.000848
0.000848
0.000848
0.000848
0.000848
0.000848
0.000848
0.000848
0.000848
0.000848
0.000848
0.000848
0.000848
0.000848
0.000848
0.000848
0.000848
0.000848
0.000848
0.000848
0.000848
0.000848
0.000848
