0.514026
0.069751
0.028725
0.016998
0.012798
0.010363
0.008904
0.007849
0.007023
0.006361
0.005813
0.005362
0.004986
0.004668
0.004393
0.004153
0.003943
0.003755
0.003587
0.003435
0.003299
0.003174
0.003059
0.002952
0.002854
0.002761
0.002677
0.002599
0.002527
0.002461
0.002399
0.002342
0.002288
0.002239
0.002193
0.002150
0.002110
0.002073
0.002039
0.002007
0.001978
0.001950
0.001924
0.001899
0.001876
0.001854
0.001833
0.001813
0.001794
0.001775
0.001757
0.001739
0.001722
0.001705
0.001689
0.001672
0.001656
0.001640
0.001624
0.001609
0.001593
0.001578
0.001562
0.001546
0.001531
0.001516
0.001501
0.001486
0.001472
0.001457
0.001443
0.001429
0.001414
0.001400
0.001386
0.001372
0.001358
0.001344
0.001330
0.001316
0.001302
0.001287
0.001273
0.001259
0.001245
0.001230
0.001216
0.001202
0.001188
0.001174
0.001160
0.001147
0.001134
0.001122
0.001110
0.001099
0.001088
0.001078
0.001068
0.001059
0.001102
0.001014
0.001002
0.000995
0.000991
0.000989
0.000986
0.000985
0.000983
0.000981
0.000979
0.000977
0.000976
0.000974
0.000973
0.000971
0.000970
0.000969
0.000967
0.000966
0.000965
0.000964
0.000963
0.000963
0.000962
0.000961
0.000961
0.000960
0.000960
0.000959
0.000959
0.000959
0.000958
0.000958
0.000958
0.000958
0.000958
0.000958
0.000958
0.000958
0.000958
0.000959
0.000959
0.000959
0.000959
0.000960
0.000960
0.000960
0.000960
0.000961
0.000961
0.000961
0.000962
0.000962
0.000962
0.000963
0.000963
0.000963
0.000963
0.000964
0.000964
0.000964
0.000964
0.000964
0.000964
0.000965
0.000965
0.000965
0.000965
0.000965
0.000965
0.000965
0.000965
0.000965
0.000965
0.000965
0.000965
0.000965
0.000965
0.000965
0.000965
0.000964
0.000964
0.000964
0.000964
0.000964
0.000964
0.000964
0.000963
0.000963
0.000963
0.000963
0.000963
0.000963
0.000962
0.000962
0.000962
0.000962
0.000962
0.000961
0.000875
0.000867
0.000856
0.000857
0.000857
0.000856
0.000856
0.000856
0.000856
0.000856
0.000856
0.000856
0.000856
0.000855
0.000855
0.000855
0.000855
0.000855
0.000855
0.000855
0.000855
0.000855
0.000855
0.000854
0.000854
0.000854
0.000854
0.000854
0.000854
0.000854
0.000854
0.000854
0.000854
0.000854
0.000854
0.000854
0.000854
0.000854
0.000854
0.000854
0.000854
0.000854
0.000854
0.000854
0.000854
0.000854
0.000854
0.000854
0.000854
0.000854
0.000854
0.000854
0.000854
0.000854
0.000854
0.000854
0.000855
0.000855
0.000855
0.000855
0.000855
0.000855
0.000855
0.000855
0.000855
0.000856
0.000856
0.000856
0.000856
0.000856
0.000856
0.000856
0.000857
0.000857
0.000857
0.000857
0.000857
0.000857
0.000858
0.000858
0.000858
0.000858
0.000858
0.000858
0.000859
0.000859
0.000859
0.000859
0.000859
0.000859
0.000860
0.000860
0.000860
0.000860
0.000860
0.000860
0.000861
0.000861
0.000861
0.000861
0.000833
0.000840
0.000840
0.000837
0.000836
0.000836
0.000836
0.000836
0.000836
0.000835
0.000835
0.000835
0.000835
0.000835
0.000835
0.000835
0.000835
0.000834
0.000834
0.000834
0.000834
0.000834
0.000834
0.000834
0.000834
0.000834
0.000834
0.000834
0.000834
0.000834
0.000833
0.000833
0.000833
0.000833
0.000833
0.000833
0.000833
0.000833
0.000833
0.000833
0.000833
0.000833
0.000833
0.000833
0.000833
0.000833
0.000833
0.000833
0.000833
0.000833
0.000833
0.000832
0.000832
0.000832
0.000832
0.000832
0.000832
0.000832
0.000832
0.000832
0.000832
0.000832
0.000832
0.000832
0.000832
0.000832
0.000832
0.000832
0.000832
0.000832
0.000832
0.000832
0.000832
0.000832
0.000832
0.000832
0.000832
0.000832
0.000832
0.000832
0.000832
0.000832
0.000832
0.000832
0.000832
0.000832
0.000832
0.000832
0.000832
0.000831
0.000831
0.000831
0.000831
0.000831
0.000831
0.000831
0.000831
0.000831
0.000831
0.000831
0.000822
0.000828
0.000835
0.000839
0.000841
0.000842
0.000842
0.000842
0.000842
0.000842
0.000842
0.000842
0.000842
0.000842
0.000842
0.000842
0.000842
0.000842
0.000842
0.000842
0.000842
0.000842
0.000842
0.000842
0.000842
0.000842
0.000842
0.000842
0.000841
0.000841
0.000841
0.000841
0.000841
0.000841
0.000841
0.000841
0.000841
0.000841
0.000841
0.000841
0.000841
0.000840
0.000840
0.000840
0.000840
0.000840
0.000840
0.000840
0.000840
0.000840
0.000840
0.000840
0.000840
0.000840
0.000839
0.000839
0.000839
0.000839
0.000839
0.000839
0.000839
0.000839
0.000839
0.000839
0.000839
0.000839
0.000839
0.000839
0.000839
0.000838
0.000838
0.000838
0.000838
0.000838
0.000838
0.000838
0.000838
0.000838
0.000838
0.000838
0.000838
0.000838
0.000838
0.000838
0.000838
0.000837
0.000837
0.000837
0.000837
0.000837
0.000837
0.000837
0.000837
0.000837
0.000837
0.000837
0.000837
0.000837
0.000837
0.000837
