0.340422
0.076466
0.032944
0.021219
0.015484
0.012453
0.010406
0.008982
0.007894
0.007042
0.006353
0.005783
0.005303
0.004892
0.004537
0.004227
0.003953
0.003710
0.003494
0.003301
0.003127
0.002970
0.002828
0.002699
0.002581
0.002475
0.002377
0.002286
0.002202
0.002125
0.002055
0.001990
0.001930
0.001876
0.001826
0.001780
0.001737
0.001697
0.001660
0.001626
0.001593
0.001563
0.001534
0.001507
0.001481
0.001456
0.001432
0.001410
0.001389
0.001368
0.001349
0.001330
0.001312
0.001294
0.001278
0.001262
0.001247
0.001232
0.001217
0.001203
0.001190
0.001177
0.001164
0.001152
0.001140
0.001129
0.001118
0.001107
0.001096
0.001085
0.001075
0.001066
0.001056
0.001047
0.001038
0.001029
0.001021
0.001012
0.001004
0.000996
0.000988
0.000981
0.000974
0.000967
0.000959
0.000952
0.000946
0.000939
0.000932
0.000926
0.000920
0.000913
0.000906
0.000900
0.000893
0.000886
0.000880
0.000873
0.000867
0.000860
0.000824
0.000809
0.000805
0.000802
0.000798
0.000794
0.000791
0.000787
0.000784
0.000780
0.000777
0.000773
0.000769
0.000766
0.000762
0.000759
0.000755
0.000751
0.000748
0.000744
0.000740
0.000737
0.000733
0.000729
0.000726
0.000722
0.000718
0.000714
0.000710
0.000706
0.000702
0.000698
0.000695
0.000691
0.000687
0.000683
0.000679
0.000675
0.000671
0.000667
0.000663
0.000659
0.000655
0.000650
0.000646
0.000642
0.000638
0.000634
0.000630
0.000626
0.000622
0.000618
0.000614
0.000610
0.000606
0.000602
0.000599
0.000595
0.000591
0.000587
0.000583
0.000580
0.000576
0.000572
0.000569
0.000565
0.000562
0.000558
0.000555
0.000551
0.000548
0.000545
0.000541
0.000538
0.000535
0.000531
0.000528
0.000525
0.000521
0.000518
0.000515
0.000511
0.000508
0.000504
0.000500
0.000497
0.000493
0.000489
0.000486
0.000482
0.000478
0.000475
0.000471
0.000467
0.000464
0.000461
0.000457
0.000454
0.000451
0.000448
0.000447
0.000443
0.000443
0.000442
0.000441
0.000439
0.000438
0.000437
0.000436
0.000434
0.000433
0.000432
0.000431
0.000430
0.000429
0.000427
0.000426
0.000425
0.000424
0.000423
0.000422
0.000421
0.000420
0.000418
0.000417
0.000416
0.000415
0.000414
0.000413
0.000412
0.000411
0.000410
0.000409
0.000408
0.000407
0.000406
0.000406
0.000405
0.000404
0.000403
0.000402
0.000401
0.000400
0.000399
0.000398
0.000397
0.000396
0.000396
0.000395
0.000394
0.000393
0.000392
0.000391
0.000391
0.000390
0.000389
0.000388
0.000387
0.000386
0.000385
0.000385
0.000384
0.000383
0.000382
0.000381
0.000380
0.000379
0.000379
0.000378
0.000377
0.000376
0.000375
0.000374
0.000373
0.000372
0.000371
0.000370
0.000370
0.000369
0.000368
0.000367
0.000366
0.000365
0.000364
0.000363
0.000363
0.000362
0.000361
0.000360
0.000360
0.000359
0.000358
0.000357
0.000357
0.000356
0.000355
0.000355
0.000354
0.000354
0.000353
0.000352
0.000353
0.000353
0.000353
0.000352
0.000352
0.000352
0.000351
0.000351
0.000351
0.000351
0.000350
0.000350
0.000350
0.000349
0.000349
0.000349
0.000348
0.000348
0.000348
0.000348
0.000347
0.000347
0.000347
0.000347
0.000346
0.000346
0.000346
0.000345
0.000345
0.000345
0.000345
0.000344
0.000344
0.000344
0.000344
0.000343
0.000343
0.000343
0.000343
0.000342
0.000342
0.000342
0.000342
0.000342
0.000341
0.000341
0.000341
0.000341
0.000340
0.000340
0.000340
0.000340
0.000339
0.000339
0.000339
0.000338
0.000338
0.000338
0.000338
0.000337
0.000337
0.000337
0.000337
0.000336
0.000336
0.000336
0.000336
0.000335
0.000335
0.000335
0.000334
0.000334
0.000334
0.000334
0.000333
0.000333
0.000333
0.000333
0.000332
0.000332
0.000332
0.000332
0.000331
0.000331
0.000331
0.000331
0.000330
0.000330
0.000330
0.000329
0.000329
0.000329
0.000329
0.000328
0.000328
0.000328
0.000328
0.000327
0.000327
0.000325
0.000325
0.000325
0.000325
0.000325
0.000325
0.000325
0.000325
0.000325
0.000325
0.000325
0.000325
0.000324
0.000324
0.000324
0.000324
0.000324
0.000324
0.000324
0.000324
0.000323
0.000323
0.000323
0.000323
0.000323
0.000323
0.000323
0.000323
0.000322
0.000322
0.000322
0.000322
0.000322
0.000322
0.000322
0.000321
0.000321
0.000321
0.000321
0.000321
0.000321
0.000321
0.000321
0.000320
0.000320
0.000320
0.000320
0.000320
0.000320
0.000320
0.000319
0.000319
0.000319
0.000319
0.000319
0.000319
0.000319
0.000319
0.000318
0.000318
0.000318
0.000318
0.000318
0.000318
0.000318
0.000318
0.000317
0.000317
0.000317
0.000317
0.000317
0.000317
0.000317
0.000317
0.000316
0.000316
0.000316
0.000316
0.000316
0.000316
0.000316
0.000316
0.000315
0.000315
0.000315
0.000315
0.000315
0.000315
0.000315
0.000315
0.000314
0.000314
0.000314
0.000314
0.000314
0.000314
0.000314
0.000313
0.000313
0.000313
