0.716053
0.549189
0.400791
0.162713
0.057076
0.047888
0.039366
0.034433
0.030662
0.027520
0.024854
0.022516
0.020416
0.018499
0.016727
0.015081
0.013550
0.012131
0.010827
0.009642
0.008583
0.007653
0.006854
0.006184
0.005636
0.005197
0.004851
0.004582
0.004372
0.004206
0.004071
0.003957
0.003858
0.003769
0.003688
0.003612
0.003541
0.003474
0.003410
0.003350
0.003292
0.003237
0.003185
0.003136
0.003088
0.003043
0.003000
0.002958
0.002919
0.002881
0.002845
0.002810
0.002777
0.002745
0.002714
0.002685
0.002657
0.002630
0.002604
0.002579
0.002555
0.002532
0.002510
0.002489
0.002468
0.002448
0.002429
0.002411
0.002393
0.002376
0.002360
0.002344
0.002329
0.002314
0.002300
0.002286
0.002273
0.002260
0.002248
0.002236
0.002225
0.002214
0.002203
0.002192
0.002182
0.002173
0.002163
0.002154
0.002145
0.002137
0.002129
0.002121
0.002113
0.002105
0.002098
0.002091
0.002084
0.002078
0.002071
0.002065
0.002058
0.002051
0.002048
0.002046
0.002042
0.002039
0.002037
0.002034
0.002031
0.002028
0.002025
0.002023
0.002020
0.002017
0.002015
0.002012
0.002009
0.002007
0.002004
0.002002
0.002000
0.001997
0.001995
0.001992
0.001990
0.001988
0.001985
0.001983
0.001981
0.001979
0.001977
0.001975
0.001972
0.001970
0.001968
0.001966
0.001964
0.001962
0.001960
0.001958
0.001957
0.001955
0.001953
0.001951
0.001949
0.001947
0.001946
0.001944
0.001942
0.001941
0.001939
0.001937
0.001936
0.001934
0.001933
0.001931
0.001930
0.001928
0.001927
0.001925
0.001924
0.001922
0.001921
0.001919
0.001918
0.001917
0.001915
0.001914
0.001913
0.001912
0.001910
0.001909
0.001908
0.001907
0.001905
0.001904
0.001903
0.001902
0.001901
0.001900
0.001899
0.001898
0.001897
0.001896
0.001895
0.001894
0.001893
0.001892
0.001891
0.001890
0.001889
0.001888
0.001887
0.001886
0.001885
0.001884
0.001883
0.001883
0.001882
0.001881
0.001878
0.001875
0.001875
0.001875
0.001874
0.001874
0.001873
0.001873
0.001872
0.001872
0.001872
0.001871
0.001871
0.001870
0.001870
0.001870
0.001869
0.001869
0.001868
0.001868
0.001868
0.001867
0.001867
0.001866
0.001866
0.001866
0.001865
0.001865
0.001865
0.001864
0.001864
0.001863
0.001863
0.001863
0.001862
0.001862
0.001862
0.001861
0.001861
0.001861
0.001860
0.001860
0.001860
0.001859
0.001859
0.001858
0.001858
0.001858
0.001857
0.001857
0.001857
0.001856
0.001856
0.001856
0.001855
0.001855
0.001855
0.001854
0.001854
0.001854
0.001854
0.001853
0.001853
0.001853
0.001852
0.001852
0.001852
0.001851
0.001851
0.001851
0.001850
0.001850
0.001850
0.001850
0.001849
0.001849
0.001849
0.001848
0.001848
0.001848
0.001848
0.001847
0.001847
0.001847
0.001847
0.001846
0.001846
0.001846
0.001845
0.001845
0.001845
0.001845
0.001844
0.001844
0.001844
0.001844
0.001843
0.001843
0.001843
0.001843
0.001841
0.001840
0.001841
0.001840
0.001840
0.001840
0.001840
0.001840
0.001840
0.001840
0.001839
0.001839
0.001839
0.001839
0.001839
0.001839
0.001839
0.001839
0.001839
0.001838
0.001838
0.001838
0.001838
0.001838
0.001838
0.001838
0.001838
0.001837
0.001837
0.001837
0.001837
0.001837
0.001837
0.001837
0.001837
0.001837
0.001836
0.001836
0.001836
0.001836
0.001836
0.001836
0.001836
0.001836
0.001835
0.001835
0.001835
0.001835
0.001835
0.001835
0.001835
0.001835
0.001835
0.001834
0.001834
0.001834
0.001834
0.001834
0.001834
0.001834
0.001834
0.001834
0.001833
0.001833
0.001833
0.001833
0.001833
0.001833
0.001833
0.001833
0.001833
0.001833
0.001832
0.001832
0.001832
0.001832
0.001832
0.001832
0.001832
0.001832
0.001832
0.001832
0.001831
0.001831
0.001831
0.001831
0.001831
0.001831
0.001831
0.001831
0.001831
0.001831
0.001830
0.001830
0.001830
0.001830
0.001830
0.001830
0.001830
0.001830
0.001829
0.001829
0.001829
0.001829
0.001829
0.001829
0.001829
0.001829
0.001828
0.001828
0.001828
0.001828
0.001828
0.001828
0.001828
0.001828
0.001828
0.001828
0.001828
0.001828
0.001828
0.001828
0.001828
0.001828
0.001828
0.001828
0.001828
0.001828
0.001828
0.001828
0.001828
0.001827
0.001827
0.001827
0.001827
0.001827
0.001827
0.001827
0.001827
0.001827
0.001827
0.001827
0.001827
0.001827
0.001827
0.001827
0.001827
0.001827
0.001827
0.001827
0.001827
0.001827
0.001827
0.001827
0.001826
0.001826
0.001826
0.001826
0.001826
0.001826
0.001826
0.001826
0.001826
0.001826
0.001826
0.001826
0.001826
0.001826
0.001826
0.001826
0.001826
0.001826
0.001826
0.001826
0.001826
0.001826
0.001826
0.001826
0.001826
0.001825
0.001825
0.001825
0.001825
0.001825
0.001825
0.001825
0.001825
0.001825
0.001825
0.001825
0.001825
0.001825
0.001825
0.001825
0.001825
0.001825
0.001825
0.001825
0.001825
0.001825
