0.527433
0.086328
0.035581
0.021161
0.015511
0.012111
0.009928
0.008311
0.007042
0.006011
0.005174
0.004500
0.003963
0.003543
0.003214
0.002955
0.002745
0.002572
0.002426
0.002301
0.002194
0.002102
0.002020
0.001947
0.001882
0.001825
0.001774
0.001727
0.001685
0.001647
0.001613
0.001582
0.001554
0.001528
0.001504
0.001482
0.001462
0.001443
0.001426
0.001410
0.001394
0.001380
0.001366
0.001353
0.001341
0.001329
0.001318
0.001307
0.001297
0.001287
0.001278
0.001269
0.001260
0.001252
0.001244
0.001237
0.001229
0.001222
0.001216
0.001209
0.001203
0.001197
0.001191
0.001185
0.001180
0.001175
0.001170
0.001165
0.001160
0.001156
0.001151
0.001147
0.001143
0.001139
0.001135
0.001131
0.001128
0.001124
0.001120
0.001117
0.001113
0.001110
0.001106
0.001103
0.001099
0.001096
0.001093
0.001089
0.001086
0.001083
0.001079
0.001075
0.001071
0.001067
0.001063
0.001058
0.001053
0.001048
0.001042
0.001037
0.001029
0.000898
0.000900
0.000885
0.000887
0.000884
0.000883
0.000881
0.000880
0.000878
0.000876
0.000875
0.000874
0.000872
0.000871
0.000870
0.000868
0.000867
0.000866
0.000864
0.000863
0.000862
0.000860
0.000859
0.000857
0.000855
0.000854
0.000852
0.000850
0.000849
0.000847
0.000846
0.000844
0.000842
0.000840
0.000838
0.000836
0.000834
0.000832
0.000831
0.000829
0.000827
0.000825
0.000822
0.000820
0.000818
0.000815
0.000812
0.000807
0.000802
0.000796
0.000788
0.000775
0.000754
0.000722
0.000686
0.000653
0.000628
0.000609
0.000593
0.000578
0.000565
0.000554
0.000544
0.000534
0.000525
0.000516
0.000508
0.000500
0.000493
0.000485
0.000478
0.000472
0.000465
0.000458
0.000452
0.000446
0.000440
0.000435
0.000430
0.000424
0.000419
0.000414
0.000409
0.000405
0.000401
0.000398
0.000394
0.000391
0.000388
0.000385
0.000383
0.000381
0.000378
0.000376
0.000374
0.000372
0.000370
0.000368
0.000367
0.000368
0.000363
0.000361
0.000361
0.000360
0.000359
0.000358
0.000358
0.000357
0.000356
0.000356
0.000355
0.000355
0.000354
0.000353
0.000353
0.000352
0.000352
0.000351
0.000351
0.000350
0.000350
0.000350
0.000349
0.000349
0.000348
0.000348
0.000347
0.000347
0.000347
0.000346
0.000346
0.000345
0.000345
0.000345
0.000344
0.000344
0.000344
0.000343
0.000343
0.000343
0.000342
0.000342
0.000342
0.000341
0.000341
0.000341
0.000341
0.000340
0.000340
0.000340
0.000340
0.000339
0.000339
0.000339
0.000339
0.000338
0.000338
0.000338
0.000337
0.000337
0.000337
0.000336
0.000336
0.000336
0.000335
0.000335
0.000335
0.000334
0.000334
0.000333
0.000333
0.000333
0.000333
0.000332
0.000332
0.000331
0.000331
0.000330
0.000330
0.000329
0.000329
0.000328
0.000328
0.000327
0.000327
0.000326
0.000326
0.000326
0.000325
0.000325
0.000324
0.000324
0.000323
0.000323
0.000322
0.000322
0.000321
0.000321
0.000321
0.000321
0.000316
0.000316
0.000315
0.000315
0.000315
0.000315
0.000314
0.000314
0.000314
0.000314
0.000314
0.000314
0.000313
0.000313
0.000313
0.000313
0.000313
0.000313
0.000313
0.000313
0.000312
0.000312
0.000312
0.000312
0.000312
0.000312
0.000312
0.000311
0.000311
0.000311
0.000311
0.000311
0.000311
0.000311
0.000311
0.000310
0.000310
0.000310
0.000310
0.000310
0.000310
0.000310
0.000309
0.000309
0.000309
0.000309
0.000309
0.000309
0.000309
0.000309
0.000309
0.000308
0.000308
0.000308
0.000308
0.000308
0.000308
0.000308
0.000308
0.000308
0.000307
0.000307
0.000307
0.000307
0.000307
0.000307
0.000307
0.000307
0.000307
0.000307
0.000307
0.000306
0.000306
0.000306
0.000306
0.000306
0.000306
0.000306
0.000306
0.000306
0.000306
0.000306
0.000306
0.000305
0.000305
0.000305
0.000305
0.000305
0.000305
0.000305
0.000305
0.000305
0.000305
0.000305
0.000305
0.000305
0.000304
0.000304
0.000304
0.000300
0.000300
0.000299
0.000299
0.000299
0.000299
0.000299
0.000299
0.000299
0.000298
0.000298
0.000298
0.000298
0.000298
0.000298
0.000298
0.000298
0.000298
0.000298
0.000298
0.000298
0.000298
0.000298
0.000297
0.000297
0.000297
0.000297
0.000297
0.000297
0.000297
0.000297
0.000297
0.000297
0.000297
0.000297
0.000297
0.000296
0.000296
0.000296
0.000296
0.000296
0.000296
0.000296
0.000296
0.000296
0.000296
0.000296
0.000296
0.000296
0.000295
0.000295
0.000295
0.000295
0.000295
0.000295
0.000295
0.000295
0.000295
0.000295
0.000295
0.000295
0.000295
0.000294
0.000294
0.000294
0.000294
0.000294
0.000294
0.000294
0.000294
0.000294
0.000294
0.000294
0.000294
0.000294
0.000293
0.000293
0.000293
0.000293
0.000293
0.000293
0.000293
0.000293
0.000293
0.000293
0.000293
0.000293
0.000293
0.000292
0.000292
0.000292
0.000292
0.000292
0.000292
0.000292
0.000292
0.000292
0.000292
0.000292
0.000292
