0.792048
0.152894
0.054293
0.030220
0.019201
0.013833
0.010628
0.008613
0.007248
0.006300
0.005622
0.005121
0.004742
0.004435
0.004172
0.003942
0.003736
0.003548
0.003377
0.003221
0.003078
0.002947
0.002825
0.002713
0.002609
0.002513
0.002425
0.002343
0.002267
0.002197
0.002132
0.002073
0.002019
0.001970
0.001924
0.001882
0.001844
0.001807
0.001774
0.001742
0.001713
0.001687
0.001661
0.001638
0.001615
0.001594
0.001574
0.001556
0.001538
0.001521
0.001505
0.001490
0.001476
0.001462
0.001449
0.001437
0.001425
0.001414
0.001403
0.001394
0.001384
0.001375
0.001367
0.001358
0.001350
0.001343
0.001336
0.001328
0.001321
0.001315
0.001308
0.001302
0.001296
0.001289
0.001283
0.001278
0.001272
0.001267
0.001261
0.001256
0.001251
0.001247
0.001242
0.001238
0.001233
0.001229
0.001225
0.001221
0.001217
0.001213
0.001209
0.001206
0.001202
0.001199
0.001195
0.001192
0.001189
0.001186
0.001183
0.001180
0.001090
0.001042
0.001031
0.001030
0.001026
0.001026
0.001024
0.001022
0.001021
0.001019
0.001018
0.001016
0.001015
0.001014
0.001013
0.001011
0.001010
0.001009
0.001008
0.001007
0.001006
0.001005
0.001004
0.001003
0.001002
0.001001
0.001000
0.000999
0.000999
0.000998
0.000997
0.000996
0.000995
0.000995
0.000994
0.000993
0.000992
0.000992
0.000991
0.000990
0.000990
0.000989
0.000988
0.000987
0.000987
0.000986
0.000985
0.000984
0.000984
0.000983
0.000982
0.000982
0.000981
0.000980
0.000979
0.000979
0.000978
0.000977
0.000977
0.000976
0.000976
0.000975
0.000975
0.000974
0.000974
0.000974
0.000973
0.000973
0.000973
0.000972
0.000972
0.000972
0.000972
0.000972
0.000971
0.000971
0.000971
0.000971
0.000971
0.000971
0.000971
0.000971
0.000971
0.000971
0.000971
0.000971
0.000971
0.000971
0.000971
0.000971
0.000971
0.000971
0.000971
0.000971
0.000971
0.000971
0.000971
0.000971
0.000971
0.000971
0.000920
0.000921
0.000915
0.000914
0.000914
0.000914
0.000913
0.000913
0.000913
0.000912
0.000912
0.000912
0.000911
0.000911
0.000911
0.000910
0.000910
0.000910
0.000909
0.000909
0.000909
0.000908
0.000908
0.000908
0.000908
0.000907
0.000907
0.000907
0.000907
0.000906
0.000906
0.000906
0.000906
0.000906
0.000905
0.000905
0.000905
0.000905
0.000905
0.000904
0.000904
0.000904
0.000904
0.000904
0.000904
0.000904
0.000903
0.000903
0.000903
0.000903
0.000903
0.000903
0.000903
0.000903
0.000903
0.000902
0.000902
0.000902
0.000902
0.000902
0.000902
0.000902
0.000902
0.000901
0.000901
0.000901
0.000901
0.000901
0.000901
0.000901
0.000900
0.000900
0.000900
0.000900
0.000900
0.000900
0.000899
0.000899
0.000899
0.000899
0.000899
0.000898
0.000898
0.000898
0.000898
0.000898
0.000897
0.000897
0.000897
0.000897
0.000897
0.000896
0.000896
0.000896
0.000896
0.000895
0.000895
0.000895
0.000895
0.000895
0.000876
0.000879
0.000883
0.000883
0.000883
0.000882
0.000881
0.000881
0.000881
0.000881
0.000881
0.000880
0.000880
0.000880
0.000880
0.000880
0.000879
0.000879
0.000879
0.000879
0.000879
0.000879
0.000878
0.000878
0.000878
0.000878
0.000878
0.000877
0.000877
0.000877
0.000877
0.000877
0.000877
0.000876
0.000876
0.000876
0.000876
0.000876
0.000876
0.000876
0.000875
0.000875
0.000875
0.000875
0.000875
0.000875
0.000874
0.000874
0.000874
0.000874
0.000874
0.000874
0.000873
0.000873
0.000873
0.000873
0.000873
0.000873
0.000872
0.000872
0.000872
0.000872
0.000872
0.000872
0.000872
0.000871
0.000871
0.000871
0.000871
0.000871
0.000871
0.000870
0.000870
0.000870
0.000870
0.000870
0.000870
0.000869
0.000869
0.000869
0.000869
0.000869
0.000868
0.000868
0.000868
0.000868
0.000868
0.000868
0.000868
0.000867
0.000867
0.000867
0.000867
0.000867
0.000867
0.000866
0.000866
0.000866
0.000866
0.000866
0.000855
0.000861
0.000863
0.000864
0.000865
0.000865
0.000865
0.000865
0.000864
0.000864
0.000864
0.000864
0.000864
0.000864
0.000864
0.000864
0.000864
0.000864
0.000864
0.000864
0.000863
0.000863
0.000863
0.000863
0.000863
0.000863
0.000863
0.000863
0.000863
0.000863
0.000863
0.000862
0.000862
0.000862
0.000862
0.000862
0.000862
0.000862
0.000862
0.000862
0.000862
0.000862
0.000861
0.000861
0.000861
0.000861
0.000861
0.000861
0.000861
0.000861
0.000861
0.000861
0.000861
0.000860
0.000860
0.000860
0.000860
0.000860
0.000860
0.000860
0.000860
0.000860
0.000860
0.000859
0.000859
0.000859
0.000859
0.000859
0.000859
0.000859
0.000859
0.000859
0.000859
0.000858
0.000858
0.000858
0.000858
0.000858
0.000858
0.000858
0.000858
0.000858
0.000857
0.000857
0.000857
0.000857
0.000857
0.000857
0.000857
0.000857
0.000857
0.000857
0.000856
0.000856
0.000856
0.000856
0.000856
0.000856
0.000856
0.000856
