0.400595
0.221801
0.168085
0.143412
0.121655
0.101906
0.084214
0.068396
0.054556
0.042752
0.032982
0.025169
0.019150
0.014687
0.011493
0.009270
0.007747
0.006705
0.005980
0.005462
0.005079
0.004786
0.004553
0.004362
0.004202
0.004065
0.003946
0.003840
0.003745
0.003659
0.003581
0.003509
0.003442
0.003381
0.003323
0.003270
0.003219
0.003172
0.003127
0.003084
0.003044
0.003005
0.002968
0.002933
0.002898
0.002866
0.002834
0.002803
0.002774
0.002745
0.002717
0.002690
0.002664
0.002638
0.002613
0.002589
0.002566
0.002543
0.002521
0.002499
0.002478
0.002458
0.002438
0.002419
0.002400
0.002383
0.002365
0.002348
0.002332
0.002316
0.002301
0.002286
0.002272
0.002259
0.002246
0.002233
0.002221
0.002209
0.002198
0.002187
0.002177
0.002167
0.002158
0.002148
0.002140
0.002132
0.002124
0.002116
0.002109
0.002102
0.002096
0.002089
0.002084
0.002078
0.002073
0.002068
0.002063
0.002058
0.002054
0.002050
0.002043
0.002034
0.002032
0.002031
0.002028
0.002027
0.002025
0.002023
0.002021
0.002019
0.002018
0.002016
0.002014
0.002013
0.002011
0.002010
0.002008
0.002007
0.002005
0.002004
0.002002
0.002001
0.002000
0.001998
0.001997
0.001996
0.001994
0.001993
0.001992
0.001991
0.001990
0.001989
0.001987
0.001986
0.001985
0.001984
0.001983
0.001982
0.001981
0.001980
0.001979
0.001978
0.001977
0.001976
0.001975
0.001974
0.001974
0.001973
0.001972
0.001971
0.001970
0.001969
0.001969
0.001968
0.001967
0.001966
0.001965
0.001965
0.001964
0.001963
0.001962
0.001962
0.001961
0.001960
0.001960
0.001959
0.001958
0.001958
0.001957
0.001956
0.001956
0.001955
0.001954
0.001954
0.001953
0.001953
0.001952
0.001951
0.001951
0.001950
0.001950
0.001949
0.001949
0.001948
0.001947
0.001947
0.001946
0.001946
0.001945
0.001945
0.001944
0.001944
0.001943
0.001943
0.001942
0.001942
0.001941
0.001941
0.001940
0.001939
0.001934
0.001928
0.001926
0.001927
0.001927
0.001926
0.001926
0.001926
0.001925
0.001925
0.001925
0.001924
0.001924
0.001924
0.001923
0.001923
0.001923
0.001922
0.001922
0.001922
0.001921
0.001921
0.001921
0.001920
0.001920
0.001920
0.001919
0.001919
0.001919
0.001918
0.001918
0.001918
0.001917
0.001917
0.001917
0.001916
0.001916
0.001916
0.001915
0.001915
0.001915
0.001914
0.001914
0.001914
0.001913
0.001913
0.001913
0.001912
0.001912
0.001912
0.001911
0.001911
0.001911
0.001910
0.001910
0.001910
0.001909
0.001909
0.001909
0.001908
0.001908
0.001908
0.001907
0.001907
0.001907
0.001906
0.001906
0.001906
0.001905
0.001905
0.001905
0.001904
0.001904
0.001904
0.001903
0.001903
0.001903
0.001902
0.001902
0.001902
0.001901
0.001901
0.001901
0.001900
0.001900
0.001900
0.001899
0.001899
0.001899
0.001898
0.001898
0.001898
0.001897
0.001897
0.001896
0.001896
0.001896
0.001895
0.001895
0.001895
0.001892
0.001888
0.001889
0.001889
0.001888
0.001888
0.001888
0.001888
0.001888
0.001887
0.001887
0.001887
0.001887
0.001887
0.001887
0.001886
0.001886
0.001886
0.001886
0.001886
0.001885
0.001885
0.001885
0.001885
0.001884
0.001884
0.001884
0.001884
0.001884
0.001883
0.001883
0.001883
0.001883
0.001883
0.001882
0.001882
0.001882
0.001882
0.001882
0.001881
0.001881
0.001881
0.001881
0.001880
0.001880
0.001880
0.001880
0.001880
0.001879
0.001879
0.001879
0.001879
0.001878
0.001878
0.001878
0.001878
0.001878
0.001877
0.001877
0.001877
0.001877
0.001876
0.001876
0.001876
0.001876
0.001875
0.001875
0.001875
0.001875
0.001875
0.001874
0.001874
0.001874
0.001874
0.001873
0.001873
0.001873
0.001873
0.001872
0.001872
0.001872
0.001872
0.001871
0.001871
0.001871
0.001871
0.001870
0.001870
0.001870
0.001870
0.001869
0.001869
0.001869
0.001869
0.001868
0.001868
0.001868
0.001868
0.001867
0.001867
0.001866
0.001865
0.001865
0.001865
0.001865
0.001865
0.001865
0.001864
0.001864
0.001864
0.001864
0.001864
0.001864
0.001864
0.001864
0.001863
0.001863
0.001863
0.001863
0.001863
0.001863
0.001863
0.001862
0.001862
0.001862
0.001862
0.001862
0.001862
0.001862
0.001861
0.001861
0.001861
0.001861
0.001861
0.001861
0.001861
0.001860
0.001860
0.001860
0.001860
0.001860
0.001860
0.001860
0.001859
0.001859
0.001859
0.001859
0.001859
0.001859
0.001859
0.001858
0.001858
0.001858
0.001858
0.001858
0.001858
0.001858
0.001857
0.001857
0.001857
0.001857
0.001857
0.001857
0.001856
0.001856
0.001856
0.001856
0.001856
0.001856
0.001856
0.001855
0.001855
0.001855
0.001855
0.001855
0.001855
0.001854
0.001854
0.001854
0.001854
0.001854
0.001854
0.001854
0.001853
0.001853
0.001853
0.001853
0.001853
0.001853
0.001852
0.001852
0.001852
0.001852
0.001852
0.001852
0.001851
0.001851
0.001851
0.001851
0.001851
