0.478916
0.068970
0.032642
0.022236
0.017142
0.014262
0.012069
0.010358
0.008964
0.007801
0.006825
0.006009
0.005332
0.004773
0.004313
0.003936
0.003625
0.003369
0.003155
0.002974
0.002821
0.002688
0.002573
0.002472
0.002381
0.002299
0.002226
0.002159
0.002099
0.002043
0.001992
0.001945
0.001901
0.001861
0.001824
0.001790
0.001758
0.001727
0.001699
0.001672
0.001647
0.001624
0.001602
0.001581
0.001561
0.001543
0.001525
0.001509
0.001493
0.001479
0.001466
0.001453
0.001441
0.001430
0.001420
0.001410
0.001401
0.001392
0.001383
0.001375
0.001367
0.001359
0.001352
0.001344
0.001336
0.001329
0.001322
0.001314
0.001307
0.001300
0.001293
0.001286
0.001279
0.001272
0.001265
0.001259
0.001252
0.001246
0.001240
0.001234
0.001228
0.001223
0.001217
0.001212
0.001208
0.001203
0.001199
0.001196
0.001193
0.001191
0.001189
0.001187
0.001186
0.001186
0.001186
0.001186
0.001186
0.001187
0.001188
0.001189
0.001104
0.001085
0.001068
0.001072
0.001068
0.001067
0.001066
0.001064
0.001063
0.001062
0.001061
0.001059
0.001058
0.001057
0.001056
0.001055
0.001054
0.001053
0.001052
0.001051
0.001050
0.001049
0.001048
0.001047
0.001047
0.001046
0.001045
0.001044
0.001044
0.001043
0.001042
0.001041
0.001041
0.001040
0.001040
0.001039
0.001039
0.001038
0.001038
0.001037
0.001037
0.001036
0.001036
0.001036
0.001035
0.001035
0.001035
0.001035
0.001034
0.001034
0.001034
0.001034
0.001034
0.001034
0.001034
0.001034
0.001034
0.001034
0.001034
0.001033
0.001033
0.001033
0.001033
0.001034
0.001034
0.001034
0.001034
0.001034
0.001034
0.001034
0.001035
0.001035
0.001035
0.001036
0.001036
0.001036
0.001037
0.001037
0.001037
0.001038
0.001038
0.001039
0.001039
0.001039
0.001040
0.001040
0.001041
0.001041
0.001042
0.001042
0.001042
0.001043
0.001043
0.001044
0.001044
0.001044
0.001045
0.001045
0.001045
0.001045
0.000962
0.000947
0.000934
0.000934
0.000934
0.000933
0.000933
0.000932
0.000932
0.000932
0.000931
0.000931
0.000930
0.000930
0.000930
0.000929
0.000929
0.000929
0.000928
0.000928
0.000928
0.000927
0.000927
0.000927
0.000926
0.000926
0.000926
0.000925
0.000925
0.000925
0.000924
0.000924
0.000924
0.000924
0.000923
0.000923
0.000923
0.000922
0.000922
0.000922
0.000922
0.000921
0.000921
0.000921
0.000920
0.000920
0.000920
0.000920
0.000919
0.000919
0.000919
0.000919
0.000918
0.000918
0.000918
0.000918
0.000917
0.000917
0.000917
0.000917
0.000917
0.000916
0.000916
0.000916
0.000916
0.000916
0.000916
0.000915
0.000915
0.000915
0.000915
0.000915
0.000915
0.000915
0.000915
0.000915
0.000915
0.000915
0.000914
0.000914
0.000914
0.000914
0.000914
0.000914
0.000914
0.000914
0.000914
0.000914
0.000914
0.000914
0.000914
0.000914
0.000914
0.000914
0.000914
0.000914
0.000914
0.000914
0.000914
0.000914
0.000880
0.000886
0.000884
0.000881
0.000880
0.000880
0.000880
0.000879
0.000879
0.000879
0.000879
0.000878
0.000878
0.000878
0.000878
0.000877
0.000877
0.000877
0.000877
0.000877
0.000876
0.000876
0.000876
0.000876
0.000876
0.000875
0.000875
0.000875
0.000875
0.000875
0.000874
0.000874
0.000874
0.000874
0.000874
0.000874
0.000873
0.000873
0.000873
0.000873
0.000873
0.000873
0.000872
0.000872
0.000872
0.000872
0.000872
0.000872
0.000871
0.000871
0.000871
0.000871
0.000871
0.000870
0.000870
0.000870
0.000869
0.000869
0.000868
0.000868
0.000867
0.000867
0.000866
0.000866
0.000865
0.000865
0.000864
0.000863
0.000862
0.000862
0.000861
0.000860
0.000859
0.000858
0.000857
0.000856
0.000855
0.000855
0.000854
0.000853
0.000852
0.000851
0.000850
0.000849
0.000847
0.000846
0.000845
0.000844
0.000842
0.000841
0.000839
0.000837
0.000835
0.000833
0.000830
0.000827
0.000823
0.000819
0.000816
0.000811
0.000795
0.000798
0.000801
0.000802
0.000801
0.000799
0.000797
0.000795
0.000793
0.000790
0.000788
0.000786
0.000784
0.000782
0.000780
0.000778
0.000776
0.000774
0.000772
0.000770
0.000768
0.000766
0.000764
0.000762
0.000761
0.000759
0.000757
0.000755
0.000753
0.000752
0.000750
0.000748
0.000746
0.000744
0.000742
0.000741
0.000739
0.000737
0.000735
0.000733
0.000732
0.000730
0.000728
0.000726
0.000725
0.000723
0.000721
0.000719
0.000718
0.000716
0.000714
0.000712
0.000710
0.000709
0.000707
0.000705
0.000703
0.000701
0.000700
0.000698
0.000696
0.000694
0.000692
0.000691
0.000689
0.000687
0.000685
0.000683
0.000681
0.000680
0.000678
0.000676
0.000674
0.000672
0.000670
0.000669
0.000667
0.000665
0.000663
0.000661
0.000659
0.000658
0.000656
0.000654
0.000652
0.000650
0.000648
0.000646
0.000645
0.000643
0.000641
0.000639
0.000637
0.000635
0.000634
0.000632
0.000630
0.000628
0.000626
0.000625
