2.258331
1.232254
0.740617
0.429801
0.246499
0.142155
0.083519
0.052479
0.036802
0.029210
0.025609
0.023858
0.022913
0.022309
0.021852
0.021469
0.021129
0.020822
0.020539
0.020276
0.020028
0.019792
0.019566
0.019347
0.019133
0.018924
0.018718
0.018514
0.018312
0.018111
0.017911
0.017713
0.017515
0.017318
0.017121
0.016926
0.016731
0.016536
0.016343
0.016150
0.015959
0.015768
0.015578
0.015389
0.015202
0.015015
0.014830
0.014646
0.014464
0.014283
0.014103
0.013925
0.013749
0.013574
0.013401
0.013229
0.013059
0.012891
0.012725
0.012560
0.012398
0.012237
0.012078
0.011920
0.011765
0.011612
0.011460
0.011311
0.011163
0.011017
0.010873
0.010731
0.010591
0.010453
0.010316
0.010182
0.010049
0.009918
0.009789
0.009661
0.009536
0.009412
0.009289
0.009168
0.009049
0.008931
0.008814
0.008699
0.008585
0.008472
0.008361
0.008250
0.008141
0.008032
0.007925
0.007818
0.007712
0.007607
0.007502
0.007398
0.007316
0.007262
0.007210
0.007158
0.007105
0.007052
0.006998
0.006945
0.006891
0.006837
0.006782
0.006727
0.006672
0.006616
0.006560
0.006503
0.006446
0.006389
0.006331
0.006272
0.006213
0.006153
0.006093
0.006032
0.005970
0.005907
0.005844
0.005780
0.005716
0.005650
0.005584
0.005517
0.005449
0.005380
0.005310
0.005240
0.005168
0.005096
0.005022
0.004948
0.004873
0.004797
0.004720
0.004642
0.004563
0.004483
0.004403
0.004322
0.004241
0.004158
0.004076
0.003993
0.003909
0.003826
0.003742
0.003658
0.003575
0.003492
0.003409
0.003327
0.003246
0.003165
0.003086
0.003008
0.002932
0.002857
0.002783
0.002712
0.002643
0.002575
0.002510
0.002447
0.002387
0.002329
0.002274
0.002221
0.002171
0.002123
0.002078
0.002035
0.001994
0.001956
0.001921
0.001887
0.001856
0.001827
0.001799
0.001774
0.001750
0.001728
0.001707
0.001688
0.001670
0.001653
0.001638
0.001623
0.001610
0.001597
0.001585
0.001574
0.001564
0.001558
0.001553
0.001548
0.001544
0.001539
0.001535
0.001530
0.001526
0.001522
0.001518
0.001514
0.001510
0.001506
0.001503
0.001499
0.001495
0.001492
0.001488
0.001485
0.001482
0.001479
0.001476
0.001472
0.001469
0.001466
0.001464
0.001461
0.001458
0.001455
0.001452
0.001450
0.001447
0.001444
0.001442
0.001439
0.001437
0.001435
0.001432
0.001430
0.001428
0.001425
0.001423
0.001421
0.001419
0.001417
0.001415
0.001412
0.001410
0.001408
0.001406
0.001405
0.001403
0.001401
0.001399
0.001397
0.001395
0.001393
0.001392
0.001390
0.001388
0.001387
0.001385
0.001383
0.001382
0.001380
0.001379
0.001377
0.001376
0.001374
0.001373
0.001371
0.001370
0.001368
0.001367
0.001366
0.001364
0.001363
0.001362
0.001360
0.001359
0.001358
0.001356
0.001355
0.001354
0.001353
0.001352
0.001350
0.001349
0.001348
0.001347
0.001346
0.001345
0.001344
0.001343
0.001341
0.001340
0.001339
0.001338
0.001337
0.001335
0.001334
0.001333
0.001333
0.001332
0.001331
0.001331
0.001330
0.001330
0.001329
0.001329
0.001328
0.001328
0.001327
0.001327
0.001326
0.001326
0.001325
0.001325
0.001324
0.001324
0.001323
0.001323
0.001322
0.001322
0.001321
0.001321
0.001320
0.001320
0.001319
0.001319
0.001318
0.001318
0.001317
0.001317
0.001316
0.001316
0.001315
0.001315
0.001314
0.001314
0.001313
0.001312
0.001312
0.001311
0.001311
0.001310
0.001310
0.001309
0.001309
0.001308
0.001308
0.001307
0.001307
0.001306
0.001306
0.001305
0.001305
0.001304
0.001304
0.001303
0.001302
0.001302
0.001301
0.001301
0.001300
0.001300
0.001299
0.001299
0.001298
0.001298
0.001297
0.001296
0.001296
0.001295
0.001295
0.001294
0.001294
0.001293
0.001292
0.001292
0.001291
0.001291
0.001290
0.001289
0.001289
0.001288
0.001288
0.001287
0.001286
0.001286
0.001285
0.001285
0.001284
0.001283
0.001283
0.001282
0.001281
0.001281
0.001280
0.001278
0.001277
0.001277
0.001276
0.001276
0.001276
0.001275
0.001275
0.001275
0.001274
0.001274
0.001274
0.001273
0.001273
0.001272
0.001272
0.001272
0.001271
0.001271
0.001270
0.001270
0.001270
0.001269
0.001269
0.001268
0.001268
0.001268
0.001267
0.001267
0.001266
0.001266
0.001265
0.001265
0.001264
0.001264
0.001264
0.001263
0.001263
0.001262
0.001262
0.001261
0.001261
0.001260
0.001260
0.001259
0.001259
0.001258
0.001258
0.001257
0.001256
0.001256
0.001255
0.001255
0.001254
0.001254
0.001253
0.001252
0.001252
0.001251
0.001251
0.001250
0.001249
0.001249
0.001248
0.001247
0.001247
0.001246
0.001245
0.001245
0.001244
0.001243
0.001243
0.001242
0.001241
0.001240
0.001239
0.001239
0.001238
0.001237
0.001236
0.001235
0.001234
0.001233
0.001233
0.001232
0.001231
0.001230
0.001229
0.001228
0.001227
0.001226
0.001225
0.001224
0.001223
0.001221
0.001220
0.001219
0.001218
0.001217
0.001215
