0.700094
0.095914
0.037521
0.018594
0.014187
0.011970
0.010364
0.009253
0.008402
0.007704
0.007123
0.006624
0.006192
0.005809
0.005466
0.005156
0.004875
0.004617
0.004379
0.004160
0.003956
0.003765
0.003587
0.003419
0.003261
0.003110
0.002970
0.002842
0.002726
0.002620
0.002525
0.002438
0.002359
0.002288
0.002223
0.002163
0.002110
0.002061
0.002016
0.001976
0.001938
0.001904
0.001872
0.001843
0.001815
0.001789
0.001766
0.001743
0.001722
0.001702
0.001683
0.001665
0.001648
0.001631
0.001616
0.001601
0.001587
0.001573
0.001561
0.001548
0.001536
0.001525
0.001514
0.001504
0.001493
0.001484
0.001474
0.001465
0.001456
0.001447
0.001438
0.001430
0.001422
0.001414
0.001406
0.001399
0.001391
0.001384
0.001376
0.001369
0.001362
0.001355
0.001348
0.001342
0.001336
0.001330
0.001324
0.001317
0.001311
0.001306
0.001300
0.001293
0.001287
0.001280
0.001274
0.001268
0.001261
0.001255
0.001248
0.001242
0.001187
0.001189
0.001180
0.001173
0.001169
0.001165
0.001160
0.001155
0.001150
0.001145
0.001140
0.001133
0.001126
0.001117
0.001107
0.001094
0.001080
0.001066
0.001052
0.001039
0.001025
0.001013
0.001000
0.000988
0.000975
0.000963
0.000952
0.000940
0.000929
0.000918
0.000908
0.000898
0.000887
0.000877
0.000868
0.000858
0.000848
0.000839
0.000830
0.000821
0.000812
0.000803
0.000794
0.000785
0.000776
0.000768
0.000759
0.000751
0.000742
0.000734
0.000726
0.000717
0.000709
0.000701
0.000693
0.000685
0.000677
0.000669
0.000661
0.000653
0.000646
0.000638
0.000631
0.000624
0.000616
0.000609
0.000602
0.000595
0.000588
0.000582
0.000575
0.000569
0.000562
0.000556
0.000550
0.000544
0.000538
0.000532
0.000526
0.000521
0.000515
0.000510
0.000505
0.000500
0.000495
0.000490
0.000486
0.000481
0.000477
0.000472
0.000468
0.000464
0.000460
0.000457
0.000453
0.000449
0.000446
0.000442
0.000439
0.000436
0.000429
0.000429
0.000426
0.000424
0.000423
0.000421
0.000420
0.000418
0.000417
0.000415
0.000414
0.000413
0.000411
0.000410
0.000409
0.000408
0.000406
0.000405
0.000404
0.000403
0.000401
0.000400
0.000399
0.000398
0.000397
0.000396
0.000395
0.000394
0.000393
0.000392
0.000391
0.000390
0.000389
0.000388
0.000387
0.000386
0.000385
0.000384
0.000383
0.000382
0.000381
0.000381
0.000380
0.000379
0.000378
0.000377
0.000377
0.000376
0.000375
0.000374
0.000374
0.000373
0.000372
0.000372
0.000371
0.000370
0.000370
0.000369
0.000369
0.000368
0.000367
0.000367
0.000366
0.000366
0.000365
0.000365
0.000364
0.000363
0.000363
0.000362
0.000362
0.000361
0.000361
0.000361
0.000360
0.000360
0.000359
0.000359
0.000358
0.000358
0.000357
0.000357
0.000356
0.000356
0.000356
0.000355
0.000355
0.000355
0.000354
0.000354
0.000354
0.000353
0.000353
0.000352
0.000352
0.000352
0.000351
0.000351
0.000351
0.000350
0.000348
0.000347
0.000347
0.000347
0.000347
0.000346
0.000346
0.000346
0.000346
0.000346
0.000346
0.000345
0.000345
0.000345
0.000345
0.000345
0.000345
0.000344
0.000344
0.000344
0.000344
0.000344
0.000343
0.000343
0.000343
0.000343
0.000343
0.000343
0.000342
0.000342
0.000342
0.000342
0.000342
0.000342
0.000342
0.000341
0.000341
0.000341
0.000341
0.000341
0.000341
0.000340
0.000340
0.000340
0.000340
0.000340
0.000340
0.000340
0.000339
0.000339
0.000339
0.000339
0.000339
0.000339
0.000338
0.000338
0.000338
0.000338
0.000338
0.000338
0.000338
0.000337
0.000337
0.000337
0.000337
0.000337
0.000337
0.000337
0.000336
0.000336
0.000336
0.000336
0.000336
0.000336
0.000336
0.000335
0.000335
0.000335
0.000335
0.000335
0.000335
0.000335
0.000334
0.000334
0.000334
0.000334
0.000334
0.000334
0.000334
0.000333
0.000333
0.000333
0.000333
0.000333
0.000333
0.000332
0.000332
0.000332
0.000332
0.000332
0.000331
0.000331
0.000331
0.000331
0.000331
0.000330
0.000330
0.000330
0.000330
0.000330
0.000330
0.000330
0.000330
0.000330
0.000330
0.000330
0.000329
0.000329
0.000329
0.000329
0.000329
0.000329
0.000329
0.000329
0.000329
0.000329
0.000329
0.000328
0.000328
0.000328
0.000328
0.000328
0.000328
0.000328
0.000328
0.000328
0.000328
0.000328
0.000327
0.000327
0.000327
0.000327
0.000327
0.000327
0.000327
0.000327
0.000327
0.000327
0.000327
0.000326
0.000326
0.000326
0.000326
0.000326
0.000326
0.000326
0.000326
0.000326
0.000326
0.000325
0.000325
0.000325
0.000325
0.000325
0.000325
0.000325
0.000325
0.000325
0.000325
0.000325
0.000324
0.000324
0.000324
0.000324
0.000324
0.000324
0.000324
0.000324
0.000324
0.000324
0.000323
0.000323
0.000323
0.000323
0.000323
0.000323
0.000323
0.000323
0.000323
0.000322
0.000322
0.000322
0.000322
0.000322
0.000322
0.000322
0.000322
0.000322
0.000322
0.000321
