3.355116
1.978818
1.129607
0.588016
0.221247
0.132974
0.115628
0.101958
0.092740
0.084602
0.077519
0.071192
0.065500
0.060356
0.055705
0.051505
0.047721
0.044319
0.041265
0.038526
0.036069
0.033865
0.031883
0.030099
0.028487
0.027028
0.025706
0.024504
0.023411
0.022414
0.021504
0.020671
0.019906
0.019200
0.018547
0.017940
0.017375
0.016847
0.016352
0.015886
0.015448
0.015034
0.014643
0.014272
0.013919
0.013584
0.013264
0.012959
0.012667
0.012387
0.012120
0.011863
0.011617
0.011380
0.011152
0.010933
0.010721
0.010518
0.010321
0.010132
0.009948
0.009771
0.009600
0.009435
0.009275
0.009120
0.008971
0.008825
0.008685
0.008549
0.008417
0.008289
0.008165
0.008045
0.007929
0.007816
0.007707
0.007601
0.007499
0.007399
0.007303
0.007210
0.007119
0.007032
0.006947
0.006865
0.006785
0.006708
0.006634
0.006562
0.006492
0.006423
0.006357
0.006293
0.006231
0.006170
0.006110
0.006052
0.005996
0.005940
0.005706
0.005630
0.005583
0.005558
0.005525
0.005494
0.005464
0.005434
0.005404
0.005375
0.005346
0.005317
0.005288
0.005259
0.005231
0.005202
0.005174
0.005146
0.005119
0.005091
0.005064
0.005037
0.005011
0.004984
0.004958
0.004932
0.004906
0.004880
0.004855
0.004830
0.004805
0.004780
0.004756
0.004731
0.004707
0.004684
0.004660
0.004637
0.004613
0.004590
0.004568
0.004545
0.004523
0.004501
0.004479
0.004457
0.004436
0.004414
0.004393
0.004372
0.004352
0.004331
0.004311
0.004290
0.004270
0.004250
0.004231
0.004211
0.004192
0.004172
0.004153
0.004134
0.004115
0.004096
0.004077
0.004059
0.004040
0.004022
0.004003
0.003985
0.003967
0.003949
0.003931
0.003913
0.003895
0.003877
0.003860
0.003842
0.003825
0.003807
0.003790
0.003773
0.003755
0.003738
0.003721
0.003704
0.003687
0.003671
0.003654
0.003637
0.003621
0.003604
0.003588
0.003571
0.003555
0.003539
0.003523
0.003507
0.003491
0.003475
0.003350
0.003348
0.003331
0.003317
0.003310
0.003302
0.003294
0.003285
0.003277
0.003269
0.003260
0.003252
0.003244
0.003235
0.003227
0.003219
0.003210
0.003202
0.003194
0.003185
0.003177
0.003169
0.003160
0.003152
0.003144
0.003135
0.003127
0.003119
0.003110
0.003102
0.003094
0.003085
0.003077
0.003069
0.003060
0.003052
0.003044
0.003035
0.003027
0.003019
0.003010
0.003002
0.002994
0.002985
0.002977
0.002969
0.002960
0.002952
0.002944
0.002935
0.002927
0.002919
0.002910
0.002902
0.002894
0.002886
0.002877
0.002869
0.002861
0.002852
0.002844
0.002836
0.002828
0.002819
0.002811
0.002803
0.002795
0.002786
0.002778
0.002770
0.002762
0.002753
0.002745
0.002737
0.002729
0.002721
0.002712
0.002704
0.002696
0.002688
0.002680
0.002671
0.002663
0.002655
0.002647
0.002639
0.002631
0.002622
0.002614
0.002606
0.002598
0.002590
0.002582
0.002574
0.002566
0.002558
0.002550
0.002542
0.002533
0.002525
0.002487
0.002492
0.002496
0.002493
0.002488
0.002483
0.002478
0.002473
0.002469
0.002465
0.002460
0.002456
0.002451
0.002447
0.002442
0.002438
0.002433
0.002429
0.002424
0.002420
0.002415
0.002411
0.002406
0.002402
0.002397
0.002392
0.002388
0.002383
0.002379
0.002374
0.002370
0.002365
0.002361
0.002356
0.002351
0.002347
0.002342
0.002338
0.002333
0.002328
0.002324
0.002319
0.002314
0.002310
0.002305
0.002301
0.002296
0.002291
0.002287
0.002282
0.002277
0.002273
0.002268
0.002263
0.002259
0.002254
0.002249
0.002245
0.002240
0.002235
0.002231
0.002226
0.002221
0.002217
0.002212
0.002207
0.002202
0.002198
0.002193
0.002188
0.002184
0.002179
0.002174
0.002170
0.002165
0.002160
0.002155
0.002151
0.002146
0.002141
0.002136
0.002132
0.002127
0.002122
0.002117
0.002113
0.002108
0.002103
0.002099
0.002094
0.002089
0.002084
0.002080
0.002075
0.002070
0.002065
0.002061
0.002056
0.002051
0.002046
0.002035
0.002044
0.002050
0.002050
0.002047
0.002044
0.002040
0.002038
0.002035
0.002032
0.002030
0.002027
0.002025
0.002022
0.002020
0.002017
0.002015
0.002012
0.002009
0.002007
0.002004
0.002002
0.001999
0.001997
0.001994
0.001991
0.001989
0.001986
0.001984
0.001981
0.001979
0.001976
0.001973
0.001971
0.001968
0.001966
0.001963
0.001960
0.001958
0.001955
0.001953
0.001950
0.001947
0.001945
0.001942
0.001939
0.001937
0.001934
0.001931
0.001929
0.001926
0.001923
0.001921
0.001918
0.001915
0.001913
0.001910
0.001907
0.001905
0.001902
0.001899
0.001897
0.001894
0.001891
0.001889
0.001886
0.001883
0.001880
0.001878
0.001875
0.001872
0.001869
0.001867
0.001864
0.001861
0.001858
0.001856
0.001853
0.001850
0.001847
0.001845
0.001842
0.001839
0.001836
0.001834
0.001831
0.001828
0.001825
0.001822
0.001820
0.001817
0.001814
0.001811
0.001808
0.001806
0.001803
0.001800
0.001797
0.001794
0.001792
