0.954039
0.234829
0.111956
0.062690
0.047945
0.040196
0.034699
0.030256
0.026430
0.023023
0.020069
0.017520
0.015335
0.013469
0.011888
0.010546
0.009408
0.008443
0.007627
0.006939
0.006359
0.005866
0.005443
0.005075
0.004753
0.004471
0.004223
0.004001
0.003799
0.003616
0.003449
0.003297
0.003158
0.003030
0.002912
0.002802
0.002700
0.002605
0.002519
0.002438
0.002363
0.002292
0.002228
0.002169
0.002114
0.002064
0.002017
0.001975
0.001936
0.001901
0.001869
0.001840
0.001813
0.001788
0.001766
0.001745
0.001726
0.001708
0.001692
0.001676
0.001662
0.001649
0.001637
0.001625
0.001615
0.001604
0.001595
0.001585
0.001577
0.001569
0.001561
0.001553
0.001546
0.001539
0.001532
0.001525
0.001519
0.001513
0.001507
0.001501
0.001495
0.001490
0.001484
0.001479
0.001474
0.001469
0.001463
0.001458
0.001453
0.001449
0.001444
0.001439
0.001434
0.001429
0.001425
0.001420
0.001416
0.001411
0.001407
0.001402
0.001306
0.001303
0.001289
0.001284
0.001283
0.001280
0.001278
0.001275
0.001273
0.001271
0.001268
0.001266
0.001263
0.001261
0.001259
0.001257
0.001254
0.001252
0.001250
0.001248
0.001245
0.001243
0.001241
0.001239
0.001237
0.001235
0.001233
0.001231
0.001229
0.001227
0.001225
0.001223
0.001221
0.001219
0.001217
0.001215
0.001213
0.001211
0.001209
0.001208
0.001205
0.001204
0.001202
0.001200
0.001198
0.001196
0.001194
0.001193
0.001191
0.001189
0.001187
0.001185
0.001184
0.001182
0.001180
0.001178
0.001177
0.001175
0.001173
0.001170
0.001168
0.001165
0.001163
0.001161
0.001156
0.001151
0.001148
0.001143
0.001133
0.001123
0.001113
0.001105
0.001098
0.001094
0.001092
0.001088
0.001084
0.001082
0.001078
0.001075
0.001070
0.001068
0.001065
0.001062
0.001059
0.001057
0.001054
0.001052
0.001049
0.001047
0.001045
0.001043
0.001041
0.001038
0.001037
0.001033
0.001032
0.001030
0.001027
0.001024
0.001006
0.001004
0.001004
0.001002
0.001001
0.001000
0.000998
0.000997
0.000996
0.000995
0.000994
0.000993
0.000992
0.000990
0.000989
0.000988
0.000987
0.000986
0.000985
0.000984
0.000982
0.000981
0.000980
0.000979
0.000978
0.000976
0.000975
0.000974
0.000973
0.000972
0.000971
0.000970
0.000968
0.000967
0.000966
0.000965
0.000964
0.000963
0.000962
0.000960
0.000959
0.000958
0.000957
0.000956
0.000955
0.000954
0.000953
0.000952
0.000951
0.000949
0.000948
0.000947
0.000946
0.000945
0.000944
0.000943
0.000942
0.000941
0.000940
0.000939
0.000938
0.000937
0.000936
0.000935
0.000934
0.000933
0.000932
0.000931
0.000930
0.000929
0.000928
0.000927
0.000926
0.000925
0.000924
0.000923
0.000922
0.000921
0.000920
0.000919
0.000918
0.000917
0.000916
0.000915
0.000914
0.000914
0.000913
0.000912
0.000911
0.000910
0.000909
0.000908
0.000907
0.000906
0.000905
0.000904
0.000903
0.000902
0.000901
0.000900
0.000893
0.000894
0.000896
0.000896
0.000896
0.000895
0.000895
0.000894
0.000893
0.000893
0.000892
0.000891
0.000891
0.000890
0.000889
0.000889
0.000888
0.000888
0.000887
0.000886
0.000886
0.000885
0.000885
0.000884
0.000883
0.000883
0.000882
0.000881
0.000881
0.000880
0.000879
0.000879
0.000878
0.000878
0.000877
0.000876
0.000876
0.000875
0.000875
0.000874
0.000873
0.000872
0.000872
0.000871
0.000870
0.000870
0.000869
0.000868
0.000868
0.000867
0.000866
0.000866
0.000865
0.000864
0.000864
0.000863
0.000863
0.000862
0.000861
0.000861
0.000860
0.000859
0.000859
0.000858
0.000857
0.000857
0.000856
0.000855
0.000855
0.000854
0.000853
0.000853
0.000852
0.000851
0.000851
0.000850
0.000849
0.000849
0.000848
0.000847
0.000847
0.000846
0.000845
0.000845
0.000844
0.000843
0.000843
0.000842
0.000842
0.000841
0.000840
0.000840
0.000839
0.000838
0.000838
0.000837
0.000837
0.000836
0.000835
0.000835
0.000833
0.000835
0.000836
0.000836
0.000836
0.000835
0.000835
0.000834
0.000834
0.000834
0.000834
0.000833
0.000833
0.000833
0.000832
0.000832
0.000832
0.000831
0.000831
0.000831
0.000830
0.000830
0.000830
0.000829
0.000829
0.000829
0.000828
0.000828
0.000828
0.000827
0.000827
0.000827
0.000826
0.000826
0.000826
0.000825
0.000825
0.000825
0.000824
0.000824
0.000824
0.000823
0.000823
0.000823
0.000822
0.000822
0.000821
0.000821
0.000820
0.000820
0.000820
0.000819
0.000819
0.000819
0.000818
0.000818
0.000817
0.000817
0.000817
0.000816
0.000816
0.000815
0.000815
0.000815
0.000814
0.000814
0.000813
0.000813
0.000813
0.000812
0.000812
0.000811
0.000811
0.000810
0.000810
0.000809
0.000809
0.000808
0.000808
0.000807
0.000807
0.000807
0.000806
0.000806
0.000805
0.000805
0.000805
0.000804
0.000804
0.000803
0.000803
0.000802
0.000802
0.000802
0.000801
0.000801
0.000800
0.000800
0.000799
0.000799
