0.358766
0.039511
0.018764
0.012681
0.009991
0.008227
0.006967
0.006081
0.005377
0.004800
0.004320
0.003917
0.003577
0.003290
0.003045
0.002839
0.002663
0.002515
0.002389
0.002279
0.002182
0.002094
0.002015
0.001944
0.001878
0.001819
0.001764
0.001713
0.001666
0.001622
0.001581
0.001543
0.001507
0.001474
0.001443
0.001413
0.001386
0.001361
0.001337
0.001314
0.001294
0.001274
0.001256
0.001239
0.001223
0.001209
0.001195
0.001182
0.001169
0.001158
0.001147
0.001137
0.001127
0.001117
0.001108
0.001100
0.001092
0.001084
0.001076
0.001069
0.001062
0.001054
0.001047
0.001040
0.001032
0.001024
0.001016
0.001008
0.001000
0.000990
0.000980
0.000970
0.000959
0.000947
0.000935
0.000923
0.000911
0.000898
0.000886
0.000873
0.000861
0.000849
0.000837
0.000825
0.000814
0.000802
0.000791
0.000780
0.000769
0.000758
0.000747
0.000737
0.000727
0.000717
0.000708
0.000699
0.000690
0.000681
0.000672
0.000664
0.000635
0.000615
0.000609
0.000605
0.000601
0.000597
0.000594
0.000590
0.000587
0.000583
0.000580
0.000576
0.000573
0.000570
0.000566
0.000563
0.000560
0.000556
0.000553
0.000550
0.000547
0.000544
0.000541
0.000537
0.000534
0.000531
0.000528
0.000526
0.000523
0.000520
0.000517
0.000514
0.000512
0.000509
0.000506
0.000504
0.000501
0.000498
0.000496
0.000494
0.000491
0.000489
0.000487
0.000484
0.000482
0.000480
0.000478
0.000476
0.000474
0.000472
0.000470
0.000468
0.000466
0.000464
0.000462
0.000461
0.000459
0.000457
0.000455
0.000454
0.000452
0.000451
0.000449
0.000447
0.000446
0.000444
0.000443
0.000441
0.000440
0.000438
0.000437
0.000435
0.000434
0.000432
0.000431
0.000430
0.000428
0.000427
0.000425
0.000424
0.000422
0.000421
0.000419
0.000418
0.000416
0.000414
0.000413
0.000411
0.000410
0.000408
0.000406
0.000405
0.000403
0.000401
0.000399
0.000398
0.000396
0.000394
0.000393
0.000391
0.000383
0.000377
0.000376
0.000375
0.000375
0.000374
0.000374
0.000373
0.000373
0.000372
0.000372
0.000371
0.000371
0.000370
0.000370
0.000369
0.000369
0.000368
0.000368
0.000367
0.000367
0.000366
0.000366
0.000365
0.000365
0.000364
0.000364
0.000364
0.000363
0.000363
0.000362
0.000362
0.000361
0.000361
0.000360
0.000360
0.000359
0.000359
0.000359
0.000358
0.000358
0.000357
0.000357
0.000356
0.000356
0.000356
0.000355
0.000355
0.000354
0.000354
0.000354
0.000353
0.000353
0.000352
0.000352
0.000352
0.000351
0.000351
0.000350
0.000350
0.000349
0.000349
0.000349
0.000348
0.000348
0.000348
0.000347
0.000347
0.000346
0.000346
0.000346
0.000345
0.000345
0.000345
0.000344
0.000344
0.000343
0.000343
0.000342
0.000342
0.000342
0.000341
0.000341
0.000340
0.000340
0.000340
0.000339
0.000339
0.000338
0.000338
0.000338
0.000337
0.000337
0.000336
0.000336
0.000335
0.000335
0.000334
0.000334
0.000333
0.000326
0.000324
0.000322
0.000321
0.000321
0.000321
0.000321
0.000320
0.000320
0.000320
0.000320
0.000319
0.000319
0.000319
0.000319
0.000318
0.000318
0.000318
0.000318
0.000317
0.000317
0.000317
0.000317
0.000316
0.000316
0.000316
0.000316
0.000316
0.000315
0.000315
0.000315
0.000315
0.000314
0.000314
0.000314
0.000314
0.000314
0.000313
0.000313
0.000313
0.000313
0.000312
0.000312
0.000312
0.000312
0.000312
0.000311
0.000311
0.000311
0.000311
0.000311
0.000311
0.000310
0.000310
0.000310
0.000310
0.000310
0.000309
0.000309
0.000309
0.000309
0.000309
0.000308
0.000308
0.000308
0.000308
0.000308
0.000308
0.000307
0.000307
0.000307
0.000307
0.000307
0.000307
0.000306
0.000306
0.000306
0.000306
0.000306
0.000305
0.000305
0.000305
0.000305
0.000305
0.000305
0.000305
0.000304
0.000304
0.000304
0.000304
0.000304
0.000304
0.000303
0.000303
0.000303
0.000303
0.000303
0.000303
0.000302
0.000302
0.000299
0.000298
0.000298
0.000298
0.000298
0.000298
0.000298
0.000297
0.000297
0.000297
0.000297
0.000297
0.000297
0.000297
0.000297
0.000297
0.000296
0.000296
0.000296
0.000296
0.000296
0.000296
0.000296
0.000296
0.000296
0.000295
0.000295
0.000295
0.000295
0.000295
0.000295
0.000295
0.000295
0.000295
0.000295
0.000294
0.000294
0.000294
0.000294
0.000294
0.000294
0.000294
0.000294
0.000293
0.000293
0.000293
0.000293
0.000293
0.000293
0.000293
0.000293
0.000293
0.000293
0.000292
0.000292
0.000292
0.000292
0.000292
0.000292
0.000292
0.000292
0.000292
0.000291
0.000291
0.000291
0.000291
0.000291
0.000291
0.000291
0.000291
0.000290
0.000290
0.000290
0.000290
0.000290
0.000290
0.000290
0.000290
0.000290
0.000289
0.000289
0.000289
0.000289
0.000289
0.000289
0.000289
0.000289
0.000289
0.000288
0.000288
0.000288
0.000288
0.000288
0.000288
0.000288
0.000288
0.000287
0.000287
0.000287
0.000287
