0.332914
0.075803
0.028467
0.017592
0.014525
0.012692
0.011282
0.010155
0.009151
0.008274
0.007494
0.006808
0.006201
0.005665
0.005193
0.004778
0.004416
0.004100
0.003827
0.003590
0.003383
0.003199
0.003037
0.002892
0.002762
0.002645
0.002540
0.002444
0.002358
0.002279
0.002206
0.002140
0.002079
0.002024
0.001972
0.001925
0.001881
0.001840
0.001803
0.001767
0.001734
0.001704
0.001675
0.001648
0.001623
0.001599
0.001576
0.001555
0.001535
0.001516
0.001499
0.001482
0.001466
0.001451
0.001436
0.001423
0.001410
0.001397
0.001385
0.001374
0.001364
0.001353
0.001343
0.001334
0.001325
0.001316
0.001308
0.001300
0.001292
0.001285
0.001278
0.001271
0.001265
0.001258
0.001252
0.001246
0.001241
0.001235
0.001230
0.001225
0.001220
0.001215
0.001210
0.001206
0.001202
0.001198
0.001194
0.001190
0.001186
0.001182
0.001179
0.001175
0.001172
0.001169
0.001166
0.001163
0.001160
0.001157
0.001154
0.001151
0.001095
0.001098
0.001090
0.001085
0.001084
0.001083
0.001081
0.001080
0.001078
0.001077
0.001075
0.001074
0.001073
0.001071
0.001070
0.001068
0.001067
0.001066
0.001064
0.001063
0.001062
0.001061
0.001059
0.001058
0.001057
0.001056
0.001054
0.001053
0.001052
0.001051
0.001050
0.001049
0.001048
0.001047
0.001045
0.001044
0.001043
0.001042
0.001041
0.001040
0.001039
0.001038
0.001037
0.001036
0.001035
0.001034
0.001033
0.001032
0.001031
0.001031
0.001030
0.001029
0.001028
0.001027
0.001026
0.001025
0.001024
0.001023
0.001022
0.001021
0.001020
0.001020
0.001019
0.001018
0.001017
0.001016
0.001015
0.001014
0.001014
0.001013
0.001012
0.001011
0.001010
0.001009
0.001008
0.001007
0.001006
0.001005
0.001005
0.001004
0.001003
0.001002
0.001001
0.001000
0.000999
0.000998
0.000996
0.000995
0.000994
0.000993
0.000992
0.000991
0.000989
0.000988
0.000987
0.000985
0.000984
0.000982
0.000981
0.000979
0.000959
0.000965
0.000969
0.000968
0.000966
0.000964
0.000963
0.000961
0.000960
0.000959
0.000957
0.000955
0.000954
0.000952
0.000951
0.000949
0.000947
0.000945
0.000943
0.000941
0.000939
0.000937
0.000935
0.000933
0.000931
0.000929
0.000926
0.000924
0.000921
0.000919
0.000916
0.000913
0.000911
0.000908
0.000905
0.000902
0.000899
0.000895
0.000892
0.000888
0.000885
0.000881
0.000877
0.000873
0.000869
0.000864
0.000859
0.000854
0.000849
0.000843
0.000838
0.000832
0.000825
0.000819
0.000812
0.000805
0.000798
0.000791
0.000784
0.000777
0.000770
0.000762
0.000755
0.000747
0.000740
0.000732
0.000725
0.000717
0.000710
0.000702
0.000695
0.000687
0.000680
0.000673
0.000666
0.000659
0.000653
0.000646
0.000639
0.000632
0.000626
0.000619
0.000613
0.000606
0.000600
0.000594
0.000587
0.000581
0.000575
0.000570
0.000564
0.000559
0.000553
0.000548
0.000543
0.000538
0.000533
0.000528
0.000523
0.000519
0.000511
0.000513
0.000513
0.000512
0.000509
0.000507
0.000504
0.000502
0.000500
0.000497
0.000495
0.000493
0.000491
0.000489
0.000487
0.000485
0.000482
0.000480
0.000478
0.000476
0.000474
0.000472
0.000471
0.000469
0.000467
0.000465
0.000463
0.000461
0.000459
0.000458
0.000456
0.000454
0.000452
0.000451
0.000449
0.000447
0.000446
0.000444
0.000443
0.000441
0.000439
0.000438
0.000436
0.000435
0.000433
0.000432
0.000430
0.000429
0.000427
0.000426
0.000425
0.000423
0.000422
0.000421
0.000419
0.000418
0.000417
0.000416
0.000414
0.000413
0.000412
0.000411
0.000409
0.000408
0.000407
0.000406
0.000405
0.000404
0.000403
0.000402
0.000401
0.000400
0.000399
0.000398
0.000397
0.000396
0.000395
0.000394
0.000393
0.000392
0.000392
0.000391
0.000390
0.000389
0.000388
0.000387
0.000387
0.000386
0.000385
0.000384
0.000384
0.000383
0.000382
0.000382
0.000381
0.000380
0.000379
0.000379
0.000378
0.000378
0.000376
0.000376
0.000377
0.000377
0.000376
0.000376
0.000376
0.000375
0.000375
0.000375
0.000374
0.000374
0.000374
0.000373
0.000373
0.000373
0.000372
0.000372
0.000372
0.000371
0.000371
0.000371
0.000371
0.000370
0.000370
0.000370
0.000369
0.000369
0.000369
0.000369
0.000368
0.000368
0.000368
0.000367
0.000367
0.000367
0.000367
0.000366
0.000366
0.000366
0.000366
0.000365
0.000365
0.000365
0.000365
0.000364
0.000364
0.000364
0.000364
0.000363
0.000363
0.000363
0.000363
0.000362
0.000362
0.000362
0.000362
0.000361
0.000361
0.000361
0.000361
0.000360
0.000360
0.000360
0.000360
0.000360
0.000359
0.000359
0.000359
0.000359
0.000359
0.000358
0.000358
0.000358
0.000358
0.000358
0.000357
0.000357
0.000357
0.000357
0.000357
0.000356
0.000356
0.000356
0.000356
0.000356
0.000356
0.000355
0.000355
0.000355
0.000355
0.000355
0.000354
0.000354
0.000354
0.000354
0.000354
0.000354
0.000353
0.000353
