0.846484
0.161728
0.065734
0.030030
0.016372
0.011471
0.009357
0.008070
0.007112
0.006363
0.005767
0.005286
0.004893
0.004567
0.004294
0.004062
0.003863
0.003691
0.003538
0.003402
0.003279
0.003167
0.003064
0.002968
0.002878
0.002795
0.002718
0.002647
0.002580
0.002518
0.002459
0.002404
0.002352
0.002303
0.002256
0.002212
0.002170
0.002130
0.002092
0.002055
0.002020
0.001987
0.001955
0.001924
0.001895
0.001867
0.001840
0.001815
0.001791
0.001767
0.001745
0.001723
0.001703
0.001683
0.001665
0.001647
0.001629
0.001613
0.001597
0.001582
0.001568
0.001554
0.001540
0.001528
0.001516
0.001504
0.001493
0.001482
0.001472
0.001462
0.001452
0.001443
0.001435
0.001426
0.001418
0.001411
0.001403
0.001396
0.001389
0.001383
0.001377
0.001371
0.001365
0.001359
0.001354
0.001349
0.001344
0.001339
0.001335
0.001330
0.001326
0.001322
0.001318
0.001314
0.001310
0.001307
0.001303
0.001300
0.001297
0.001294
0.001248
0.001254
0.001252
0.001247
0.001243
0.001242
0.001240
0.001238
0.001237
0.001235
0.001233
0.001231
0.001229
0.001228
0.001226
0.001224
0.001223
0.001221
0.001219
0.001218
0.001216
0.001215
0.001213
0.001212
0.001210
0.001209
0.001207
0.001206
0.001204
0.001203
0.001201
0.001200
0.001199
0.001197
0.001196
0.001194
0.001193
0.001192
0.001190
0.001189
0.001188
0.001187
0.001185
0.001184
0.001183
0.001182
0.001180
0.001179
0.001178
0.001177
0.001176
0.001174
0.001173
0.001172
0.001171
0.001170
0.001169
0.001167
0.001166
0.001165
0.001164
0.001163
0.001162
0.001161
0.001160
0.001159
0.001158
0.001157
0.001155
0.001154
0.001153
0.001152
0.001151
0.001150
0.001149
0.001148
0.001147
0.001146
0.001145
0.001144
0.001143
0.001142
0.001141
0.001140
0.001140
0.001139
0.001138
0.001137
0.001136
0.001135
0.001134
0.001133
0.001132
0.001131
0.001130
0.001129
0.001128
0.001127
0.001127
0.001126
0.001109
0.001117
0.001124
0.001127
0.001127
0.001126
0.001126
0.001125
0.001124
0.001124
0.001123
0.001122
0.001122
0.001121
0.001121
0.001120
0.001119
0.001119
0.001118
0.001118
0.001117
0.001116
0.001116
0.001115
0.001114
0.001114
0.001113
0.001113
0.001112
0.001111
0.001111
0.001110
0.001110
0.001109
0.001108
0.001108
0.001107
0.001107
0.001106
0.001105
0.001105
0.001104
0.001103
0.001103
0.001102
0.001102
0.001101
0.001100
0.001100
0.001099
0.001099
0.001098
0.001097
0.001097
0.001096
0.001096
0.001095
0.001094
0.001094
0.001093
0.001093
0.001092
0.001091
0.001091
0.001090
0.001090
0.001089
0.001088
0.001088
0.001087
0.001087
0.001086
0.001086
0.001085
0.001084
0.001084
0.001083
0.001083
0.001082
0.001082
0.001081
0.001080
0.001080
0.001079
0.001079
0.001078
0.001078
0.001077
0.001077
0.001076
0.001076
0.001075
0.001075
0.001074
0.001073
0.001073
0.001072
0.001072
0.001071
0.001071
0.001063
0.001071
0.001071
0.001067
0.001065
0.001065
0.001066
0.001066
0.001065
0.001065
0.001065
0.001065
0.001065
0.001065
0.001064
0.001064
0.001064
0.001064
0.001064
0.001064
0.001063
0.001063
0.001063
0.001063
0.001063
0.001063
0.001062
0.001062
0.001062
0.001062
0.001062
0.001062
0.001061
0.001061
0.001061
0.001061
0.001061
0.001061
0.001060
0.001060
0.001060
0.001060
0.001060
0.001060
0.001059
0.001059
0.001059
0.001059
0.001059
0.001059
0.001058
0.001058
0.001058
0.001058
0.001058
0.001057
0.001057
0.001057
0.001057
0.001057
0.001057
0.001056
0.001056
0.001056
0.001056
0.001056
0.001055
0.001055
0.001055
0.001055
0.001055
0.001055
0.001054
0.001054
0.001054
0.001054
0.001054
0.001053
0.001053
0.001053
0.001053
0.001053
0.001053
0.001052
0.001052
0.001052
0.001052
0.001052
0.001051
0.001051
0.001051
0.001051
0.001051
0.001050
0.001050
0.001050
0.001050
0.001050
0.001050
0.001049
0.001045
0.001036
0.001037
0.001037
0.001037
0.001037
0.001037
0.001037
0.001037
0.001036
0.001036
0.001036
0.001036
0.001036
0.001036
0.001036
0.001036
0.001036
0.001036
0.001036
0.001036
0.001035
0.001035
0.001035
0.001035
0.001035
0.001035
0.001035
0.001035
0.001035
0.001035
0.001035
0.001034
0.001034
0.001034
0.001034
0.001034
0.001034
0.001034
0.001034
0.001034
0.001034
0.001034
0.001034
0.001033
0.001033
0.001033
0.001033
0.001033
0.001033
0.001033
0.001033
0.001033
0.001033
0.001032
0.001032
0.001032
0.001032
0.001032
0.001032
0.001032
0.001032
0.001032
0.001032
0.001032
0.001031
0.001031
0.001031
0.001031
0.001031
0.001031
0.001031
0.001031
0.001031
0.001031
0.001031
0.001030
0.001030
0.001030
0.001030
0.001030
0.001030
0.001030
0.001030
0.001030
0.001030
0.001029
0.001029
0.001029
0.001029
0.001029
0.001029
0.001029
0.001029
0.001029
0.001029
0.001029
0.001028
0.001028
0.001028
