0.594522
0.105457
0.079516
0.055175
0.043221
0.034661
0.027028
0.020457
0.015022
0.010803
0.007754
0.005707
0.004414
0.003623
0.003130
0.002808
0.002586
0.002429
0.002315
0.002232
0.002171
0.002126
0.002092
0.002066
0.002045
0.002028
0.002014
0.002001
0.001990
0.001979
0.001969
0.001960
0.001950
0.001940
0.001930
0.001921
0.001911
0.001902
0.001893
0.001885
0.001878
0.001871
0.001864
0.001858
0.001852
0.001846
0.001840
0.001835
0.001829
0.001823
0.001817
0.001812
0.001806
0.001800
0.001794
0.001788
0.001782
0.001776
0.001769
0.001763
0.001757
0.001750
0.001744
0.001737
0.001730
0.001723
0.001716
0.001709
0.001702
0.001695
0.001687
0.001680
0.001672
0.001664
0.001657
0.001649
0.001641
0.001633
0.001625
0.001616
0.001608
0.001600
0.001591
0.001582
0.001574
0.001565
0.001556
0.001547
0.001537
0.001528
0.001519
0.001509
0.001499
0.001489
0.001479
0.001470
0.001459
0.001449
0.001439
0.001429
0.001419
0.001415
0.001410
0.001405
0.001399
0.001394
0.001389
0.001383
0.001377
0.001372
0.001366
0.001361
0.001355
0.001349
0.001344
0.001338
0.001332
0.001327
0.001321
0.001315
0.001310
0.001304
0.001298
0.001292
0.001286
0.001280
0.001274
0.001268
0.001263
0.001257
0.001251
0.001245
0.001239
0.001233
0.001227
0.001222
0.001216
0.001210
0.001204
0.001199
0.001193
0.001187
0.001182
0.001176
0.001170
0.001165
0.001159
0.001153
0.001148
0.001142
0.001136
0.001130
0.001125
0.001119
0.001113
0.001107
0.001102
0.001096
0.001090
0.001084
0.001078
0.001072
0.001067
0.001061
0.001056
0.001050
0.001045
0.001039
0.001034
0.001029
0.001024
0.001019
0.001014
0.001009
0.001005
0.001000
0.000995
0.000991
0.000987
0.000982
0.000978
0.000974
0.000970
0.000966
0.000962
0.000958
0.000954
0.000951
0.000947
0.000944
0.000940
0.000937
0.000934
0.000930
0.000927
0.000924
0.000921
0.000918
0.000915
0.000913
0.000908
0.000906
0.000905
0.000904
0.000903
0.000902
0.000900
0.000899
0.000898
0.000897
0.000895
0.000894
0.000893
0.000892
0.000891
0.000889
0.000888
0.000887
0.000886
0.000885
0.000884
0.000883
0.000881
0.000880
0.000879
0.000878
0.000877
0.000876
0.000875
0.000874
0.000873
0.000872
0.000871
0.000870
0.000869
0.000868
0.000867
0.000866
0.000865
0.000864
0.000864
0.000863
0.000862
0.000861
0.000860
0.000859
0.000858
0.000858
0.000857
0.000856
0.000855
0.000854
0.000854
0.000853
0.000852
0.000851
0.000850
0.000850
0.000849
0.000848
0.000848
0.000847
0.000846
0.000845
0.000845
0.000844
0.000843
0.000843
0.000842
0.000841
0.000841
0.000840
0.000840
0.000839
0.000838
0.000838
0.000837
0.000836
0.000836
0.000835
0.000835
0.000834
0.000833
0.000833
0.000832
0.000832
0.000831
0.000831
0.000830
0.000830
0.000829
0.000828
0.000828
0.000827
0.000827
0.000826
0.000826
0.000825
0.000825
0.000824
0.000823
0.000824
0.000824
0.000824
0.000824
0.000824
0.000824
0.000824
0.000823
0.000823
0.000823
0.000823
0.000822
0.000822
0.000822
0.000822
0.000821
0.000821
0.000821
0.000821
0.000820
0.000820
0.000820
0.000820
0.000819
0.000819
0.000819
0.000819
0.000818
0.000818
0.000818
0.000818
0.000817
0.000817
0.000817
0.000817
0.000817
0.000816
0.000816
0.000816
0.000815
0.000815
0.000815
0.000815
0.000814
0.000814
0.000814
0.000814
0.000814
0.000813
0.000813
0.000813
0.000813
0.000812
0.000812
0.000812
0.000811
0.000811
0.000811
0.000811
0.000810
0.000810
0.000810
0.000810
0.000809
0.000809
0.000809
0.000809
0.000808
0.000808
0.000808
0.000808
0.000807
0.000807
0.000807
0.000807
0.000806
0.000806
0.000806
0.000806
0.000805
0.000805
0.000805
0.000805
0.000804
0.000804
0.000804
0.000804
0.000803
0.000803
0.000803
0.000803
0.000802
0.000802
0.000802
0.000802
0.000802
0.000801
0.000801
0.000801
0.000800
0.000801
0.000801
0.000800
0.000800
0.000800
0.000800
0.000800
0.000800
0.000800
0.000800
0.000800
0.000800
0.000799
0.000799
0.000799
0.000799
0.000799
0.000799
0.000799
0.000799
0.000799
0.000799
0.000799
0.000799
0.000798
0.000798
0.000798
0.000798
0.000798
0.000798
0.000798
0.000798
0.000798
0.000798
0.000798
0.000798
0.000798
0.000797
0.000797
0.000797
0.000797
0.000797
0.000797
0.000797
0.000797
0.000797
0.000797
0.000797
0.000797
0.000797
0.000796
0.000796
0.000796
0.000796
0.000796
0.000796
0.000796
0.000796
0.000796
0.000796
0.000796
0.000796
0.000796
0.000795
0.000795
0.000795
0.000795
0.000795
0.000795
0.000795
0.000795
0.000795
0.000795
0.000795
0.000795
0.000795
0.000794
0.000794
0.000794
0.000794
0.000794
0.000794
0.000794
0.000794
0.000794
0.000794
0.000794
0.000794
0.000793
0.000793
0.000793
0.000793
0.000793
0.000793
0.000793
0.000793
0.000793
0.000793
0.000793
