0.103168
0.021782
0.007834
0.004529
0.002940
0.002027
0.001541
0.001290
0.001143
0.001049
0.000981
0.000929
0.000888
0.000854
0.000825
0.000799
0.000775
0.000752
0.000731
0.000711
0.000691
0.000673
0.000656
0.000639
0.000624
0.000609
0.000596
0.000585
0.000575
0.000566
0.000558
0.000550
0.000543
0.000536
0.000530
0.000524
0.000519
0.000514
0.000509
0.000504
0.000500
0.000496
0.000492
0.000488
0.000485
0.000482
0.000479
0.000477
0.000475
0.000473
0.000471
0.000469
0.000468
0.000466
0.000465
0.000463
0.000460
0.000457
0.000454
0.000451
0.000447
0.000443
0.000440
0.000437
0.000433
0.000431
0.000428
0.000426
0.000424
0.000421
0.000420
0.000418
0.000416
0.000415
0.000413
0.000412
0.000411
0.000410
0.000409
0.000408
0.000407
0.000406
0.000405
0.000404
0.000404
0.000403
0.000403
0.000403
0.000402
0.000402
0.000402
0.000402
0.000402
0.000403
0.000403
0.000404
0.000405
0.000405
0.000406
0.000407
0.000389
0.000389
0.000385
0.000385
0.000385
0.000384
0.000385
0.000384
0.000384
0.000384
0.000384
0.000385
0.000385
0.000385
0.000385
0.000385
0.000385
0.000385
0.000385
0.000386
0.000386
0.000386
0.000387
0.000387
0.000387
0.000388
0.000388
0.000389
0.000389
0.000389
0.000390
0.000390
0.000391
0.000391
0.000392
0.000392
0.000393
0.000393
0.000393
0.000394
0.000394
0.000395
0.000395
0.000395
0.000395
0.000396
0.000396
0.000396
0.000396
0.000396
0.000396
0.000396
0.000396
0.000396
0.000396
0.000396
0.000396
0.000396
0.000396
0.000396
0.000396
0.000395
0.000395
0.000395
0.000395
0.000394
0.000394
0.000394
0.000394
0.000394
0.000394
0.000394
0.000393
0.000393
0.000393
0.000393
0.000393
0.000393
0.000393
0.000393
0.000393
0.000393
0.000392
0.000392
0.000392
0.000392
0.000392
0.000392
0.000391
0.000391
0.000391
0.000391
0.000391
0.000391
0.000391
0.000391
0.000391
0.000391
0.000391
0.000391
0.000376
0.000367
0.000364
0.000362
0.000361
0.000360
0.000359
0.000359
0.000358
0.000358
0.000358
0.000357
0.000357
0.000357
0.000356
0.000356
0.000356
0.000356
0.000355
0.000355
0.000355
0.000355
0.000355
0.000354
0.000354
0.000354
0.000354
0.000354
0.000354
0.000354
0.000353
0.000353
0.000353
0.000353
0.000353
0.000353
0.000353
0.000353
0.000353
0.000353
0.000353
0.000353
0.000353
0.000353
0.000353
0.000352
0.000352
0.000352
0.000352
0.000352
0.000352
0.000352
0.000352
0.000352
0.000352
0.000352
0.000352
0.000352
0.000352
0.000352
0.000353
0.000353
0.000353
0.000353
0.000353
0.000353
0.000353
0.000353
0.000353
0.000353
0.000353
0.000353
0.000353
0.000353
0.000353
0.000354
0.000354
0.000354
0.000354
0.000354
0.000354
0.000354
0.000354
0.000354
0.000354
0.000355
0.000355
0.000355
0.000355
0.000355
0.000355
0.000355
0.000355
0.000355
0.000355
0.000355
0.000355
0.000355
0.000356
0.000356
0.000348
0.000348
0.000349
0.000349
0.000350
0.000350
0.000350
0.000350
0.000350
0.000350
0.000350
0.000350
0.000349
0.000349
0.000349
0.000349
0.000349
0.000349
0.000349
0.000349
0.000348
0.000348
0.000348
0.000348
0.000348
0.000348
0.000347
0.000347
0.000347
0.000347
0.000347
0.000346
0.000346
0.000346
0.000346
0.000345
0.000345
0.000345
0.000345
0.000345
0.000344
0.000344
0.000344
0.000344
0.000344
0.000343
0.000343
0.000343
0.000343
0.000343
0.000343
0.000342
0.000342
0.000342
0.000342
0.000342
0.000342
0.000342
0.000341
0.000341
0.000341
0.000341
0.000341
0.000341
0.000341
0.000340
0.000340
0.000340
0.000340
0.000340
0.000340
0.000340
0.000340
0.000340
0.000339
0.000339
0.000339
0.000339
0.000339
0.000339
0.000339
0.000339
0.000339
0.000338
0.000338
0.000338
0.000338
0.000338
0.000338
0.000338
0.000338
0.000337
0.000337
0.000337
0.000337
0.000337
0.000337
0.000337
0.000337
0.000336
0.000336
0.000336
0.000335
0.000335
0.000335
0.000335
0.000335
0.000335
0.000335
0.000335
0.000335
0.000334
0.000334
0.000334
0.000334
0.000334
0.000334
0.000334
0.000334
0.000334
0.000334
0.000334
0.000334
0.000334
0.000334
0.000334
0.000334
0.000334
0.000334
0.000334
0.000334
0.000334
0.000333
0.000333
0.000333
0.000333
0.000333
0.000333
0.000333
0.000333
0.000333
0.000333
0.000333
0.000333
0.000333
0.000333
0.000333
0.000332
0.000332
0.000332
0.000332
0.000332
0.000332
0.000332
0.000332
0.000332
0.000332
0.000332
0.000331
0.000331
0.000331
0.000331
0.000331
0.000331
0.000331
0.000331
0.000331
0.000331
0.000330
0.000330
0.000330
0.000330
0.000330
0.000330
0.000330
0.000330
0.000330
0.000329
0.000329
0.000329
0.000329
0.000329
0.000329
0.000329
0.000329
0.000328
0.000328
0.000328
0.000328
0.000328
0.000328
0.000328
0.000327
0.000327
0.000327
0.000327
0.000327
0.000327
0.000327
0.000326
