0.320454
0.046393
0.016641
0.008997
0.005919
0.004604
0.003982
0.003545
0.003175
0.002852
0.002569
0.002324
0.002119
0.001950
0.001812
0.001699
0.001607
0.001535
0.001476
0.001429
0.001388
0.001352
0.001317
0.001283
0.001249
0.001216
0.001183
0.001148
0.001115
0.001081
0.001047
0.001016
0.000985
0.000957
0.000930
0.000905
0.000882
0.000860
0.000840
0.000821
0.000803
0.000787
0.000771
0.000756
0.000740
0.000725
0.000709
0.000693
0.000679
0.000665
0.000652
0.000640
0.000629
0.000619
0.000609
0.000600
0.000591
0.000582
0.000574
0.000566
0.000559
0.000552
0.000545
0.000538
0.000532
0.000526
0.000520
0.000515
0.000509
0.000504
0.000498
0.000493
0.000487
0.000482
0.000478
0.000473
0.000469
0.000464
0.000460
0.000455
0.000451
0.000447
0.000444
0.000441
0.000439
0.000436
0.000434
0.000433
0.000432
0.000431
0.000430
0.000429
0.000428
0.000427
0.000426
0.000424
0.000421
0.000418
0.000415
0.000413
0.000388
0.000380
0.000372
0.000371
0.000370
0.000369
0.000368
0.000367
0.000366
0.000365
0.000365
0.000364
0.000363
0.000363
0.000362
0.000362
0.000362
0.000362
0.000361
0.000361
0.000361
0.000361
0.000361
0.000360
0.000360
0.000360
0.000360
0.000360
0.000359
0.000359
0.000358
0.000358
0.000357
0.000356
0.000355
0.000353
0.000352
0.000351
0.000350
0.000348
0.000347
0.000345
0.000344
0.000342
0.000341
0.000340
0.000339
0.000338
0.000337
0.000336
0.000335
0.000334
0.000334
0.000333
0.000332
0.000332
0.000331
0.000331
0.000330
0.000330
0.000330
0.000329
0.000329
0.000329
0.000329
0.000328
0.000328
0.000328
0.000328
0.000328
0.000327
0.000327
0.000327
0.000327
0.000327
0.000327
0.000326
0.000326
0.000326
0.000326
0.000326
0.000326
0.000326
0.000326
0.000326
0.000326
0.000326
0.000326
0.000326
0.000326
0.000326
0.000326
0.000326
0.000326
0.000325
0.000326
0.000326
0.000325
0.000325
0.000324
0.000311
0.000307
0.000302
0.000304
0.000303
0.000303
0.000303
0.000303
0.000302
0.000302
0.000302
0.000302
0.000302
0.000302
0.000302
0.000302
0.000302
0.000302
0.000302
0.000302
0.000302
0.000302
0.000302
0.000302
0.000302
0.000302
0.000302
0.000302
0.000302
0.000302
0.000302
0.000302
0.000302
0.000303
0.000303
0.000303
0.000303
0.000303
0.000303
0.000303
0.000303
0.000304
0.000304
0.000304
0.000304
0.000304
0.000304
0.000304
0.000303
0.000303
0.000303
0.000303
0.000303
0.000303
0.000303
0.000303
0.000303
0.000303
0.000303
0.000303
0.000302
0.000302
0.000302
0.000302
0.000302
0.000302
0.000302
0.000302
0.000302
0.000302
0.000302
0.000302
0.000302
0.000302
0.000301
0.000301
0.000301
0.000301
0.000301
0.000301
0.000301
0.000301
0.000301
0.000301
0.000301
0.000301
0.000301
0.000301
0.000300
0.000300
0.000300
0.000300
0.000300
0.000300
0.000300
0.000300
0.000300
0.000300
0.000300
0.000299
0.000292
0.000287
0.000285
0.000284
0.000284
0.000284
0.000284
0.000284
0.000283
0.000283
0.000283
0.000283
0.000283
0.000283
0.000283
0.000283
0.000283
0.000283
0.000282
0.000282
0.000282
0.000282
0.000282
0.000282
0.000282
0.000282
0.000282
0.000282
0.000281
0.000281
0.000281
0.000281
0.000281
0.000281
0.000281
0.000281
0.000281
0.000281
0.000281
0.000281
0.000280
0.000280
0.000280
0.000280
0.000280
0.000280
0.000280
0.000280
0.000280
0.000280
0.000280
0.000280
0.000280
0.000280
0.000280
0.000280
0.000280
0.000279
0.000279
0.000279
0.000279
0.000279
0.000279
0.000279
0.000279
0.000279
0.000279
0.000279
0.000279
0.000279
0.000279
0.000279
0.000279
0.000279
0.000279
0.000279
0.000279
0.000279
0.000279
0.000279
0.000279
0.000279
0.000279
0.000279
0.000279
0.000279
0.000279
0.000279
0.000279
0.000279
0.000279
0.000279
0.000279
0.000279
0.000279
0.000279
0.000279
0.000279
0.000279
0.000279
0.000276
0.000276
0.000276
0.000276
0.000276
0.000276
0.000276
0.000276
0.000276
0.000276
0.000276
0.000276
0.000276
0.000276
0.000276
0.000276
0.000276
0.000276
0.000276
0.000276
0.000276
0.000276
0.000275
0.000275
0.000275
0.000275
0.000275
0.000275
0.000275
0.000275
0.000275
0.000275
0.000275
0.000275
0.000275
0.000275
0.000275
0.000275
0.000275
0.000275
0.000275
0.000275
0.000275
0.000275
0.000274
0.000274
0.000274
0.000274
0.000274
0.000274
0.000274
0.000274
0.000274
0.000274
0.000274
0.000274
0.000274
0.000274
0.000274
0.000274
0.000274
0.000274
0.000274
0.000274
0.000274
0.000273
0.000273
0.000273
0.000273
0.000273
0.000273
0.000273
0.000273
0.000273
0.000273
0.000273
0.000273
0.000273
0.000273
0.000273
0.000273
0.000273
0.000273
0.000273
0.000273
0.000272
0.000272
0.000272
0.000272
0.000272
0.000272
0.000272
0.000272
0.000272
0.000272
0.000272
0.000272
0.000272
0.000272
0.000272
