0.898263
0.158363
0.079902
0.058206
0.047781
0.041071
0.036185
0.032046
0.028522
0.025436
0.022736
0.020359
0.018259
0.016265
0.013989
0.010874
0.007059
0.005322
0.004431
0.003903
0.003528
0.003249
0.003039
0.002877
0.002745
0.002636
0.002544
0.002464
0.002394
0.002330
0.002273
0.002221
0.002172
0.002128
0.002086
0.002047
0.002011
0.001977
0.001944
0.001913
0.001885
0.001857
0.001831
0.001806
0.001782
0.001760
0.001738
0.001717
0.001697
0.001677
0.001659
0.001641
0.001623
0.001606
0.001590
0.001574
0.001559
0.001544
0.001530
0.001516
0.001502
0.001489
0.001477
0.001464
0.001452
0.001441
0.001429
0.001418
0.001408
0.001397
0.001387
0.001378
0.001368
0.001359
0.001350
0.001342
0.001333
0.001325
0.001317
0.001309
0.001302
0.001295
0.001288
0.001281
0.001274
0.001268
0.001262
0.001256
0.001250
0.001244
0.001239
0.001233
0.001228
0.001223
0.001218
0.001213
0.001209
0.001204
0.001200
0.001196
0.001178
0.001215
0.001243
0.001248
0.001228
0.001202
0.001181
0.001171
0.001167
0.001164
0.001161
0.001158
0.001154
0.001152
0.001149
0.001146
0.001144
0.001142
0.001140
0.001138
0.001136
0.001134
0.001132
0.001130
0.001128
0.001127
0.001125
0.001123
0.001122
0.001120
0.001119
0.001117
0.001116
0.001115
0.001113
0.001112
0.001111
0.001109
0.001108
0.001107
0.001106
0.001105
0.001103
0.001102
0.001101
0.001100
0.001099
0.001098
0.001097
0.001096
0.001095
0.001094
0.001093
0.001092
0.001091
0.001090
0.001090
0.001089
0.001088
0.001087
0.001086
0.001085
0.001085
0.001084
0.001083
0.001083
0.001082
0.001081
0.001080
0.001080
0.001079
0.001079
0.001078
0.001077
0.001077
0.001076
0.001076
0.001075
0.001075
0.001074
0.001073
0.001073
0.001072
0.001072
0.001071
0.001071
0.001070
0.001070
0.001069
0.001069
0.001069
0.001068
0.001068
0.001067
0.001067
0.001066
0.001066
0.001065
0.001065
0.001064
0.001000
0.000998
0.000992
0.000991
0.000991
0.000990
0.000990
0.000989
0.000989
0.000988
0.000988
0.000987
0.000987
0.000987
0.000986
0.000986
0.000985
0.000985
0.000984
0.000984
0.000984
0.000983
0.000983
0.000982
0.000982
0.000982
0.000981
0.000981
0.000981
0.000980
0.000980
0.000979
0.000979
0.000979
0.000978
0.000978
0.000978
0.000978
0.000977
0.000977
0.000977
0.000976
0.000976
0.000976
0.000976
0.000975
0.000975
0.000975
0.000975
0.000974
0.000974
0.000974
0.000974
0.000973
0.000973
0.000973
0.000973
0.000972
0.000972
0.000972
0.000972
0.000972
0.000971
0.000971
0.000971
0.000971
0.000971
0.000971
0.000970
0.000970
0.000970
0.000970
0.000970
0.000970
0.000969
0.000969
0.000969
0.000969
0.000969
0.000969
0.000969
0.000968
0.000968
0.000968
0.000968
0.000968
0.000968
0.000968
0.000968
0.000967
0.000967
0.000967
0.000967
0.000967
0.000967
0.000967
0.000967
0.000967
0.000966
0.000966
0.000944
0.000948
0.000950
0.000950
0.000950
0.000949
0.000949
0.000949
0.000949
0.000949
0.000948
0.000948
0.000948
0.000948
0.000947
0.000947
0.000947
0.000947
0.000946
0.000946
0.000946
0.000946
0.000945
0.000945
0.000945
0.000945
0.000944
0.000944
0.000944
0.000944
0.000944
0.000943
0.000943
0.000943
0.000943
0.000942
0.000942
0.000942
0.000942
0.000942
0.000941
0.000941
0.000941
0.000941
0.000940
0.000940
0.000940
0.000940
0.000940
0.000939
0.000939
0.000939
0.000939
0.000938
0.000938
0.000938
0.000938
0.000937
0.000937
0.000937
0.000937
0.000937
0.000936
0.000936
0.000936
0.000936
0.000935
0.000935
0.000935
0.000935
0.000934
0.000934
0.000934
0.000934
0.000933
0.000933
0.000933
0.000933
0.000932
0.000932
0.000932
0.000932
0.000931
0.000931
0.000931
0.000931
0.000930
0.000930
0.000930
0.000930
0.000929
0.000929
0.000929
0.000929
0.000928
0.000928
0.000928
0.000928
0.000927
0.000927
0.000917
0.000922
0.000925
0.000926
0.000927
0.000928
0.000928
0.000928
0.000927
0.000927
0.000927
0.000927
0.000927
0.000927
0.000927
0.000927
0.000926
0.000926
0.000926
0.000926
0.000926
0.000926
0.000926
0.000925
0.000925
0.000925
0.000925
0.000925
0.000925
0.000925
0.000924
0.000924
0.000924
0.000924
0.000924
0.000924
0.000924
0.000923
0.000923
0.000923
0.000923
0.000923
0.000923
0.000923
0.000922
0.000922
0.000922
0.000922
0.000922
0.000922
0.000922
0.000921
0.000921
0.000921
0.000921
0.000921
0.000921
0.000921
0.000920
0.000920
0.000920
0.000920
0.000920
0.000920
0.000919
0.000919
0.000919
0.000919
0.000919
0.000919
0.000918
0.000918
0.000918
0.000918
0.000918
0.000918
0.000917
0.000917
0.000917
0.000917
0.000917
0.000917
0.000916
0.000916
0.000916
0.000916
0.000916
0.000916
0.000915
0.000915
0.000915
0.000915
0.000915
0.000915
0.000914
0.000914
0.000914
0.000914
0.000914
0.000914
