0.621922
0.076721
0.054840
0.035674
0.027559
0.022678
0.019536
0.017160
0.015191
0.013540
0.012149
0.010958
0.009937
0.009054
0.008289
0.007624
0.007043
0.006532
0.006077
0.005671
0.005301
0.004957
0.004632
0.004327
0.004043
0.003787
0.003569
0.003387
0.003234
0.003101
0.002985
0.002881
0.002787
0.002700
0.002621
0.002548
0.002480
0.002417
0.002357
0.002302
0.002250
0.002202
0.002157
0.002114
0.002074
0.002037
0.002001
0.001968
0.001936
0.001906
0.001878
0.001852
0.001826
0.001802
0.001779
0.001758
0.001737
0.001717
0.001699
0.001681
0.001664
0.001647
0.001632
0.001617
0.001603
0.001589
0.001577
0.001564
0.001553
0.001541
0.001531
0.001520
0.001511
0.001501
0.001492
0.001484
0.001476
0.001468
0.001460
0.001453
0.001447
0.001440
0.001434
0.001429
0.001423
0.001418
0.001413
0.001409
0.001404
0.001400
0.001396
0.001392
0.001388
0.001385
0.001381
0.001378
0.001375
0.001372
0.001369
0.001366
0.001281
0.001280
0.001265
0.001262
0.001261
0.001258
0.001255
0.001253
0.001250
0.001248
0.001246
0.001243
0.001241
0.001239
0.001237
0.001235
0.001232
0.001230
0.001228
0.001226
0.001224
0.001222
0.001220
0.001218
0.001216
0.001214
0.001212
0.001210
0.001209
0.001207
0.001205
0.001203
0.001201
0.001200
0.001198
0.001196
0.001194
0.001193
0.001191
0.001190
0.001188
0.001186
0.001185
0.001183
0.001182
0.001180
0.001179
0.001178
0.001176
0.001175
0.001173
0.001172
0.001171
0.001169
0.001168
0.001167
0.001166
0.001165
0.001163
0.001162
0.001161
0.001160
0.001159
0.001158
0.001157
0.001156
0.001155
0.001154
0.001153
0.001152
0.001151
0.001150
0.001149
0.001148
0.001147
0.001146
0.001145
0.001144
0.001143
0.001143
0.001142
0.001141
0.001140
0.001139
0.001139
0.001138
0.001137
0.001136
0.001135
0.001135
0.001134
0.001133
0.001132
0.001132
0.001131
0.001130
0.001129
0.001129
0.001128
0.001127
0.001089
0.001096
0.001095
0.001091
0.001089
0.001089
0.001089
0.001088
0.001087
0.001087
0.001086
0.001085
0.001085
0.001084
0.001083
0.001083
0.001082
0.001082
0.001081
0.001080
0.001080
0.001079
0.001079
0.001078
0.001078
0.001077
0.001076
0.001076
0.001075
0.001075
0.001074
0.001074
0.001073
0.001073
0.001072
0.001072
0.001071
0.001070
0.001070
0.001069
0.001069
0.001068
0.001068
0.001067
0.001067
0.001066
0.001066
0.001065
0.001065
0.001064
0.001064
0.001064
0.001063
0.001063
0.001062
0.001062
0.001061
0.001061
0.001060
0.001060
0.001059
0.001059
0.001058
0.001058
0.001058
0.001057
0.001057
0.001056
0.001056
0.001055
0.001055
0.001055
0.001054
0.001054
0.001053
0.001053
0.001052
0.001052
0.001052
0.001051
0.001051
0.001050
0.001050
0.001050
0.001049
0.001049
0.001048
0.001048
0.001048
0.001047
0.001047
0.001046
0.001046
0.001046
0.001045
0.001045
0.001045
0.001044
0.001044
0.001043
0.001032
0.001040
0.001048
0.001052
0.001053
0.001053
0.001053
0.001053
0.001053
0.001053
0.001052
0.001052
0.001052
0.001052
0.001051
0.001051
0.001051
0.001051
0.001051
0.001050
0.001050
0.001050
0.001050
0.001049
0.001049
0.001049
0.001049
0.001048
0.001048
0.001048
0.001048
0.001047
0.001047
0.001047
0.001047
0.001046
0.001046
0.001046
0.001046
0.001045
0.001045
0.001045
0.001045
0.001044
0.001044
0.001044
0.001044
0.001043
0.001043
0.001043
0.001043
0.001042
0.001042
0.001042
0.001042
0.001042
0.001041
0.001041
0.001041
0.001041
0.001040
0.001040
0.001040
0.001040
0.001039
0.001039
0.001039
0.001039
0.001038
0.001038
0.001038
0.001038
0.001037
0.001037
0.001037
0.001037
0.001037
0.001036
0.001036
0.001036
0.001036
0.001035
0.001035
0.001035
0.001035
0.001034
0.001034
0.001034
0.001034
0.001034
0.001033
0.001033
0.001033
0.001033
0.001032
0.001032
0.001032
0.001032
0.001032
0.001031
0.001021
0.001017
0.001011
0.001011
0.001011
0.001011
0.001011
0.001011
0.001011
0.001011
0.001011
0.001011
0.001011
0.001011
0.001011
0.001011
0.001011
0.001011
0.001011
0.001011
0.001011
0.001011
0.001011
0.001011
0.001011
0.001010
0.001010
0.001010
0.001010
0.001010
0.001010
0.001010
0.001010
0.001010
0.001010
0.001010
0.001010
0.001010
0.001010
0.001010
0.001010
0.001010
0.001010
0.001010
0.001010
0.001009
0.001009
0.001009
0.001009
0.001009
0.001009
0.001009
0.001009
0.001009
0.001009
0.001009
0.001009
0.001009
0.001009
0.001009
0.001009
0.001009
0.001009
0.001008
0.001008
0.001008
0.001008
0.001008
0.001008
0.001008
0.001008
0.001008
0.001008
0.001008
0.001008
0.001008
0.001008
0.001008
0.001008
0.001007
0.001007
0.001007
0.001007
0.001007
0.001007
0.001007
0.001007
0.001007
0.001007
0.001007
0.001007
0.001007
0.001007
0.001006
0.001006
0.001006
0.001006
0.001006
0.001006
0.001006
