0.293763
0.046550
0.019823
0.014695
0.010527
0.007619
0.005828
0.004686
0.003781
0.003041
0.002477
0.002079
0.001822
0.001664
0.001564
0.001498
0.001452
0.001418
0.001391
0.001369
0.001351
0.001335
0.001321
0.001309
0.001297
0.001287
0.001278
0.001269
0.001261
0.001253
0.001246
0.001240
0.001234
0.001229
0.001224
0.001219
0.001214
0.001210
0.001206
0.001202
0.001198
0.001195
0.001192
0.001189
0.001186
0.001183
0.001181
0.001178
0.001176
0.001173
0.001171
0.001169
0.001167
0.001165
0.001163
0.001162
0.001160
0.001159
0.001157
0.001156
0.001155
0.001153
0.001152
0.001151
0.001150
0.001149
0.001148
0.001147
0.001146
0.001145
0.001144
0.001144
0.001143
0.001142
0.001141
0.001141
0.001140
0.001140
0.001139
0.001139
0.001138
0.001138
0.001137
0.001137
0.001136
0.001136
0.001135
0.001135
0.001134
0.001134
0.001134
0.001133
0.001133
0.001132
0.001132
0.001132
0.001131
0.001131
0.001131
0.001130
0.001078
0.001085
0.001078
0.001075
0.001076
0.001076
0.001075
0.001075
0.001075
0.001074
0.001074
0.001074
0.001073
0.001073
0.001073
0.001072
0.001072
0.001072
0.001071
0.001071
0.001070
0.001070
0.001070
0.001069
0.001069
0.001069
0.001068
0.001068
0.001067
0.001067
0.001067
0.001066
0.001066
0.001066
0.001065
0.001065
0.001065
0.001064
0.001064
0.001063
0.001063
0.001063
0.001062
0.001062
0.001061
0.001061
0.001061
0.001060
0.001060
0.001059
0.001059
0.001058
0.001058
0.001057
0.001057
0.001056
0.001056
0.001055
0.001054
0.001053
0.001052
0.001051
0.001050
0.001049
0.001048
0.001046
0.001044
0.001041
0.001038
0.001034
0.001030
0.001024
0.001017
0.001008
0.000999
0.000989
0.000981
0.000975
0.000970
0.000966
0.000962
0.000959
0.000955
0.000951
0.000948
0.000944
0.000940
0.000936
0.000932
0.000928
0.000924
0.000920
0.000915
0.000911
0.000906
0.000901
0.000896
0.000891
0.000886
0.000881
0.000864
0.000869
0.000869
0.000865
0.000861
0.000857
0.000854
0.000851
0.000847
0.000844
0.000841
0.000837
0.000834
0.000830
0.000827
0.000823
0.000820
0.000816
0.000812
0.000808
0.000805
0.000801
0.000797
0.000793
0.000789
0.000785
0.000781
0.000777
0.000773
0.000769
0.000765
0.000761
0.000756
0.000752
0.000748
0.000744
0.000739
0.000735
0.000731
0.000726
0.000722
0.000717
0.000713
0.000708
0.000704
0.000700
0.000695
0.000690
0.000686
0.000681
0.000677
0.000672
0.000668
0.000663
0.000659
0.000654
0.000649
0.000645
0.000640
0.000636
0.000631
0.000627
0.000622
0.000618
0.000614
0.000609
0.000605
0.000600
0.000596
0.000592
0.000588
0.000584
0.000579
0.000575
0.000571
0.000567
0.000564
0.000560
0.000556
0.000552
0.000548
0.000545
0.000541
0.000538
0.000534
0.000531
0.000528
0.000524
0.000521
0.000518
0.000515
0.000512
0.000509
0.000506
0.000503
0.000500
0.000498
0.000495
0.000492
0.000490
0.000483
0.000485
0.000487
0.000486
0.000484
0.000483
0.000481
0.000480
0.000479
0.000477
0.000476
0.000475
0.000473
0.000472
0.000471
0.000470
0.000468
0.000467
0.000466
0.000465
0.000464
0.000463
0.000462
0.000460
0.000459
0.000458
0.000457
0.000456
0.000455
0.000454
0.000453
0.000452
0.000451
0.000450
0.000449
0.000448
0.000447
0.000446
0.000445
0.000445
0.000444
0.000443
0.000442
0.000441
0.000440
0.000439
0.000439
0.000438
0.000437
0.000436
0.000436
0.000435
0.000434
0.000433
0.000433
0.000432
0.000431
0.000431
0.000430
0.000429
0.000428
0.000428
0.000427
0.000426
0.000426
0.000425
0.000424
0.000424
0.000423
0.000423
0.000422
0.000421
0.000421
0.000420
0.000420
0.000419
0.000419
0.000418
0.000417
0.000417
0.000416
0.000416
0.000415
0.000415
0.000414
0.000414
0.000413
0.000413
0.000412
0.000412
0.000412
0.000411
0.000411
0.000410
0.000410
0.000409
0.000409
0.000408
0.000408
0.000408
0.000407
0.000408
0.000410
0.000411
0.000411
0.000411
0.000411
0.000411
0.000410
0.000410
0.000410
0.000410
0.000409
0.000409
0.000409
0.000409
0.000409
0.000408
0.000408
0.000408
0.000408
0.000408
0.000407
0.000407
0.000407
0.000407
0.000407
0.000406
0.000406
0.000406
0.000406
0.000406
0.000405
0.000405
0.000405
0.000405
0.000404
0.000404
0.000404
0.000404
0.000404
0.000404
0.000403
0.000403
0.000403
0.000403
0.000403
0.000402
0.000402
0.000402
0.000402
0.000402
0.000401
0.000401
0.000401
0.000401
0.000401
0.000400
0.000400
0.000400
0.000400
0.000400
0.000400
0.000399
0.000399
0.000399
0.000399
0.000399
0.000399
0.000398
0.000398
0.000398
0.000398
0.000398
0.000397
0.000397
0.000397
0.000397
0.000397
0.000397
0.000396
0.000396
0.000396
0.000396
0.000396
0.000396
0.000395
0.000395
0.000395
0.000395
0.000395
0.000395
0.000394
0.000394
0.000394
0.000394
0.000394
0.000393
0.000393
0.000393
