0.691204
0.136364
0.067674
0.049910
0.036100
0.028511
0.023172
0.019350
0.016456
0.014232
0.012466
0.011031
0.009852
0.008875
0.008061
0.007379
0.006805
0.006320
0.005907
0.005555
0.005250
0.004985
0.004753
0.004547
0.004362
0.004195
0.004043
0.003903
0.003774
0.003654
0.003543
0.003438
0.003340
0.003247
0.003160
0.003077
0.002999
0.002926
0.002856
0.002790
0.002727
0.002668
0.002611
0.002558
0.002507
0.002459
0.002413
0.002369
0.002328
0.002288
0.002250
0.002214
0.002179
0.002146
0.002115
0.002084
0.002055
0.002028
0.002001
0.001976
0.001951
0.001928
0.001905
0.001884
0.001863
0.001843
0.001824
0.001806
0.001788
0.001771
0.001755
0.001740
0.001725
0.001711
0.001697
0.001684
0.001672
0.001660
0.001648
0.001637
0.001626
0.001616
0.001606
0.001597
0.001588
0.001579
0.001570
0.001562
0.001554
0.001546
0.001538
0.001531
0.001524
0.001517
0.001510
0.001503
0.001497
0.001491
0.001485
0.001479
0.001390
0.001352
0.001346
0.001343
0.001337
0.001333
0.001328
0.001324
0.001320
0.001316
0.001312
0.001308
0.001304
0.001300
0.001296
0.001292
0.001288
0.001285
0.001281
0.001277
0.001274
0.001270
0.001267
0.001263
0.001260
0.001257
0.001253
0.001250
0.001247
0.001243
0.001240
0.001237
0.001234
0.001231
0.001228
0.001225
0.001222
0.001219
0.001216
0.001213
0.001210
0.001207
0.001205
0.001202
0.001199
0.001197
0.001194
0.001192
0.001189
0.001187
0.001184
0.001182
0.001179
0.001177
0.001175
0.001173
0.001171
0.001168
0.001166
0.001164
0.001162
0.001160
0.001158
0.001157
0.001155
0.001153
0.001151
0.001149
0.001148
0.001146
0.001144
0.001143
0.001141
0.001140
0.001138
0.001137
0.001135
0.001134
0.001132
0.001131
0.001129
0.001128
0.001126
0.001125
0.001124
0.001122
0.001121
0.001120
0.001118
0.001117
0.001115
0.001114
0.001113
0.001111
0.001110
0.001109
0.001107
0.001106
0.001105
0.001103
0.001039
0.001043
0.001035
0.001032
0.001031
0.001030
0.001029
0.001028
0.001027
0.001026
0.001025
0.001024
0.001023
0.001022
0.001021
0.001021
0.001020
0.001019
0.001018
0.001017
0.001016
0.001015
0.001014
0.001014
0.001013
0.001012
0.001011
0.001010
0.001009
0.001009
0.001008
0.001007
0.001006
0.001005
0.001005
0.001004
0.001003
0.001002
0.001002
0.001001
0.001000
0.000999
0.000999
0.000998
0.000997
0.000997
0.000996
0.000995
0.000994
0.000994
0.000993
0.000992
0.000992
0.000991
0.000990
0.000990
0.000989
0.000988
0.000988
0.000987
0.000986
0.000986
0.000985
0.000984
0.000984
0.000983
0.000982
0.000982
0.000981
0.000980
0.000980
0.000979
0.000979
0.000978
0.000977
0.000977
0.000976
0.000976
0.000975
0.000974
0.000974
0.000973
0.000973
0.000972
0.000972
0.000971
0.000971
0.000970
0.000969
0.000969
0.000968
0.000968
0.000967
0.000967
0.000966
0.000966
0.000966
0.000965
0.000965
0.000964
0.000944
0.000950
0.000954
0.000953
0.000952
0.000951
0.000951
0.000950
0.000950
0.000950
0.000949
0.000949
0.000948
0.000948
0.000947
0.000947
0.000947
0.000946
0.000946
0.000945
0.000945
0.000945
0.000944
0.000944
0.000943
0.000943
0.000943
0.000942
0.000942
0.000941
0.000941
0.000941
0.000940
0.000940
0.000940
0.000939
0.000939
0.000939
0.000938
0.000938
0.000937
0.000937
0.000937
0.000936
0.000936
0.000936
0.000935
0.000935
0.000935
0.000934
0.000934
0.000934
0.000934
0.000933
0.000933
0.000933
0.000932
0.000932
0.000932
0.000931
0.000931
0.000931
0.000930
0.000930
0.000930
0.000930
0.000929
0.000929
0.000929
0.000928
0.000928
0.000928
0.000928
0.000927
0.000927
0.000927
0.000926
0.000926
0.000926
0.000926
0.000925
0.000925
0.000925
0.000924
0.000924
0.000924
0.000924
0.000923
0.000923
0.000923
0.000923
0.000922
0.000922
0.000922
0.000921
0.000921
0.000921
0.000921
0.000920
0.000920
0.000913
0.000919
0.000924
0.000926
0.000926
0.000926
0.000925
0.000925
0.000925
0.000924
0.000924
0.000924
0.000924
0.000924
0.000924
0.000923
0.000923
0.000923
0.000923
0.000923
0.000923
0.000923
0.000922
0.000922
0.000922
0.000922
0.000922
0.000922
0.000922
0.000921
0.000921
0.000921
0.000921
0.000921
0.000921
0.000921
0.000920
0.000920
0.000920
0.000920
0.000920
0.000920
0.000920
0.000920
0.000919
0.000919
0.000919
0.000919
0.000919
0.000919
0.000919
0.000918
0.000918
0.000918
0.000918
0.000918
0.000918
0.000918
0.000918
0.000917
0.000917
0.000917
0.000917
0.000917
0.000917
0.000917
0.000916
0.000916
0.000916
0.000916
0.000916
0.000916
0.000916
0.000916
0.000915
0.000915
0.000915
0.000915
0.000915
0.000915
0.000915
0.000914
0.000914
0.000914
0.000914
0.000914
0.000914
0.000914
0.000914
0.000913
0.000913
0.000913
0.000913
0.000913
0.000913
0.000913
0.000912
0.000912
0.000912
0.000912
