0.210926
0.049645
0.023060
0.013638
0.009419
0.007390
0.006194
0.005408
0.004834
0.004389
0.004028
0.003730
0.003478
0.003261
0.003074
0.002909
0.002764
0.002634
0.002518
0.002414
0.002319
0.002233
0.002155
0.002084
0.002019
0.001960
0.001905
0.001853
0.001806
0.001761
0.001719
0.001680
0.001642
0.001607
0.001574
0.001543
0.001513
0.001484
0.001457
0.001431
0.001406
0.001383
0.001360
0.001338
0.001317
0.001297
0.001278
0.001260
0.001242
0.001226
0.001210
0.001196
0.001181
0.001168
0.001154
0.001142
0.001129
0.001117
0.001105
0.001094
0.001083
0.001073
0.001063
0.001053
0.001043
0.001034
0.001024
0.001016
0.001007
0.000999
0.000992
0.000984
0.000977
0.000969
0.000962
0.000955
0.000947
0.000940
0.000933
0.000926
0.000919
0.000913
0.000906
0.000899
0.000893
0.000887
0.000881
0.000875
0.000869
0.000864
0.000858
0.000853
0.000848
0.000844
0.000839
0.000835
0.000831
0.000827
0.000823
0.000818
0.000774
0.000771
0.000763
0.000760
0.000757
0.000754
0.000751
0.000748
0.000746
0.000743
0.000740
0.000737
0.000735
0.000732
0.000730
0.000727
0.000724
0.000722
0.000719
0.000716
0.000714
0.000711
0.000708
0.000706
0.000703
0.000700
0.000697
0.000695
0.000692
0.000689
0.000686
0.000683
0.000680
0.000677
0.000675
0.000672
0.000669
0.000666
0.000663
0.000660
0.000657
0.000654
0.000651
0.000648
0.000645
0.000642
0.000639
0.000636
0.000633
0.000630
0.000627
0.000624
0.000621
0.000618
0.000616
0.000613
0.000610
0.000607
0.000604
0.000602
0.000599
0.000596
0.000594
0.000591
0.000588
0.000586
0.000583
0.000580
0.000578
0.000575
0.000573
0.000570
0.000568
0.000565
0.000562
0.000559
0.000556
0.000554
0.000551
0.000548
0.000545
0.000542
0.000539
0.000537
0.000534
0.000531
0.000529
0.000526
0.000524
0.000521
0.000518
0.000515
0.000512
0.000509
0.000506
0.000503
0.000500
0.000496
0.000493
0.000489
0.000484
0.000463
0.000462
0.000457
0.000457
0.000455
0.000453
0.000452
0.000450
0.000449
0.000448
0.000446
0.000445
0.000443
0.000442
0.000441
0.000439
0.000438
0.000436
0.000435
0.000434
0.000432
0.000431
0.000429
0.000428
0.000427
0.000425
0.000424
0.000423
0.000421
0.000420
0.000419
0.000417
0.000416
0.000415
0.000414
0.000413
0.000411
0.000410
0.000409
0.000408
0.000407
0.000405
0.000404
0.000403
0.000402
0.000401
0.000400
0.000399
0.000398
0.000397
0.000395
0.000394
0.000393
0.000392
0.000391
0.000390
0.000389
0.000388
0.000387
0.000386
0.000385
0.000384
0.000383
0.000382
0.000381
0.000380
0.000379
0.000378
0.000377
0.000376
0.000375
0.000374
0.000373
0.000372
0.000370
0.000369
0.000368
0.000367
0.000366
0.000365
0.000364
0.000363
0.000362
0.000360
0.000359
0.000358
0.000357
0.000356
0.000355
0.000354
0.000353
0.000352
0.000351
0.000350
0.000350
0.000349
0.000348
0.000347
0.000346
0.000344
0.000342
0.000341
0.000340
0.000340
0.000340
0.000339
0.000339
0.000339
0.000338
0.000338
0.000337
0.000337
0.000337
0.000336
0.000336
0.000336
0.000335
0.000335
0.000334
0.000334
0.000334
0.000333
0.000333
0.000333
0.000332
0.000332
0.000332
0.000331
0.000331
0.000331
0.000330
0.000330
0.000330
0.000329
0.000329
0.000329
0.000328
0.000328
0.000328
0.000327
0.000327
0.000327
0.000326
0.000326
0.000326
0.000326
0.000325
0.000325
0.000325
0.000324
0.000324
0.000324
0.000324
0.000323
0.000323
0.000323
0.000323
0.000322
0.000322
0.000322
0.000321
0.000321
0.000321
0.000321
0.000320
0.000320
0.000320
0.000319
0.000319
0.000319
0.000318
0.000318
0.000318
0.000317
0.000317
0.000317
0.000316
0.000316
0.000316
0.000315
0.000315
0.000315
0.000314
0.000314
0.000313
0.000313
0.000313
0.000312
0.000312
0.000312
0.000311
0.000311
0.000310
0.000310
0.000310
0.000309
0.000309
0.000309
0.000308
0.000307
0.000306
0.000306
0.000306
0.000306
0.000306
0.000306
0.000305
0.000305
0.000305
0.000305
0.000305
0.000305
0.000304
0.000304
0.000304
0.000304
0.000304
0.000303
0.000303
0.000303
0.000303
0.000303
0.000303
0.000302
0.000302
0.000302
0.000302
0.000302
0.000301
0.000301
0.000301
0.000301
0.000301
0.000301
0.000300
0.000300
0.000300
0.000300
0.000300
0.000299
0.000299
0.000299
0.000299
0.000299
0.000299
0.000298
0.000298
0.000298
0.000298
0.000298
0.000297
0.000297
0.000297
0.000297
0.000297
0.000297
0.000296
0.000296
0.000296
0.000296
0.000296
0.000295
0.000295
0.000295
0.000295
0.000295
0.000295
0.000294
0.000294
0.000294
0.000294
0.000294
0.000294
0.000293
0.000293
0.000293
0.000293
0.000293
0.000293
0.000292
0.000292
0.000292
0.000292
0.000292
0.000292
0.000292
0.000291
0.000291
0.000291
0.000291
0.000291
0.000291
0.000290
0.000290
0.000290
0.000290
0.000290
0.000290
0.000289
