0.924789
0.132901
0.066521
0.045617
0.034914
0.028755
0.024326
0.020949
0.018305
0.016183
0.014441
0.012985
0.011753
0.010697
0.009784
0.008987
0.008286
0.007667
0.007117
0.006629
0.006193
0.005805
0.005459
0.005149
0.004871
0.004622
0.004398
0.004196
0.004012
0.003846
0.003694
0.003555
0.003428
0.003310
0.003201
0.003100
0.003006
0.002918
0.002835
0.002758
0.002686
0.002618
0.002554
0.002494
0.002437
0.002383
0.002332
0.002283
0.002238
0.002194
0.002153
0.002115
0.002078
0.002043
0.002010
0.001978
0.001948
0.001919
0.001891
0.001865
0.001839
0.001815
0.001792
0.001769
0.001748
0.001727
0.001707
0.001688
0.001669
0.001651
0.001633
0.001617
0.001600
0.001584
0.001569
0.001554
0.001539
0.001525
0.001512
0.001498
0.001485
0.001473
0.001460
0.001448
0.001436
0.001425
0.001413
0.001402
0.001391
0.001381
0.001371
0.001360
0.001351
0.001341
0.001331
0.001322
0.001313
0.001304
0.001296
0.001287
0.001264
0.001266
0.001263
0.001260
0.001256
0.001251
0.001247
0.001242
0.001238
0.001234
0.001229
0.001225
0.001221
0.001217
0.001213
0.001209
0.001205
0.001201
0.001197
0.001193
0.001189
0.001185
0.001181
0.001177
0.001174
0.001170
0.001166
0.001162
0.001159
0.001155
0.001151
0.001147
0.001144
0.001140
0.001136
0.001132
0.001129
0.001125
0.001122
0.001118
0.001114
0.001111
0.001107
0.001103
0.001100
0.001096
0.001092
0.001088
0.001085
0.001081
0.001077
0.001073
0.001069
0.001065
0.001061
0.001056
0.001052
0.001047
0.001042
0.001037
0.001032
0.001026
0.001020
0.001014
0.001008
0.001001
0.000995
0.000988
0.000982
0.000975
0.000968
0.000961
0.000954
0.000947
0.000940
0.000932
0.000925
0.000917
0.000908
0.000900
0.000891
0.000881
0.000872
0.000862
0.000852
0.000842
0.000832
0.000821
0.000810
0.000799
0.000789
0.000778
0.000767
0.000756
0.000745
0.000735
0.000724
0.000714
0.000703
0.000693
0.000673
0.000672
0.000668
0.000662
0.000656
0.000650
0.000645
0.000640
0.000635
0.000630
0.000625
0.000620
0.000615
0.000610
0.000605
0.000601
0.000596
0.000591
0.000587
0.000582
0.000578
0.000573
0.000569
0.000565
0.000561
0.000556
0.000552
0.000548
0.000545
0.000541
0.000537
0.000533
0.000530
0.000526
0.000523
0.000520
0.000517
0.000513
0.000510
0.000507
0.000504
0.000501
0.000498
0.000496
0.000493
0.000490
0.000488
0.000485
0.000483
0.000481
0.000478
0.000476
0.000474
0.000472
0.000470
0.000468
0.000466
0.000464
0.000462
0.000460
0.000458
0.000456
0.000455
0.000453
0.000451
0.000450
0.000448
0.000447
0.000445
0.000444
0.000442
0.000441
0.000440
0.000438
0.000437
0.000436
0.000435
0.000434
0.000432
0.000431
0.000430
0.000429
0.000428
0.000427
0.000426
0.000425
0.000424
0.000423
0.000422
0.000422
0.000421
0.000420
0.000419
0.000418
0.000417
0.000416
0.000416
0.000415
0.000414
0.000413
0.000406
0.000406
0.000405
0.000403
0.000403
0.000402
0.000402
0.000401
0.000401
0.000401
0.000400
0.000400
0.000399
0.000399
0.000399
0.000398
0.000398
0.000397
0.000397
0.000397
0.000396
0.000396
0.000396
0.000395
0.000395
0.000394
0.000394
0.000394
0.000393
0.000393
0.000393
0.000392
0.000392
0.000392
0.000391
0.000391
0.000391
0.000390
0.000390
0.000389
0.000389
0.000389
0.000389
0.000388
0.000388
0.000388
0.000387
0.000387
0.000387
0.000386
0.000386
0.000386
0.000385
0.000385
0.000385
0.000385
0.000384
0.000384
0.000384
0.000383
0.000383
0.000383
0.000383
0.000382
0.000382
0.000382
0.000381
0.000381
0.000381
0.000380
0.000380
0.000380
0.000380
0.000379
0.000379
0.000379
0.000378
0.000378
0.000378
0.000378
0.000377
0.000377
0.000377
0.000376
0.000376
0.000376
0.000375
0.000375
0.000375
0.000375
0.000374
0.000374
0.000374
0.000373
0.000373
0.000373
0.000373
0.000372
0.000372
0.000372
0.000369
0.000369
0.000369
0.000369
0.000369
0.000369
0.000368
0.000368
0.000368
0.000368
0.000368
0.000367
0.000367
0.000367
0.000367
0.000367
0.000367
0.000366
0.000366
0.000366
0.000366
0.000366
0.000366
0.000365
0.000365
0.000365
0.000365
0.000365
0.000365
0.000364
0.000364
0.000364
0.000364
0.000364
0.000364
0.000363
0.000363
0.000363
0.000363
0.000363
0.000363
0.000362
0.000362
0.000362
0.000362
0.000362
0.000362
0.000362
0.000361
0.000361
0.000361
0.000361
0.000361
0.000361
0.000360
0.000360
0.000360
0.000360
0.000360
0.000360
0.000360
0.000359
0.000359
0.000359
0.000359
0.000359
0.000359
0.000358
0.000358
0.000358
0.000358
0.000358
0.000358
0.000358
0.000357
0.000357
0.000357
0.000357
0.000357
0.000357
0.000356
0.000356
0.000356
0.000356
0.000356
0.000356
0.000355
0.000355
0.000355
0.000355
0.000355
0.000355
0.000354
0.000354
0.000354
0.000354
0.000354
0.000353
0.000353
0.000353
