0.609687
0.097903
0.048644
0.030201
0.021432
0.016321
0.012855
0.010547
0.008933
0.007772
0.006887
0.006176
0.005594
0.005109
0.004701
0.004355
0.004057
0.003798
0.003570
0.003369
0.003191
0.003032
0.002890
0.002762
0.002647
0.002543
0.002449
0.002363
0.002285
0.002215
0.002150
0.002091
0.002037
0.001988
0.001942
0.001900
0.001861
0.001824
0.001790
0.001758
0.001727
0.001698
0.001671
0.001646
0.001621
0.001599
0.001577
0.001557
0.001538
0.001519
0.001502
0.001486
0.001470
0.001456
0.001441
0.001428
0.001415
0.001403
0.001391
0.001379
0.001368
0.001358
0.001348
0.001338
0.001329
0.001320
0.001311
0.001303
0.001294
0.001287
0.001279
0.001272
0.001265
0.001258
0.001251
0.001245
0.001238
0.001232
0.001227
0.001221
0.001215
0.001210
0.001205
0.001200
0.001195
0.001190
0.001186
0.001181
0.001177
0.001173
0.001168
0.001164
0.001160
0.001156
0.001152
0.001149
0.001145
0.001141
0.001137
0.001134
0.001100
0.001090
0.001092
0.001094
0.001092
0.001090
0.001088
0.001085
0.001082
0.001079
0.001077
0.001074
0.001071
0.001069
0.001066
0.001064
0.001061
0.001059
0.001056
0.001054
0.001051
0.001049
0.001047
0.001044
0.001042
0.001040
0.001038
0.001035
0.001033
0.001031
0.001029
0.001027
0.001025
0.001023
0.001021
0.001019
0.001017
0.001015
0.001013
0.001011
0.001009
0.001007
0.001006
0.001004
0.001002
0.001000
0.000999
0.000997
0.000995
0.000994
0.000992
0.000990
0.000989
0.000987
0.000985
0.000984
0.000982
0.000981
0.000979
0.000977
0.000976
0.000974
0.000973
0.000971
0.000970
0.000968
0.000967
0.000965
0.000964
0.000962
0.000961
0.000960
0.000958
0.000957
0.000955
0.000954
0.000952
0.000951
0.000950
0.000948
0.000947
0.000945
0.000944
0.000943
0.000941
0.000940
0.000938
0.000937
0.000936
0.000934
0.000933
0.000931
0.000930
0.000929
0.000927
0.000926
0.000924
0.000923
0.000921
0.000920
0.000901
0.000907
0.000914
0.000917
0.000918
0.000918
0.000917
0.000916
0.000915
0.000914
0.000913
0.000912
0.000911
0.000910
0.000909
0.000908
0.000907
0.000906
0.000905
0.000903
0.000902
0.000901
0.000900
0.000899
0.000898
0.000896
0.000895
0.000894
0.000893
0.000891
0.000890
0.000889
0.000888
0.000887
0.000885
0.000884
0.000883
0.000882
0.000880
0.000879
0.000878
0.000876
0.000875
0.000874
0.000872
0.000871
0.000870
0.000868
0.000867
0.000866
0.000864
0.000863
0.000861
0.000860
0.000859
0.000857
0.000856
0.000855
0.000853
0.000852
0.000851
0.000849
0.000848
0.000846
0.000845
0.000844
0.000842
0.000841
0.000840
0.000838
0.000837
0.000836
0.000834
0.000833
0.000831
0.000830
0.000829
0.000827
0.000826
0.000825
0.000823
0.000822
0.000820
0.000819
0.000817
0.000816
0.000814
0.000813
0.000811
0.000809
0.000808
0.000806
0.000805
0.000803
0.000802
0.000800
0.000798
0.000797
0.000795
0.000793
0.000784
0.000794
0.000800
0.000800
0.000798
0.000796
0.000795
0.000795
0.000794
0.000793
0.000792
0.000791
0.000791
0.000790
0.000789
0.000788
0.000787
0.000786
0.000785
0.000784
0.000784
0.000783
0.000782
0.000781
0.000780
0.000779
0.000778
0.000777
0.000776
0.000775
0.000774
0.000773
0.000772
0.000771
0.000770
0.000769
0.000768
0.000767
0.000766
0.000765
0.000764
0.000762
0.000761
0.000760
0.000759
0.000758
0.000757
0.000755
0.000754
0.000753
0.000752
0.000751
0.000749
0.000748
0.000747
0.000746
0.000744
0.000743
0.000742
0.000740
0.000739
0.000738
0.000736
0.000735
0.000734
0.000732
0.000731
0.000729
0.000728
0.000726
0.000725
0.000723
0.000722
0.000720
0.000718
0.000717
0.000715
0.000713
0.000712
0.000710
0.000708
0.000707
0.000705
0.000703
0.000702
0.000700
0.000698
0.000696
0.000694
0.000693
0.000691
0.000689
0.000687
0.000685
0.000683
0.000681
0.000679
0.000678
0.000676
0.000674
0.000665
0.000654
0.000647
0.000648
0.000647
0.000646
0.000645
0.000644
0.000643
0.000642
0.000641
0.000640
0.000639
0.000638
0.000637
0.000636
0.000635
0.000634
0.000633
0.000632
0.000631
0.000630
0.000629
0.000628
0.000626
0.000625
0.000624
0.000623
0.000622
0.000621
0.000620
0.000619
0.000618
0.000616
0.000615
0.000614
0.000613
0.000612
0.000610
0.000609
0.000608
0.000607
0.000606
0.000604
0.000603
0.000602
0.000601
0.000600
0.000598
0.000597
0.000596
0.000595
0.000593
0.000592
0.000591
0.000589
0.000588
0.000587
0.000586
0.000584
0.000583
0.000582
0.000580
0.000579
0.000578
0.000576
0.000575
0.000573
0.000572
0.000571
0.000569
0.000568
0.000567
0.000565
0.000564
0.000562
0.000561
0.000559
0.000558
0.000557
0.000555
0.000554
0.000552
0.000551
0.000549
0.000548
0.000546
0.000545
0.000543
0.000542
0.000540
0.000539
0.000537
0.000536
0.000534
0.000532
0.000531
0.000529
0.000528
0.000526
