0.583278
0.328148
0.192379
0.121903
0.081171
0.054427
0.036332
0.024563
0.017259
0.012915
0.010440
0.009088
0.008376
0.008008
0.007816
0.007709
0.007642
0.007591
0.007547
0.007506
0.007466
0.007427
0.007388
0.007350
0.007312
0.007276
0.007240
0.007205
0.007171
0.007137
0.007105
0.007073
0.007043
0.007013
0.006985
0.006957
0.006930
0.006905
0.006880
0.006856
0.006834
0.006812
0.006791
0.006771
0.006752
0.006734
0.006717
0.006701
0.006685
0.006670
0.006656
0.006643
0.006630
0.006619
0.006607
0.006597
0.006587
0.006577
0.006568
0.006560
0.006552
0.006545
0.006538
0.006531
0.006525
0.006519
0.006514
0.006509
0.006504
0.006500
0.006495
0.006491
0.006488
0.006484
0.006481
0.006478
0.006475
0.006472
0.006470
0.006467
0.006465
0.006463
0.006461
0.006459
0.006457
0.006455
0.006454
0.006452
0.006451
0.006449
0.006448
0.006446
0.006445
0.006444
0.006442
0.006441
0.006440
0.006439
0.006437
0.006436
0.006433
0.006432
0.006431
0.006431
0.006430
0.006429
0.006429
0.006428
0.006428
0.006427
0.006427
0.006426
0.006425
0.006425
0.006424
0.006424
0.006423
0.006423
0.006422
0.006422
0.006421
0.006420
0.006420
0.006419
0.006419
0.006418
0.006417
0.006417
0.006416
0.006416
0.006415
0.006415
0.006414
0.006413
0.006413
0.006412
0.006412
0.006411
0.006410
0.006410
0.006409
0.006409
0.006408
0.006407
0.006407
0.006406
0.006405
0.006405
0.006404
0.006404
0.006403
0.006402
0.006402
0.006401
0.006400
0.006400
0.006399
0.006398
0.006398
0.006397
0.006397
0.006396
0.006395
0.006395
0.006394
0.006393
0.006393
0.006392
0.006391
0.006391
0.006390
0.006389
0.006388
0.006388
0.006387
0.006386
0.006386
0.006385
0.006384
0.006384
0.006383
0.006382
0.006382
0.006381
0.006380
0.006379
0.006379
0.006378
0.006377
0.006377
0.006376
0.006375
0.006375
0.006374
0.006373
0.006372
0.006372
0.006371
0.006370
0.006370
0.006366
0.006365
0.006365
0.006364
0.006364
0.006364
0.006363
0.006363
0.006363
0.006362
0.006362
0.006361
0.006361
0.006361
0.006360
0.006360
0.006360
0.006359
0.006359
0.006358
0.006358
0.006358
0.006357
0.006357
0.006356
0.006356
0.006356
0.006355
0.006355
0.006354
0.006354
0.006354
0.006353
0.006353
0.006352
0.006352
0.006351
0.006351
0.006351
0.006350
0.006350
0.006349
0.006349
0.006349
0.006348
0.006348
0.006347
0.006347
0.006346
0.006346
0.006346
0.006345
0.006345
0.006344
0.006344
0.006343
0.006343
0.006342
0.006342
0.006342
0.006341
0.006341
0.006340
0.006340
0.006339
0.006339
0.006338
0.006338
0.006338
0.006337
0.006337
0.006336
0.006336
0.006335
0.006335
0.006334
0.006334
0.006333
0.006333
0.006333
0.006332
0.006332
0.006331
0.006331
0.006330
0.006330
0.006329
0.006329
0.006328
0.006328
0.006328
0.006327
0.006327
0.006326
0.006326
0.006325
0.006325
0.006324
0.006324
0.006323
0.006321
0.006320
0.006320
0.006320
0.006319
0.006319
0.006319
0.006319
0.006319
0.006318
0.006318
0.006318
0.006318
0.006317
0.006317
0.006317
0.006317
0.006316
0.006316
0.006316
0.006316
0.006315
0.006315
0.006315
0.006315
0.006314
0.006314
0.006314
0.006314
0.006313
0.006313
0.006313
0.006313
0.006312
0.006312
0.006312
0.006312
0.006311
0.006311
0.006311
0.006311
0.006310
0.006310
0.006310
0.006310
0.006309
0.006309
0.006309
0.006308
0.006308
0.006308
0.006308
0.006307
0.006307
0.006307
0.006307
0.006306
0.006306
0.006306
0.006306
0.006305
0.006305
0.006305
0.006305
0.006304
0.006304
0.006304
0.006303
0.006303
0.006303
0.006303
0.006302
0.006302
0.006302
0.006302
0.006301
0.006301
0.006301
0.006301
0.006300
0.006300
0.006300
0.006299
0.006299
0.006299
0.006299
0.006298
0.006298
0.006298
0.006298
0.006297
0.006297
0.006297
0.006296
0.006296
0.006296
0.006296
0.006295
0.006295
0.006295
0.006293
0.006293
0.006293
0.006293
0.006293
0.006292
0.006292
0.006292
0.006292
0.006292
0.006292
0.006292
0.006291
0.006291
0.006291
0.006291
0.006291
0.006291
0.006291
0.006290
0.006290
0.006290
0.006290
0.006290
0.006290
0.006290
0.006289
0.006289
0.006289
0.006289
0.006289
0.006289
0.006289
0.006288
0.006288
0.006288
0.006288
0.006288
0.006288
0.006288
0.006287
0.006287
0.006287
0.006287
0.006287
0.006287
0.006287
0.006286
0.006286
0.006286
0.006286
0.006286
0.006286
0.006286
0.006285
0.006285
0.006285
0.006285
0.006285
0.006285
0.006285
0.006284
0.006284
0.006284
0.006284
0.006284
0.006284
0.006284
0.006283
0.006283
0.006283
0.006283
0.006283
0.006283
0.006283
0.006282
0.006282
0.006282
0.006282
0.006282
0.006282
0.006282
0.006281
0.006281
0.006281
0.006281
0.006281
0.006281
0.006281
0.006280
0.006280
0.006280
0.006280
0.006280
0.006280
0.006280
0.006279
0.006279
0.006279
0.006279
