0.291508
0.038098
0.008308
0.004803
0.003066
0.002563
0.002352
0.002244
0.002171
0.002102
0.002037
0.001976
0.001917
0.001860
0.001804
0.001751
0.001700
0.001653
0.001611
0.001573
0.001539
0.001510
0.001485
0.001462
0.001443
0.001426
0.001411
0.001398
0.001386
0.001374
0.001364
0.001353
0.001344
0.001334
0.001325
0.001316
0.001307
0.001298
0.001289
0.001280
0.001271
0.001262
0.001253
0.001244
0.001235
0.001226
0.001217
0.001208
0.001199
0.001190
0.001182
0.001173
0.001164
0.001155
0.001147
0.001138
0.001130
0.001122
0.001113
0.001105
0.001097
0.001089
0.001082
0.001074
0.001066
0.001059
0.001052
0.001045
0.001038
0.001031
0.001024
0.001018
0.001011
0.001005
0.000999
0.000993
0.000987
0.000981
0.000975
0.000970
0.000964
0.000959
0.000954
0.000949
0.000944
0.000939
0.000935
0.000930
0.000926
0.000921
0.000917
0.000913
0.000909
0.000906
0.000902
0.000899
0.000895
0.000892
0.000889
0.000886
0.000880
0.000879
0.000877
0.000875
0.000874
0.000872
0.000871
0.000869
0.000868
0.000866
0.000865
0.000863
0.000862
0.000861
0.000859
0.000858
0.000856
0.000855
0.000853
0.000852
0.000851
0.000849
0.000848
0.000847
0.000846
0.000844
0.000843
0.000842
0.000841
0.000840
0.000839
0.000838
0.000837
0.000836
0.000835
0.000834
0.000833
0.000833
0.000832
0.000831
0.000830
0.000829
0.000829
0.000828
0.000827
0.000827
0.000826
0.000825
0.000825
0.000824
0.000824
0.000823
0.000822
0.000822
0.000821
0.000821
0.000821
0.000820
0.000820
0.000819
0.000819
0.000818
0.000818
0.000818
0.000817
0.000817
0.000816
0.000816
0.000816
0.000815
0.000815
0.000815
0.000815
0.000814
0.000814
0.000814
0.000813
0.000813
0.000813
0.000813
0.000812
0.000812
0.000812
0.000812
0.000812
0.000811
0.000811
0.000811
0.000811
0.000811
0.000811
0.000810
0.000810
0.000810
0.000810
0.000810
0.000810
0.000809
0.000809
0.000809
0.000806
0.000806
0.000806
0.000806
0.000806
0.000806
0.000805
0.000805
0.000805
0.000805
0.000805
0.000805
0.000805
0.000804
0.000804
0.000804
0.000804
0.000804
0.000804
0.000804
0.000803
0.000803
0.000803
0.000803
0.000803
0.000803
0.000803
0.000803
0.000803
0.000802
0.000802
0.000802
0.000802
0.000802
0.000802
0.000802
0.000802
0.000802
0.000801
0.000801
0.000801
0.000801
0.000801
0.000801
0.000801
0.000801
0.000801
0.000801
0.000800
0.000800
0.000800
0.000800
0.000800
0.000800
0.000800
0.000800
0.000800
0.000800
0.000800
0.000800
0.000799
0.000799
0.000799
0.000799
0.000799
0.000799
0.000799
0.000799
0.000799
0.000799
0.000799
0.000798
0.000798
0.000798
0.000798
0.000798
0.000798
0.000798
0.000798
0.000798
0.000798
0.000798
0.000798
0.000798
0.000797
0.000797
0.000797
0.000797
0.000797
0.000797
0.000797
0.000797
0.000797
0.000797
0.000797
0.000797
0.000797
0.000797
0.000797
0.000797
0.000796
0.000796
0.000797
0.000797
0.000796
0.000796
0.000796
0.000796
0.000796
0.000796
0.000796
0.000796
0.000796
0.000796
0.000796
0.000796
0.000796
0.000796
0.000796
0.000796
0.000796
0.000795
0.000795
0.000795
0.000795
0.000795
0.000795
0.000795
0.000795
0.000795
0.000795
0.000795
0.000795
0.000795
0.000795
0.000795
0.000795
0.000795
0.000795
0.000795
0.000794
0.000794
0.000794
0.000794
0.000794
0.000794
0.000794
0.000794
0.000794
0.000794
0.000794
0.000794
0.000794
0.000794
0.000794
0.000794
0.000794
0.000794
0.000794
0.000794
0.000794
0.000794
0.000793
0.000793
0.000793
0.000793
0.000793
0.000793
0.000793
0.000793
0.000793
0.000793
0.000793
0.000793
0.000793
0.000793
0.000793
0.000793
0.000793
0.000793
0.000793
0.000793
0.000792
0.000792
0.000792
0.000792
0.000792
0.000792
0.000792
0.000792
0.000792
0.000792
0.000792
0.000792
0.000792
0.000792
0.000792
0.000792
0.000792
0.000792
0.000791
0.000791
0.000791
0.000791
0.000791
0.000791
0.000791
0.000791
0.000791
0.000791
0.000791
0.000791
0.000791
0.000791
0.000791
0.000790
0.000790
0.000790
0.000790
0.000790
0.000790
0.000790
0.000790
0.000790
0.000790
0.000790
0.000790
0.000790
0.000790
0.000790
0.000790
0.000790
0.000790
0.000790
0.000789
0.000789
0.000789
0.000789
0.000789
0.000789
0.000789
0.000789
0.000789
0.000789
0.000789
0.000789
0.000789
0.000789
0.000789
0.000789
0.000789
0.000789
0.000789
0.000789
0.000789
0.000788
0.000788
0.000788
0.000788
0.000788
0.000788
0.000788
0.000788
0.000788
0.000788
0.000788
0.000788
0.000788
0.000788
0.000788
0.000788
0.000788
0.000788
0.000788
0.000788
0.000788
0.000788
0.000788
0.000787
0.000787
0.000787
0.000787
0.000787
0.000787
0.000787
0.000787
0.000787
0.000787
0.000787
0.000787
0.000787
0.000787
0.000787
0.000787
0.000787
0.000787
0.000787
0.000787
0.000787
0.000787
