0.521443
0.049307
0.018433
0.013031
0.010538
0.009114
0.007944
0.006873
0.005968
0.005356
0.004821
0.004352
0.003954
0.003596
0.003273
0.002985
0.002736
0.002527
0.002353
0.002210
0.002094
0.001999
0.001920
0.001852
0.001791
0.001737
0.001688
0.001644
0.001602
0.001564
0.001527
0.001493
0.001462
0.001431
0.001402
0.001375
0.001349
0.001324
0.001300
0.001278
0.001256
0.001236
0.001216
0.001198
0.001180
0.001162
0.001145
0.001129
0.001114
0.001099
0.001084
0.001070
0.001055
0.001042
0.001029
0.001016
0.001004
0.000992
0.000981
0.000969
0.000958
0.000947
0.000936
0.000925
0.000915
0.000905
0.000895
0.000886
0.000877
0.000868
0.000859
0.000850
0.000842
0.000833
0.000825
0.000817
0.000809
0.000801
0.000794
0.000787
0.000779
0.000772
0.000764
0.000757
0.000749
0.000743
0.000736
0.000729
0.000722
0.000715
0.000708
0.000702
0.000695
0.000688
0.000681
0.000674
0.000666
0.000659
0.000651
0.000644
0.000643
0.000602
0.000601
0.000590
0.000589
0.000584
0.000583
0.000579
0.000577
0.000574
0.000572
0.000569
0.000567
0.000565
0.000562
0.000560
0.000558
0.000556
0.000553
0.000551
0.000549
0.000547
0.000545
0.000543
0.000541
0.000539
0.000537
0.000535
0.000534
0.000532
0.000530
0.000528
0.000526
0.000525
0.000523
0.000521
0.000520
0.000518
0.000516
0.000515
0.000514
0.000512
0.000511
0.000509
0.000508
0.000506
0.000505
0.000504
0.000503
0.000501
0.000500
0.000499
0.000498
0.000496
0.000495
0.000493
0.000492
0.000491
0.000489
0.000488
0.000487
0.000486
0.000484
0.000483
0.000482
0.000480
0.000479
0.000477
0.000475
0.000474
0.000472
0.000471
0.000470
0.000469
0.000468
0.000466
0.000465
0.000464
0.000462
0.000461
0.000459
0.000458
0.000456
0.000455
0.000453
0.000452
0.000450
0.000449
0.000448
0.000446
0.000445
0.000444
0.000442
0.000441
0.000440
0.000438
0.000437
0.000435
0.000434
0.000433
0.000421
0.000413
0.000412
0.000412
0.000411
0.000411
0.000410
0.000410
0.000409
0.000409
0.000408
0.000408
0.000407
0.000407
0.000406
0.000406
0.000405
0.000405
0.000404
0.000404
0.000403
0.000403
0.000402
0.000402
0.000402
0.000401
0.000401
0.000400
0.000400
0.000399
0.000399
0.000398
0.000398
0.000398
0.000397
0.000397
0.000396
0.000396
0.000396
0.000395
0.000395
0.000394
0.000394
0.000394
0.000393
0.000393
0.000392
0.000392
0.000392
0.000391
0.000391
0.000391
0.000390
0.000390
0.000390
0.000389
0.000389
0.000389
0.000389
0.000388
0.000388
0.000388
0.000387
0.000387
0.000387
0.000386
0.000386
0.000386
0.000385
0.000385
0.000385
0.000384
0.000384
0.000384
0.000383
0.000383
0.000383
0.000382
0.000382
0.000382
0.000381
0.000381
0.000381
0.000381
0.000380
0.000380
0.000380
0.000380
0.000379
0.000379
0.000379
0.000378
0.000378
0.000378
0.000378
0.000377
0.000377
0.000377
0.000377
0.000376
0.000369
0.000368
0.000367
0.000367
0.000366
0.000366
0.000366
0.000366
0.000366
0.000365
0.000365
0.000365
0.000365
0.000365
0.000365
0.000364
0.000364
0.000364
0.000364
0.000364
0.000363
0.000363
0.000363
0.000363
0.000363
0.000363
0.000362
0.000362
0.000362
0.000362
0.000362
0.000361
0.000361
0.000361
0.000361
0.000361
0.000360
0.000360
0.000360
0.000360
0.000360
0.000359
0.000359
0.000359
0.000359
0.000359
0.000358
0.000358
0.000358
0.000358
0.000358
0.000357
0.000357
0.000357
0.000357
0.000356
0.000356
0.000356
0.000356
0.000356
0.000355
0.000355
0.000355
0.000355
0.000355
0.000354
0.000354
0.000354
0.000354
0.000354
0.000353
0.000353
0.000353
0.000353
0.000353
0.000353
0.000352
0.000352
0.000352
0.000352
0.000352
0.000351
0.000351
0.000351
0.000351
0.000351
0.000350
0.000350
0.000350
0.000350
0.000350
0.000349
0.000349
0.000349
0.000349
0.000349
0.000349
0.000348
0.000348
0.000348
0.000346
0.000347
0.000347
0.000347
0.000346
0.000346
0.000346
0.000346
0.000346
0.000346
0.000346
0.000346
0.000345
0.000345
0.000345
0.000345
0.000345
0.000345
0.000345
0.000345
0.000345
0.000345
0.000345
0.000344
0.000344
0.000344
0.000344
0.000344
0.000344
0.000344
0.000344
0.000344
0.000344
0.000343
0.000343
0.000343
0.000343
0.000343
0.000343
0.000343
0.000343
0.000343
0.000343
0.000342
0.000342
0.000342
0.000342
0.000342
0.000342
0.000342
0.000342
0.000342
0.000342
0.000341
0.000341
0.000341
0.000341
0.000341
0.000341
0.000341
0.000341
0.000341
0.000341
0.000341
0.000340
0.000340
0.000340
0.000340
0.000340
0.000340
0.000340
0.000340
0.000340
0.000340
0.000339
0.000339
0.000339
0.000339
0.000339
0.000339
0.000339
0.000339
0.000339
0.000339
0.000338
0.000338
0.000338
0.000338
0.000338
0.000338
0.000338
0.000338
0.000338
0.000338
0.000338
0.000337
0.000337
0.000337
0.000337
0.000337
