0.150575
0.035687
0.015933
0.007762
0.004464
0.003403
0.003053
0.002858
0.002697
0.002531
0.002309
0.002032
0.001860
0.001738
0.001635
0.001541
0.001454
0.001380
0.001322
0.001280
0.001251
0.001230
0.001215
0.001202
0.001191
0.001181
0.001171
0.001161
0.001151
0.001139
0.001131
0.001124
0.001117
0.001110
0.001102
0.001095
0.001088
0.001082
0.001075
0.001069
0.001063
0.001058
0.001052
0.001046
0.001041
0.001036
0.001031
0.001026
0.001021
0.001017
0.001013
0.001008
0.001005
0.001001
0.000997
0.000994
0.000990
0.000987
0.000984
0.000981
0.000977
0.000973
0.000970
0.000967
0.000964
0.000962
0.000959
0.000957
0.000954
0.000952
0.000950
0.000948
0.000945
0.000943
0.000940
0.000938
0.000935
0.000933
0.000930
0.000927
0.000925
0.000922
0.000920
0.000917
0.000914
0.000911
0.000909
0.000907
0.000904
0.000902
0.000900
0.000898
0.000896
0.000894
0.000892
0.000890
0.000889
0.000887
0.000886
0.000885
0.000881
0.000876
0.000874
0.000874
0.000874
0.000873
0.000872
0.000872
0.000871
0.000871
0.000870
0.000870
0.000869
0.000869
0.000868
0.000868
0.000867
0.000867
0.000866
0.000866
0.000866
0.000865
0.000865
0.000864
0.000864
0.000864
0.000863
0.000863
0.000863
0.000862
0.000862
0.000862
0.000861
0.000861
0.000861
0.000860
0.000860
0.000860
0.000860
0.000859
0.000859
0.000859
0.000859
0.000859
0.000858
0.000858
0.000858
0.000857
0.000857
0.000857
0.000857
0.000856
0.000856
0.000855
0.000855
0.000854
0.000854
0.000853
0.000853
0.000852
0.000851
0.000851
0.000850
0.000849
0.000849
0.000848
0.000847
0.000847
0.000846
0.000845
0.000845
0.000844
0.000843
0.000842
0.000842
0.000841
0.000840
0.000840
0.000839
0.000838
0.000837
0.000836
0.000836
0.000835
0.000834
0.000833
0.000832
0.000831
0.000830
0.000829
0.000827
0.000826
0.000824
0.000823
0.000821
0.000820
0.000818
0.000817
0.000815
0.000813
0.000810
0.000809
0.000807
0.000806
0.000806
0.000805
0.000804
0.000803
0.000802
0.000802
0.000801
0.000800
0.000799
0.000799
0.000798
0.000797
0.000797
0.000796
0.000795
0.000795
0.000794
0.000794
0.000793
0.000793
0.000792
0.000792
0.000791
0.000791
0.000791
0.000790
0.000790
0.000790
0.000789
0.000789
0.000789
0.000788
0.000788
0.000788
0.000787
0.000787
0.000787
0.000787
0.000786
0.000786
0.000786
0.000786
0.000785
0.000785
0.000785
0.000785
0.000785
0.000784
0.000784
0.000784
0.000784
0.000783
0.000783
0.000783
0.000783
0.000782
0.000782
0.000782
0.000782
0.000781
0.000781
0.000781
0.000780
0.000780
0.000780
0.000780
0.000779
0.000779
0.000779
0.000778
0.000778
0.000778
0.000778
0.000777
0.000777
0.000777
0.000776
0.000776
0.000776
0.000776
0.000775
0.000775
0.000775
0.000774
0.000774
0.000774
0.000774
0.000773
0.000773
0.000773
0.000773
0.000772
0.000772
0.000772
0.000772
0.000771
0.000770
0.000770
0.000769
0.000769
0.000769
0.000769
0.000768
0.000768
0.000768
0.000768
0.000768
0.000768
0.000768
0.000768
0.000768
0.000768
0.000768
0.000768
0.000768
0.000768
0.000768
0.000768
0.000768
0.000768
0.000768
0.000768
0.000768
0.000768
0.000767
0.000767
0.000767
0.000767
0.000767
0.000767
0.000767
0.000767
0.000767
0.000767
0.000767
0.000767
0.000767
0.000767
0.000767
0.000767
0.000767
0.000767
0.000767
0.000767
0.000767
0.000767
0.000767
0.000767
0.000767
0.000767
0.000767
0.000767
0.000767
0.000767
0.000767
0.000767
0.000767
0.000767
0.000767
0.000767
0.000767
0.000767
0.000767
0.000767
0.000767
0.000767
0.000767
0.000767
0.000767
0.000767
0.000767
0.000767
0.000767
0.000767
0.000767
0.000767
0.000767
0.000767
0.000767
0.000767
0.000767
0.000767
0.000767
0.000767
0.000767
0.000767
0.000767
0.000767
0.000767
0.000767
0.000767
0.000767
0.000767
0.000767
0.000767
0.000767
0.000765
0.000763
0.000762
0.000762
0.000762
0.000762
0.000762
0.000762
0.000762
0.000762
0.000762
0.000762
0.000762
0.000762
0.000762
0.000762
0.000762
0.000762
0.000762
0.000762
0.000762
0.000762
0.000762
0.000762
0.000762
0.000762
0.000762
0.000762
0.000762
0.000762
0.000761
0.000761
0.000761
0.000761
0.000761
0.000761
0.000761
0.000761
0.000761
0.000761
0.000761
0.000761
0.000761
0.000761
0.000761
0.000761
0.000761
0.000761
0.000761
0.000761
0.000761
0.000761
0.000761
0.000761
0.000761
0.000761
0.000761
0.000761
0.000761
0.000761
0.000761
0.000761
0.000761
0.000761
0.000761
0.000761
0.000761
0.000761
0.000761
0.000761
0.000761
0.000761
0.000761
0.000761
0.000761
0.000761
0.000761
0.000761
0.000761
0.000761
0.000761
0.000761
0.000761
0.000761
0.000761
0.000761
0.000761
0.000761
0.000761
0.000761
0.000761
0.000761
0.000761
0.000761
0.000761
0.000761
0.000761
0.000761
0.000761
0.000761
