0.130797
0.023872
0.011929
0.008477
0.006907
0.005850
0.005162
0.004625
0.004206
0.003857
0.003563
0.003318
0.003110
0.002932
0.002777
0.002642
0.002523
0.002417
0.002322
0.002237
0.002160
0.002090
0.002026
0.001968
0.001914
0.001863
0.001817
0.001774
0.001733
0.001695
0.001660
0.001626
0.001593
0.001562
0.001533
0.001504
0.001477
0.001451
0.001427
0.001404
0.001384
0.001365
0.001349
0.001335
0.001322
0.001311
0.001300
0.001290
0.001280
0.001271
0.001262
0.001253
0.001244
0.001235
0.001226
0.001218
0.001210
0.001202
0.001194
0.001186
0.001179
0.001173
0.001166
0.001160
0.001154
0.001148
0.001142
0.001136
0.001131
0.001125
0.001120
0.001115
0.001110
0.001105
0.001100
0.001095
0.001090
0.001086
0.001081
0.001077
0.001072
0.001068
0.001064
0.001060
0.001056
0.001052
0.001048
0.001045
0.001041
0.001038
0.001035
0.001031
0.001028
0.001025
0.001021
0.001018
0.001014
0.001010
0.001006
0.001002
0.000926
0.000912
0.000899
0.000899
0.000897
0.000895
0.000893
0.000891
0.000889
0.000887
0.000886
0.000884
0.000882
0.000880
0.000878
0.000877
0.000875
0.000873
0.000871
0.000870
0.000868
0.000866
0.000864
0.000862
0.000861
0.000859
0.000857
0.000855
0.000854
0.000852
0.000850
0.000848
0.000847
0.000845
0.000843
0.000841
0.000839
0.000838
0.000836
0.000834
0.000832
0.000830
0.000828
0.000826
0.000824
0.000822
0.000820
0.000818
0.000816
0.000814
0.000812
0.000810
0.000808
0.000806
0.000804
0.000801
0.000799
0.000797
0.000794
0.000792
0.000789
0.000787
0.000784
0.000781
0.000778
0.000776
0.000773
0.000770
0.000766
0.000763
0.000760
0.000757
0.000753
0.000749
0.000746
0.000742
0.000738
0.000734
0.000729
0.000725
0.000721
0.000716
0.000711
0.000707
0.000702
0.000697
0.000691
0.000686
0.000681
0.000675
0.000669
0.000663
0.000657
0.000651
0.000645
0.000638
0.000631
0.000625
0.000618
0.000611
0.000582
0.000578
0.000570
0.000567
0.000563
0.000559
0.000556
0.000552
0.000549
0.000545
0.000542
0.000539
0.000535
0.000532
0.000528
0.000525
0.000521
0.000518
0.000515
0.000512
0.000508
0.000505
0.000502
0.000499
0.000496
0.000493
0.000490
0.000487
0.000484
0.000481
0.000478
0.000475
0.000472
0.000470
0.000467
0.000464
0.000462
0.000459
0.000457
0.000454
0.000452
0.000449
0.000447
0.000445
0.000443
0.000440
0.000438
0.000436
0.000434
0.000432
0.000430
0.000428
0.000427
0.000425
0.000423
0.000421
0.000420
0.000418
0.000416
0.000415
0.000413
0.000411
0.000410
0.000408
0.000407
0.000405
0.000404
0.000403
0.000401
0.000400
0.000399
0.000397
0.000396
0.000394
0.000393
0.000392
0.000391
0.000389
0.000388
0.000387
0.000385
0.000384
0.000383
0.000382
0.000381
0.000379
0.000378
0.000377
0.000375
0.000374
0.000373
0.000371
0.000370
0.000369
0.000367
0.000366
0.000364
0.000363
0.000362
0.000360
0.000354
0.000349
0.000349
0.000348
0.000348
0.000347
0.000346
0.000346
0.000345
0.000345
0.000344
0.000344
0.000343
0.000343
0.000342
0.000342
0.000341
0.000340
0.000340
0.000339
0.000339
0.000338
0.000338
0.000337
0.000337
0.000336
0.000336
0.000335
0.000335
0.000334
0.000334
0.000333
0.000333
0.000332
0.000332
0.000331
0.000331
0.000330
0.000330
0.000329
0.000329
0.000328
0.000328
0.000327
0.000327
0.000327
0.000326
0.000326
0.000325
0.000325
0.000324
0.000324
0.000324
0.000323
0.000323
0.000322
0.000322
0.000322
0.000321
0.000321
0.000320
0.000320
0.000319
0.000319
0.000319
0.000318
0.000318
0.000317
0.000317
0.000317
0.000316
0.000316
0.000315
0.000315
0.000315
0.000314
0.000314
0.000314
0.000313
0.000313
0.000312
0.000312
0.000312
0.000311
0.000311
0.000311
0.000310
0.000310
0.000310
0.000309
0.000309
0.000309
0.000308
0.000308
0.000308
0.000307
0.000307
0.000307
0.000306
0.000306
0.000302
0.000301
0.000300
0.000300
0.000300
0.000300
0.000300
0.000300
0.000300
0.000299
0.000299
0.000299
0.000299
0.000299
0.000298
0.000298
0.000298
0.000298
0.000298
0.000297
0.000297
0.000297
0.000297
0.000297
0.000296
0.000296
0.000296
0.000296
0.000296
0.000295
0.000295
0.000295
0.000295
0.000295
0.000294
0.000294
0.000294
0.000294
0.000294
0.000294
0.000293
0.000293
0.000293
0.000293
0.000293
0.000292
0.000292
0.000292
0.000292
0.000292
0.000291
0.000291
0.000291
0.000291
0.000291
0.000291
0.000290
0.000290
0.000290
0.000290
0.000290
0.000289
0.000289
0.000289
0.000289
0.000289
0.000289
0.000288
0.000288
0.000288
0.000288
0.000288
0.000288
0.000287
0.000287
0.000287
0.000287
0.000287
0.000286
0.000286
0.000286
0.000286
0.000286
0.000286
0.000285
0.000285
0.000285
0.000285
0.000285
0.000285
0.000284
0.000284
0.000284
0.000284
0.000284
0.000284
0.000283
0.000283
0.000283
0.000283
