0.398029
0.077100
0.043411
0.030554
0.024569
0.020299
0.017142
0.014681
0.012714
0.011096
0.009744
0.008606
0.007649
0.006859
0.006218
0.005695
0.005260
0.004892
0.004577
0.004303
0.004062
0.003849
0.003660
0.003490
0.003337
0.003197
0.003069
0.002953
0.002846
0.002748
0.002657
0.002574
0.002496
0.002424
0.002357
0.002294
0.002235
0.002180
0.002128
0.002079
0.002033
0.001989
0.001948
0.001909
0.001872
0.001837
0.001803
0.001772
0.001741
0.001713
0.001686
0.001660
0.001635
0.001611
0.001589
0.001567
0.001546
0.001527
0.001508
0.001489
0.001472
0.001455
0.001439
0.001423
0.001408
0.001394
0.001380
0.001367
0.001354
0.001341
0.001329
0.001318
0.001306
0.001295
0.001285
0.001275
0.001265
0.001255
0.001246
0.001237
0.001228
0.001220
0.001212
0.001204
0.001196
0.001189
0.001182
0.001175
0.001168
0.001161
0.001155
0.001149
0.001143
0.001137
0.001132
0.001126
0.001121
0.001116
0.001111
0.001107
0.001081
0.001083
0.001083
0.001083
0.001081
0.001077
0.001074
0.001071
0.001067
0.001064
0.001061
0.001058
0.001055
0.001052
0.001048
0.001045
0.001042
0.001039
0.001037
0.001034
0.001031
0.001028
0.001025
0.001022
0.001019
0.001017
0.001014
0.001011
0.001008
0.001006
0.001003
0.001000
0.000998
0.000995
0.000992
0.000990
0.000987
0.000985
0.000982
0.000980
0.000977
0.000975
0.000972
0.000970
0.000967
0.000965
0.000962
0.000960
0.000958
0.000955
0.000953
0.000950
0.000948
0.000946
0.000943
0.000941
0.000939
0.000937
0.000934
0.000932
0.000930
0.000928
0.000926
0.000924
0.000921
0.000919
0.000917
0.000915
0.000913
0.000911
0.000909
0.000907
0.000905
0.000903
0.000901
0.000899
0.000897
0.000895
0.000893
0.000891
0.000890
0.000888
0.000886
0.000884
0.000882
0.000880
0.000878
0.000877
0.000875
0.000873
0.000871
0.000869
0.000867
0.000865
0.000863
0.000861
0.000860
0.000858
0.000856
0.000854
0.000832
0.000830
0.000832
0.000832
0.000830
0.000828
0.000826
0.000825
0.000824
0.000822
0.000821
0.000819
0.000818
0.000816
0.000815
0.000813
0.000812
0.000810
0.000809
0.000807
0.000806
0.000804
0.000803
0.000801
0.000799
0.000798
0.000796
0.000795
0.000793
0.000792
0.000790
0.000788
0.000787
0.000785
0.000783
0.000782
0.000780
0.000779
0.000777
0.000775
0.000774
0.000772
0.000770
0.000769
0.000767
0.000765
0.000764
0.000762
0.000760
0.000759
0.000757
0.000755
0.000753
0.000751
0.000750
0.000748
0.000746
0.000744
0.000742
0.000740
0.000738
0.000737
0.000735
0.000733
0.000731
0.000729
0.000727
0.000725
0.000723
0.000721
0.000719
0.000717
0.000715
0.000713
0.000711
0.000709
0.000707
0.000705
0.000703
0.000701
0.000699
0.000697
0.000695
0.000693
0.000690
0.000688
0.000686
0.000684
0.000682
0.000680
0.000678
0.000675
0.000673
0.000671
0.000669
0.000666
0.000664
0.000662
0.000660
0.000657
0.000648
0.000653
0.000656
0.000656
0.000655
0.000654
0.000652
0.000651
0.000649
0.000648
0.000647
0.000645
0.000644
0.000642
0.000641
0.000639
0.000638
0.000636
0.000635
0.000634
0.000632
0.000631
0.000629
0.000628
0.000626
0.000625
0.000623
0.000622
0.000620
0.000619
0.000617
0.000616
0.000614
0.000613
0.000611
0.000610
0.000608
0.000607
0.000605
0.000604
0.000602
0.000601
0.000599
0.000598
0.000596
0.000595
0.000593
0.000591
0.000590
0.000588
0.000587
0.000585
0.000584
0.000582
0.000581
0.000579
0.000578
0.000576
0.000574
0.000573
0.000571
0.000570
0.000568
0.000567
0.000565
0.000564
0.000562
0.000561
0.000559
0.000558
0.000556
0.000555
0.000553
0.000552
0.000550
0.000549
0.000547
0.000546
0.000544
0.000543
0.000541
0.000540
0.000538
0.000537
0.000535
0.000534
0.000532
0.000531
0.000529
0.000528
0.000527
0.000525
0.000524
0.000522
0.000521
0.000519
0.000518
0.000517
0.000515
0.000514
0.000510
0.000515
0.000517
0.000517
0.000517
0.000517
0.000516
0.000515
0.000515
0.000514
0.000513
0.000513
0.000512
0.000511
0.000511
0.000510
0.000509
0.000509
0.000508
0.000507
0.000507
0.000506
0.000505
0.000505
0.000504
0.000503
0.000503
0.000502
0.000502
0.000501
0.000500
0.000500
0.000499
0.000498
0.000498
0.000497
0.000496
0.000496
0.000495
0.000495
0.000494
0.000493
0.000493
0.000492
0.000492
0.000491
0.000490
0.000490
0.000489
0.000489
0.000488
0.000487
0.000487
0.000486
0.000486
0.000485
0.000484
0.000484
0.000483
0.000483
0.000482
0.000482
0.000481
0.000480
0.000480
0.000479
0.000479
0.000478
0.000478
0.000477
0.000476
0.000476
0.000475
0.000475
0.000474
0.000474
0.000473
0.000472
0.000472
0.000471
0.000471
0.000470
0.000470
0.000469
0.000469
0.000468
0.000467
0.000467
0.000466
0.000466
0.000465
0.000465
0.000464
0.000463
0.000463
0.000462
0.000462
0.000461
0.000461
0.000460
