0.378926
0.072156
0.047131
0.033982
0.025232
0.018801
0.013719
0.009826
0.007027
0.005247
0.004260
0.003723
0.003419
0.003227
0.003084
0.002965
0.002855
0.002748
0.002637
0.002519
0.002399
0.002288
0.002183
0.002083
0.001987
0.001894
0.001805
0.001720
0.001637
0.001559
0.001484
0.001414
0.001347
0.001284
0.001226
0.001172
0.001124
0.001082
0.001049
0.001024
0.001005
0.000991
0.000979
0.000969
0.000960
0.000951
0.000944
0.000936
0.000930
0.000923
0.000918
0.000912
0.000907
0.000902
0.000897
0.000893
0.000889
0.000885
0.000882
0.000879
0.000875
0.000872
0.000869
0.000867
0.000864
0.000861
0.000859
0.000857
0.000854
0.000852
0.000850
0.000848
0.000846
0.000844
0.000843
0.000841
0.000839
0.000838
0.000836
0.000835
0.000833
0.000832
0.000830
0.000829
0.000828
0.000827
0.000826
0.000825
0.000823
0.000822
0.000821
0.000820
0.000819
0.000818
0.000817
0.000816
0.000815
0.000814
0.000813
0.000812
0.000811
0.000811
0.000811
0.000811
0.000811
0.000810
0.000810
0.000809
0.000809
0.000809
0.000808
0.000808
0.000808
0.000807
0.000807
0.000807
0.000806
0.000806
0.000806
0.000805
0.000805
0.000805
0.000804
0.000804
0.000804
0.000803
0.000803
0.000803
0.000802
0.000802
0.000802
0.000801
0.000801
0.000801
0.000800
0.000800
0.000800
0.000799
0.000799
0.000798
0.000798
0.000798
0.000797
0.000797
0.000797
0.000796
0.000796
0.000795
0.000795
0.000795
0.000794
0.000794
0.000794
0.000793
0.000793
0.000793
0.000792
0.000792
0.000791
0.000791
0.000791
0.000790
0.000790
0.000790
0.000789
0.000789
0.000789
0.000788
0.000788
0.000788
0.000787
0.000787
0.000787
0.000786
0.000786
0.000786
0.000785
0.000785
0.000785
0.000785
0.000784
0.000784
0.000784
0.000783
0.000783
0.000783
0.000782
0.000782
0.000782
0.000781
0.000781
0.000781
0.000781
0.000780
0.000780
0.000780
0.000780
0.000779
0.000779
0.000779
0.000778
0.000780
0.000781
0.000781
0.000781
0.000781
0.000781
0.000781
0.000781
0.000781
0.000781
0.000781
0.000781
0.000780
0.000780
0.000780
0.000780
0.000780
0.000780
0.000779
0.000779
0.000779
0.000779
0.000779
0.000778
0.000778
0.000778
0.000778
0.000778
0.000777
0.000777
0.000777
0.000777
0.000776
0.000776
0.000776
0.000776
0.000776
0.000775
0.000775
0.000775
0.000775
0.000774
0.000774
0.000774
0.000774
0.000774
0.000773
0.000773
0.000773
0.000773
0.000773
0.000772
0.000772
0.000772
0.000772
0.000772
0.000772
0.000771
0.000771
0.000771
0.000771
0.000771
0.000771
0.000770
0.000770
0.000770
0.000770
0.000770
0.000770
0.000770
0.000770
0.000769
0.000769
0.000769
0.000769
0.000769
0.000769
0.000769
0.000769
0.000768
0.000768
0.000768
0.000768
0.000768
0.000768
0.000768
0.000768
0.000768
0.000768
0.000767
0.000767
0.000767
0.000767
0.000767
0.000767
0.000767
0.000767
0.000767
0.000767
0.000766
0.000768
0.000769
0.000769
0.000769
0.000770
0.000770
0.000769
0.000769
0.000769
0.000769
0.000769
0.000769
0.000769
0.000769
0.000769
0.000769
0.000769
0.000769
0.000769
0.000769
0.000769
0.000769
0.000769
0.000769
0.000768
0.000768
0.000768
0.000768
0.000768
0.000768
0.000768
0.000768
0.000768
0.000768
0.000768
0.000767
0.000767
0.000767
0.000767
0.000767
0.000767
0.000767
0.000767
0.000767
0.000766
0.000766
0.000766
0.000766
0.000766
0.000766
0.000766
0.000766
0.000765
0.000765
0.000765
0.000765
0.000765
0.000765
0.000765
0.000765
0.000765
0.000764
0.000764
0.000764
0.000764
0.000764
0.000764
0.000764
0.000764
0.000764
0.000764
0.000763
0.000763
0.000763
0.000763
0.000763
0.000763
0.000763
0.000763
0.000763
0.000763
0.000763
0.000762
0.000762
0.000762
0.000762
0.000762
0.000762
0.000762
0.000762
0.000762
0.000762
0.000762
0.000762
0.000762
0.000761
0.000761
0.000761
0.000761
0.000761
0.000762
0.000763
0.000763
0.000763
0.000762
0.000762
0.000762
0.000762
0.000762
0.000762
0.000762
0.000762
0.000762
0.000762
0.000762
0.000762
0.000762
0.000762
0.000762
0.000762
0.000762
0.000762
0.000762
0.000762
0.000762
0.000762
0.000762
0.000762
0.000762
0.000762
0.000762
0.000762
0.000762
0.000762
0.000762
0.000762
0.000762
0.000762
0.000762
0.000762
0.000762
0.000762
0.000762
0.000762
0.000762
0.000762
0.000762
0.000762
0.000762
0.000762
0.000762
0.000762
0.000762
0.000762
0.000762
0.000762
0.000762
0.000762
0.000762
0.000762
0.000762
0.000762
0.000762
0.000762
0.000762
0.000762
0.000762
0.000762
0.000762
0.000762
0.000762
0.000762
0.000762
0.000762
0.000762
0.000762
0.000762
0.000762
0.000762
0.000762
0.000762
0.000762
0.000762
0.000762
0.000762
0.000762
0.000762
0.000762
0.000762
0.000762
0.000762
0.000762
0.000762
0.000762
0.000762
0.000762
0.000762
0.000762
0.000762
