1.886293
0.626032
0.193295
0.097262
0.053239
0.036682
0.028401
0.023905
0.020993
0.018840
0.017140
0.015741
0.014555
0.013528
0.012619
0.011807
0.011074
0.010409
0.009803
0.009250
0.008747
0.008287
0.007867
0.007484
0.007135
0.006817
0.006529
0.006266
0.006028
0.005812
0.005616
0.005437
0.005275
0.005128
0.004993
0.004870
0.004757
0.004652
0.004554
0.004462
0.004376
0.004295
0.004218
0.004145
0.004075
0.004009
0.003946
0.003886
0.003828
0.003773
0.003719
0.003668
0.003619
0.003571
0.003525
0.003480
0.003437
0.003395
0.003354
0.003315
0.003276
0.003239
0.003202
0.003167
0.003132
0.003098
0.003065
0.003033
0.003002
0.002971
0.002941
0.002912
0.002884
0.002856
0.002829
0.002802
0.002775
0.002749
0.002724
0.002698
0.002673
0.002648
0.002624
0.002600
0.002576
0.002553
0.002530
0.002508
0.002485
0.002464
0.002442
0.002420
0.002399
0.002377
0.002355
0.002334
0.002312
0.002290
0.002269
0.002248
0.002159
0.002123
0.002106
0.002095
0.002082
0.002072
0.002062
0.002052
0.002041
0.002031
0.002021
0.002010
0.002000
0.001990
0.001980
0.001970
0.001960
0.001950
0.001940
0.001930
0.001920
0.001910
0.001900
0.001890
0.001881
0.001871
0.001861
0.001852
0.001842
0.001833
0.001823
0.001814
0.001804
0.001795
0.001786
0.001776
0.001767
0.001758
0.001748
0.001739
0.001730
0.001721
0.001712
0.001703
0.001694
0.001685
0.001676
0.001667
0.001658
0.001649
0.001641
0.001632
0.001623
0.001615
0.001606
0.001598
0.001589
0.001581
0.001573
0.001564
0.001556
0.001548
0.001540
0.001532
0.001524
0.001517
0.001509
0.001501
0.001493
0.001486
0.001478
0.001471
0.001463
0.001456
0.001449
0.001441
0.001434
0.001427
0.001420
0.001413
0.001406
0.001399
0.001392
0.001386
0.001379
0.001373
0.001366
0.001360
0.001353
0.001347
0.001340
0.001334
0.001327
0.001321
0.001315
0.001309
0.001303
0.001297
0.001290
0.001284
0.001222
0.001218
0.001205
0.001201
0.001198
0.001194
0.001191
0.001187
0.001184
0.001180
0.001177
0.001173
0.001170
0.001167
0.001163
0.001160
0.001156
0.001153
0.001150
0.001146
0.001143
0.001140
0.001136
0.001133
0.001129
0.001126
0.001123
0.001119
0.001116
0.001113
0.001109
0.001106
0.001103
0.001100
0.001096
0.001093
0.001090
0.001087
0.001083
0.001080
0.001077
0.001074
0.001070
0.001067
0.001064
0.001061
0.001058
0.001055
0.001051
0.001048
0.001045
0.001042
0.001039
0.001036
0.001033
0.001030
0.001026
0.001023
0.001020
0.001017
0.001014
0.001011
0.001008
0.001005
0.001002
0.000999
0.000996
0.000993
0.000990
0.000986
0.000983
0.000980
0.000977
0.000974
0.000971
0.000968
0.000965
0.000963
0.000960
0.000957
0.000954
0.000951
0.000948
0.000945
0.000942
0.000939
0.000936
0.000933
0.000931
0.000928
0.000925
0.000922
0.000919
0.000917
0.000914
0.000911
0.000908
0.000906
0.000903
0.000900
0.000880
0.000882
0.000878
0.000874
0.000873
0.000872
0.000870
0.000869
0.000867
0.000866
0.000864
0.000863
0.000861
0.000860
0.000858
0.000857
0.000855
0.000854
0.000852
0.000851
0.000849
0.000848
0.000846
0.000845
0.000843
0.000842
0.000840
0.000839
0.000837
0.000836
0.000834
0.000833
0.000831
0.000830
0.000828
0.000827
0.000825
0.000824
0.000822
0.000821
0.000819
0.000818
0.000816
0.000815
0.000813
0.000812
0.000810
0.000809
0.000807
0.000806
0.000804
0.000803
0.000801
0.000800
0.000798
0.000797
0.000795
0.000794
0.000792
0.000791
0.000789
0.000788
0.000786
0.000785
0.000783
0.000782
0.000780
0.000779
0.000777
0.000776
0.000774
0.000773
0.000771
0.000770
0.000768
0.000767
0.000765
0.000764
0.000762
0.000761
0.000759
0.000758
0.000756
0.000755
0.000753
0.000752
0.000750
0.000749
0.000747
0.000746
0.000744
0.000743
0.000741
0.000740
0.000738
0.000737
0.000735
0.000734
0.000732
0.000731
0.000723
0.000724
0.000724
0.000723
0.000722
0.000721
0.000720
0.000719
0.000719
0.000718
0.000717
0.000716
0.000715
0.000714
0.000713
0.000712
0.000712
0.000711
0.000710
0.000709
0.000708
0.000707
0.000706
0.000705
0.000704
0.000704
0.000703
0.000702
0.000701
0.000700
0.000699
0.000698
0.000697
0.000696
0.000696
0.000695
0.000694
0.000693
0.000692
0.000691
0.000690
0.000689
0.000688
0.000687
0.000687
0.000686
0.000685
0.000684
0.000683
0.000682
0.000681
0.000680
0.000679
0.000678
0.000677
0.000677
0.000676
0.000675
0.000674
0.000673
0.000672
0.000671
0.000670
0.000669
0.000668
0.000667
0.000666
0.000665
0.000665
0.000664
0.000663
0.000662
0.000661
0.000660
0.000659
0.000658
0.000657
0.000656
0.000655
0.000654
0.000653
0.000652
0.000651
0.000650
0.000649
0.000649
0.000648
0.000647
0.000646
0.000645
0.000644
0.000643
0.000642
0.000641
0.000640
0.000639
0.000638
0.000637
0.000636
0.000635
