0.176983
0.051243
0.031534
0.022051
0.017131
0.014136
0.012119
0.010725
0.009669
0.008812
0.008090
0.007467
0.006922
0.006439
0.006008
0.005621
0.005273
0.004959
0.004675
0.004420
0.004189
0.003981
0.003794
0.003624
0.003471
0.003332
0.003205
0.003090
0.002984
0.002887
0.002797
0.002714
0.002637
0.002565
0.002497
0.002434
0.002375
0.002320
0.002267
0.002218
0.002172
0.002128
0.002086
0.002047
0.002010
0.001975
0.001942
0.001911
0.001881
0.001853
0.001827
0.001801
0.001777
0.001754
0.001732
0.001712
0.001692
0.001673
0.001655
0.001637
0.001621
0.001605
0.001590
0.001575
0.001561
0.001548
0.001535
0.001522
0.001510
0.001499
0.001488
0.001477
0.001467
0.001457
0.001448
0.001438
0.001429
0.001421
0.001412
0.001404
0.001397
0.001389
0.001382
0.001375
0.001368
0.001361
0.001355
0.001349
0.001343
0.001337
0.001332
0.001326
0.001321
0.001316
0.001311
0.001306
0.001302
0.001297
0.001293
0.001289
0.001177
0.001166
0.001149
0.001148
0.001146
0.001143
0.001141
0.001139
0.001137
0.001135
0.001133
0.001131
0.001129
0.001127
0.001125
0.001123
0.001121
0.001119
0.001117
0.001115
0.001114
0.001112
0.001110
0.001108
0.001107
0.001105
0.001104
0.001102
0.001100
0.001099
0.001097
0.001096
0.001094
0.001093
0.001091
0.001090
0.001089
0.001087
0.001086
0.001085
0.001083
0.001082
0.001081
0.001080
0.001078
0.001077
0.001076
0.001075
0.001074
0.001073
0.001071
0.001070
0.001069
0.001068
0.001067
0.001066
0.001065
0.001064
0.001063
0.001062
0.001061
0.001060
0.001059
0.001058
0.001057
0.001056
0.001055
0.001054
0.001053
0.001052
0.001052
0.001051
0.001050
0.001049
0.001048
0.001047
0.001046
0.001046
0.001045
0.001044
0.001043
0.001042
0.001042
0.001041
0.001040
0.001039
0.001039
0.001038
0.001037
0.001036
0.001036
0.001035
0.001034
0.001033
0.001033
0.001032
0.001031
0.001030
0.001030
0.001029
0.000988
0.000994
0.000993
0.000989
0.000987
0.000987
0.000986
0.000986
0.000985
0.000985
0.000984
0.000984
0.000983
0.000982
0.000982
0.000981
0.000981
0.000980
0.000980
0.000979
0.000979
0.000978
0.000978
0.000977
0.000977
0.000976
0.000976
0.000975
0.000975
0.000974
0.000974
0.000973
0.000973
0.000973
0.000972
0.000972
0.000971
0.000971
0.000970
0.000970
0.000969
0.000969
0.000968
0.000968
0.000967
0.000967
0.000967
0.000966
0.000966
0.000965
0.000965
0.000964
0.000964
0.000963
0.000963
0.000963
0.000962
0.000962
0.000961
0.000961
0.000960
0.000960
0.000959
0.000959
0.000959
0.000958
0.000958
0.000957
0.000957
0.000956
0.000956
0.000955
0.000955
0.000955
0.000954
0.000954
0.000953
0.000953
0.000952
0.000952
0.000951
0.000951
0.000951
0.000950
0.000950
0.000949
0.000949
0.000949
0.000948
0.000948
0.000947
0.000947
0.000946
0.000946
0.000946
0.000945
0.000945
0.000944
0.000944
0.000944
0.000931
0.000939
0.000947
0.000950
0.000952
0.000953
0.000953
0.000953
0.000953
0.000953
0.000952
0.000952
0.000952
0.000952
0.000952
0.000952
0.000951
0.000951
0.000951
0.000951
0.000951
0.000950
0.000950
0.000950
0.000950
0.000950
0.000950
0.000949
0.000949
0.000949
0.000949
0.000948
0.000948
0.000948
0.000948
0.000948
0.000947
0.000947
0.000947
0.000947
0.000947
0.000946
0.000946
0.000946
0.000946
0.000945
0.000945
0.000945
0.000945
0.000945
0.000944
0.000944
0.000944
0.000944
0.000943
0.000943
0.000943
0.000943
0.000942
0.000942
0.000942
0.000942
0.000941
0.000941
0.000941
0.000941
0.000941
0.000940
0.000940
0.000940
0.000940
0.000939
0.000939
0.000939
0.000939
0.000938
0.000938
0.000938
0.000938
0.000937
0.000937
0.000937
0.000937
0.000937
0.000936
0.000936
0.000936
0.000936
0.000935
0.000935
0.000935
0.000935
0.000934
0.000934
0.000934
0.000934
0.000934
0.000933
0.000933
0.000933
0.000920
0.000912
0.000905
0.000907
0.000908
0.000907
0.000907
0.000907
0.000907
0.000907
0.000907
0.000907
0.000906
0.000906
0.000906
0.000906
0.000906
0.000906
0.000906
0.000906
0.000906
0.000906
0.000906
0.000906
0.000906
0.000906
0.000905
0.000905
0.000905
0.000905
0.000905
0.000905
0.000905
0.000905
0.000905
0.000905
0.000905
0.000905
0.000905
0.000904
0.000904
0.000904
0.000904
0.000904
0.000904
0.000904
0.000904
0.000904
0.000904
0.000904
0.000904
0.000904
0.000903
0.000903
0.000903
0.000903
0.000903
0.000903
0.000903
0.000903
0.000903
0.000903
0.000903
0.000902
0.000902
0.000902
0.000902
0.000902
0.000902
0.000902
0.000902
0.000902
0.000902
0.000902
0.000901
0.000901
0.000901
0.000901
0.000901
0.000901
0.000901
0.000901
0.000901
0.000901
0.000901
0.000900
0.000900
0.000900
0.000900
0.000900
0.000900
0.000900
0.000900
0.000900
0.000899
0.000899
0.000899
0.000899
0.000899
0.000899
