0.259361
0.082902
0.038423
0.018367
0.012097
0.010566
0.010013
0.009582
0.009185
0.008836
0.008531
0.008264
0.008031
0.007828
0.007648
0.007489
0.007347
0.007219
0.007102
0.006992
0.006889
0.006789
0.006688
0.006585
0.006472
0.006341
0.006185
0.005991
0.005760
0.005496
0.005198
0.004888
0.004586
0.004296
0.004022
0.003767
0.003532
0.003320
0.003130
0.002961
0.002808
0.002668
0.002543
0.002434
0.002342
0.002265
0.002200
0.002143
0.002092
0.002047
0.002007
0.001970
0.001937
0.001906
0.001877
0.001849
0.001824
0.001799
0.001775
0.001753
0.001731
0.001710
0.001689
0.001669
0.001650
0.001631
0.001612
0.001595
0.001577
0.001560
0.001544
0.001528
0.001513
0.001499
0.001484
0.001471
0.001458
0.001445
0.001433
0.001421
0.001410
0.001400
0.001389
0.001380
0.001370
0.001361
0.001353
0.001344
0.001336
0.001329
0.001322
0.001315
0.001308
0.001302
0.001296
0.001290
0.001284
0.001279
0.001273
0.001268
0.001230
0.001228
0.001228
0.001225
0.001221
0.001217
0.001214
0.001212
0.001209
0.001206
0.001204
0.001201
0.001199
0.001197
0.001194
0.001192
0.001190
0.001187
0.001185
0.001183
0.001181
0.001179
0.001177
0.001175
0.001173
0.001171
0.001169
0.001167
0.001165
0.001164
0.001162
0.001160
0.001158
0.001157
0.001155
0.001153
0.001152
0.001150
0.001148
0.001147
0.001145
0.001144
0.001142
0.001141
0.001139
0.001137
0.001136
0.001134
0.001133
0.001131
0.001130
0.001129
0.001127
0.001126
0.001124
0.001123
0.001121
0.001120
0.001119
0.001117
0.001116
0.001114
0.001113
0.001112
0.001110
0.001109
0.001108
0.001106
0.001105
0.001104
0.001103
0.001101
0.001100
0.001099
0.001098
0.001096
0.001095
0.001094
0.001093
0.001092
0.001091
0.001090
0.001089
0.001087
0.001086
0.001085
0.001084
0.001083
0.001082
0.001081
0.001080
0.001079
0.001079
0.001078
0.001077
0.001076
0.001075
0.001074
0.001073
0.001072
0.001055
0.001061
0.001067
0.001070
0.001071
0.001071
0.001071
0.001070
0.001070
0.001069
0.001069
0.001068
0.001068
0.001067
0.001066
0.001066
0.001065
0.001065
0.001064
0.001064
0.001063
0.001063
0.001062
0.001061
0.001061
0.001060
0.001060
0.001059
0.001059
0.001058
0.001058
0.001057
0.001056
0.001056
0.001055
0.001055
0.001054
0.001054
0.001053
0.001053
0.001052
0.001052
0.001051
0.001050
0.001050
0.001049
0.001049
0.001048
0.001048
0.001047
0.001047
0.001046
0.001046
0.001045
0.001045
0.001044
0.001043
0.001043
0.001042
0.001042
0.001041
0.001041
0.001040
0.001040
0.001039
0.001039
0.001038
0.001038
0.001037
0.001037
0.001037
0.001036
0.001036
0.001035
0.001035
0.001034
0.001034
0.001033
0.001033
0.001032
0.001032
0.001031
0.001031
0.001031
0.001030
0.001030
0.001029
0.001029
0.001028
0.001028
0.001028
0.001027
0.001027
0.001026
0.001026
0.001026
0.001025
0.001025
0.001024
0.001024
0.001010
0.001016
0.001016
0.001013
0.001012
0.001012
0.001012
0.001012
0.001012
0.001012
0.001012
0.001012
0.001012
0.001012
0.001012
0.001012
0.001012
0.001012
0.001011
0.001011
0.001011
0.001011
0.001011
0.001011
0.001011
0.001011
0.001011
0.001011
0.001011
0.001011
0.001010
0.001010
0.001010
0.001010
0.001010
0.001010
0.001010
0.001010
0.001010
0.001010
0.001010
0.001009
0.001009
0.001009
0.001009
0.001009
0.001009
0.001009
0.001009
0.001009
0.001009
0.001008
0.001008
0.001008
0.001008
0.001008
0.001008
0.001008
0.001008
0.001008
0.001007
0.001007
0.001007
0.001007
0.001007
0.001007
0.001007
0.001007
0.001007
0.001006
0.001006
0.001006
0.001006
0.001006
0.001006
0.001006
0.001006
0.001005
0.001005
0.001005
0.001005
0.001005
0.001005
0.001005
0.001005
0.001005
0.001004
0.001004
0.001004
0.001004
0.001004
0.001004
0.001004
0.001004
0.001003
0.001003
0.001003
0.001003
0.001003
0.001003
0.000996
0.000985
0.000985
0.000986
0.000985
0.000986
0.000985
0.000985
0.000985
0.000985
0.000985
0.000985
0.000985
0.000985
0.000985
0.000985
0.000985
0.000985
0.000985
0.000985
0.000985
0.000985
0.000985
0.000985
0.000985
0.000984
0.000984
0.000984
0.000984
0.000984
0.000984
0.000984
0.000984
0.000984
0.000984
0.000984
0.000984
0.000984
0.000984
0.000984
0.000984
0.000984
0.000983
0.000983
0.000983
0.000983
0.000983
0.000983
0.000983
0.000983
0.000983
0.000983
0.000983
0.000983
0.000983
0.000983
0.000983
0.000983
0.000983
0.000982
0.000982
0.000982
0.000982
0.000982
0.000982
0.000982
0.000982
0.000982
0.000982
0.000982
0.000982
0.000982
0.000982
0.000982
0.000982
0.000981
0.000981
0.000981
0.000981
0.000981
0.000981
0.000981
0.000981
0.000981
0.000981
0.000981
0.000981
0.000981
0.000981
0.000981
0.000980
0.000980
0.000980
0.000980
0.000980
0.000980
0.000980
0.000980
0.000980
0.000980
