0.499442
0.072492
0.026918
0.012492
0.008270
0.006382
0.005372
0.004626
0.004035
0.003566
0.003193
0.002899
0.002666
0.002482
0.002335
0.002215
0.002115
0.002029
0.001953
0.001820
0.001638
0.001514
0.001418
0.001332
0.001250
0.001172
0.001096
0.001021
0.000948
0.000888
0.000849
0.000819
0.000796
0.000775
0.000758
0.000743
0.000729
0.000716
0.000704
0.000693
0.000682
0.000672
0.000661
0.000652
0.000642
0.000634
0.000626
0.000618
0.000610
0.000603
0.000595
0.000588
0.000582
0.000575
0.000570
0.000564
0.000559
0.000554
0.000549
0.000544
0.000539
0.000534
0.000530
0.000525
0.000522
0.000518
0.000515
0.000511
0.000507
0.000504
0.000501
0.000497
0.000494
0.000491
0.000488
0.000486
0.000483
0.000480
0.000478
0.000475
0.000473
0.000470
0.000468
0.000466
0.000464
0.000461
0.000459
0.000457
0.000454
0.000452
0.000450
0.000449
0.000447
0.000445
0.000443
0.000442
0.000440
0.000438
0.000436
0.000434
0.000427
0.000424
0.000422
0.000420
0.000419
0.000418
0.000417
0.000416
0.000415
0.000414
0.000414
0.000413
0.000412
0.000411
0.000410
0.000409
0.000409
0.000408
0.000407
0.000406
0.000406
0.000405
0.000404
0.000403
0.000403
0.000402
0.000401
0.000401
0.000400
0.000399
0.000399
0.000398
0.000397
0.000397
0.000396
0.000395
0.000395
0.000394
0.000393
0.000393
0.000392
0.000392
0.000391
0.000391
0.000390
0.000389
0.000389
0.000388
0.000388
0.000387
0.000387
0.000386
0.000386
0.000385
0.000385
0.000384
0.000384
0.000384
0.000383
0.000383
0.000382
0.000382
0.000381
0.000381
0.000380
0.000380
0.000380
0.000379
0.000379
0.000378
0.000378
0.000378
0.000377
0.000377
0.000376
0.000376
0.000376
0.000375
0.000375
0.000375
0.000374
0.000374
0.000374
0.000373
0.000373
0.000373
0.000372
0.000372
0.000372
0.000372
0.000371
0.000371
0.000371
0.000370
0.000370
0.000370
0.000370
0.000369
0.000369
0.000369
0.000363
0.000364
0.000364
0.000365
0.000365
0.000365
0.000365
0.000365
0.000365
0.000364
0.000364
0.000364
0.000363
0.000363
0.000362
0.000362
0.000362
0.000361
0.000361
0.000360
0.000360
0.000359
0.000359
0.000359
0.000358
0.000358
0.000357
0.000357
0.000357
0.000356
0.000356
0.000356
0.000355
0.000355
0.000355
0.000354
0.000354
0.000354
0.000353
0.000353
0.000353
0.000352
0.000352
0.000352
0.000351
0.000351
0.000351
0.000350
0.000350
0.000350
0.000349
0.000349
0.000349
0.000349
0.000348
0.000348
0.000348
0.000347
0.000347
0.000347
0.000346
0.000346
0.000346
0.000346
0.000345
0.000345
0.000345
0.000344
0.000344
0.000344
0.000344
0.000343
0.000343
0.000343
0.000343
0.000342
0.000342
0.000342
0.000342
0.000341
0.000341
0.000341
0.000341
0.000340
0.000340
0.000340
0.000340
0.000340
0.000339
0.000339
0.000339
0.000339
0.000338
0.000338
0.000338
0.000338
0.000337
0.000337
0.000337
0.000337
0.000336
0.000336
0.000335
0.000335
0.000335
0.000334
0.000334
0.000334
0.000334
0.000334
0.000334
0.000334
0.000334
0.000334
0.000334
0.000333
0.000333
0.000333
0.000333
0.000333
0.000333
0.000333
0.000333
0.000333
0.000333
0.000332
0.000332
0.000332
0.000332
0.000332
0.000332
0.000332
0.000332
0.000332
0.000332
0.000332
0.000331
0.000331
0.000331
0.000331
0.000331
0.000331
0.000331
0.000331
0.000331
0.000331
0.000330
0.000330
0.000330
0.000330
0.000330
0.000330
0.000330
0.000330
0.000330
0.000330
0.000329
0.000329
0.000329
0.000329
0.000329
0.000329
0.000329
0.000329
0.000329
0.000328
0.000328
0.000328
0.000328
0.000328
0.000328
0.000328
0.000328
0.000327
0.000327
0.000327
0.000327
0.000327
0.000327
0.000327
0.000326
0.000326
0.000326
0.000326
0.000326
0.000326
0.000325
0.000325
0.000325
0.000325
0.000325
0.000325
0.000324
0.000324
0.000324
0.000324
0.000324
0.000323
0.000323
0.000323
0.000320
0.000319
0.000319
0.000319
0.000319
0.000318
0.000318
0.000318
0.000318
0.000318
0.000318
0.000318
0.000318
0.000318
0.000317
0.000317
0.000317
0.000317
0.000317
0.000317
0.000317
0.000317
0.000317
0.000316
0.000316
0.000316
0.000316
0.000316
0.000316
0.000316
0.000316
0.000316
0.000315
0.000315
0.000315
0.000315
0.000315
0.000315
0.000315
0.000315
0.000314
0.000314
0.000314
0.000314
0.000314
0.000314
0.000314
0.000314
0.000314
0.000313
0.000313
0.000313
0.000313
0.000313
0.000313
0.000313
0.000313
0.000312
0.000312
0.000312
0.000312
0.000312
0.000312
0.000312
0.000312
0.000311
0.000311
0.000311
0.000311
0.000311
0.000311
0.000311
0.000310
0.000310
0.000310
0.000310
0.000310
0.000310
0.000310
0.000310
0.000309
0.000309
0.000309
0.000309
0.000309
0.000309
0.000308
0.000308
0.000308
0.000308
0.000308
0.000308
0.000308
0.000307
0.000307
0.000307
0.000307
0.000307
0.000307
0.000307
