0.322209
0.051635
0.018444
0.013795
0.011272
0.009700
0.008597
0.007690
0.006916
0.006233
0.005636
0.005101
0.004593
0.004060
0.003514
0.003097
0.002804
0.002591
0.002425
0.002289
0.002175
0.002076
0.001990
0.001913
0.001845
0.001784
0.001729
0.001680
0.001636
0.001596
0.001560
0.001527
0.001497
0.001468
0.001440
0.001410
0.001363
0.001277
0.001237
0.001202
0.001173
0.001150
0.001135
0.001121
0.001100
0.001076
0.001056
0.001039
0.001025
0.001011
0.000995
0.000981
0.000969
0.000956
0.000943
0.000930
0.000918
0.000906
0.000894
0.000883
0.000871
0.000859
0.000848
0.000836
0.000824
0.000811
0.000799
0.000787
0.000773
0.000761
0.000748
0.000736
0.000724
0.000712
0.000701
0.000689
0.000678
0.000667
0.000656
0.000646
0.000635
0.000626
0.000616
0.000606
0.000596
0.000587
0.000577
0.000569
0.000560
0.000552
0.000544
0.000536
0.000529
0.000522
0.000515
0.000510
0.000505
0.000501
0.000498
0.000494
0.000485
0.000480
0.000479
0.000477
0.000475
0.000472
0.000470
0.000467
0.000464
0.000461
0.000459
0.000457
0.000454
0.000451
0.000449
0.000446
0.000444
0.000442
0.000439
0.000437
0.000435
0.000433
0.000431
0.000429
0.000428
0.000426
0.000424
0.000423
0.000421
0.000420
0.000418
0.000416
0.000415
0.000414
0.000412
0.000410
0.000409
0.000408
0.000406
0.000405
0.000404
0.000403
0.000401
0.000400
0.000399
0.000398
0.000396
0.000395
0.000394
0.000393
0.000392
0.000391
0.000390
0.000389
0.000388
0.000387
0.000386
0.000385
0.000384
0.000383
0.000383
0.000382
0.000381
0.000380
0.000379
0.000378
0.000378
0.000377
0.000376
0.000375
0.000375
0.000374
0.000373
0.000372
0.000371
0.000371
0.000370
0.000369
0.000369
0.000368
0.000368
0.000367
0.000367
0.000366
0.000366
0.000365
0.000364
0.000363
0.000363
0.000362
0.000362
0.000361
0.000361
0.000360
0.000360
0.000359
0.000359
0.000358
0.000357
0.000357
0.000352
0.000350
0.000352
0.000353
0.000354
0.000354
0.000354
0.000354
0.000354
0.000354
0.000354
0.000354
0.000354
0.000353
0.000353
0.000353
0.000352
0.000352
0.000351
0.000351
0.000351
0.000350
0.000350
0.000350
0.000349
0.000349
0.000349
0.000349
0.000348
0.000348
0.000348
0.000348
0.000348
0.000347
0.000347
0.000347
0.000347
0.000347
0.000346
0.000346
0.000346
0.000346
0.000345
0.000345
0.000345
0.000345
0.000345
0.000345
0.000344
0.000344
0.000344
0.000344
0.000343
0.000343
0.000343
0.000343
0.000343
0.000343
0.000343
0.000342
0.000342
0.000342
0.000342
0.000342
0.000341
0.000341
0.000341
0.000341
0.000341
0.000341
0.000340
0.000340
0.000340
0.000340
0.000340
0.000340
0.000339
0.000339
0.000339
0.000339
0.000339
0.000339
0.000338
0.000338
0.000338
0.000338
0.000338
0.000338
0.000337
0.000337
0.000337
0.000337
0.000337
0.000336
0.000336
0.000336
0.000336
0.000336
0.000335
0.000335
0.000329
0.000327
0.000326
0.000326
0.000326
0.000326
0.000326
0.000326
0.000326
0.000326
0.000325
0.000325
0.000325
0.000325
0.000325
0.000325
0.000325
0.000325
0.000325
0.000325
0.000325
0.000325
0.000325
0.000325
0.000325
0.000325
0.000325
0.000324
0.000324
0.000324
0.000324
0.000324
0.000324
0.000324
0.000324
0.000324
0.000324
0.000324
0.000324
0.000324
0.000324
0.000324
0.000324
0.000324
0.000324
0.000324
0.000323
0.000323
0.000323
0.000323
0.000323
0.000323
0.000323
0.000323
0.000323
0.000323
0.000323
0.000323
0.000323
0.000323
0.000323
0.000323
0.000323
0.000323
0.000323
0.000323
0.000323
0.000323
0.000323
0.000322
0.000322
0.000322
0.000322
0.000322
0.000322
0.000322
0.000322
0.000322
0.000322
0.000322
0.000322
0.000322
0.000322
0.000322
0.000322
0.000322
0.000322
0.000322
0.000322
0.000322
0.000322
0.000322
0.000322
0.000322
0.000322
0.000322
0.000322
0.000321
0.000321
0.000321
0.000319
0.000319
0.000318
0.000317
0.000317
0.000317
0.000317
0.000317
0.000317
0.000317
0.000317
0.000317
0.000317
0.000317
0.000317
0.000317
0.000317
0.000317
0.000317
0.000317
0.000317
0.000317
0.000317
0.000317
0.000317
0.000316
0.000316
0.000316
0.000316
0.000316
0.000316
0.000316
0.000316
0.000316
0.000316
0.000316
0.000316
0.000316
0.000316
0.000316
0.000316
0.000316
0.000316
0.000316
0.000316
0.000316
0.000316
0.000316
0.000316
0.000316
0.000316
0.000316
0.000316
0.000316
0.000316
0.000316
0.000316
0.000316
0.000316
0.000316
0.000316
0.000316
0.000316
0.000316
0.000315
0.000315
0.000315
0.000315
0.000315
0.000315
0.000315
0.000315
0.000315
0.000315
0.000315
0.000315
0.000315
0.000315
0.000315
0.000315
0.000315
0.000315
0.000315
0.000315
0.000315
0.000315
0.000315
0.000315
0.000315
0.000315
0.000315
0.000315
0.000315
0.000315
0.000315
0.000315
0.000315
0.000315
0.000315
0.000315
