0.636723
0.118239
0.077958
0.057680
0.043348
0.034335
0.028386
0.024505
0.021946
0.020153
0.018786
0.017667
0.016673
0.015708
0.014637
0.012580
0.009886
0.007889
0.006598
0.005856
0.005429
0.005060
0.004703
0.004413
0.004194
0.003986
0.003783
0.003598
0.003426
0.003270
0.003131
0.003012
0.002910
0.002822
0.002743
0.002673
0.002608
0.002549
0.002493
0.002440
0.002389
0.002342
0.002297
0.002255
0.002214
0.002176
0.002140
0.002105
0.002072
0.002041
0.002011
0.001982
0.001955
0.001929
0.001903
0.001879
0.001856
0.001833
0.001811
0.001790
0.001769
0.001749
0.001730
0.001711
0.001693
0.001676
0.001659
0.001642
0.001626
0.001610
0.001595
0.001580
0.001566
0.001552
0.001538
0.001525
0.001512
0.001499
0.001487
0.001475
0.001464
0.001452
0.001441
0.001430
0.001419
0.001408
0.001398
0.001387
0.001377
0.001367
0.001357
0.001348
0.001338
0.001329
0.001320
0.001311
0.001302
0.001293
0.001284
0.001276
0.001184
0.001164
0.001151
0.001148
0.001142
0.001138
0.001134
0.001129
0.001125
0.001121
0.001117
0.001113
0.001109
0.001104
0.001100
0.001096
0.001092
0.001088
0.001084
0.001080
0.001076
0.001072
0.001068
0.001064
0.001060
0.001056
0.001052
0.001048
0.001044
0.001040
0.001036
0.001032
0.001028
0.001024
0.001021
0.001017
0.001013
0.001009
0.001005
0.001001
0.000998
0.000994
0.000990
0.000986
0.000983
0.000979
0.000975
0.000972
0.000968
0.000964
0.000961
0.000957
0.000954
0.000950
0.000947
0.000943
0.000939
0.000936
0.000932
0.000929
0.000926
0.000922
0.000919
0.000915
0.000912
0.000908
0.000905
0.000901
0.000898
0.000895
0.000891
0.000888
0.000884
0.000881
0.000878
0.000874
0.000871
0.000868
0.000864
0.000861
0.000857
0.000854
0.000851
0.000848
0.000844
0.000841
0.000838
0.000835
0.000831
0.000828
0.000825
0.000821
0.000818
0.000815
0.000812
0.000809
0.000806
0.000802
0.000799
0.000796
0.000762
0.000756
0.000750
0.000749
0.000747
0.000745
0.000744
0.000742
0.000740
0.000739
0.000737
0.000736
0.000734
0.000732
0.000731
0.000729
0.000727
0.000726
0.000724
0.000722
0.000721
0.000719
0.000717
0.000716
0.000714
0.000712
0.000711
0.000709
0.000707
0.000706
0.000704
0.000703
0.000701
0.000699
0.000698
0.000696
0.000694
0.000693
0.000691
0.000690
0.000688
0.000686
0.000685
0.000683
0.000682
0.000680
0.000679
0.000677
0.000676
0.000674
0.000672
0.000671
0.000669
0.000668
0.000666
0.000665
0.000663
0.000662
0.000660
0.000659
0.000658
0.000656
0.000655
0.000653
0.000652
0.000650
0.000649
0.000648
0.000646
0.000645
0.000643
0.000642
0.000641
0.000639
0.000638
0.000637
0.000635
0.000634
0.000633
0.000631
0.000630
0.000629
0.000627
0.000626
0.000625
0.000623
0.000622
0.000621
0.000620
0.000618
0.000617
0.000616
0.000615
0.000613
0.000612
0.000611
0.000610
0.000608
0.000607
0.000606
0.000592
0.000591
0.000589
0.000588
0.000587
0.000587
0.000586
0.000585
0.000585
0.000584
0.000583
0.000583
0.000582
0.000581
0.000580
0.000580
0.000579
0.000578
0.000578
0.000577
0.000576
0.000576
0.000575
0.000574
0.000574
0.000573
0.000572
0.000571
0.000571
0.000570
0.000569
0.000569
0.000568
0.000567
0.000567
0.000566
0.000565
0.000564
0.000564
0.000563
0.000562
0.000562
0.000561
0.000560
0.000560
0.000559
0.000558
0.000558
0.000557
0.000556
0.000555
0.000555
0.000554
0.000553
0.000553
0.000552
0.000551
0.000551
0.000550
0.000549
0.000549
0.000548
0.000547
0.000547
0.000546
0.000545
0.000544
0.000544
0.000543
0.000542
0.000542
0.000541
0.000540
0.000540
0.000539
0.000538
0.000538
0.000537
0.000536
0.000536
0.000535
0.000534
0.000534
0.000533
0.000533
0.000532
0.000531
0.000531
0.000530
0.000529
0.000529
0.000528
0.000527
0.000527
0.000526
0.000526
0.000525
0.000524
0.000524
0.000523
0.000517
0.000516
0.000515
0.000515
0.000515
0.000514
0.000514
0.000513
0.000513
0.000513
0.000512
0.000512
0.000512
0.000511
0.000511
0.000511
0.000510
0.000510
0.000510
0.000509
0.000509
0.000509
0.000508
0.000508
0.000508
0.000507
0.000507
0.000506
0.000506
0.000506
0.000505
0.000505
0.000505
0.000504
0.000504
0.000504
0.000503
0.000503
0.000503
0.000502
0.000502
0.000502
0.000501
0.000501
0.000500
0.000500
0.000500
0.000499
0.000499
0.000499
0.000498
0.000498
0.000497
0.000497
0.000497
0.000496
0.000496
0.000496
0.000495
0.000495
0.000495
0.000494
0.000494
0.000493
0.000493
0.000493
0.000492
0.000492
0.000492
0.000491
0.000491
0.000491
0.000490
0.000490
0.000489
0.000489
0.000489
0.000488
0.000488
0.000488
0.000487
0.000487
0.000487
0.000486
0.000486
0.000485
0.000485
0.000485
0.000484
0.000484
0.000484
0.000483
0.000483
0.000483
0.000482
0.000482
0.000482
0.000481
0.000481
0.000480
