0.099763
0.014357
0.005666
0.004327
0.003175
0.002673
0.002399
0.002225
0.002103
0.002005
0.001921
0.001847
0.001781
0.001722
0.001669
0.001622
0.001580
0.001543
0.001510
0.001481
0.001455
0.001431
0.001410
0.001391
0.001374
0.001358
0.001343
0.001330
0.001317
0.001305
0.001294
0.001284
0.001275
0.001266
0.001258
0.001250
0.001242
0.001236
0.001229
0.001223
0.001218
0.001212
0.001207
0.001203
0.001198
0.001194
0.001190
0.001186
0.001183
0.001179
0.001176
0.001173
0.001171
0.001168
0.001166
0.001163
0.001161
0.001159
0.001157
0.001155
0.001154
0.001152
0.001150
0.001149
0.001148
0.001146
0.001145
0.001144
0.001143
0.001141
0.001140
0.001139
0.001138
0.001137
0.001136
0.001136
0.001135
0.001134
0.001133
0.001132
0.001131
0.001129
0.001128
0.001126
0.001125
0.001122
0.001119
0.001114
0.001108
0.001101
0.001094
0.001086
0.001078
0.001068
0.001057
0.001044
0.001026
0.001003
0.000975
0.000940
0.000862
0.000815
0.000783
0.000757
0.000729
0.000705
0.000681
0.000659
0.000640
0.000623
0.000608
0.000595
0.000585
0.000577
0.000569
0.000563
0.000557
0.000551
0.000546
0.000541
0.000535
0.000531
0.000526
0.000521
0.000516
0.000512
0.000507
0.000503
0.000498
0.000493
0.000488
0.000484
0.000481
0.000477
0.000474
0.000471
0.000467
0.000464
0.000462
0.000459
0.000457
0.000454
0.000452
0.000450
0.000449
0.000447
0.000445
0.000444
0.000442
0.000441
0.000440
0.000438
0.000438
0.000437
0.000436
0.000435
0.000434
0.000434
0.000433
0.000432
0.000431
0.000430
0.000429
0.000428
0.000428
0.000427
0.000426
0.000426
0.000425
0.000425
0.000424
0.000424
0.000423
0.000423
0.000422
0.000422
0.000421
0.000421
0.000421
0.000420
0.000420
0.000420
0.000419
0.000419
0.000419
0.000419
0.000419
0.000419
0.000419
0.000419
0.000419
0.000419
0.000419
0.000418
0.000418
0.000418
0.000418
0.000418
0.000418
0.000418
0.000409
0.000408
0.000409
0.000411
0.000411
0.000411
0.000411
0.000411
0.000411
0.000411
0.000411
0.000411
0.000411
0.000411
0.000411
0.000410
0.000410
0.000410
0.000410
0.000410
0.000410
0.000410
0.000409
0.000409
0.000409
0.000409
0.000409
0.000409
0.000409
0.000408
0.000408
0.000408
0.000408
0.000408
0.000408
0.000408
0.000407
0.000407
0.000407
0.000407
0.000407
0.000407
0.000406
0.000406
0.000406
0.000406
0.000406
0.000406
0.000405
0.000405
0.000405
0.000405
0.000404
0.000404
0.000404
0.000404
0.000403
0.000403
0.000403
0.000403
0.000403
0.000402
0.000402
0.000402
0.000402
0.000402
0.000401
0.000401
0.000401
0.000401
0.000400
0.000400
0.000400
0.000400
0.000400
0.000400
0.000399
0.000399
0.000399
0.000399
0.000399
0.000399
0.000398
0.000398
0.000398
0.000398
0.000398
0.000398
0.000398
0.000398
0.000397
0.000397
0.000397
0.000397
0.000397
0.000397
0.000397
0.000397
0.000397
0.000397
0.000396
0.000396
0.000394
0.000395
0.000395
0.000394
0.000395
0.000395
0.000394
0.000394
0.000394
0.000394
0.000394
0.000394
0.000394
0.000394
0.000394
0.000394
0.000394
0.000394
0.000394
0.000394
0.000394
0.000394
0.000394
0.000394
0.000394
0.000394
0.000394
0.000394
0.000394
0.000394
0.000394
0.000394
0.000394
0.000394
0.000394
0.000394
0.000394
0.000394
0.000394
0.000394
0.000394
0.000394
0.000394
0.000394
0.000394
0.000394
0.000394
0.000394
0.000394
0.000394
0.000394
0.000394
0.000394
0.000394
0.000394
0.000394
0.000394
0.000394
0.000394
0.000394
0.000394
0.000394
0.000394
0.000394
0.000394
0.000394
0.000394
0.000394
0.000394
0.000394
0.000394
0.000394
0.000394
0.000394
0.000394
0.000394
0.000394
0.000394
0.000394
0.000394
0.000394
0.000394
0.000394
0.000394
0.000394
0.000394
0.000394
0.000394
0.000394
0.000394
0.000394
0.000394
0.000394
0.000394
0.000394
0.000394
0.000394
0.000394
0.000391
0.000390
0.000390
0.000390
0.000390
0.000390
0.000390
0.000390
0.000390
0.000390
0.000390
0.000390
0.000390
0.000390
0.000390
0.000390
0.000390
0.000390
0.000390
0.000390
0.000390
0.000390
0.000390
0.000390
0.000390
0.000390
0.000390
0.000390
0.000390
0.000390
0.000390
0.000389
0.000389
0.000389
0.000389
0.000389
0.000389
0.000389
0.000389
0.000389
0.000389
0.000389
0.000389
0.000389
0.000389
0.000389
0.000389
0.000389
0.000389
0.000389
0.000389
0.000389
0.000389
0.000389
0.000389
0.000389
0.000389
0.000389
0.000389
0.000389
0.000389
0.000389
0.000389
0.000389
0.000389
0.000389
0.000389
0.000389
0.000389
0.000389
0.000389
0.000389
0.000389
0.000389
0.000389
0.000389
0.000389
0.000389
0.000389
0.000389
0.000389
0.000389
0.000389
0.000389
0.000389
0.000389
0.000389
0.000389
0.000389
0.000389
0.000389
0.000389
0.000389
0.000389
0.000389
0.000389
0.000388
0.000388
0.000388
0.000388
