0.213137
0.036939
0.020631
0.012163
0.008119
0.006253
0.005388
0.004859
0.004470
0.004144
0.003856
0.003593
0.003347
0.003116
0.002897
0.002690
0.002496
0.002314
0.002146
0.001990
0.001847
0.001717
0.001600
0.001494
0.001400
0.001317
0.001245
0.001181
0.001126
0.001079
0.001038
0.001003
0.000973
0.000947
0.000924
0.000904
0.000885
0.000869
0.000854
0.000840
0.000827
0.000814
0.000803
0.000793
0.000783
0.000772
0.000762
0.000753
0.000745
0.000737
0.000728
0.000720
0.000712
0.000704
0.000697
0.000689
0.000682
0.000675
0.000669
0.000662
0.000656
0.000649
0.000643
0.000636
0.000631
0.000625
0.000620
0.000614
0.000609
0.000603
0.000597
0.000592
0.000587
0.000582
0.000577
0.000572
0.000567
0.000562
0.000558
0.000553
0.000548
0.000544
0.000541
0.000537
0.000533
0.000530
0.000526
0.000523
0.000519
0.000516
0.000513
0.000510
0.000507
0.000504
0.000502
0.000499
0.000496
0.000494
0.000491
0.000489
0.000487
0.000486
0.000482
0.000481
0.000481
0.000480
0.000479
0.000478
0.000477
0.000476
0.000475
0.000474
0.000473
0.000472
0.000471
0.000470
0.000470
0.000469
0.000468
0.000467
0.000466
0.000465
0.000465
0.000464
0.000463
0.000463
0.000462
0.000461
0.000461
0.000460
0.000460
0.000459
0.000458
0.000457
0.000457
0.000456
0.000455
0.000455
0.000454
0.000454
0.000453
0.000453
0.000452
0.000452
0.000451
0.000450
0.000450
0.000449
0.000449
0.000448
0.000448
0.000447
0.000447
0.000446
0.000445
0.000445
0.000444
0.000444
0.000443
0.000443
0.000442
0.000441
0.000441
0.000440
0.000439
0.000439
0.000438
0.000437
0.000437
0.000436
0.000436
0.000435
0.000435
0.000434
0.000433
0.000433
0.000432
0.000431
0.000431
0.000430
0.000430
0.000429
0.000428
0.000428
0.000427
0.000426
0.000426
0.000425
0.000424
0.000423
0.000423
0.000422
0.000421
0.000420
0.000419
0.000419
0.000418
0.000417
0.000416
0.000416
0.000407
0.000403
0.000402
0.000402
0.000402
0.000401
0.000401
0.000401
0.000401
0.000400
0.000400
0.000400
0.000400
0.000399
0.000399
0.000399
0.000399
0.000398
0.000398
0.000398
0.000398
0.000397
0.000397
0.000397
0.000397
0.000396
0.000396
0.000396
0.000396
0.000395
0.000395
0.000395
0.000395
0.000394
0.000394
0.000394
0.000394
0.000393
0.000393
0.000393
0.000393
0.000392
0.000392
0.000392
0.000392
0.000391
0.000391
0.000391
0.000391
0.000390
0.000390
0.000390
0.000390
0.000389
0.000389
0.000389
0.000389
0.000388
0.000388
0.000388
0.000388
0.000387
0.000387
0.000387
0.000387
0.000386
0.000386
0.000386
0.000386
0.000385
0.000385
0.000385
0.000385
0.000385
0.000384
0.000384
0.000384
0.000384
0.000383
0.000383
0.000383
0.000383
0.000382
0.000382
0.000382
0.000382
0.000382
0.000381
0.000381
0.000381
0.000381
0.000381
0.000380
0.000380
0.000380
0.000380
0.000379
0.000379
0.000379
0.000379
0.000374
0.000373
0.000372
0.000371
0.000371
0.000371
0.000371
0.000371
0.000371
0.000371
0.000371
0.000370
0.000370
0.000370
0.000370
0.000370
0.000370
0.000369
0.000369
0.000369
0.000369
0.000369
0.000369
0.000369
0.000368
0.000368
0.000368
0.000368
0.000368
0.000368
0.000367
0.000367
0.000367
0.000367
0.000367
0.000367
0.000367
0.000366
0.000366
0.000366
0.000366
0.000366
0.000366
0.000366
0.000365
0.000365
0.000365
0.000365
0.000365
0.000365
0.000364
0.000364
0.000364
0.000364
0.000364
0.000364
0.000364
0.000363
0.000363
0.000363
0.000363
0.000363
0.000363
0.000363
0.000362
0.000362
0.000362
0.000362
0.000362
0.000362
0.000362
0.000361
0.000361
0.000361
0.000361
0.000361
0.000361
0.000361
0.000360
0.000360
0.000360
0.000360
0.000360
0.000360
0.000359
0.000359
0.000359
0.000359
0.000359
0.000359
0.000359
0.000358
0.000358
0.000358
0.000358
0.000358
0.000358
0.000358
0.000357
0.000357
0.000356
0.000356
0.000356
0.000356
0.000356
0.000356
0.000356
0.000356
0.000355
0.000355
0.000355
0.000355
0.000355
0.000355
0.000355
0.000355
0.000355
0.000355
0.000354
0.000354
0.000354
0.000354
0.000354
0.000354
0.000354
0.000354
0.000354
0.000354
0.000354
0.000353
0.000353
0.000353
0.000353
0.000353
0.000353
0.000353
0.000353
0.000353
0.000353
0.000353
0.000352
0.000352
0.000352
0.000352
0.000352
0.000352
0.000352
0.000352
0.000352
0.000352
0.000352
0.000352
0.000351
0.000351
0.000351
0.000351
0.000351
0.000351
0.000351
0.000351
0.000351
0.000351
0.000351
0.000350
0.000350
0.000350
0.000350
0.000350
0.000350
0.000350
0.000350
0.000350
0.000350
0.000350
0.000350
0.000349
0.000349
0.000349
0.000349
0.000349
0.000349
0.000349
0.000349
0.000349
0.000349
0.000349
0.000349
0.000348
0.000348
0.000348
0.000348
0.000348
0.000348
0.000348
0.000348
0.000348
0.000348
0.000348
0.000347
0.000347
