0.327218
0.036082
0.013499
0.007533
0.005448
0.004417
0.003839
0.003442
0.003149
0.002917
0.002724
0.002559
0.002416
0.002290
0.002179
0.002081
0.001993
0.001914
0.001842
0.001778
0.001719
0.001665
0.001615
0.001570
0.001527
0.001488
0.001451
0.001417
0.001386
0.001357
0.001330
0.001304
0.001281
0.001259
0.001239
0.001221
0.001203
0.001187
0.001172
0.001158
0.001146
0.001134
0.001122
0.001112
0.001102
0.001093
0.001084
0.001076
0.001068
0.001061
0.001054
0.001047
0.001041
0.001035
0.001029
0.001024
0.001018
0.001013
0.001008
0.001002
0.000997
0.000991
0.000986
0.000980
0.000974
0.000967
0.000961
0.000955
0.000948
0.000941
0.000934
0.000926
0.000918
0.000910
0.000901
0.000892
0.000883
0.000873
0.000863
0.000853
0.000843
0.000833
0.000823
0.000813
0.000803
0.000793
0.000784
0.000775
0.000765
0.000757
0.000748
0.000740
0.000732
0.000723
0.000716
0.000708
0.000700
0.000693
0.000685
0.000677
0.000686
0.000663
0.000650
0.000649
0.000644
0.000640
0.000637
0.000633
0.000630
0.000626
0.000622
0.000619
0.000615
0.000612
0.000608
0.000604
0.000601
0.000597
0.000593
0.000590
0.000586
0.000583
0.000579
0.000576
0.000572
0.000569
0.000565
0.000562
0.000558
0.000555
0.000551
0.000548
0.000545
0.000541
0.000538
0.000534
0.000531
0.000527
0.000524
0.000520
0.000517
0.000513
0.000510
0.000506
0.000502
0.000499
0.000495
0.000492
0.000488
0.000485
0.000481
0.000477
0.000473
0.000469
0.000465
0.000462
0.000458
0.000454
0.000451
0.000447
0.000444
0.000440
0.000437
0.000434
0.000432
0.000429
0.000426
0.000424
0.000422
0.000419
0.000417
0.000415
0.000413
0.000411
0.000409
0.000407
0.000405
0.000404
0.000402
0.000400
0.000399
0.000397
0.000395
0.000394
0.000392
0.000391
0.000389
0.000388
0.000386
0.000385
0.000383
0.000382
0.000381
0.000379
0.000378
0.000377
0.000375
0.000374
0.000373
0.000372
0.000368
0.000368
0.000368
0.000366
0.000366
0.000365
0.000365
0.000365
0.000364
0.000364
0.000364
0.000363
0.000363
0.000363
0.000362
0.000362
0.000362
0.000361
0.000361
0.000361
0.000360
0.000360
0.000360
0.000359
0.000359
0.000358
0.000358
0.000357
0.000357
0.000356
0.000356
0.000355
0.000355
0.000354
0.000354
0.000353
0.000353
0.000352
0.000352
0.000351
0.000351
0.000350
0.000350
0.000349
0.000349
0.000348
0.000348
0.000347
0.000347
0.000347
0.000346
0.000346
0.000345
0.000345
0.000345
0.000344
0.000344
0.000343
0.000343
0.000343
0.000342
0.000342
0.000342
0.000341
0.000341
0.000340
0.000340
0.000340
0.000339
0.000339
0.000339
0.000338
0.000338
0.000338
0.000337
0.000337
0.000337
0.000336
0.000336
0.000336
0.000336
0.000335
0.000335
0.000335
0.000334
0.000334
0.000334
0.000334
0.000333
0.000333
0.000333
0.000332
0.000332
0.000332
0.000332
0.000331
0.000331
0.000331
0.000331
0.000331
0.000327
0.000326
0.000326
0.000326
0.000325
0.000325
0.000325
0.000325
0.000325
0.000325
0.000325
0.000325
0.000325
0.000325
0.000325
0.000325
0.000325
0.000325
0.000325
0.000325
0.000324
0.000324
0.000324
0.000324
0.000324
0.000324
0.000324
0.000324
0.000324
0.000324
0.000324
0.000323
0.000323
0.000323
0.000323
0.000323
0.000323
0.000323
0.000323
0.000323
0.000322
0.000322
0.000322
0.000322
0.000322
0.000322
0.000321
0.000321
0.000321
0.000321
0.000321
0.000321
0.000320
0.000320
0.000320
0.000320
0.000320
0.000320
0.000319
0.000319
0.000319
0.000319
0.000319
0.000318
0.000318
0.000318
0.000318
0.000318
0.000318
0.000317
0.000317
0.000317
0.000317
0.000317
0.000317
0.000316
0.000316
0.000316
0.000316
0.000316
0.000316
0.000316
0.000315
0.000315
0.000315
0.000315
0.000315
0.000315
0.000315
0.000314
0.000314
0.000314
0.000314
0.000314
0.000314
0.000314
0.000314
0.000313
0.000313
0.000313
0.000310
0.000310
0.000309
0.000309
0.000309
0.000309
0.000309
0.000309
0.000309
0.000309
0.000309
0.000309
0.000309
0.000309
0.000309
0.000309
0.000308
0.000308
0.000308
0.000308
0.000308
0.000308
0.000308
0.000308
0.000308
0.000308
0.000308
0.000308
0.000308
0.000308
0.000308
0.000308
0.000307
0.000307
0.000307
0.000307
0.000307
0.000307
0.000307
0.000307
0.000307
0.000307
0.000307
0.000307
0.000307
0.000307
0.000307
0.000307
0.000307
0.000307
0.000306
0.000306
0.000306
0.000306
0.000306
0.000306
0.000306
0.000306
0.000306
0.000306
0.000306
0.000306
0.000306
0.000306
0.000306
0.000306
0.000306
0.000306
0.000305
0.000305
0.000305
0.000305
0.000305
0.000305
0.000305
0.000305
0.000305
0.000305
0.000305
0.000305
0.000305
0.000305
0.000305
0.000305
0.000304
0.000304
0.000304
0.000304
0.000304
0.000304
0.000304
0.000304
0.000304
0.000304
0.000304
0.000304
0.000304
0.000304
0.000304
0.000303
