0.199065
0.040223
0.022422
0.016226
0.012704
0.010264
0.008595
0.007342
0.006341
0.005488
0.004738
0.004120
0.003639
0.003258
0.002939
0.002671
0.002450
0.002266
0.002111
0.001978
0.001860
0.001756
0.001665
0.001585
0.001514
0.001451
0.001393
0.001341
0.001293
0.001249
0.001209
0.001170
0.001135
0.001101
0.001070
0.001040
0.001012
0.000986
0.000961
0.000937
0.000914
0.000893
0.000872
0.000852
0.000834
0.000816
0.000800
0.000784
0.000768
0.000754
0.000739
0.000726
0.000714
0.000702
0.000690
0.000678
0.000667
0.000656
0.000645
0.000634
0.000624
0.000614
0.000605
0.000596
0.000587
0.000579
0.000571
0.000564
0.000558
0.000551
0.000545
0.000539
0.000534
0.000528
0.000523
0.000519
0.000514
0.000509
0.000505
0.000500
0.000496
0.000491
0.000487
0.000483
0.000479
0.000476
0.000472
0.000468
0.000464
0.000460
0.000457
0.000454
0.000451
0.000447
0.000445
0.000442
0.000439
0.000436
0.000434
0.000432
0.000423
0.000419
0.000418
0.000418
0.000417
0.000416
0.000415
0.000414
0.000413
0.000411
0.000410
0.000409
0.000408
0.000406
0.000405
0.000404
0.000403
0.000401
0.000400
0.000399
0.000397
0.000396
0.000395
0.000394
0.000393
0.000392
0.000391
0.000390
0.000389
0.000387
0.000387
0.000386
0.000385
0.000384
0.000383
0.000382
0.000381
0.000381
0.000380
0.000379
0.000378
0.000378
0.000377
0.000376
0.000376
0.000375
0.000374
0.000374
0.000373
0.000373
0.000372
0.000372
0.000371
0.000371
0.000370
0.000370
0.000369
0.000369
0.000368
0.000368
0.000367
0.000367
0.000366
0.000366
0.000366
0.000365
0.000365
0.000364
0.000364
0.000363
0.000363
0.000362
0.000362
0.000361
0.000361
0.000360
0.000360
0.000360
0.000359
0.000359
0.000358
0.000358
0.000357
0.000357
0.000356
0.000356
0.000355
0.000355
0.000354
0.000354
0.000354
0.000353
0.000353
0.000352
0.000352
0.000352
0.000351
0.000351
0.000350
0.000350
0.000344
0.000344
0.000345
0.000346
0.000346
0.000346
0.000346
0.000346
0.000346
0.000346
0.000345
0.000345
0.000345
0.000345
0.000344
0.000344
0.000344
0.000344
0.000343
0.000343
0.000343
0.000342
0.000342
0.000341
0.000341
0.000341
0.000340
0.000340
0.000340
0.000339
0.000339
0.000339
0.000338
0.000338
0.000337
0.000337
0.000337
0.000336
0.000336
0.000336
0.000335
0.000335
0.000335
0.000335
0.000334
0.000334
0.000334
0.000333
0.000333
0.000333
0.000333
0.000332
0.000332
0.000332
0.000332
0.000331
0.000331
0.000331
0.000331
0.000331
0.000330
0.000330
0.000330
0.000330
0.000330
0.000329
0.000329
0.000329
0.000329
0.000329
0.000328
0.000328
0.000328
0.000328
0.000328
0.000327
0.000327
0.000327
0.000327
0.000327
0.000327
0.000326
0.000326
0.000326
0.000326
0.000326
0.000326
0.000325
0.000325
0.000325
0.000325
0.000325
0.000325
0.000324
0.000324
0.000324
0.000324
0.000324
0.000324
0.000323
0.000322
0.000323
0.000323
0.000322
0.000321
0.000321
0.000321
0.000321
0.000321
0.000321
0.000321
0.000321
0.000321
0.000321
0.000321
0.000321
0.000321
0.000321
0.000321
0.000321
0.000321
0.000321
0.000321
0.000321
0.000321
0.000321
0.000321
0.000321
0.000321
0.000321
0.000321
0.000321
0.000321
0.000321
0.000321
0.000321
0.000321
0.000321
0.000321
0.000321
0.000321
0.000321
0.000320
0.000320
0.000320
0.000320
0.000320
0.000320
0.000320
0.000320
0.000320
0.000320
0.000320
0.000320
0.000320
0.000320
0.000320
0.000319
0.000319
0.000319
0.000319
0.000319
0.000319
0.000319
0.000319
0.000319
0.000319
0.000319
0.000319
0.000319
0.000319
0.000319
0.000318
0.000318
0.000318
0.000318
0.000318
0.000318
0.000318
0.000318
0.000318
0.000318
0.000318
0.000318
0.000318
0.000318
0.000317
0.000317
0.000317
0.000317
0.000317
0.000317
0.000317
0.000317
0.000317
0.000317
0.000317
0.000317
0.000316
0.000316
0.000311
0.000309
0.000309
0.000309
0.000308
0.000308
0.000308
0.000308
0.000308
0.000308
0.000308
0.000308
0.000308
0.000308
0.000308
0.000308
0.000308
0.000308
0.000308
0.000308
0.000308
0.000308
0.000308
0.000308
0.000307
0.000307
0.000307
0.000307
0.000307
0.000307
0.000307
0.000307
0.000307
0.000307
0.000307
0.000307
0.000307
0.000307
0.000307
0.000307
0.000307
0.000307
0.000307
0.000307
0.000307
0.000306
0.000306
0.000306
0.000306
0.000306
0.000306
0.000306
0.000306
0.000306
0.000306
0.000306
0.000306
0.000306
0.000306
0.000306
0.000306
0.000306
0.000306
0.000306
0.000306
0.000306
0.000306
0.000306
0.000305
0.000305
0.000305
0.000305
0.000305
0.000305
0.000305
0.000305
0.000305
0.000305
0.000305
0.000305
0.000305
0.000305
0.000305
0.000305
0.000305
0.000305
0.000305
0.000305
0.000305
0.000305
0.000305
0.000305
0.000305
0.000304
0.000304
0.000304
0.000304
0.000304
0.000304
0.000304
