0.265645
0.028346
0.012444
0.008423
0.006610
0.005491
0.004775
0.004275
0.003879
0.003561
0.003301
0.003083
0.002897
0.002738
0.002601
0.002481
0.002374
0.002278
0.002190
0.002107
0.002032
0.001963
0.001900
0.001843
0.001789
0.001740
0.001695
0.001654
0.001616
0.001581
0.001548
0.001518
0.001490
0.001463
0.001440
0.001418
0.001396
0.001377
0.001358
0.001342
0.001328
0.001315
0.001302
0.001290
0.001278
0.001267
0.001258
0.001248
0.001240
0.001233
0.001226
0.001218
0.001210
0.001203
0.001197
0.001191
0.001185
0.001178
0.001174
0.001169
0.001165
0.001161
0.001156
0.001152
0.001147
0.001143
0.001138
0.001134
0.001130
0.001125
0.001120
0.001117
0.001113
0.001109
0.001104
0.001100
0.001096
0.001092
0.001088
0.001083
0.001077
0.001072
0.001067
0.001062
0.001057
0.001052
0.001046
0.001040
0.001033
0.001026
0.001020
0.001013
0.001006
0.001000
0.000994
0.000988
0.000981
0.000974
0.000967
0.000960
0.000928
0.000851
0.000847
0.000836
0.000835
0.000831
0.000828
0.000824
0.000821
0.000818
0.000814
0.000811
0.000808
0.000804
0.000801
0.000798
0.000794
0.000791
0.000787
0.000783
0.000780
0.000776
0.000772
0.000769
0.000765
0.000761
0.000757
0.000754
0.000750
0.000746
0.000743
0.000739
0.000735
0.000732
0.000728
0.000725
0.000721
0.000718
0.000714
0.000711
0.000708
0.000704
0.000701
0.000698
0.000695
0.000692
0.000688
0.000685
0.000682
0.000680
0.000677
0.000674
0.000671
0.000669
0.000666
0.000663
0.000661
0.000658
0.000656
0.000653
0.000650
0.000648
0.000646
0.000643
0.000641
0.000638
0.000635
0.000632
0.000629
0.000626
0.000623
0.000620
0.000617
0.000613
0.000610
0.000606
0.000603
0.000599
0.000595
0.000592
0.000588
0.000585
0.000581
0.000577
0.000573
0.000569
0.000565
0.000560
0.000556
0.000552
0.000547
0.000543
0.000538
0.000533
0.000529
0.000525
0.000521
0.000516
0.000512
0.000508
0.000512
0.000493
0.000491
0.000488
0.000487
0.000486
0.000485
0.000484
0.000482
0.000481
0.000480
0.000479
0.000478
0.000476
0.000475
0.000474
0.000473
0.000472
0.000470
0.000469
0.000468
0.000467
0.000466
0.000465
0.000464
0.000463
0.000461
0.000460
0.000459
0.000458
0.000457
0.000456
0.000455
0.000454
0.000453
0.000452
0.000451
0.000450
0.000449
0.000448
0.000447
0.000446
0.000445
0.000444
0.000443
0.000442
0.000442
0.000441
0.000440
0.000439
0.000438
0.000437
0.000437
0.000436
0.000435
0.000434
0.000434
0.000433
0.000432
0.000431
0.000431
0.000430
0.000429
0.000428
0.000428
0.000427
0.000426
0.000425
0.000425
0.000424
0.000423
0.000422
0.000422
0.000421
0.000420
0.000419
0.000418
0.000417
0.000416
0.000416
0.000415
0.000414
0.000413
0.000412
0.000411
0.000410
0.000410
0.000409
0.000408
0.000407
0.000406
0.000405
0.000404
0.000403
0.000402
0.000401
0.000400
0.000399
0.000398
0.000397
0.000395
0.000388
0.000388
0.000387
0.000387
0.000387
0.000387
0.000386
0.000386
0.000386
0.000385
0.000385
0.000385
0.000385
0.000384
0.000384
0.000384
0.000383
0.000383
0.000383
0.000383
0.000382
0.000382
0.000382
0.000381
0.000381
0.000381
0.000381
0.000380
0.000380
0.000380
0.000379
0.000379
0.000379
0.000379
0.000378
0.000378
0.000378
0.000378
0.000377
0.000377
0.000377
0.000377
0.000376
0.000376
0.000376
0.000376
0.000375
0.000375
0.000375
0.000375
0.000374
0.000374
0.000374
0.000374
0.000373
0.000373
0.000373
0.000373
0.000372
0.000372
0.000372
0.000372
0.000372
0.000371
0.000371
0.000371
0.000371
0.000370
0.000370
0.000370
0.000370
0.000370
0.000369
0.000369
0.000369
0.000369
0.000368
0.000368
0.000368
0.000368
0.000368
0.000368
0.000367
0.000367
0.000367
0.000367
0.000366
0.000366
0.000366
0.000366
0.000366
0.000365
0.000365
0.000365
0.000365
0.000364
0.000364
0.000364
0.000364
0.000359
0.000358
0.000357
0.000356
0.000356
0.000356
0.000356
0.000356
0.000356
0.000356
0.000355
0.000355
0.000355
0.000355
0.000355
0.000355
0.000355
0.000355
0.000355
0.000354
0.000354
0.000354
0.000354
0.000354
0.000354
0.000354
0.000354
0.000354
0.000353
0.000353
0.000353
0.000353
0.000353
0.000353
0.000353
0.000353
0.000352
0.000352
0.000352
0.000352
0.000352
0.000352
0.000352
0.000352
0.000352
0.000352
0.000351
0.000351
0.000351
0.000351
0.000351
0.000351
0.000351
0.000351
0.000351
0.000350
0.000350
0.000350
0.000350
0.000350
0.000350
0.000350
0.000350
0.000350
0.000350
0.000349
0.000349
0.000349
0.000349
0.000349
0.000349
0.000349
0.000349
0.000349
0.000349
0.000349
0.000348
0.000348
0.000348
0.000348
0.000348
0.000348
0.000348
0.000348
0.000348
0.000348
0.000347
0.000347
0.000347
0.000347
0.000347
0.000347
0.000347
0.000347
0.000347
0.000347
0.000346
0.000346
0.000346
0.000346
