0.141726
0.045958
0.022466
0.013880
0.009811
0.007565
0.006136
0.005037
0.004034
0.003408
0.002918
0.002596
0.002389
0.002217
0.002083
0.001974
0.001882
0.001803
0.001732
0.001670
0.001615
0.001566
0.001520
0.001478
0.001440
0.001404
0.001370
0.001339
0.001310
0.001284
0.001260
0.001238
0.001217
0.001196
0.001177
0.001159
0.001142
0.001126
0.001111
0.001096
0.001083
0.001070
0.001059
0.001047
0.001037
0.001026
0.001015
0.001004
0.000991
0.000972
0.000931
0.000871
0.000806
0.000761
0.000729
0.000701
0.000669
0.000636
0.000603
0.000578
0.000557
0.000543
0.000532
0.000524
0.000517
0.000513
0.000509
0.000502
0.000494
0.000485
0.000479
0.000473
0.000467
0.000461
0.000456
0.000453
0.000451
0.000447
0.000443
0.000440
0.000437
0.000434
0.000432
0.000429
0.000429
0.000428
0.000426
0.000424
0.000421
0.000418
0.000417
0.000417
0.000417
0.000417
0.000417
0.000416
0.000414
0.000413
0.000412
0.000412
0.000363
0.000362
0.000362
0.000362
0.000363
0.000362
0.000362
0.000362
0.000361
0.000361
0.000361
0.000361
0.000361
0.000361
0.000361
0.000361
0.000362
0.000363
0.000363
0.000364
0.000364
0.000365
0.000365
0.000366
0.000365
0.000365
0.000365
0.000365
0.000365
0.000365
0.000365
0.000366
0.000366
0.000366
0.000367
0.000367
0.000367
0.000367
0.000367
0.000367
0.000367
0.000366
0.000366
0.000367
0.000367
0.000367
0.000367
0.000367
0.000367
0.000366
0.000366
0.000366
0.000366
0.000365
0.000365
0.000365
0.000364
0.000364
0.000364
0.000363
0.000363
0.000362
0.000362
0.000361
0.000361
0.000360
0.000359
0.000359
0.000358
0.000357
0.000357
0.000356
0.000355
0.000353
0.000352
0.000351
0.000351
0.000350
0.000349
0.000348
0.000347
0.000345
0.000344
0.000343
0.000342
0.000341
0.000339
0.000338
0.000337
0.000336
0.000335
0.000334
0.000333
0.000332
0.000331
0.000330
0.000329
0.000329
0.000328
0.000327
0.000325
0.000318
0.000314
0.000313
0.000314
0.000314
0.000314
0.000314
0.000313
0.000313
0.000313
0.000313
0.000313
0.000313
0.000313
0.000313
0.000313
0.000313
0.000313
0.000313
0.000313
0.000313
0.000313
0.000312
0.000312
0.000312
0.000312
0.000312
0.000312
0.000312
0.000312
0.000312
0.000312
0.000312
0.000312
0.000312
0.000312
0.000312
0.000312
0.000312
0.000312
0.000312
0.000312
0.000312
0.000312
0.000312
0.000313
0.000313
0.000313
0.000313
0.000313
0.000313
0.000313
0.000313
0.000313
0.000313
0.000314
0.000314
0.000314
0.000314
0.000314
0.000314
0.000314
0.000314
0.000315
0.000315
0.000315
0.000315
0.000315
0.000315
0.000315
0.000315
0.000315
0.000315
0.000315
0.000315
0.000315
0.000315
0.000315
0.000315
0.000315
0.000315
0.000315
0.000314
0.000314
0.000314
0.000314
0.000314
0.000314
0.000314
0.000314
0.000314
0.000314
0.000314
0.000314
0.000314
0.000314
0.000313
0.000313
0.000313
0.000303
0.000304
0.000306
0.000307
0.000307
0.000307
0.000306
0.000306
0.000306
0.000306
0.000305
0.000305
0.000305
0.000305
0.000305
0.000305
0.000304
0.000304
0.000304
0.000304
0.000304
0.000304
0.000303
0.000303
0.000303
0.000303
0.000303
0.000303
0.000303
0.000302
0.000302
0.000302
0.000302
0.000302
0.000302
0.000302
0.000302
0.000302
0.000301
0.000301
0.000301
0.000301
0.000301
0.000301
0.000301
0.000301
0.000301
0.000301
0.000301
0.000301
0.000301
0.000300
0.000300
0.000300
0.000300
0.000300
0.000300
0.000300
0.000300
0.000300
0.000300
0.000300
0.000300
0.000300
0.000300
0.000300
0.000300
0.000300
0.000300
0.000300
0.000300
0.000300
0.000300
0.000300
0.000300
0.000300
0.000300
0.000300
0.000300
0.000300
0.000300
0.000300
0.000300
0.000300
0.000300
0.000300
0.000300
0.000300
0.000300
0.000300
0.000300
0.000300
0.000300
0.000300
0.000300
0.000300
0.000300
0.000300
0.000300
0.000300
0.000298
0.000299
0.000299
0.000298
0.000297
0.000297
0.000298
0.000297
0.000297
0.000297
0.000297
0.000297
0.000297
0.000297
0.000297
0.000297
0.000297
0.000297
0.000297
0.000297
0.000297
0.000297
0.000297
0.000297
0.000297
0.000297
0.000297
0.000297
0.000297
0.000297
0.000297
0.000297
0.000297
0.000297
0.000297
0.000297
0.000297
0.000297
0.000297
0.000297
0.000297
0.000297
0.000297
0.000297
0.000297
0.000297
0.000297
0.000297
0.000297
0.000297
0.000297
0.000297
0.000297
0.000297
0.000297
0.000297
0.000297
0.000297
0.000297
0.000297
0.000297
0.000297
0.000297
0.000297
0.000297
0.000297
0.000297
0.000297
0.000297
0.000297
0.000297
0.000297
0.000297
0.000297
0.000297
0.000297
0.000297
0.000297
0.000297
0.000297
0.000297
0.000297
0.000297
0.000297
0.000297
0.000297
0.000297
0.000296
0.000296
0.000296
0.000296
0.000296
0.000296
0.000296
0.000296
0.000296
0.000296
0.000296
0.000296
0.000296
