1.153884
0.070261
0.038424
0.020239
0.009378
0.007104
0.006049
0.005257
0.004623
0.004101
0.003676
0.003329
0.003044
0.002812
0.002621
0.002465
0.002336
0.002230
0.002142
0.002069
0.002007
0.001956
0.001911
0.001873
0.001839
0.001809
0.001781
0.001755
0.001730
0.001707
0.001685
0.001664
0.001643
0.001623
0.001604
0.001585
0.001567
0.001550
0.001532
0.001515
0.001499
0.001483
0.001467
0.001452
0.001437
0.001421
0.001407
0.001393
0.001377
0.001362
0.001348
0.001334
0.001319
0.001303
0.001284
0.001263
0.001240
0.001222
0.001205
0.001188
0.001170
0.001154
0.001138
0.001121
0.001105
0.001090
0.001076
0.001062
0.001048
0.001034
0.001021
0.001007
0.000995
0.000984
0.000973
0.000963
0.000953
0.000943
0.000934
0.000925
0.000916
0.000907
0.000899
0.000890
0.000881
0.000873
0.000865
0.000858
0.000850
0.000843
0.000836
0.000830
0.000823
0.000816
0.000809
0.000802
0.000794
0.000787
0.000780
0.000774
0.000754
0.000733
0.000729
0.000726
0.000723
0.000721
0.000718
0.000715
0.000712
0.000709
0.000706
0.000703
0.000700
0.000698
0.000695
0.000692
0.000689
0.000686
0.000684
0.000681
0.000678
0.000675
0.000673
0.000670
0.000667
0.000665
0.000662
0.000659
0.000657
0.000654
0.000651
0.000648
0.000645
0.000643
0.000640
0.000637
0.000634
0.000631
0.000629
0.000626
0.000623
0.000621
0.000618
0.000615
0.000612
0.000610
0.000607
0.000605
0.000602
0.000599
0.000597
0.000594
0.000592
0.000589
0.000587
0.000584
0.000582
0.000579
0.000576
0.000574
0.000571
0.000569
0.000567
0.000564
0.000562
0.000560
0.000558
0.000556
0.000554
0.000552
0.000550
0.000549
0.000547
0.000545
0.000544
0.000542
0.000541
0.000539
0.000538
0.000537
0.000535
0.000534
0.000533
0.000531
0.000530
0.000529
0.000527
0.000526
0.000524
0.000523
0.000522
0.000520
0.000519
0.000517
0.000516
0.000515
0.000513
0.000512
0.000510
0.000509
0.000504
0.000501
0.000500
0.000500
0.000499
0.000499
0.000498
0.000497
0.000497
0.000496
0.000496
0.000495
0.000494
0.000494
0.000493
0.000493
0.000492
0.000491
0.000491
0.000490
0.000490
0.000489
0.000488
0.000488
0.000487
0.000486
0.000486
0.000485
0.000485
0.000484
0.000483
0.000483
0.000482
0.000481
0.000481
0.000480
0.000480
0.000479
0.000478
0.000478
0.000477
0.000477
0.000476
0.000476
0.000475
0.000474
0.000474
0.000473
0.000473
0.000472
0.000472
0.000471
0.000471
0.000470
0.000470
0.000469
0.000468
0.000468
0.000467
0.000467
0.000466
0.000466
0.000465
0.000465
0.000464
0.000464
0.000464
0.000463
0.000463
0.000462
0.000462
0.000461
0.000461
0.000460
0.000460
0.000459
0.000459
0.000458
0.000458
0.000457
0.000457
0.000456
0.000456
0.000455
0.000455
0.000454
0.000454
0.000453
0.000453
0.000452
0.000451
0.000451
0.000450
0.000450
0.000449
0.000448
0.000448
0.000447
0.000446
0.000446
0.000442
0.000440
0.000440
0.000440
0.000439
0.000439
0.000439
0.000438
0.000438
0.000438
0.000437
0.000437
0.000436
0.000436
0.000436
0.000435
0.000435
0.000435
0.000434
0.000434
0.000434
0.000433
0.000433
0.000432
0.000432
0.000432
0.000431
0.000431
0.000430
0.000430
0.000430
0.000429
0.000429
0.000429
0.000428
0.000428
0.000427
0.000427
0.000427
0.000426
0.000426
0.000425
0.000425
0.000425
0.000424
0.000424
0.000423
0.000423
0.000423
0.000422
0.000422
0.000421
0.000421
0.000421
0.000420
0.000420
0.000419
0.000419
0.000418
0.000418
0.000418
0.000417
0.000417
0.000416
0.000416
0.000415
0.000415
0.000415
0.000414
0.000414
0.000413
0.000413
0.000412
0.000412
0.000412
0.000411
0.000411
0.000410
0.000410
0.000410
0.000409
0.000409
0.000408
0.000408
0.000407
0.000407
0.000407
0.000406
0.000406
0.000405
0.000405
0.000405
0.000404
0.000404
0.000403
0.000403
0.000402
0.000402
0.000402
0.000401
0.000399
0.000399
0.000398
0.000398
0.000398
0.000398
0.000397
0.000397
0.000397
0.000397
0.000396
0.000396
0.000396
0.000396
0.000396
0.000395
0.000395
0.000395
0.000395
0.000394
0.000394
0.000394
0.000394
0.000394
0.000393
0.000393
0.000393
0.000393
0.000392
0.000392
0.000392
0.000392
0.000392
0.000391
0.000391
0.000391
0.000391
0.000390
0.000390
0.000390
0.000390
0.000389
0.000389
0.000389
0.000389
0.000389
0.000388
0.000388
0.000388
0.000388
0.000387
0.000387
0.000387
0.000387
0.000386
0.000386
0.000386
0.000386
0.000385
0.000385
0.000385
0.000385
0.000384
0.000384
0.000384
0.000384
0.000384
0.000383
0.000383
0.000383
0.000383
0.000382
0.000382
0.000382
0.000382
0.000381
0.000381
0.000381
0.000381
0.000380
0.000380
0.000380
0.000380
0.000379
0.000379
0.000379
0.000379
0.000379
0.000378
0.000378
0.000378
0.000378
0.000377
0.000377
0.000377
0.000377
0.000376
0.000376
0.000376
0.000376
