0.404930
0.108281
0.050447
0.030697
0.022519
0.019464
0.017922
0.016899
0.016093
0.015412
0.014818
0.014294
0.013830
0.013419
0.013053
0.012728
0.012439
0.012179
0.011946
0.011735
0.011543
0.011365
0.011201
0.011048
0.010903
0.010765
0.010634
0.010508
0.010386
0.010267
0.010151
0.010038
0.009928
0.009819
0.009712
0.009608
0.009504
0.009403
0.009303
0.009204
0.009107
0.009012
0.008918
0.008826
0.008735
0.008646
0.008558
0.008473
0.008388
0.008306
0.008225
0.008146
0.008069
0.007994
0.007920
0.007848
0.007778
0.007709
0.007642
0.007577
0.007514
0.007452
0.007392
0.007334
0.007278
0.007223
0.007169
0.007118
0.007068
0.007019
0.006972
0.006926
0.006882
0.006840
0.006799
0.006759
0.006721
0.006684
0.006648
0.006613
0.006580
0.006548
0.006517
0.006488
0.006459
0.006432
0.006405
0.006380
0.006356
0.006332
0.006310
0.006288
0.006267
0.006248
0.006229
0.006210
0.006193
0.006176
0.006160
0.006145
0.006119
0.006101
0.006095
0.006088
0.006081
0.006074
0.006067
0.006061
0.006054
0.006048
0.006042
0.006036
0.006030
0.006024
0.006018
0.006013
0.006007
0.006002
0.005996
0.005991
0.005986
0.005981
0.005976
0.005971
0.005966
0.005962
0.005957
0.005953
0.005948
0.005944
0.005940
0.005936
0.005932
0.005928
0.005924
0.005920
0.005916
0.005913
0.005909
0.005906
0.005902
0.005899
0.005895
0.005892
0.005889
0.005886
0.005883
0.005880
0.005877
0.005874
0.005871
0.005868
0.005866
0.005863
0.005860
0.005858
0.005855
0.005853
0.005851
0.005848
0.005846
0.005843
0.005841
0.005839
0.005837
0.005835
0.005832
0.005830
0.005828
0.005826
0.005824
0.005822
0.005820
0.005818
0.005816
0.005815
0.005813
0.005811
0.005809
0.005807
0.005805
0.005804
0.005802
0.005800
0.005798
0.005796
0.005795
0.005793
0.005791
0.005789
0.005788
0.005786
0.005784
0.005783
0.005781
0.005779
0.005778
0.005776
0.005775
0.005773
0.005763
0.005759
0.005758
0.005758
0.005757
0.005756
0.005755
0.005754
0.005754
0.005753
0.005752
0.005751
0.005750
0.005750
0.005749
0.005748
0.005747
0.005746
0.005746
0.005745
0.005744
0.005743
0.005742
0.005742
0.005741
0.005740
0.005739
0.005739
0.005738
0.005737
0.005736
0.005735
0.005735
0.005734
0.005733
0.005732
0.005732
0.005731
0.005730
0.005729
0.005728
0.005728
0.005727
0.005726
0.005725
0.005725
0.005724
0.005723
0.005722
0.005721
0.005721
0.005720
0.005719
0.005718
0.005718
0.005717
0.005716
0.005715
0.005715
0.005714
0.005713
0.005712
0.005711
0.005711
0.005710
0.005709
0.005708
0.005708
0.005707
0.005706
0.005705
0.005705
0.005704
0.005703
0.005702
0.005702
0.005701
0.005700
0.005699
0.005699
0.005698
0.005697
0.005696
0.005696
0.005695
0.005694
0.005694
0.005693
0.005692
0.005691
0.005691
0.005690
0.005689
0.005688
0.005688
0.005687
0.005686
0.005685
0.005684
0.005684
0.005678
0.005677
0.005676
0.005676
0.005675
0.005675
0.005674
0.005674
0.005674
0.005673
0.005673
0.005672
0.005672
0.005672
0.005671
0.005671
0.005670
0.005670
0.005670
0.005669
0.005669
0.005668
0.005668
0.005667
0.005667
0.005667
0.005666
0.005666
0.005665
0.005665
0.005664
0.005664
0.005663
0.005663
0.005662
0.005662
0.005661
0.005661
0.005660
0.005660
0.005659
0.005659
0.005658
0.005658
0.005657
0.005657
0.005656
0.005656
0.005655
0.005655
0.005654
0.005653
0.005653
0.005652
0.005652
0.005651
0.005650
0.005650
0.005649
0.005648
0.005648
0.005647
0.005646
0.005645
0.005645
0.005644
0.005643
0.005642
0.005642
0.005641
0.005640
0.005639
0.005638
0.005638
0.005637
0.005636
0.005635
0.005634
0.005633
0.005632
0.005631
0.005630
0.005629
0.005628
0.005627
0.005626
0.005625
0.005623
0.005622
0.005621
0.005619
0.005618
0.005616
0.005615
0.005613
0.005612
0.005610
0.005608
0.005607
0.005605
0.005601
0.005600
0.005599
0.005598
0.005597
0.005596
0.005595
0.005594
0.005593
0.005592
0.005591
0.005589
0.005588
0.005587
0.005586
0.005585
0.005584
0.005582
0.005581
0.005580
0.005579
0.005577
0.005576
0.005574
0.005573
0.005571
0.005570
0.005568
0.005566
0.005564
0.005562
0.005561
0.005559
0.005556
0.005554
0.005552
0.005550
0.005547
0.005544
0.005542
0.005539
0.005535
0.005532
0.005528
0.005525
0.005521
0.005516
0.005512
0.005508
0.005503
0.005497
0.005492
0.005486
0.005479
0.005472
0.005465
0.005456
0.005448
0.005438
0.005426
0.005411
0.005393
0.005370
0.005343
0.005309
0.005266
0.005208
0.005127
0.005011
0.004840
0.004584
0.004262
0.003943
0.003671
0.003443
0.003247
0.003074
0.002923
0.002789
0.002670
0.002564
0.002467
0.002378
0.002296
0.002220
0.002151
0.002089
0.002031
0.001977
0.001928
0.001882
0.001841
0.001802
0.001766
0.001733
0.001702
0.001674
0.001647
0.001623
0.001600
