0.590510
0.110244
0.061458
0.040490
0.028895
0.021927
0.017498
0.014557
0.012451
0.010858
0.009608
0.008597
0.007761
0.007060
0.006465
0.005954
0.005513
0.005130
0.004796
0.004503
0.004245
0.004017
0.003815
0.003635
0.003475
0.003331
0.003202
0.003086
0.002981
0.002887
0.002801
0.002723
0.002652
0.002587
0.002527
0.002473
0.002422
0.002376
0.002332
0.002291
0.002253
0.002218
0.002184
0.002152
0.002122
0.002093
0.002066
0.002040
0.002015
0.001991
0.001967
0.001945
0.001923
0.001902
0.001882
0.001863
0.001844
0.001826
0.001808
0.001791
0.001774
0.001758
0.001742
0.001727
0.001712
0.001697
0.001683
0.001670
0.001656
0.001644
0.001631
0.001619
0.001607
0.001596
0.001584
0.001573
0.001563
0.001553
0.001543
0.001533
0.001524
0.001514
0.001506
0.001497
0.001489
0.001481
0.001473
0.001465
0.001458
0.001451
0.001444
0.001437
0.001431
0.001424
0.001418
0.001412
0.001407
0.001401
0.001396
0.001391
0.001331
0.001332
0.001327
0.001320
0.001316
0.001313
0.001310
0.001306
0.001303
0.001300
0.001296
0.001293
0.001290
0.001287
0.001283
0.001280
0.001277
0.001274
0.001271
0.001268
0.001265
0.001262
0.001259
0.001256
0.001253
0.001250
0.001247
0.001245
0.001242
0.001239
0.001236
0.001233
0.001231
0.001228
0.001225
0.001223
0.001220
0.001218
0.001215
0.001213
0.001210
0.001208
0.001205
0.001203
0.001200
0.001198
0.001196
0.001193
0.001191
0.001189
0.001187
0.001184
0.001182
0.001180
0.001178
0.001176
0.001174
0.001172
0.001170
0.001168
0.001166
0.001164
0.001162
0.001161
0.001159
0.001157
0.001155
0.001154
0.001152
0.001150
0.001149
0.001147
0.001145
0.001144
0.001142
0.001141
0.001139
0.001138
0.001137
0.001135
0.001134
0.001132
0.001131
0.001130
0.001129
0.001127
0.001126
0.001125
0.001124
0.001122
0.001121
0.001120
0.001119
0.001118
0.001117
0.001116
0.001115
0.001114
0.001113
0.001112
0.001076
0.001080
0.001081
0.001078
0.001075
0.001074
0.001074
0.001073
0.001072
0.001071
0.001070
0.001069
0.001069
0.001068
0.001067
0.001066
0.001065
0.001064
0.001064
0.001063
0.001062
0.001061
0.001061
0.001060
0.001059
0.001058
0.001057
0.001057
0.001056
0.001055
0.001054
0.001054
0.001053
0.001052
0.001051
0.001051
0.001050
0.001049
0.001049
0.001048
0.001047
0.001046
0.001046
0.001045
0.001044
0.001044
0.001043
0.001042
0.001042
0.001041
0.001040
0.001040
0.001039
0.001038
0.001038
0.001037
0.001036
0.001036
0.001035
0.001034
0.001034
0.001033
0.001033
0.001032
0.001031
0.001031
0.001030
0.001030
0.001029
0.001028
0.001028
0.001027
0.001027
0.001026
0.001025
0.001025
0.001024
0.001024
0.001023
0.001023
0.001022
0.001022
0.001021
0.001020
0.001020
0.001019
0.001019
0.001018
0.001018
0.001017
0.001017
0.001016
0.001016
0.001015
0.001015
0.001014
0.001014
0.001013
0.001013
0.001012
0.000999
0.001006
0.001012
0.001016
0.001017
0.001017
0.001016
0.001016
0.001016
0.001015
0.001015
0.001014
0.001014
0.001014
0.001013
0.001013
0.001013
0.001012
0.001012
0.001011
0.001011
0.001011
0.001010
0.001010
0.001009
0.001009
0.001009
0.001008
0.001008
0.001007
0.001007
0.001007
0.001006
0.001006
0.001005
0.001005
0.001005
0.001004
0.001004
0.001003
0.001003
0.001003
0.001002
0.001002
0.001001
0.001001
0.001001
0.001000
0.001000
0.000999
0.000999
0.000999
0.000998
0.000998
0.000997
0.000997
0.000996
0.000996
0.000996
0.000995
0.000995
0.000994
0.000994
0.000994
0.000993
0.000993
0.000992
0.000992
0.000992
0.000991
0.000991
0.000990
0.000990
0.000990
0.000989
0.000989
0.000988
0.000988
0.000988
0.000987
0.000987
0.000986
0.000986
0.000986
0.000985
0.000985
0.000984
0.000984
0.000984
0.000983
0.000983
0.000983
0.000982
0.000982
0.000981
0.000981
0.000981
0.000980
0.000980
0.000980
0.000970
0.000978
0.000977
0.000973
0.000972
0.000972
0.000973
0.000973
0.000972
0.000972
0.000972
0.000972
0.000972
0.000972
0.000972
0.000972
0.000972
0.000972
0.000972
0.000972
0.000972
0.000972
0.000972
0.000972
0.000971
0.000971
0.000971
0.000971
0.000971
0.000971
0.000971
0.000971
0.000971
0.000971
0.000971
0.000971
0.000971
0.000971
0.000970
0.000970
0.000970
0.000970
0.000970
0.000970
0.000970
0.000970
0.000970
0.000970
0.000970
0.000970
0.000970
0.000969
0.000969
0.000969
0.000969
0.000969
0.000969
0.000969
0.000969
0.000969
0.000969
0.000969
0.000968
0.000968
0.000968
0.000968
0.000968
0.000968
0.000968
0.000968
0.000968
0.000968
0.000968
0.000967
0.000967
0.000967
0.000967
0.000967
0.000967
0.000967
0.000967
0.000967
0.000967
0.000966
0.000966
0.000966
0.000966
0.000966
0.000966
0.000966
0.000966
0.000966
0.000966
0.000965
0.000965
0.000965
0.000965
0.000965
0.000965
0.000965
