0.132714
0.020260
0.011051
0.006821
0.005166
0.004182
0.003494
0.003024
0.002683
0.002421
0.002213
0.002041
0.001897
0.001773
0.001666
0.001573
0.001490
0.001418
0.001354
0.001297
0.001245
0.001198
0.001156
0.001118
0.001084
0.001052
0.001022
0.000996
0.000972
0.000950
0.000930
0.000911
0.000892
0.000873
0.000854
0.000834
0.000813
0.000792
0.000771
0.000752
0.000735
0.000720
0.000707
0.000694
0.000683
0.000672
0.000662
0.000652
0.000643
0.000635
0.000626
0.000619
0.000611
0.000603
0.000596
0.000590
0.000583
0.000576
0.000570
0.000565
0.000558
0.000553
0.000548
0.000543
0.000538
0.000534
0.000530
0.000526
0.000522
0.000518
0.000513
0.000508
0.000504
0.000499
0.000495
0.000490
0.000487
0.000483
0.000479
0.000476
0.000473
0.000469
0.000466
0.000463
0.000461
0.000458
0.000455
0.000453
0.000450
0.000448
0.000446
0.000444
0.000442
0.000441
0.000439
0.000438
0.000437
0.000436
0.000435
0.000434
0.000420
0.000417
0.000415
0.000414
0.000414
0.000413
0.000412
0.000411
0.000410
0.000410
0.000409
0.000408
0.000407
0.000407
0.000406
0.000405
0.000404
0.000403
0.000403
0.000402
0.000402
0.000401
0.000401
0.000400
0.000399
0.000399
0.000398
0.000398
0.000397
0.000397
0.000396
0.000396
0.000395
0.000395
0.000394
0.000394
0.000393
0.000392
0.000392
0.000391
0.000390
0.000389
0.000389
0.000388
0.000388
0.000387
0.000386
0.000386
0.000385
0.000385
0.000384
0.000384
0.000383
0.000383
0.000382
0.000382
0.000381
0.000381
0.000381
0.000380
0.000380
0.000379
0.000379
0.000379
0.000378
0.000378
0.000377
0.000377
0.000377
0.000376
0.000376
0.000375
0.000375
0.000375
0.000374
0.000374
0.000374
0.000373
0.000373
0.000373
0.000373
0.000372
0.000372
0.000372
0.000372
0.000372
0.000372
0.000371
0.000371
0.000371
0.000371
0.000371
0.000371
0.000370
0.000370
0.000370
0.000370
0.000370
0.000370
0.000370
0.000365
0.000364
0.000364
0.000364
0.000364
0.000363
0.000363
0.000363
0.000363
0.000363
0.000363
0.000363
0.000363
0.000362
0.000362
0.000362
0.000362
0.000362
0.000362
0.000362
0.000362
0.000362
0.000362
0.000361
0.000361
0.000361
0.000361
0.000361
0.000361
0.000361
0.000361
0.000361
0.000361
0.000361
0.000361
0.000361
0.000361
0.000361
0.000361
0.000361
0.000361
0.000361
0.000361
0.000361
0.000361
0.000361
0.000361
0.000361
0.000361
0.000361
0.000361
0.000361
0.000361
0.000361
0.000361
0.000361
0.000361
0.000361
0.000361
0.000361
0.000361
0.000361
0.000361
0.000361
0.000361
0.000361
0.000361
0.000360
0.000361
0.000361
0.000361
0.000360
0.000360
0.000360
0.000360
0.000360
0.000360
0.000360
0.000360
0.000360
0.000360
0.000360
0.000360
0.000360
0.000360
0.000360
0.000360
0.000359
0.000359
0.000359
0.000359
0.000359
0.000359
0.000359
0.000359
0.000359
0.000359
0.000359
0.000358
0.000358
0.000354
0.000356
0.000359
0.000360
0.000360
0.000360
0.000360
0.000360
0.000360
0.000360
0.000360
0.000360
0.000360
0.000360
0.000360
0.000359
0.000359
0.000359
0.000359
0.000359
0.000359
0.000359
0.000359
0.000359
0.000359
0.000359
0.000358
0.000358
0.000358
0.000358
0.000358
0.000358
0.000358
0.000358
0.000358
0.000358
0.000358
0.000358
0.000357
0.000357
0.000357
0.000357
0.000357
0.000357
0.000357
0.000357
0.000357
0.000357
0.000357
0.000357
0.000357
0.000357
0.000357
0.000357
0.000356
0.000356
0.000356
0.000356
0.000356
0.000356
0.000356
0.000356
0.000356
0.000356
0.000356
0.000356
0.000356
0.000356
0.000356
0.000356
0.000356
0.000356
0.000356
0.000356
0.000356
0.000356
0.000356
0.000356
0.000356
0.000356
0.000356
0.000355
0.000355
0.000355
0.000355
0.000355
0.000355
0.000355
0.000355
0.000355
0.000355
0.000355
0.000355
0.000355
0.000355
0.000355
0.000355
0.000355
0.000355
0.000355
0.000350
0.000349
0.000348
0.000348
0.000348
0.000348
0.000348
0.000348
0.000348
0.000348
0.000348
0.000348
0.000348
0.000348
0.000348
0.000348
0.000348
0.000348
0.000348
0.000348
0.000348
0.000348
0.000348
0.000348
0.000348
0.000348
0.000348
0.000348
0.000348
0.000348
0.000348
0.000348
0.000348
0.000348
0.000348
0.000348
0.000348
0.000348
0.000348
0.000348
0.000348
0.000348
0.000348
0.000348
0.000348
0.000348
0.000348
0.000348
0.000348
0.000348
0.000348
0.000348
0.000348
0.000348
0.000348
0.000348
0.000348
0.000348
0.000348
0.000348
0.000348
0.000348
0.000348
0.000348
0.000348
0.000348
0.000348
0.000348
0.000348
0.000348
0.000348
0.000348
0.000348
0.000348
0.000348
0.000348
0.000348
0.000348
0.000348
0.000348
0.000348
0.000348
0.000348
0.000348
0.000348
0.000348
0.000348
0.000348
0.000348
0.000348
0.000348
0.000348
0.000348
0.000348
0.000348
0.000347
0.000347
0.000347
0.000347
0.000347
