0.217812
0.027576
0.010074
0.004778
0.003079
0.002404
0.002111
0.001918
0.001774
0.001656
0.001554
0.001466
0.001386
0.001314
0.001252
0.001197
0.001148
0.001103
0.001063
0.001027
0.000993
0.000962
0.000933
0.000906
0.000881
0.000856
0.000833
0.000811
0.000790
0.000771
0.000752
0.000735
0.000719
0.000704
0.000689
0.000676
0.000663
0.000651
0.000639
0.000628
0.000618
0.000608
0.000598
0.000589
0.000580
0.000572
0.000564
0.000556
0.000549
0.000542
0.000535
0.000528
0.000521
0.000514
0.000505
0.000497
0.000487
0.000477
0.000466
0.000455
0.000444
0.000436
0.000428
0.000420
0.000414
0.000409
0.000404
0.000399
0.000395
0.000391
0.000387
0.000383
0.000380
0.000376
0.000372
0.000369
0.000366
0.000363
0.000360
0.000357
0.000354
0.000351
0.000349
0.000346
0.000344
0.000341
0.000339
0.000338
0.000336
0.000334
0.000332
0.000330
0.000328
0.000327
0.000325
0.000323
0.000321
0.000320
0.000319
0.000317
0.000312
0.000309
0.000309
0.000308
0.000307
0.000307
0.000306
0.000306
0.000305
0.000304
0.000303
0.000303
0.000302
0.000301
0.000301
0.000300
0.000299
0.000299
0.000298
0.000297
0.000297
0.000296
0.000296
0.000295
0.000294
0.000294
0.000293
0.000292
0.000292
0.000291
0.000291
0.000290
0.000290
0.000289
0.000289
0.000288
0.000288
0.000287
0.000287
0.000286
0.000286
0.000286
0.000285
0.000285
0.000284
0.000284
0.000283
0.000283
0.000282
0.000282
0.000282
0.000281
0.000281
0.000280
0.000280
0.000280
0.000279
0.000279
0.000279
0.000278
0.000278
0.000277
0.000277
0.000276
0.000276
0.000276
0.000275
0.000275
0.000274
0.000274
0.000274
0.000273
0.000273
0.000272
0.000272
0.000271
0.000271
0.000270
0.000270
0.000269
0.000269
0.000268
0.000268
0.000267
0.000267
0.000266
0.000266
0.000265
0.000265
0.000264
0.000264
0.000263
0.000263
0.000263
0.000262
0.000262
0.000261
0.000261
0.000260
0.000260
0.000258
0.000257
0.000257
0.000258
0.000258
0.000257
0.000257
0.000257
0.000257
0.000256
0.000256
0.000256
0.000256
0.000256
0.000255
0.000255
0.000255
0.000255
0.000254
0.000254
0.000254
0.000254
0.000254
0.000253
0.000253
0.000253
0.000253
0.000253
0.000252
0.000252
0.000252
0.000252
0.000252
0.000251
0.000251
0.000251
0.000251
0.000251
0.000250
0.000250
0.000250
0.000250
0.000250
0.000250
0.000249
0.000249
0.000249
0.000249
0.000249
0.000249
0.000248
0.000248
0.000248
0.000248
0.000248
0.000248
0.000248
0.000247
0.000247
0.000247
0.000247
0.000247
0.000247
0.000247
0.000246
0.000246
0.000246
0.000246
0.000246
0.000246
0.000246
0.000246
0.000246
0.000245
0.000245
0.000245
0.000245
0.000245
0.000245
0.000245
0.000245
0.000245
0.000245
0.000244
0.000244
0.000244
0.000244
0.000244
0.000244
0.000244
0.000244
0.000244
0.000244
0.000244
0.000244
0.000243
0.000243
0.000243
0.000243
0.000243
0.000241
0.000242
0.000242
0.000242
0.000241
0.000241
0.000241
0.000241
0.000241
0.000241
0.000241
0.000241
0.000241
0.000240
0.000240
0.000240
0.000240
0.000240
0.000240
0.000240
0.000240
0.000240
0.000240
0.000240
0.000240
0.000240
0.000239
0.000239
0.000239
0.000239
0.000239
0.000239
0.000239
0.000239
0.000239
0.000239
0.000239
0.000239
0.000239
0.000239
0.000239
0.000239
0.000239
0.000238
0.000238
0.000238
0.000238
0.000238
0.000238
0.000238
0.000238
0.000238
0.000238
0.000238
0.000238
0.000238
0.000238
0.000238
0.000238
0.000237
0.000237
0.000237
0.000237
0.000237
0.000237
0.000237
0.000237
0.000237
0.000237
0.000237
0.000237
0.000237
0.000237
0.000237
0.000237
0.000237
0.000237
0.000237
0.000236
0.000236
0.000236
0.000236
0.000236
0.000236
0.000236
0.000236
0.000236
0.000236
0.000236
0.000236
0.000236
0.000236
0.000236
0.000236
0.000236
0.000235
0.000235
0.000235
0.000235
0.000235
0.000233
0.000233
0.000233
0.000233
0.000233
0.000233
0.000233
0.000233
0.000233
0.000233
0.000233
0.000233
0.000233
0.000233
0.000233
0.000233
0.000233
0.000232
0.000232
0.000232
0.000232
0.000232
0.000232
0.000232
0.000232
0.000232
0.000232
0.000232
0.000232
0.000232
0.000232
0.000232
0.000232
0.000232
0.000232
0.000232
0.000232
0.000232
0.000232
0.000232
0.000232
0.000232
0.000232
0.000231
0.000231
0.000231
0.000231
0.000231
0.000231
0.000231
0.000231
0.000231
0.000231
0.000231
0.000231
0.000231
0.000231
0.000231
0.000231
0.000231
0.000231
0.000231
0.000231
0.000231
0.000231
0.000231
0.000231
0.000231
0.000231
0.000231
0.000231
0.000231
0.000230
0.000230
0.000230
0.000230
0.000230
0.000230
0.000230
0.000230
0.000230
0.000230
0.000230
0.000230
0.000230
0.000230
0.000230
0.000230
0.000230
0.000230
0.000230
0.000230
0.000230
0.000230
0.000230
0.000230
0.000230
0.000230
0.000230
0.000230
