0.157800
0.023022
0.018161
0.012830
0.009173
0.006634
0.004756
0.003577
0.002924
0.002621
0.002487
0.002426
0.002389
0.002361
0.002337
0.002315
0.002295
0.002276
0.002257
0.002240
0.002224
0.002209
0.002194
0.002180
0.002167
0.002154
0.002142
0.002130
0.002119
0.002109
0.002098
0.002089
0.002079
0.002070
0.002061
0.002053
0.002045
0.002037
0.002030
0.002022
0.002015
0.002009
0.002002
0.001996
0.001990
0.001984
0.001978
0.001973
0.001968
0.001963
0.001958
0.001953
0.001949
0.001944
0.001940
0.001936
0.001932
0.001928
0.001924
0.001921
0.001917
0.001913
0.001910
0.001907
0.001904
0.001901
0.001898
0.001895
0.001892
0.001889
0.001887
0.001884
0.001882
0.001879
0.001877
0.001874
0.001872
0.001870
0.001868
0.001866
0.001863
0.001862
0.001860
0.001858
0.001856
0.001854
0.001853
0.001851
0.001850
0.001848
0.001847
0.001846
0.001845
0.001843
0.001842
0.001841
0.001840
0.001839
0.001839
0.001838
0.001832
0.001835
0.001836
0.001835
0.001834
0.001834
0.001833
0.001833
0.001833
0.001833
0.001833
0.001833
0.001833
0.001833
0.001833
0.001833
0.001832
0.001832
0.001832
0.001832
0.001832
0.001832
0.001832
0.001832
0.001832
0.001832
0.001832
0.001832
0.001832
0.001833
0.001833
0.001833
0.001833
0.001833
0.001833
0.001833
0.001832
0.001832
0.001832
0.001832
0.001832
0.001832
0.001832
0.001832
0.001832
0.001832
0.001832
0.001832
0.001831
0.001831
0.001831
0.001831
0.001831
0.001831
0.001831
0.001830
0.001830
0.001830
0.001830
0.001830
0.001829
0.001829
0.001829
0.001829
0.001828
0.001828
0.001828
0.001828
0.001827
0.001827
0.001827
0.001827
0.001827
0.001826
0.001826
0.001826
0.001826
0.001826
0.001825
0.001825
0.001825
0.001825
0.001825
0.001825
0.001825
0.001824
0.001824
0.001824
0.001824
0.001824
0.001824
0.001824
0.001824
0.001824
0.001824
0.001823
0.001823
0.001823
0.001823
0.001823
0.001819
0.001822
0.001823
0.001822
0.001821
0.001821
0.001822
0.001822
0.001822
0.001822
0.001822
0.001822
0.001822
0.001822
0.001822
0.001822
0.001823
0.001823
0.001823
0.001823
0.001823
0.001823
0.001823
0.001823
0.001823
0.001824
0.001824
0.001824
0.001824
0.001824
0.001824
0.001824
0.001824
0.001825
0.001825
0.001825
0.001825
0.001825
0.001825
0.001825
0.001825
0.001825
0.001826
0.001826
0.001826
0.001826
0.001826
0.001826
0.001826
0.001826
0.001826
0.001827
0.001827
0.001827
0.001827
0.001827
0.001827
0.001827
0.001827
0.001827
0.001827
0.001827
0.001827
0.001828
0.001828
0.001828
0.001828
0.001828
0.001828
0.001828
0.001828
0.001828
0.001828
0.001828
0.001828
0.001828
0.001828
0.001828
0.001828
0.001828
0.001828
0.001828
0.001828
0.001828
0.001828
0.001828
0.001828
0.001828
0.001828
0.001828
0.001828
0.001828
0.001828
0.001828
0.001828
0.001828
0.001828
0.001828
0.001828
0.001828
0.001821
0.001820
0.001817
0.001818
0.001818
0.001818
0.001818
0.001818
0.001818
0.001818
0.001818
0.001818
0.001818
0.001818
0.001818
0.001818
0.001818
0.001818
0.001818
0.001818
0.001818
0.001818
0.001818
0.001818
0.001818
0.001818
0.001818
0.001818
0.001818
0.001818
0.001818
0.001818
0.001818
0.001818
0.001818
0.001818
0.001818
0.001818
0.001818
0.001819
0.001819
0.001819
0.001819
0.001819
0.001819
0.001819
0.001819
0.001819
0.001819
0.001819
0.001819
0.001819
0.001819
0.001819
0.001819
0.001819
0.001819
0.001819
0.001819
0.001819
0.001819
0.001819
0.001819
0.001819
0.001819
0.001819
0.001819
0.001819
0.001819
0.001819
0.001819
0.001819
0.001819
0.001819
0.001819
0.001819
0.001819
0.001819
0.001819
0.001819
0.001819
0.001819
0.001820
0.001820
0.001820
0.001820
0.001820
0.001820
0.001820
0.001820
0.001820
0.001820
0.001820
0.001820
0.001820
0.001820
0.001820
0.001820
0.001820
0.001820
0.001818
0.001816
0.001816
0.001816
0.001816
0.001816
0.001816
0.001816
0.001816
0.001816
0.001816
0.001816
0.001816
0.001816
0.001816
0.001816
0.001816
0.001816
0.001816
0.001816
0.001816
0.001816
0.001816
0.001816
0.001816
0.001816
0.001816
0.001816
0.001816
0.001816
0.001816
0.001816
0.001816
0.001816
0.001816
0.001816
0.001816
0.001816
0.001816
0.001816
0.001816
0.001816
0.001816
0.001816
0.001816
0.001816
0.001816
0.001816
0.001816
0.001816
0.001816
0.001816
0.001816
0.001816
0.001816
0.001816
0.001816
0.001816
0.001816
0.001816
0.001816
0.001816
0.001816
0.001816
0.001816
0.001816
0.001816
0.001816
0.001816
0.001816
0.001816
0.001816
0.001816
0.001816
0.001816
0.001816
0.001816
0.001816
0.001816
0.001816
0.001816
0.001816
0.001816
0.001816
0.001816
0.001816
0.001816
0.001816
0.001816
0.001816
0.001816
0.001816
0.001816
0.001816
0.001816
0.001816
0.001816
0.001816
0.001816
0.001816
