1.458592
0.469810
0.121557
0.052883
0.038186
0.033772
0.029766
0.026839
0.024315
0.022148
0.020268
0.018630
0.017202
0.015953
0.014859
0.013899
0.013055
0.012310
0.011653
0.011070
0.010552
0.010089
0.009674
0.009299
0.008960
0.008650
0.008366
0.008104
0.007861
0.007633
0.007420
0.007219
0.007028
0.006847
0.006674
0.006509
0.006351
0.006199
0.006052
0.005911
0.005775
0.005644
0.005517
0.005394
0.005275
0.005159
0.005048
0.004939
0.004834
0.004732
0.004633
0.004537
0.004444
0.004353
0.004265
0.004179
0.004096
0.004016
0.003937
0.003861
0.003787
0.003715
0.003646
0.003578
0.003512
0.003449
0.003387
0.003327
0.003268
0.003212
0.003157
0.003104
0.003053
0.003003
0.002955
0.002909
0.002864
0.002820
0.002778
0.002738
0.002698
0.002660
0.002624
0.002588
0.002554
0.002521
0.002489
0.002459
0.002429
0.002401
0.002373
0.002347
0.002321
0.002297
0.002273
0.002250
0.002228
0.002207
0.002187
0.002167
0.002100
0.002092
0.002080
0.002066
0.002055
0.002046
0.002036
0.002026
0.002016
0.002006
0.001996
0.001987
0.001977
0.001968
0.001959
0.001950
0.001941
0.001932
0.001923
0.001914
0.001905
0.001897
0.001888
0.001880
0.001872
0.001864
0.001855
0.001847
0.001840
0.001832
0.001824
0.001816
0.001809
0.001801
0.001794
0.001787
0.001779
0.001772
0.001765
0.001758
0.001751
0.001745
0.001738
0.001731
0.001725
0.001718
0.001712
0.001705
0.001699
0.001693
0.001687
0.001681
0.001675
0.001669
0.001663
0.001657
0.001652
0.001646
0.001640
0.001635
0.001629
0.001624
0.001619
0.001613
0.001608
0.001603
0.001598
0.001593
0.001588
0.001583
0.001578
0.001574
0.001569
0.001564
0.001560
0.001555
0.001550
0.001546
0.001542
0.001537
0.001533
0.001529
0.001524
0.001520
0.001516
0.001512
0.001508
0.001504
0.001500
0.001496
0.001492
0.001488
0.001484
0.001480
0.001476
0.001473
0.001469
0.001465
0.001461
0.001458
0.001417
0.001420
0.001420
0.001415
0.001411
0.001409
0.001407
0.001405
0.001403
0.001401
0.001399
0.001397
0.001395
0.001393
0.001391
0.001389
0.001386
0.001384
0.001382
0.001380
0.001378
0.001376
0.001374
0.001372
0.001370
0.001368
0.001366
0.001364
0.001362
0.001360
0.001358
0.001356
0.001354
0.001353
0.001351
0.001349
0.001347
0.001345
0.001343
0.001341
0.001339
0.001337
0.001335
0.001333
0.001332
0.001330
0.001328
0.001326
0.001324
0.001322
0.001321
0.001319
0.001317
0.001315
0.001313
0.001311
0.001310
0.001308
0.001306
0.001304
0.001303
0.001301
0.001299
0.001297
0.001296
0.001294
0.001292
0.001290
0.001289
0.001287
0.001285
0.001284
0.001282
0.001280
0.001278
0.001277
0.001275
0.001273
0.001272
0.001270
0.001269
0.001267
0.001265
0.001264
0.001262
0.001261
0.001259
0.001257
0.001256
0.001254
0.001253
0.001251
0.001249
0.001248
0.001246
0.001245
0.001243
0.001242
0.001240
0.001239
0.001226
0.001232
0.001239
0.001243
0.001244
0.001244
0.001244
0.001243
0.001243
0.001242
0.001241
0.001240
0.001240
0.001239
0.001238
0.001237
0.001237
0.001236
0.001235
0.001234
0.001234
0.001233
0.001232
0.001231
0.001231
0.001230
0.001229
0.001228
0.001227
0.001227
0.001226
0.001225
0.001224
0.001224
0.001223
0.001222
0.001221
0.001220
0.001220
0.001219
0.001218
0.001217
0.001216
0.001216
0.001215
0.001214
0.001213
0.001212
0.001212
0.001211
0.001210
0.001209
0.001209
0.001208
0.001207
0.001206
0.001205
0.001205
0.001204
0.001203
0.001202
0.001202
0.001201
0.001200
0.001199
0.001198
0.001198
0.001197
0.001196
0.001195
0.001195
0.001194
0.001193
0.001192
0.001192
0.001191
0.001190
0.001189
0.001189
0.001188
0.001187
0.001186
0.001185
0.001185
0.001184
0.001183
0.001182
0.001182
0.001181
0.001180
0.001180
0.001179
0.001178
0.001177
0.001177
0.001176
0.001175
0.001174
0.001174
0.001173
0.001157
0.001153
0.001145
0.001146
0.001146
0.001145
0.001145
0.001145
0.001145
0.001144
0.001144
0.001144
0.001143
0.001143
0.001143
0.001142
0.001142
0.001142
0.001141
0.001141
0.001141
0.001140
0.001140
0.001140
0.001139
0.001139
0.001139
0.001139
0.001138
0.001138
0.001138
0.001137
0.001137
0.001137
0.001136
0.001136
0.001136
0.001135
0.001135
0.001135
0.001134
0.001134
0.001134
0.001133
0.001133
0.001133
0.001132
0.001132
0.001132
0.001131
0.001131
0.001131
0.001131
0.001130
0.001130
0.001130
0.001129
0.001129
0.001129
0.001128
0.001128
0.001128
0.001127
0.001127
0.001127
0.001126
0.001126
0.001126
0.001125
0.001125
0.001125
0.001124
0.001124
0.001124
0.001123
0.001123
0.001123
0.001122
0.001122
0.001122
0.001121
0.001121
0.001121
0.001121
0.001120
0.001120
0.001120
0.001119
0.001119
0.001119
0.001118
0.001118
0.001118
0.001117
0.001117
0.001117
0.001116
0.001116
0.001116
0.001115
