0.204295
0.041097
0.019563
0.012721
0.009408
0.007405
0.006012
0.004990
0.004224
0.003641
0.003200
0.002864
0.002603
0.002392
0.002218
0.002072
0.001947
0.001838
0.001743
0.001658
0.001582
0.001515
0.001454
0.001399
0.001350
0.001306
0.001266
0.001230
0.001197
0.001167
0.001140
0.001116
0.001094
0.001074
0.001055
0.001038
0.001023
0.001009
0.000996
0.000984
0.000973
0.000962
0.000952
0.000942
0.000933
0.000924
0.000915
0.000905
0.000896
0.000886
0.000875
0.000864
0.000853
0.000840
0.000828
0.000815
0.000801
0.000788
0.000774
0.000760
0.000746
0.000733
0.000720
0.000708
0.000697
0.000686
0.000676
0.000666
0.000656
0.000647
0.000639
0.000631
0.000623
0.000616
0.000609
0.000603
0.000596
0.000590
0.000584
0.000579
0.000573
0.000568
0.000563
0.000558
0.000553
0.000548
0.000544
0.000539
0.000535
0.000531
0.000526
0.000522
0.000518
0.000514
0.000511
0.000507
0.000504
0.000500
0.000497
0.000494
0.000494
0.000501
0.000501
0.000497
0.000494
0.000492
0.000491
0.000490
0.000489
0.000488
0.000487
0.000486
0.000485
0.000484
0.000483
0.000482
0.000481
0.000480
0.000479
0.000478
0.000476
0.000475
0.000473
0.000472
0.000470
0.000469
0.000467
0.000465
0.000463
0.000461
0.000459
0.000457
0.000455
0.000453
0.000450
0.000448
0.000446
0.000443
0.000441
0.000439
0.000437
0.000435
0.000433
0.000431
0.000429
0.000427
0.000425
0.000423
0.000421
0.000419
0.000418
0.000416
0.000414
0.000413
0.000411
0.000410
0.000408
0.000407
0.000405
0.000403
0.000402
0.000400
0.000398
0.000396
0.000394
0.000393
0.000391
0.000390
0.000388
0.000387
0.000385
0.000384
0.000382
0.000381
0.000380
0.000378
0.000377
0.000376
0.000374
0.000373
0.000372
0.000370
0.000369
0.000367
0.000366
0.000365
0.000363
0.000362
0.000360
0.000359
0.000357
0.000356
0.000355
0.000354
0.000352
0.000351
0.000350
0.000349
0.000348
0.000347
0.000344
0.000346
0.000347
0.000347
0.000346
0.000345
0.000345
0.000344
0.000344
0.000343
0.000343
0.000343
0.000342
0.000342
0.000341
0.000341
0.000340
0.000340
0.000339
0.000339
0.000338
0.000338
0.000337
0.000337
0.000336
0.000336
0.000335
0.000334
0.000334
0.000333
0.000333
0.000332
0.000331
0.000331
0.000330
0.000330
0.000329
0.000328
0.000328
0.000327
0.000326
0.000326
0.000325
0.000325
0.000324
0.000324
0.000323
0.000323
0.000322
0.000322
0.000321
0.000321
0.000320
0.000320
0.000319
0.000319
0.000318
0.000318
0.000317
0.000317
0.000317
0.000316
0.000316
0.000315
0.000315
0.000315
0.000314
0.000314
0.000314
0.000313
0.000313
0.000313
0.000312
0.000312
0.000312
0.000311
0.000311
0.000311
0.000310
0.000310
0.000310
0.000309
0.000309
0.000309
0.000309
0.000308
0.000308
0.000308
0.000307
0.000307
0.000307
0.000307
0.000306
0.000306
0.000306
0.000305
0.000305
0.000305
0.000305
0.000304
0.000303
0.000304
0.000305
0.000305
0.000305
0.000304
0.000304
0.000304
0.000304
0.000304
0.000304
0.000304
0.000304
0.000304
0.000304
0.000304
0.000303
0.000303
0.000303
0.000303
0.000303
0.000303
0.000303
0.000303
0.000303
0.000302
0.000302
0.000302
0.000302
0.000302
0.000302
0.000302
0.000301
0.000301
0.000301
0.000301
0.000301
0.000301
0.000301
0.000300
0.000300
0.000300
0.000300
0.000300
0.000299
0.000299
0.000299
0.000299
0.000299
0.000299
0.000298
0.000298
0.000298
0.000298
0.000298
0.000297
0.000297
0.000297
0.000297
0.000297
0.000296
0.000296
0.000296
0.000296
0.000295
0.000295
0.000295
0.000295
0.000295
0.000294
0.000294
0.000294
0.000294
0.000293
0.000293
0.000293
0.000293
0.000293
0.000293
0.000292
0.000292
0.000292
0.000292
0.000291
0.000291
0.000291
0.000291
0.000291
0.000290
0.000290
0.000290
0.000290
0.000289
0.000289
0.000289
0.000289
0.000289
0.000289
0.000288
0.000288
0.000287
0.000286
0.000285
0.000284
0.000284
0.000284
0.000284
0.000284
0.000284
0.000284
0.000284
0.000284
0.000284
0.000284
0.000284
0.000284
0.000284
0.000284
0.000284
0.000283
0.000283
0.000283
0.000283
0.000283
0.000283
0.000283
0.000283
0.000283
0.000283
0.000283
0.000283
0.000283
0.000283
0.000283
0.000283
0.000283
0.000283
0.000283
0.000282
0.000282
0.000282
0.000282
0.000282
0.000282
0.000282
0.000282
0.000282
0.000282
0.000282
0.000282
0.000282
0.000282
0.000282
0.000282
0.000282
0.000281
0.000281
0.000281
0.000281
0.000281
0.000281
0.000281
0.000281
0.000281
0.000281
0.000281
0.000281
0.000281
0.000281
0.000280
0.000280
0.000280
0.000280
0.000280
0.000280
0.000280
0.000280
0.000280
0.000280
0.000280
0.000280
0.000280
0.000279
0.000279
0.000279
0.000279
0.000279
0.000279
0.000279
0.000279
0.000279
0.000279
0.000279
0.000279
0.000278
0.000278
0.000278
0.000278
0.000278
0.000278
