0.135666
0.031085
0.013469
0.008386
0.005764
0.004185
0.003072
0.002541
0.002262
0.002094
0.001975
0.001876
0.001784
0.001706
0.001637
0.001576
0.001524
0.001475
0.001432
0.001392
0.001354
0.001319
0.001285
0.001255
0.001228
0.001205
0.001178
0.001157
0.001135
0.001115
0.001094
0.001075
0.001058
0.001040
0.001022
0.001005
0.000989
0.000973
0.000957
0.000942
0.000927
0.000913
0.000899
0.000886
0.000872
0.000859
0.000847
0.000836
0.000825
0.000814
0.000803
0.000792
0.000782
0.000771
0.000760
0.000748
0.000738
0.000726
0.000716
0.000705
0.000694
0.000683
0.000672
0.000660
0.000648
0.000635
0.000621
0.000609
0.000598
0.000587
0.000578
0.000569
0.000558
0.000548
0.000540
0.000531
0.000523
0.000513
0.000505
0.000498
0.000493
0.000489
0.000485
0.000480
0.000475
0.000470
0.000465
0.000461
0.000458
0.000455
0.000452
0.000448
0.000445
0.000441
0.000437
0.000435
0.000433
0.000430
0.000428
0.000425
0.000407
0.000403
0.000402
0.000401
0.000400
0.000398
0.000397
0.000396
0.000395
0.000394
0.000393
0.000393
0.000392
0.000391
0.000390
0.000389
0.000388
0.000387
0.000387
0.000386
0.000385
0.000384
0.000384
0.000383
0.000382
0.000381
0.000381
0.000380
0.000379
0.000379
0.000379
0.000378
0.000378
0.000377
0.000377
0.000376
0.000376
0.000376
0.000376
0.000375
0.000374
0.000374
0.000374
0.000373
0.000373
0.000373
0.000372
0.000371
0.000371
0.000370
0.000369
0.000368
0.000368
0.000367
0.000367
0.000367
0.000366
0.000366
0.000366
0.000365
0.000365
0.000365
0.000364
0.000364
0.000363
0.000363
0.000363
0.000362
0.000362
0.000362
0.000362
0.000361
0.000361
0.000360
0.000360
0.000360
0.000359
0.000359
0.000359
0.000359
0.000359
0.000358
0.000358
0.000358
0.000358
0.000357
0.000357
0.000356
0.000356
0.000356
0.000355
0.000355
0.000354
0.000354
0.000354
0.000354
0.000353
0.000353
0.000352
0.000352
0.000341
0.000337
0.000338
0.000337
0.000336
0.000335
0.000335
0.000334
0.000334
0.000334
0.000333
0.000333
0.000333
0.000332
0.000332
0.000332
0.000332
0.000331
0.000331
0.000331
0.000331
0.000330
0.000330
0.000330
0.000330
0.000330
0.000329
0.000329
0.000329
0.000329
0.000329
0.000328
0.000328
0.000328
0.000328
0.000328
0.000327
0.000327
0.000327
0.000327
0.000326
0.000326
0.000326
0.000326
0.000326
0.000325
0.000325
0.000325
0.000325
0.000325
0.000324
0.000324
0.000324
0.000324
0.000324
0.000324
0.000323
0.000323
0.000323
0.000323
0.000323
0.000322
0.000322
0.000322
0.000322
0.000322
0.000322
0.000322
0.000321
0.000321
0.000321
0.000321
0.000321
0.000321
0.000321
0.000321
0.000321
0.000320
0.000320
0.000320
0.000320
0.000320
0.000320
0.000320
0.000320
0.000320
0.000320
0.000320
0.000320
0.000320
0.000320
0.000320
0.000320
0.000319
0.000319
0.000319
0.000319
0.000319
0.000319
0.000319
0.000315
0.000316
0.000316
0.000317
0.000317
0.000317
0.000317
0.000317
0.000317
0.000317
0.000317
0.000317
0.000317
0.000317
0.000317
0.000317
0.000317
0.000317
0.000317
0.000317
0.000317
0.000317
0.000317
0.000316
0.000316
0.000316
0.000316
0.000316
0.000316
0.000316
0.000316
0.000316
0.000316
0.000316
0.000316
0.000316
0.000316
0.000316
0.000316
0.000316
0.000316
0.000316
0.000316
0.000316
0.000316
0.000316
0.000316
0.000315
0.000315
0.000315
0.000315
0.000315
0.000315
0.000315
0.000315
0.000315
0.000315
0.000315
0.000315
0.000315
0.000315
0.000315
0.000315
0.000314
0.000314
0.000314
0.000314
0.000314
0.000314
0.000314
0.000314
0.000314
0.000314
0.000314
0.000314
0.000314
0.000313
0.000313
0.000313
0.000313
0.000313
0.000313
0.000313
0.000313
0.000313
0.000313
0.000313
0.000313
0.000312
0.000312
0.000312
0.000312
0.000312
0.000312
0.000312
0.000312
0.000311
0.000311
0.000311
0.000311
0.000306
0.000304
0.000303
0.000304
0.000303
0.000303
0.000303
0.000303
0.000303
0.000303
0.000303
0.000303
0.000303
0.000303
0.000303
0.000303
0.000303
0.000303
0.000303
0.000303
0.000303
0.000303
0.000302
0.000302
0.000302
0.000302
0.000302
0.000302
0.000302
0.000302
0.000302
0.000302
0.000302
0.000302
0.000302
0.000302
0.000302
0.000302
0.000302
0.000302
0.000302
0.000302
0.000301
0.000301
0.000301
0.000301
0.000301
0.000301
0.000301
0.000301
0.000301
0.000301
0.000301
0.000301
0.000301
0.000301
0.000301
0.000301
0.000301
0.000301
0.000301
0.000301
0.000301
0.000300
0.000300
0.000300
0.000300
0.000300
0.000300
0.000300
0.000300
0.000300
0.000300
0.000300
0.000300
0.000300
0.000300
0.000300
0.000300
0.000300
0.000300
0.000300
0.000300
0.000299
0.000299
0.000299
0.000299
0.000299
0.000299
0.000299
0.000299
0.000299
0.000299
0.000299
0.000299
0.000299
0.000299
0.000299
0.000299
0.000299
