0.378435
0.112238
0.053147
0.040213
0.033894
0.029329
0.025992
0.023251
0.020846
0.018692
0.016739
0.014968
0.013352
0.011871
0.010508
0.009251
0.008106
0.007061
0.006124
0.005301
0.004597
0.004010
0.003532
0.003146
0.002842
0.002607
0.002424
0.002283
0.002173
0.002085
0.002014
0.001955
0.001904
0.001862
0.001824
0.001791
0.001761
0.001734
0.001710
0.001688
0.001668
0.001649
0.001633
0.001617
0.001603
0.001589
0.001577
0.001565
0.001555
0.001544
0.001535
0.001526
0.001517
0.001510
0.001502
0.001495
0.001488
0.001482
0.001476
0.001470
0.001465
0.001460
0.001455
0.001450
0.001445
0.001440
0.001436
0.001432
0.001427
0.001423
0.001419
0.001415
0.001411
0.001408
0.001404
0.001400
0.001397
0.001393
0.001389
0.001386
0.001382
0.001379
0.001375
0.001372
0.001369
0.001365
0.001362
0.001359
0.001355
0.001352
0.001349
0.001346
0.001343
0.001340
0.001337
0.001334
0.001331
0.001328
0.001325
0.001322
0.001261
0.001263
0.001255
0.001251
0.001250
0.001249
0.001247
0.001246
0.001244
0.001243
0.001241
0.001240
0.001238
0.001237
0.001236
0.001234
0.001233
0.001232
0.001230
0.001229
0.001227
0.001226
0.001225
0.001224
0.001222
0.001221
0.001220
0.001218
0.001217
0.001216
0.001214
0.001213
0.001212
0.001211
0.001210
0.001208
0.001207
0.001206
0.001205
0.001203
0.001202
0.001201
0.001200
0.001199
0.001198
0.001196
0.001195
0.001194
0.001193
0.001192
0.001191
0.001190
0.001189
0.001187
0.001186
0.001185
0.001184
0.001183
0.001182
0.001181
0.001180
0.001179
0.001178
0.001177
0.001176
0.001175
0.001174
0.001173
0.001172
0.001171
0.001170
0.001169
0.001168
0.001167
0.001166
0.001165
0.001164
0.001163
0.001162
0.001162
0.001161
0.001160
0.001159
0.001158
0.001157
0.001156
0.001155
0.001154
0.001154
0.001153
0.001152
0.001151
0.001150
0.001149
0.001149
0.001148
0.001147
0.001146
0.001145
0.001145
0.001126
0.001133
0.001138
0.001138
0.001137
0.001136
0.001135
0.001134
0.001133
0.001133
0.001132
0.001131
0.001131
0.001130
0.001130
0.001129
0.001128
0.001128
0.001127
0.001127
0.001126
0.001125
0.001125
0.001124
0.001124
0.001123
0.001123
0.001122
0.001122
0.001121
0.001120
0.001120
0.001119
0.001119
0.001118
0.001118
0.001117
0.001117
0.001116
0.001116
0.001115
0.001115
0.001114
0.001114
0.001113
0.001113
0.001112
0.001112
0.001111
0.001111
0.001110
0.001110
0.001110
0.001109
0.001109
0.001108
0.001108
0.001107
0.001107
0.001106
0.001106
0.001106
0.001105
0.001105
0.001104
0.001104
0.001103
0.001103
0.001103
0.001102
0.001102
0.001101
0.001101
0.001101
0.001100
0.001100
0.001099
0.001099
0.001099
0.001098
0.001098
0.001098
0.001097
0.001097
0.001096
0.001096
0.001096
0.001095
0.001095
0.001095
0.001094
0.001094
0.001094
0.001093
0.001093
0.001093
0.001092
0.001092
0.001092
0.001091
0.001086
0.001095
0.001102
0.001104
0.001104
0.001103
0.001102
0.001102
0.001101
0.001101
0.001101
0.001101
0.001101
0.001100
0.001100
0.001100
0.001100
0.001100
0.001099
0.001099
0.001099
0.001099
0.001099
0.001098
0.001098
0.001098
0.001098
0.001098
0.001098
0.001097
0.001097
0.001097
0.001097
0.001097
0.001097
0.001096
0.001096
0.001096
0.001096
0.001096
0.001096
0.001095
0.001095
0.001095
0.001095
0.001095
0.001095
0.001094
0.001094
0.001094
0.001094
0.001094
0.001094
0.001094
0.001093
0.001093
0.001093
0.001093
0.001093
0.001093
0.001093
0.001092
0.001092
0.001092
0.001092
0.001092
0.001092
0.001092
0.001091
0.001091
0.001091
0.001091
0.001091
0.001091
0.001091
0.001090
0.001090
0.001090
0.001090
0.001090
0.001090
0.001090
0.001090
0.001089
0.001089
0.001089
0.001089
0.001089
0.001089
0.001089
0.001089
0.001088
0.001088
0.001088
0.001088
0.001088
0.001088
0.001088
0.001088
0.001087
0.001082
0.001070
0.001071
0.001072
0.001071
0.001071
0.001071
0.001071
0.001071
0.001071
0.001071
0.001071
0.001071
0.001071
0.001071
0.001071
0.001071
0.001070
0.001070
0.001070
0.001070
0.001070
0.001070
0.001070
0.001070
0.001070
0.001070
0.001070
0.001070
0.001070
0.001070
0.001070
0.001070
0.001070
0.001070
0.001070
0.001070
0.001070
0.001070
0.001070
0.001070
0.001070
0.001070
0.001070
0.001070
0.001070
0.001069
0.001069
0.001069
0.001069
0.001069
0.001069
0.001069
0.001069
0.001069
0.001069
0.001069
0.001069
0.001069
0.001069
0.001069
0.001069
0.001069
0.001069
0.001069
0.001069
0.001069
0.001069
0.001069
0.001069
0.001069
0.001069
0.001069
0.001068
0.001068
0.001068
0.001068
0.001068
0.001068
0.001068
0.001068
0.001068
0.001068
0.001068
0.001068
0.001068
0.001068
0.001068
0.001068
0.001068
0.001068
0.001068
0.001068
0.001068
0.001068
0.001068
0.001067
0.001067
0.001067
0.001067
