0.149778
0.027690
0.016585
0.012106
0.009554
0.008006
0.006889
0.006043
0.005381
0.004843
0.004395
0.004014
0.003684
0.003396
0.003142
0.002917
0.002721
0.002550
0.002400
0.002268
0.002151
0.002047
0.001954
0.001871
0.001797
0.001730
0.001669
0.001615
0.001565
0.001521
0.001481
0.001444
0.001411
0.001381
0.001354
0.001329
0.001307
0.001286
0.001267
0.001250
0.001234
0.001219
0.001205
0.001193
0.001181
0.001171
0.001161
0.001152
0.001143
0.001135
0.001128
0.001121
0.001114
0.001108
0.001103
0.001097
0.001092
0.001088
0.001083
0.001079
0.001075
0.001071
0.001067
0.001064
0.001061
0.001057
0.001054
0.001051
0.001048
0.001045
0.001042
0.001039
0.001037
0.001034
0.001031
0.001028
0.001026
0.001023
0.001020
0.001018
0.001015
0.001012
0.001009
0.001007
0.001004
0.001001
0.000998
0.000995
0.000993
0.000990
0.000987
0.000984
0.000981
0.000978
0.000975
0.000972
0.000969
0.000966
0.000963
0.000960
0.000865
0.000828
0.000817
0.000819
0.000814
0.000813
0.000811
0.000809
0.000807
0.000805
0.000802
0.000800
0.000798
0.000796
0.000794
0.000792
0.000790
0.000788
0.000786
0.000784
0.000782
0.000780
0.000777
0.000775
0.000773
0.000771
0.000769
0.000766
0.000764
0.000762
0.000759
0.000757
0.000755
0.000752
0.000750
0.000747
0.000745
0.000742
0.000739
0.000737
0.000734
0.000731
0.000728
0.000725
0.000722
0.000719
0.000716
0.000713
0.000709
0.000706
0.000703
0.000699
0.000695
0.000691
0.000687
0.000683
0.000679
0.000675
0.000671
0.000666
0.000662
0.000657
0.000652
0.000647
0.000642
0.000637
0.000632
0.000627
0.000622
0.000616
0.000611
0.000605
0.000600
0.000595
0.000589
0.000584
0.000579
0.000574
0.000569
0.000564
0.000559
0.000554
0.000550
0.000545
0.000540
0.000535
0.000531
0.000526
0.000522
0.000517
0.000513
0.000509
0.000504
0.000499
0.000494
0.000488
0.000483
0.000477
0.000472
0.000466
0.000468
0.000439
0.000438
0.000433
0.000433
0.000431
0.000430
0.000428
0.000427
0.000426
0.000424
0.000423
0.000422
0.000421
0.000420
0.000418
0.000417
0.000416
0.000415
0.000414
0.000413
0.000412
0.000411
0.000410
0.000409
0.000408
0.000407
0.000406
0.000405
0.000404
0.000403
0.000402
0.000402
0.000401
0.000400
0.000399
0.000399
0.000398
0.000397
0.000397
0.000396
0.000395
0.000395
0.000394
0.000393
0.000393
0.000392
0.000392
0.000391
0.000391
0.000390
0.000390
0.000390
0.000389
0.000389
0.000388
0.000388
0.000387
0.000387
0.000387
0.000386
0.000386
0.000385
0.000385
0.000384
0.000384
0.000383
0.000383
0.000382
0.000382
0.000381
0.000381
0.000380
0.000380
0.000379
0.000378
0.000378
0.000377
0.000376
0.000376
0.000375
0.000374
0.000373
0.000372
0.000372
0.000371
0.000370
0.000369
0.000369
0.000368
0.000367
0.000367
0.000366
0.000365
0.000364
0.000364
0.000363
0.000363
0.000362
0.000361
0.000362
0.000359
0.000358
0.000359
0.000358
0.000358
0.000358
0.000358
0.000358
0.000357
0.000357
0.000357
0.000357
0.000357
0.000356
0.000356
0.000356
0.000356
0.000356
0.000355
0.000355
0.000355
0.000355
0.000355
0.000354
0.000354
0.000354
0.000354
0.000354
0.000354
0.000353
0.000353
0.000353
0.000353
0.000353
0.000353
0.000352
0.000352
0.000352
0.000352
0.000352
0.000352
0.000352
0.000351
0.000351
0.000351
0.000351
0.000351
0.000351
0.000350
0.000350
0.000350
0.000350
0.000350
0.000350
0.000350
0.000350
0.000349
0.000349
0.000349
0.000349
0.000349
0.000349
0.000349
0.000349
0.000348
0.000348
0.000348
0.000348
0.000348
0.000348
0.000348
0.000348
0.000347
0.000347
0.000347
0.000347
0.000347
0.000347
0.000347
0.000347
0.000346
0.000346
0.000346
0.000346
0.000346
0.000346
0.000346
0.000345
0.000345
0.000345
0.000345
0.000345
0.000345
0.000345
0.000344
0.000344
0.000344
0.000344
0.000344
0.000340
0.000341
0.000341
0.000340
0.000340
0.000340
0.000340
0.000340
0.000340
0.000340
0.000340
0.000340
0.000340
0.000340
0.000340
0.000340
0.000340
0.000340
0.000339
0.000339
0.000339
0.000339
0.000339
0.000339
0.000339
0.000339
0.000339
0.000339
0.000339
0.000339
0.000339
0.000339
0.000338
0.000338
0.000338
0.000338
0.000338
0.000338
0.000338
0.000338
0.000338
0.000338
0.000338
0.000338
0.000338
0.000338
0.000338
0.000337
0.000337
0.000337
0.000337
0.000337
0.000337
0.000337
0.000337
0.000337
0.000337
0.000337
0.000337
0.000337
0.000337
0.000337
0.000337
0.000337
0.000337
0.000336
0.000336
0.000336
0.000336
0.000336
0.000336
0.000336
0.000336
0.000336
0.000336
0.000336
0.000336
0.000336
0.000336
0.000336
0.000336
0.000336
0.000335
0.000335
0.000335
0.000335
0.000335
0.000335
0.000335
0.000335
0.000335
0.000335
0.000335
0.000335
0.000335
0.000335
0.000335
0.000335
0.000335
0.000334
