0.204921
0.056011
0.033154
0.020985
0.015620
0.012451
0.010363
0.008810
0.007550
0.006497
0.005611
0.004864
0.004228
0.003686
0.003228
0.002853
0.002554
0.002321
0.002139
0.001994
0.001879
0.001786
0.001710
0.001647
0.001593
0.001546
0.001504
0.001466
0.001431
0.001399
0.001369
0.001340
0.001313
0.001287
0.001262
0.001239
0.001216
0.001194
0.001173
0.001153
0.001133
0.001114
0.001095
0.001077
0.001060
0.001043
0.001027
0.001011
0.000995
0.000980
0.000966
0.000951
0.000938
0.000924
0.000911
0.000898
0.000886
0.000874
0.000863
0.000852
0.000841
0.000830
0.000820
0.000810
0.000800
0.000791
0.000781
0.000773
0.000764
0.000755
0.000747
0.000740
0.000732
0.000724
0.000717
0.000710
0.000703
0.000696
0.000689
0.000682
0.000676
0.000669
0.000663
0.000657
0.000651
0.000645
0.000639
0.000633
0.000627
0.000621
0.000616
0.000610
0.000605
0.000599
0.000594
0.000589
0.000584
0.000579
0.000574
0.000569
0.000563
0.000553
0.000550
0.000548
0.000546
0.000544
0.000543
0.000541
0.000540
0.000538
0.000536
0.000535
0.000533
0.000532
0.000530
0.000529
0.000527
0.000526
0.000524
0.000523
0.000521
0.000520
0.000519
0.000517
0.000516
0.000514
0.000513
0.000512
0.000510
0.000509
0.000508
0.000507
0.000506
0.000504
0.000503
0.000502
0.000501
0.000500
0.000499
0.000498
0.000497
0.000496
0.000495
0.000494
0.000493
0.000492
0.000491
0.000490
0.000489
0.000488
0.000487
0.000486
0.000485
0.000485
0.000484
0.000483
0.000482
0.000482
0.000481
0.000480
0.000480
0.000479
0.000478
0.000478
0.000477
0.000477
0.000476
0.000476
0.000475
0.000474
0.000474
0.000473
0.000473
0.000472
0.000471
0.000471
0.000470
0.000470
0.000469
0.000468
0.000468
0.000467
0.000466
0.000465
0.000465
0.000464
0.000463
0.000462
0.000462
0.000461
0.000460
0.000459
0.000459
0.000458
0.000457
0.000456
0.000456
0.000455
0.000454
0.000453
0.000451
0.000446
0.000445
0.000444
0.000444
0.000443
0.000443
0.000443
0.000443
0.000442
0.000442
0.000442
0.000442
0.000441
0.000441
0.000441
0.000441
0.000440
0.000440
0.000440
0.000440
0.000440
0.000439
0.000439
0.000439
0.000439
0.000439
0.000438
0.000438
0.000438
0.000438
0.000437
0.000437
0.000437
0.000437
0.000437
0.000437
0.000436
0.000436
0.000436
0.000436
0.000436
0.000435
0.000435
0.000435
0.000435
0.000435
0.000435
0.000435
0.000434
0.000434
0.000434
0.000434
0.000434
0.000434
0.000434
0.000434
0.000433
0.000433
0.000433
0.000433
0.000433
0.000433
0.000433
0.000433
0.000433
0.000433
0.000432
0.000432
0.000432
0.000432
0.000432
0.000432
0.000432
0.000432
0.000432
0.000432
0.000432
0.000432
0.000432
0.000432
0.000431
0.000431
0.000431
0.000431
0.000431
0.000431
0.000431
0.000431
0.000431
0.000431
0.000431
0.000431
0.000431
0.000430
0.000430
0.000430
0.000430
0.000430
0.000430
0.000423
0.000423
0.000422
0.000422
0.000422
0.000421
0.000421
0.000421
0.000421
0.000421
0.000421
0.000421
0.000421
0.000421
0.000421
0.000421
0.000420
0.000420
0.000420
0.000420
0.000420
0.000420
0.000420
0.000420
0.000420
0.000420
0.000420
0.000419
0.000419
0.000419
0.000419
0.000419
0.000419
0.000419
0.000419
0.000419
0.000419
0.000419
0.000418
0.000418
0.000418
0.000418
0.000418
0.000418
0.000418
0.000418
0.000418
0.000418
0.000417
0.000417
0.000417
0.000417
0.000417
0.000417
0.000417
0.000417
0.000417
0.000417
0.000417
0.000416
0.000416
0.000416
0.000416
0.000416
0.000416
0.000416
0.000416
0.000416
0.000416
0.000415
0.000415
0.000415
0.000415
0.000415
0.000415
0.000415
0.000415
0.000414
0.000414
0.000414
0.000414
0.000414
0.000414
0.000414
0.000414
0.000413
0.000413
0.000413
0.000413
0.000413
0.000413
0.000412
0.000412
0.000412
0.000412
0.000412
0.000411
0.000411
0.000411
0.000411
0.000409
0.000409
0.000409
0.000409
0.000409
0.000409
0.000409
0.000409
0.000409
0.000409
0.000408
0.000408
0.000408
0.000408
0.000408
0.000408
0.000408
0.000407
0.000407
0.000407
0.000407
0.000407
0.000407
0.000407
0.000406
0.000406
0.000406
0.000406
0.000406
0.000406
0.000406
0.000405
0.000405
0.000405
0.000405
0.000405
0.000405
0.000404
0.000404
0.000404
0.000404
0.000404
0.000404
0.000403
0.000403
0.000403
0.000403
0.000403
0.000403
0.000402
0.000402
0.000402
0.000402
0.000402
0.000402
0.000401
0.000401
0.000401
0.000401
0.000401
0.000400
0.000400
0.000400
0.000400
0.000400
0.000400
0.000399
0.000399
0.000399
0.000399
0.000399
0.000398
0.000398
0.000398
0.000398
0.000398
0.000398
0.000397
0.000397
0.000397
0.000397
0.000397
0.000396
0.000396
0.000396
0.000396
0.000396
0.000396
0.000395
0.000395
0.000395
0.000395
0.000395
0.000394
0.000394
0.000394
0.000394
0.000394
0.000393
0.000393
