0.329761
0.050203
0.029830
0.019622
0.014336
0.011443
0.009499
0.008085
0.006993
0.006125
0.005418
0.004842
0.004369
0.003980
0.003657
0.003386
0.003158
0.002963
0.002796
0.002650
0.002522
0.002407
0.002303
0.002210
0.002126
0.002050
0.001980
0.001916
0.001857
0.001803
0.001754
0.001708
0.001665
0.001625
0.001588
0.001553
0.001521
0.001492
0.001465
0.001439
0.001416
0.001393
0.001372
0.001352
0.001334
0.001317
0.001301
0.001286
0.001273
0.001260
0.001248
0.001237
0.001226
0.001216
0.001207
0.001199
0.001191
0.001183
0.001176
0.001169
0.001163
0.001158
0.001153
0.001148
0.001143
0.001139
0.001135
0.001132
0.001128
0.001125
0.001123
0.001120
0.001118
0.001116
0.001114
0.001112
0.001111
0.001109
0.001108
0.001107
0.001106
0.001105
0.001105
0.001104
0.001104
0.001103
0.001103
0.001103
0.001103
0.001103
0.001103
0.001103
0.001103
0.001103
0.001103
0.001103
0.001103
0.001102
0.001102
0.001101
0.001027
0.000994
0.000980
0.000980
0.000977
0.000976
0.000974
0.000972
0.000969
0.000967
0.000965
0.000962
0.000960
0.000957
0.000955
0.000952
0.000950
0.000947
0.000944
0.000942
0.000939
0.000936
0.000933
0.000930
0.000927
0.000923
0.000920
0.000916
0.000912
0.000908
0.000904
0.000900
0.000895
0.000891
0.000886
0.000881
0.000876
0.000870
0.000864
0.000858
0.000852
0.000846
0.000839
0.000832
0.000824
0.000816
0.000808
0.000800
0.000791
0.000782
0.000773
0.000763
0.000753
0.000743
0.000733
0.000723
0.000713
0.000703
0.000693
0.000684
0.000674
0.000665
0.000656
0.000648
0.000640
0.000633
0.000625
0.000618
0.000612
0.000605
0.000599
0.000594
0.000589
0.000584
0.000579
0.000574
0.000570
0.000565
0.000560
0.000555
0.000550
0.000544
0.000537
0.000531
0.000525
0.000519
0.000513
0.000506
0.000500
0.000495
0.000489
0.000484
0.000481
0.000477
0.000474
0.000470
0.000467
0.000464
0.000461
0.000458
0.000458
0.000445
0.000441
0.000441
0.000439
0.000438
0.000437
0.000436
0.000435
0.000434
0.000433
0.000432
0.000431
0.000430
0.000429
0.000428
0.000427
0.000426
0.000425
0.000424
0.000423
0.000422
0.000421
0.000421
0.000420
0.000419
0.000418
0.000418
0.000417
0.000416
0.000415
0.000415
0.000414
0.000413
0.000413
0.000412
0.000411
0.000411
0.000410
0.000410
0.000409
0.000408
0.000408
0.000407
0.000406
0.000406
0.000405
0.000405
0.000404
0.000403
0.000403
0.000402
0.000401
0.000401
0.000400
0.000399
0.000398
0.000397
0.000397
0.000396
0.000395
0.000394
0.000393
0.000392
0.000391
0.000390
0.000389
0.000388
0.000387
0.000386
0.000385
0.000384
0.000383
0.000383
0.000382
0.000381
0.000380
0.000379
0.000378
0.000377
0.000377
0.000376
0.000375
0.000375
0.000374
0.000373
0.000372
0.000372
0.000371
0.000371
0.000370
0.000369
0.000369
0.000368
0.000367
0.000367
0.000366
0.000366
0.000365
0.000365
0.000364
0.000363
0.000360
0.000360
0.000360
0.000360
0.000360
0.000359
0.000359
0.000359
0.000359
0.000359
0.000358
0.000358
0.000358
0.000358
0.000358
0.000358
0.000357
0.000357
0.000357
0.000357
0.000357
0.000357
0.000356
0.000356
0.000356
0.000356
0.000356
0.000356
0.000356
0.000356
0.000355
0.000355
0.000355
0.000355
0.000355
0.000355
0.000355
0.000355
0.000355
0.000355
0.000354
0.000354
0.000354
0.000354
0.000354
0.000354
0.000354
0.000354
0.000354
0.000354
0.000354
0.000354
0.000353
0.000353
0.000353
0.000353
0.000353
0.000353
0.000353
0.000353
0.000352
0.000352
0.000352
0.000352
0.000352
0.000352
0.000352
0.000352
0.000351
0.000351
0.000351
0.000351
0.000351
0.000351
0.000350
0.000350
0.000350
0.000350
0.000350
0.000350
0.000349
0.000349
0.000349
0.000349
0.000349
0.000349
0.000348
0.000348
0.000348
0.000348
0.000348
0.000347
0.000347
0.000347
0.000347
0.000347
0.000346
0.000346
0.000342
0.000338
0.000338
0.000338
0.000338
0.000338
0.000337
0.000337
0.000337
0.000337
0.000337
0.000337
0.000337
0.000337
0.000337
0.000337
0.000337
0.000337
0.000336
0.000336
0.000336
0.000336
0.000336
0.000336
0.000336
0.000336
0.000336
0.000336
0.000336
0.000336
0.000336
0.000335
0.000335
0.000335
0.000335
0.000335
0.000335
0.000335
0.000335
0.000335
0.000335
0.000335
0.000335
0.000335
0.000335
0.000334
0.000334
0.000334
0.000334
0.000334
0.000334
0.000334
0.000334
0.000334
0.000334
0.000334
0.000334
0.000334
0.000334
0.000333
0.000333
0.000333
0.000333
0.000333
0.000333
0.000333
0.000333
0.000333
0.000333
0.000333
0.000333
0.000333
0.000333
0.000333
0.000333
0.000333
0.000332
0.000332
0.000332
0.000332
0.000332
0.000332
0.000332
0.000332
0.000332
0.000332
0.000332
0.000332
0.000332
0.000332
0.000332
0.000332
0.000331
0.000331
0.000331
0.000331
0.000331
0.000331
0.000331
0.000331
