0.496037
0.080960
0.033098
0.018967
0.013350
0.010380
0.008606
0.007387
0.006465
0.005731
0.005123
0.004608
0.004167
0.003786
0.003458
0.003178
0.002943
0.002747
0.002585
0.002451
0.002339
0.002245
0.002165
0.002097
0.002040
0.001990
0.001947
0.001909
0.001875
0.001843
0.001815
0.001789
0.001764
0.001741
0.001720
0.001699
0.001680
0.001661
0.001643
0.001626
0.001610
0.001594
0.001578
0.001563
0.001549
0.001535
0.001521
0.001508
0.001495
0.001482
0.001470
0.001458
0.001446
0.001435
0.001424
0.001414
0.001403
0.001393
0.001383
0.001374
0.001364
0.001355
0.001346
0.001337
0.001328
0.001320
0.001312
0.001304
0.001296
0.001288
0.001281
0.001273
0.001266
0.001258
0.001251
0.001244
0.001236
0.001229
0.001221
0.001214
0.001206
0.001199
0.001191
0.001184
0.001176
0.001167
0.001158
0.001148
0.001138
0.001127
0.001116
0.001105
0.001093
0.001080
0.001067
0.001053
0.001038
0.001024
0.001011
0.000998
0.000957
0.000960
0.000951
0.000940
0.000934
0.000928
0.000921
0.000915
0.000909
0.000903
0.000897
0.000891
0.000886
0.000880
0.000875
0.000870
0.000864
0.000859
0.000854
0.000849
0.000844
0.000839
0.000835
0.000830
0.000826
0.000821
0.000817
0.000813
0.000809
0.000804
0.000800
0.000796
0.000793
0.000789
0.000785
0.000781
0.000777
0.000774
0.000770
0.000766
0.000763
0.000759
0.000756
0.000752
0.000749
0.000745
0.000742
0.000738
0.000735
0.000732
0.000728
0.000725
0.000722
0.000719
0.000716
0.000713
0.000709
0.000706
0.000703
0.000700
0.000698
0.000695
0.000692
0.000689
0.000686
0.000683
0.000681
0.000678
0.000675
0.000672
0.000670
0.000667
0.000664
0.000661
0.000658
0.000656
0.000653
0.000651
0.000648
0.000646
0.000644
0.000641
0.000638
0.000636
0.000633
0.000631
0.000628
0.000625
0.000623
0.000621
0.000619
0.000616
0.000613
0.000611
0.000609
0.000606
0.000604
0.000602
0.000599
0.000597
0.000581
0.000583
0.000581
0.000578
0.000577
0.000575
0.000574
0.000573
0.000571
0.000570
0.000569
0.000567
0.000566
0.000565
0.000563
0.000562
0.000561
0.000559
0.000558
0.000557
0.000555
0.000554
0.000552
0.000551
0.000550
0.000548
0.000547
0.000545
0.000544
0.000543
0.000541
0.000540
0.000538
0.000537
0.000536
0.000534
0.000533
0.000531
0.000530
0.000529
0.000527
0.000526
0.000524
0.000523
0.000521
0.000520
0.000518
0.000517
0.000516
0.000514
0.000513
0.000511
0.000510
0.000508
0.000507
0.000505
0.000504
0.000502
0.000501
0.000499
0.000498
0.000496
0.000495
0.000493
0.000492
0.000490
0.000489
0.000487
0.000486
0.000484
0.000483
0.000482
0.000480
0.000479
0.000477
0.000476
0.000475
0.000473
0.000472
0.000470
0.000469
0.000468
0.000466
0.000465
0.000464
0.000462
0.000461
0.000459
0.000458
0.000457
0.000456
0.000454
0.000453
0.000452
0.000450
0.000449
0.000448
0.000447
0.000446
0.000444
0.000441
0.000443
0.000444
0.000444
0.000443
0.000442
0.000442
0.000441
0.000440
0.000440
0.000439
0.000438
0.000438
0.000437
0.000437
0.000436
0.000436
0.000435
0.000434
0.000434
0.000433
0.000433
0.000432
0.000432
0.000431
0.000431
0.000430
0.000430
0.000429
0.000429
0.000428
0.000428
0.000427
0.000427
0.000426
0.000426
0.000425
0.000425
0.000424
0.000424
0.000424
0.000423
0.000423
0.000422
0.000422
0.000421
0.000421
0.000420
0.000420
0.000419
0.000419
0.000419
0.000418
0.000418
0.000417
0.000417
0.000417
0.000416
0.000416
0.000415
0.000415
0.000415
0.000414
0.000414
0.000414
0.000413
0.000413
0.000412
0.000412
0.000412
0.000411
0.000411
0.000411
0.000410
0.000410
0.000410
0.000409
0.000409
0.000409
0.000408
0.000408
0.000408
0.000408
0.000407
0.000407
0.000407
0.000406
0.000406
0.000406
0.000405
0.000405
0.000405
0.000405
0.000404
0.000404
0.000404
0.000404
0.000403
0.000403
0.000403
0.000400
0.000400
0.000401
0.000401
0.000401
0.000401
0.000401
0.000401
0.000401
0.000401
0.000400
0.000400
0.000400
0.000400
0.000400
0.000400
0.000400
0.000400
0.000400
0.000399
0.000399
0.000399
0.000399
0.000399
0.000399
0.000399
0.000399
0.000398
0.000398
0.000398
0.000398
0.000398
0.000398
0.000398
0.000397
0.000397
0.000397
0.000397
0.000397
0.000397
0.000397
0.000397
0.000397
0.000397
0.000396
0.000396
0.000396
0.000396
0.000396
0.000396
0.000396
0.000396
0.000395
0.000395
0.000395
0.000395
0.000395
0.000395
0.000395
0.000395
0.000395
0.000394
0.000394
0.000394
0.000394
0.000394
0.000394
0.000394
0.000394
0.000394
0.000393
0.000393
0.000393
0.000393
0.000393
0.000393
0.000393
0.000393
0.000392
0.000392
0.000392
0.000392
0.000392
0.000392
0.000392
0.000392
0.000391
0.000391
0.000391
0.000391
0.000391
0.000391
0.000391
0.000391
0.000390
0.000390
0.000390
0.000390
0.000390
0.000390
