0.277222
0.094123
0.078699
0.064537
0.053673
0.043289
0.033753
0.025350
0.018174
0.012326
0.007952
0.005116
0.003608
0.002963
0.002714
0.002597
0.002521
0.002462
0.002414
0.002373
0.002336
0.002303
0.002273
0.002244
0.002218
0.002193
0.002170
0.002147
0.002126
0.002106
0.002087
0.002069
0.002051
0.002034
0.002018
0.002002
0.001987
0.001972
0.001957
0.001943
0.001929
0.001915
0.001901
0.001887
0.001874
0.001861
0.001847
0.001835
0.001822
0.001810
0.001798
0.001787
0.001775
0.001764
0.001754
0.001743
0.001733
0.001723
0.001714
0.001704
0.001695
0.001685
0.001676
0.001667
0.001658
0.001649
0.001640
0.001631
0.001622
0.001614
0.001605
0.001596
0.001587
0.001579
0.001570
0.001561
0.001552
0.001543
0.001534
0.001525
0.001516
0.001507
0.001498
0.001489
0.001480
0.001471
0.001461
0.001452
0.001442
0.001433
0.001423
0.001414
0.001404
0.001394
0.001385
0.001375
0.001365
0.001355
0.001346
0.001336
0.001324
0.001321
0.001317
0.001313
0.001308
0.001304
0.001299
0.001294
0.001289
0.001284
0.001278
0.001273
0.001268
0.001263
0.001258
0.001253
0.001248
0.001242
0.001237
0.001232
0.001227
0.001222
0.001217
0.001212
0.001206
0.001201
0.001196
0.001191
0.001186
0.001181
0.001176
0.001171
0.001166
0.001161
0.001156
0.001151
0.001146
0.001141
0.001136
0.001131
0.001126
0.001122
0.001117
0.001112
0.001108
0.001103
0.001099
0.001094
0.001090
0.001085
0.001081
0.001077
0.001072
0.001068
0.001064
0.001060
0.001056
0.001052
0.001048
0.001044
0.001040
0.001036
0.001033
0.001029
0.001025
0.001022
0.001018
0.001015
0.001011
0.001008
0.001005
0.001001
0.000998
0.000995
0.000992
0.000989
0.000986
0.000983
0.000980
0.000977
0.000974
0.000972
0.000969
0.000967
0.000964
0.000961
0.000959
0.000957
0.000954
0.000952
0.000950
0.000948
0.000945
0.000943
0.000941
0.000939
0.000937
0.000935
0.000934
0.000932
0.000929
0.000929
0.000928
0.000927
0.000927
0.000926
0.000925
0.000924
0.000923
0.000923
0.000922
0.000921
0.000920
0.000919
0.000919
0.000918
0.000917
0.000916
0.000916
0.000915
0.000914
0.000913
0.000913
0.000912
0.000911
0.000910
0.000910
0.000909
0.000908
0.000908
0.000907
0.000906
0.000906
0.000905
0.000904
0.000904
0.000903
0.000902
0.000902
0.000901
0.000900
0.000900
0.000899
0.000899
0.000898
0.000897
0.000897
0.000896
0.000896
0.000895
0.000895
0.000894
0.000894
0.000893
0.000893
0.000892
0.000892
0.000891
0.000891
0.000890
0.000890
0.000889
0.000889
0.000889
0.000888
0.000888
0.000887
0.000887
0.000886
0.000886
0.000886
0.000885
0.000885
0.000884
0.000884
0.000884
0.000883
0.000883
0.000883
0.000882
0.000882
0.000882
0.000881
0.000881
0.000881
0.000880
0.000880
0.000880
0.000880
0.000879
0.000879
0.000879
0.000879
0.000878
0.000878
0.000878
0.000878
0.000877
0.000877
0.000877
0.000876
0.000877
0.000877
0.000877
0.000877
0.000877
0.000877
0.000877
0.000877
0.000877
0.000877
0.000877
0.000877
0.000877
0.000876
0.000876
0.000876
0.000876
0.000876
0.000876
0.000876
0.000876
0.000876
0.000876
0.000876
0.000876
0.000876
0.000876
0.000876
0.000876
0.000875
0.000875
0.000875
0.000875
0.000875
0.000875
0.000875
0.000875
0.000875
0.000875
0.000875
0.000875
0.000875
0.000875
0.000875
0.000875
0.000875
0.000875
0.000875
0.000874
0.000874
0.000874
0.000874
0.000874
0.000874
0.000874
0.000874
0.000874
0.000874
0.000874
0.000874
0.000874
0.000874
0.000874
0.000874
0.000874
0.000874
0.000874
0.000873
0.000873
0.000873
0.000873
0.000873
0.000873
0.000873
0.000873
0.000873
0.000873
0.000873
0.000873
0.000873
0.000873
0.000873
0.000873
0.000873
0.000873
0.000873
0.000873
0.000873
0.000873
0.000872
0.000872
0.000872
0.000872
0.000872
0.000872
0.000872
0.000872
0.000872
0.000872
0.000870
0.000869
0.000868
0.000869
0.000869
0.000869
0.000869
0.000869
0.000869
0.000869
0.000869
0.000869
0.000869
0.000868
0.000868
0.000868
0.000868
0.000868
0.000868
0.000868
0.000868
0.000868
0.000868
0.000868
0.000868
0.000868
0.000868
0.000868
0.000868
0.000868
0.000868
0.000868
0.000868
0.000868
0.000868
0.000868
0.000868
0.000868
0.000868
0.000868
0.000868
0.000868
0.000868
0.000868
0.000868
0.000868
0.000868
0.000868
0.000868
0.000868
0.000868
0.000868
0.000868
0.000868
0.000868
0.000868
0.000868
0.000868
0.000868
0.000868
0.000868
0.000868
0.000868
0.000868
0.000868
0.000868
0.000868
0.000868
0.000868
0.000868
0.000868
0.000868
0.000868
0.000868
0.000868
0.000868
0.000868
0.000868
0.000868
0.000868
0.000868
0.000868
0.000868
0.000868
0.000868
0.000868
0.000868
0.000868
0.000868
0.000868
0.000868
0.000868
0.000868
0.000868
0.000868
0.000868
0.000868
0.000867
0.000867
0.000867
