0.082501
0.018489
0.008103
0.005441
0.003978
0.002840
0.002019
0.001590
0.001365
0.001227
0.001135
0.001069
0.001015
0.000969
0.000929
0.000894
0.000863
0.000834
0.000810
0.000788
0.000769
0.000752
0.000735
0.000719
0.000705
0.000692
0.000679
0.000667
0.000656
0.000645
0.000633
0.000622
0.000610
0.000599
0.000587
0.000576
0.000564
0.000553
0.000541
0.000530
0.000521
0.000513
0.000506
0.000499
0.000493
0.000487
0.000482
0.000476
0.000471
0.000466
0.000461
0.000457
0.000452
0.000447
0.000442
0.000437
0.000433
0.000429
0.000425
0.000422
0.000418
0.000415
0.000412
0.000409
0.000407
0.000404
0.000402
0.000400
0.000398
0.000397
0.000395
0.000393
0.000390
0.000388
0.000384
0.000381
0.000378
0.000374
0.000372
0.000369
0.000367
0.000365
0.000364
0.000362
0.000361
0.000360
0.000359
0.000358
0.000357
0.000356
0.000355
0.000355
0.000354
0.000353
0.000353
0.000352
0.000352
0.000351
0.000350
0.000350
0.000338
0.000333
0.000333
0.000332
0.000331
0.000331
0.000330
0.000330
0.000329
0.000329
0.000328
0.000327
0.000327
0.000326
0.000326
0.000325
0.000324
0.000324
0.000324
0.000323
0.000323
0.000322
0.000322
0.000321
0.000320
0.000320
0.000319
0.000318
0.000318
0.000317
0.000317
0.000316
0.000316
0.000315
0.000314
0.000314
0.000313
0.000312
0.000312
0.000311
0.000310
0.000309
0.000308
0.000307
0.000306
0.000305
0.000304
0.000303
0.000301
0.000300
0.000299
0.000298
0.000297
0.000296
0.000295
0.000294
0.000294
0.000293
0.000292
0.000292
0.000291
0.000291
0.000291
0.000290
0.000290
0.000289
0.000289
0.000289
0.000288
0.000288
0.000288
0.000287
0.000287
0.000287
0.000287
0.000286
0.000287
0.000286
0.000286
0.000286
0.000286
0.000286
0.000286
0.000286
0.000286
0.000285
0.000285
0.000285
0.000285
0.000285
0.000285
0.000285
0.000285
0.000284
0.000284
0.000284
0.000284
0.000284
0.000284
0.000284
0.000275
0.000273
0.000272
0.000272
0.000272
0.000272
0.000272
0.000271
0.000271
0.000271
0.000271
0.000271
0.000271
0.000271
0.000271
0.000271
0.000270
0.000270
0.000270
0.000270
0.000270
0.000270
0.000270
0.000270
0.000270
0.000270
0.000270
0.000270
0.000270
0.000270
0.000270
0.000270
0.000270
0.000270
0.000270
0.000270
0.000270
0.000270
0.000270
0.000270
0.000270
0.000270
0.000270
0.000270
0.000270
0.000270
0.000270
0.000270
0.000270
0.000270
0.000270
0.000270
0.000270
0.000270
0.000270
0.000270
0.000270
0.000270
0.000270
0.000270
0.000270
0.000270
0.000270
0.000270
0.000270
0.000270
0.000270
0.000270
0.000270
0.000270
0.000270
0.000270
0.000270
0.000270
0.000270
0.000270
0.000270
0.000270
0.000270
0.000270
0.000270
0.000270
0.000269
0.000269
0.000269
0.000269
0.000269
0.000269
0.000269
0.000269
0.000269
0.000269
0.000269
0.000269
0.000269
0.000269
0.000269
0.000269
0.000269
0.000269
0.000265
0.000264
0.000264
0.000264
0.000264
0.000263
0.000263
0.000263
0.000263
0.000263
0.000263
0.000263
0.000263
0.000263
0.000263
0.000263
0.000263
0.000263
0.000263
0.000263
0.000263
0.000263
0.000262
0.000262
0.000262
0.000262
0.000262
0.000262
0.000262
0.000262
0.000262
0.000262
0.000262
0.000262
0.000262
0.000262
0.000262
0.000262
0.000262
0.000262
0.000262
0.000262
0.000262
0.000262
0.000262
0.000262
0.000262
0.000262
0.000262
0.000262
0.000262
0.000262
0.000262
0.000262
0.000262
0.000262
0.000262
0.000262
0.000262
0.000262
0.000262
0.000262
0.000262
0.000262
0.000262
0.000262
0.000262
0.000262
0.000262
0.000261
0.000261
0.000261
0.000261
0.000261
0.000261
0.000261
0.000261
0.000261
0.000261
0.000261
0.000261
0.000261
0.000261
0.000261
0.000261
0.000261
0.000261
0.000261
0.000261
0.000261
0.000261
0.000261
0.000261
0.000261
0.000261
0.000261
0.000261
0.000261
0.000261
0.000261
0.000260
0.000260
0.000260
0.000260
0.000261
0.000260
0.000260
0.000260
0.000260
0.000260
0.000260
0.000260
0.000260
0.000260
0.000260
0.000260
0.000260
0.000260
0.000260
0.000260
0.000260
0.000260
0.000260
0.000260
0.000260
0.000260
0.000260
0.000260
0.000260
0.000260
0.000260
0.000260
0.000260
0.000260
0.000260
0.000260
0.000260
0.000260
0.000260
0.000260
0.000260
0.000260
0.000260
0.000260
0.000260
0.000260
0.000260
0.000260
0.000260
0.000260
0.000260
0.000260
0.000260
0.000260
0.000260
0.000260
0.000260
0.000260
0.000260
0.000260
0.000260
0.000260
0.000260
0.000260
0.000260
0.000260
0.000260
0.000260
0.000260
0.000260
0.000260
0.000260
0.000260
0.000260
0.000260
0.000260
0.000260
0.000260
0.000259
0.000259
0.000259
0.000259
0.000259
0.000259
0.000259
0.000259
0.000259
0.000259
0.000259
0.000259
0.000259
0.000259
0.000259
0.000259
0.000259
0.000259
0.000259
0.000259
0.000259
0.000259
