7.314491
4.693246
2.722085
1.385092
0.681768
0.358848
0.236260
0.182458
0.146258
0.119571
0.099915
0.084905
0.073148
0.063795
0.056242
0.050055
0.044915
0.040587
0.036899
0.033722
0.030964
0.028553
0.026435
0.024568
0.022918
0.021459
0.020167
0.019022
0.018007
0.017107
0.016308
0.015599
0.014968
0.014406
0.013905
0.013456
0.013054
0.012690
0.012362
0.012063
0.011789
0.011538
0.011306
0.011090
0.010889
0.010700
0.010522
0.010353
0.010193
0.010041
0.009894
0.009754
0.009619
0.009489
0.009363
0.009241
0.009123
0.009007
0.008895
0.008786
0.008680
0.008576
0.008474
0.008375
0.008277
0.008182
0.008089
0.007997
0.007907
0.007820
0.007733
0.007649
0.007566
0.007484
0.007404
0.007325
0.007248
0.007172
0.007098
0.007025
0.006953
0.006882
0.006812
0.006744
0.006677
0.006611
0.006546
0.006483
0.006420
0.006359
0.006298
0.006239
0.006180
0.006123
0.006066
0.006011
0.005956
0.005902
0.005850
0.005798
0.005725
0.005704
0.005684
0.005658
0.005630
0.005603
0.005577
0.005551
0.005526
0.005500
0.005474
0.005449
0.005424
0.005399
0.005374
0.005349
0.005324
0.005299
0.005275
0.005250
0.005226
0.005202
0.005178
0.005154
0.005130
0.005106
0.005083
0.005059
0.005036
0.005013
0.004990
0.004967
0.004944
0.004921
0.004899
0.004876
0.004854
0.004832
0.004809
0.004787
0.004766
0.004744
0.004722
0.004701
0.004679
0.004658
0.004637
0.004616
0.004595
0.004574
0.004554
0.004533
0.004513
0.004493
0.004473
0.004453
0.004433
0.004413
0.004393
0.004374
0.004355
0.004335
0.004316
0.004297
0.004278
0.004260
0.004241
0.004222
0.004204
0.004186
0.004168
0.004150
0.004132
0.004114
0.004096
0.004079
0.004061
0.004044
0.004027
0.004010
0.003993
0.003976
0.003959
0.003943
0.003926
0.003910
0.003894
0.003877
0.003861
0.003846
0.003830
0.003814
0.003799
0.003783
0.003768
0.003753
0.003738
0.003723
0.003708
0.003693
0.003646
0.003646
0.003644
0.003633
0.003623
0.003613
0.003606
0.003598
0.003590
0.003581
0.003573
0.003565
0.003557
0.003549
0.003541
0.003533
0.003525
0.003517
0.003508
0.003500
0.003492
0.003484
0.003476
0.003468
0.003460
0.003452
0.003444
0.003436
0.003428
0.003420
0.003412
0.003404
0.003396
0.003388
0.003380
0.003372
0.003364
0.003356
0.003348
0.003340
0.003333
0.003325
0.003317
0.003309
0.003301
0.003293
0.003285
0.003277
0.003269
0.003261
0.003253
0.003245
0.003238
0.003230
0.003222
0.003214
0.003206
0.003198
0.003190
0.003182
0.003175
0.003167
0.003159
0.003151
0.003143
0.003135
0.003128
0.003120
0.003112
0.003104
0.003096
0.003089
0.003081
0.003073
0.003065
0.003057
0.003050
0.003042
0.003034
0.003026
0.003019
0.003011
0.003003
0.002996
0.002988
0.002980
0.002972
0.002965
0.002957
0.002949
0.002942
0.002934
0.002926
0.002919
0.002911
0.002903
0.002896
0.002888
0.002881
0.002873
0.002849
0.002858
0.002868
0.002868
0.002865
0.002860
0.002856
0.002851
0.002847
0.002842
0.002838
0.002834
0.002829
0.002825
0.002821
0.002816
0.002812
0.002807
0.002803
0.002799
0.002794
0.002790
0.002785
0.002781
0.002776
0.002772
0.002767
0.002763
0.002758
0.002754
0.002749
0.002745
0.002740
0.002735
0.002731
0.002726
0.002722
0.002717
0.002712
0.002708
0.002703
0.002698
0.002694
0.002689
0.002685
0.002680
0.002675
0.002670
0.002666
0.002661
0.002656
0.002652
0.002647
0.002642
0.002637
0.002633
0.002628
0.002623
0.002618
0.002614
0.002609
0.002604
0.002599
0.002595
0.002590
0.002585
0.002580
0.002575
0.002571
0.002566
0.002561
0.002556
0.002551
0.002547
0.002542
0.002537
0.002532
0.002527
0.002522
0.002517
0.002513
0.002508
0.002503
0.002498
0.002493
0.002488
0.002483
0.002479
0.002474
0.002469
0.002464
0.002459
0.002454
0.002449
0.002444
0.002439
0.002435
0.002430
0.002425
0.002420
0.002408
0.002422
0.002426
0.002421
0.002416
0.002412
0.002409
0.002407
0.002405
0.002402
0.002400
0.002397
0.002395
0.002393
0.002390
0.002388
0.002385
0.002383
0.002380
0.002378
0.002375
0.002373
0.002370
0.002368
0.002365
0.002362
0.002360
0.002357
0.002355
0.002352
0.002349
0.002347
0.002344
0.002342
0.002339
0.002336
0.002334
0.002331
0.002328
0.002326
0.002323
0.002320
0.002318
0.002315
0.002312
0.002310
0.002307
0.002304
0.002301
0.002299
0.002296
0.002293
0.002290
0.002288
0.002285
0.002282
0.002279
0.002276
0.002274
0.002271
0.002268
0.002265
0.002262
0.002259
0.002257
0.002254
0.002251
0.002248
0.002245
0.002242
0.002239
0.002236
0.002234
0.002231
0.002228
0.002225
0.002222
0.002219
0.002216
0.002213
0.002210
0.002207
0.002204
0.002201
0.002198
0.002195
0.002192
0.002190
0.002187
0.002184
0.002181
0.002178
0.002175
0.002172
0.002169
0.002166
0.002163
0.002160
0.002157
0.002154
