0.401131
0.072644
0.020963
0.008656
0.006487
0.005600
0.005025
0.004611
0.004267
0.003963
0.003689
0.003441
0.003216
0.003012
0.002826
0.002657
0.002505
0.002369
0.002248
0.002140
0.002044
0.001959
0.001882
0.001814
0.001754
0.001700
0.001652
0.001608
0.001569
0.001534
0.001502
0.001473
0.001446
0.001421
0.001398
0.001376
0.001355
0.001335
0.001316
0.001297
0.001279
0.001262
0.001245
0.001228
0.001212
0.001196
0.001180
0.001163
0.001147
0.001131
0.001114
0.001098
0.001081
0.001065
0.001048
0.001032
0.001015
0.000999
0.000983
0.000968
0.000953
0.000939
0.000925
0.000911
0.000899
0.000886
0.000874
0.000863
0.000852
0.000841
0.000830
0.000819
0.000809
0.000799
0.000789
0.000779
0.000770
0.000760
0.000750
0.000741
0.000732
0.000723
0.000714
0.000705
0.000696
0.000687
0.000678
0.000670
0.000661
0.000653
0.000644
0.000636
0.000628
0.000619
0.000611
0.000603
0.000595
0.000587
0.000579
0.000571
0.000569
0.000577
0.000578
0.000575
0.000570
0.000566
0.000562
0.000559
0.000555
0.000551
0.000548
0.000544
0.000540
0.000537
0.000533
0.000529
0.000525
0.000521
0.000517
0.000513
0.000509
0.000505
0.000500
0.000496
0.000492
0.000488
0.000484
0.000480
0.000476
0.000473
0.000469
0.000466
0.000463
0.000460
0.000457
0.000454
0.000451
0.000448
0.000446
0.000443
0.000441
0.000439
0.000437
0.000435
0.000432
0.000430
0.000428
0.000426
0.000424
0.000422
0.000421
0.000419
0.000417
0.000415
0.000413
0.000411
0.000409
0.000408
0.000406
0.000404
0.000403
0.000401
0.000399
0.000398
0.000396
0.000394
0.000393
0.000391
0.000390
0.000389
0.000387
0.000386
0.000385
0.000384
0.000382
0.000381
0.000380
0.000379
0.000378
0.000377
0.000377
0.000376
0.000375
0.000375
0.000374
0.000374
0.000374
0.000374
0.000374
0.000374
0.000374
0.000373
0.000373
0.000372
0.000371
0.000370
0.000369
0.000367
0.000365
0.000363
0.000357
0.000354
0.000352
0.000350
0.000349
0.000349
0.000348
0.000347
0.000347
0.000346
0.000346
0.000345
0.000345
0.000344
0.000344
0.000343
0.000343
0.000342
0.000342
0.000341
0.000341
0.000340
0.000340
0.000339
0.000339
0.000338
0.000338
0.000337
0.000337
0.000337
0.000336
0.000336
0.000335
0.000335
0.000335
0.000334
0.000334
0.000333
0.000333
0.000333
0.000332
0.000332
0.000331
0.000331
0.000331
0.000330
0.000330
0.000330
0.000329
0.000329
0.000329
0.000328
0.000328
0.000328
0.000327
0.000327
0.000327
0.000326
0.000326
0.000326
0.000326
0.000325
0.000325
0.000325
0.000325
0.000324
0.000324
0.000324
0.000324
0.000324
0.000324
0.000324
0.000323
0.000323
0.000323
0.000323
0.000323
0.000323
0.000323
0.000323
0.000323
0.000323
0.000323
0.000323
0.000323
0.000323
0.000323
0.000323
0.000323
0.000322
0.000322
0.000322
0.000322
0.000322
0.000321
0.000321
0.000321
0.000321
0.000320
0.000320
0.000314
0.000312
0.000310
0.000310
0.000310
0.000310
0.000309
0.000309
0.000309
0.000309
0.000308
0.000308
0.000308
0.000308
0.000307
0.000307
0.000307
0.000307
0.000307
0.000306
0.000306
0.000306
0.000306
0.000306
0.000305
0.000305
0.000305
0.000305
0.000305
0.000304
0.000304
0.000304
0.000304
0.000304
0.000304
0.000303
0.000303
0.000303
0.000303
0.000303
0.000303
0.000303
0.000302
0.000302
0.000302
0.000302
0.000302
0.000302
0.000302
0.000301
0.000301
0.000301
0.000301
0.000301
0.000301
0.000301
0.000300
0.000300
0.000300
0.000300
0.000300
0.000300
0.000300
0.000299
0.000299
0.000299
0.000299
0.000299
0.000299
0.000299
0.000298
0.000298
0.000298
0.000298
0.000298
0.000298
0.000298
0.000298
0.000297
0.000297
0.000297
0.000297
0.000297
0.000297
0.000297
0.000297
0.000296
0.000296
0.000296
0.000296
0.000296
0.000296
0.000296
0.000296
0.000295
0.000295
0.000295
0.000295
0.000295
0.000295
0.000293
0.000293
0.000294
0.000294
0.000294
0.000294
0.000294
0.000294
0.000294
0.000294
0.000293
0.000293
0.000293
0.000293
0.000293
0.000293
0.000293
0.000293
0.000293
0.000293
0.000293
0.000293
0.000293
0.000293
0.000293
0.000293
0.000292
0.000292
0.000292
0.000292
0.000292
0.000292
0.000292
0.000292
0.000292
0.000292
0.000292
0.000292
0.000291
0.000291
0.000291
0.000291
0.000291
0.000291
0.000291
0.000291
0.000291
0.000291
0.000291
0.000290
0.000290
0.000290
0.000290
0.000290
0.000290
0.000290
0.000290
0.000290
0.000290
0.000289
0.000289
0.000289
0.000289
0.000289
0.000289
0.000289
0.000289
0.000289
0.000289
0.000289
0.000288
0.000288
0.000288
0.000288
0.000288
0.000288
0.000288
0.000288
0.000288
0.000288
0.000287
0.000287
0.000287
0.000287
0.000287
0.000287
0.000287
0.000287
0.000287
0.000287
0.000287
0.000286
0.000286
0.000286
0.000286
0.000286
0.000286
0.000286
0.000286
0.000286
