2.339455
1.034713
0.504459
0.263072
0.171708
0.133807
0.104863
0.081410
0.062938
0.048389
0.037134
0.028657
0.022471
0.018106
0.015120
0.013127
0.011808
0.010928
0.010324
0.009889
0.009558
0.009290
0.009059
0.008853
0.008661
0.008479
0.008303
0.008132
0.007965
0.007802
0.007641
0.007484
0.007330
0.007178
0.007030
0.006884
0.006742
0.006602
0.006466
0.006333
0.006203
0.006076
0.005952
0.005831
0.005713
0.005598
0.005486
0.005377
0.005271
0.005168
0.005068
0.004971
0.004876
0.004785
0.004696
0.004610
0.004526
0.004445
0.004366
0.004290
0.004217
0.004145
0.004076
0.004009
0.003945
0.003882
0.003822
0.003763
0.003706
0.003652
0.003599
0.003547
0.003498
0.003450
0.003404
0.003359
0.003316
0.003274
0.003233
0.003194
0.003156
0.003119
0.003083
0.003049
0.003015
0.002982
0.002951
0.002920
0.002890
0.002862
0.002833
0.002806
0.002780
0.002754
0.002728
0.002704
0.002680
0.002656
0.002634
0.002611
0.002569
0.002557
0.002548
0.002538
0.002526
0.002514
0.002503
0.002492
0.002481
0.002470
0.002460
0.002449
0.002438
0.002428
0.002417
0.002407
0.002396
0.002386
0.002376
0.002366
0.002356
0.002346
0.002336
0.002326
0.002316
0.002306
0.002296
0.002287
0.002277
0.002267
0.002258
0.002248
0.002239
0.002229
0.002220
0.002211
0.002202
0.002192
0.002183
0.002174
0.002165
0.002156
0.002147
0.002138
0.002130
0.002121
0.002112
0.002103
0.002095
0.002086
0.002077
0.002069
0.002060
0.002052
0.002044
0.002035
0.002027
0.002019
0.002011
0.002003
0.001994
0.001986
0.001978
0.001970
0.001963
0.001955
0.001947
0.001939
0.001931
0.001924
0.001916
0.001908
0.001901
0.001893
0.001886
0.001879
0.001871
0.001864
0.001857
0.001849
0.001842
0.001835
0.001828
0.001821
0.001814
0.001807
0.001800
0.001793
0.001786
0.001779
0.001772
0.001766
0.001759
0.001752
0.001745
0.001739
0.001732
0.001726
0.001719
0.001713
0.001691
0.001695
0.001697
0.001697
0.001695
0.001692
0.001688
0.001685
0.001681
0.001678
0.001674
0.001671
0.001668
0.001664
0.001661
0.001657
0.001654
0.001651
0.001647
0.001644
0.001641
0.001637
0.001634
0.001631
0.001627
0.001624
0.001620
0.001617
0.001614
0.001610
0.001607
0.001604
0.001601
0.001597
0.001594
0.001591
0.001587
0.001584
0.001581
0.001578
0.001574
0.001571
0.001568
0.001565
0.001561
0.001558
0.001555
0.001552
0.001549
0.001546
0.001542
0.001539
0.001536
0.001533
0.001530
0.001527
0.001524
0.001521
0.001518
0.001515
0.001511
0.001508
0.001505
0.001502
0.001499
0.001496
0.001493
0.001491
0.001488
0.001485
0.001482
0.001479
0.001476
0.001473
0.001470
0.001467
0.001464
0.001462
0.001459
0.001456
0.001453
0.001450
0.001448
0.001445
0.001442
0.001439
0.001437
0.001434
0.001431
0.001428
0.001426
0.001423
0.001420
0.001418
0.001415
0.001412
0.001410
0.001407
0.001405
0.001402
0.001393
0.001399
0.001401
0.001399
0.001397
0.001395
0.001393
0.001392
0.001391
0.001390
0.001389
0.001387
0.001386
0.001385
0.001384
0.001383
0.001381
0.001380
0.001379
0.001378
0.001377
0.001376
0.001374
0.001373
0.001372
0.001371
0.001370
0.001368
0.001367
0.001366
0.001365
0.001364
0.001362
0.001361
0.001360
0.001359
0.001358
0.001357
0.001355
0.001354
0.001353
0.001352
0.001351
0.001349
0.001348
0.001347
0.001346
0.001345
0.001344
0.001342
0.001341
0.001340
0.001339
0.001338
0.001337
0.001335
0.001334
0.001333
0.001332
0.001331
0.001330
0.001328
0.001327
0.001326
0.001325
0.001324
0.001323
0.001322
0.001320
0.001319
0.001318
0.001317
0.001316
0.001315
0.001314
0.001313
0.001311
0.001310
0.001309
0.001308
0.001307
0.001306
0.001305
0.001304
0.001303
0.001301
0.001300
0.001299
0.001298
0.001297
0.001296
0.001295
0.001294
0.001293
0.001292
0.001291
0.001290
0.001289
0.001288
0.001286
0.001279
0.001267
0.001267
0.001268
0.001266
0.001266
0.001265
0.001265
0.001264
0.001264
0.001263
0.001263
0.001262
0.001262
0.001261
0.001261
0.001260
0.001259
0.001259
0.001258
0.001258
0.001257
0.001257
0.001256
0.001256
0.001255
0.001255
0.001254
0.001254
0.001253
0.001252
0.001252
0.001251
0.001251
0.001250
0.001250
0.001249
0.001249
0.001248
0.001248
0.001247
0.001247
0.001246
0.001245
0.001245
0.001244
0.001244
0.001243
0.001243
0.001242
0.001242
0.001241
0.001241
0.001240
0.001239
0.001239
0.001238
0.001238
0.001237
0.001237
0.001236
0.001236
0.001235
0.001235
0.001234
0.001234
0.001233
0.001232
0.001232
0.001231
0.001231
0.001230
0.001230
0.001229
0.001229
0.001228
0.001228
0.001227
0.001227
0.001226
0.001225
0.001225
0.001224
0.001224
0.001223
0.001223
0.001222
0.001222
0.001221
0.001221
0.001220
0.001220
0.001219
0.001219
0.001218
0.001218
0.001217
0.001217
0.001216
0.001215
