0.077641
0.027710
0.015150
0.009571
0.006149
0.004522
0.003746
0.003250
0.002905
0.002646
0.002442
0.002276
0.002139
0.002023
0.001923
0.001837
0.001762
0.001695
0.001637
0.001584
0.001535
0.001487
0.001444
0.001406
0.001371
0.001339
0.001309
0.001282
0.001257
0.001233
0.001210
0.001189
0.001168
0.001148
0.001128
0.001108
0.001088
0.001067
0.001047
0.001026
0.001005
0.000983
0.000961
0.000939
0.000917
0.000895
0.000874
0.000852
0.000831
0.000811
0.000792
0.000774
0.000757
0.000742
0.000727
0.000713
0.000700
0.000687
0.000676
0.000664
0.000653
0.000643
0.000632
0.000622
0.000613
0.000604
0.000596
0.000589
0.000582
0.000575
0.000569
0.000564
0.000559
0.000554
0.000550
0.000545
0.000540
0.000536
0.000531
0.000525
0.000518
0.000510
0.000503
0.000497
0.000492
0.000488
0.000484
0.000481
0.000477
0.000474
0.000471
0.000469
0.000466
0.000464
0.000462
0.000460
0.000459
0.000457
0.000455
0.000453
0.000422
0.000407
0.000403
0.000401
0.000399
0.000397
0.000396
0.000394
0.000393
0.000392
0.000390
0.000389
0.000388
0.000387
0.000385
0.000384
0.000383
0.000382
0.000381
0.000380
0.000379
0.000377
0.000376
0.000375
0.000374
0.000373
0.000372
0.000371
0.000370
0.000369
0.000368
0.000366
0.000365
0.000364
0.000362
0.000361
0.000359
0.000358
0.000356
0.000355
0.000354
0.000352
0.000351
0.000350
0.000348
0.000347
0.000346
0.000345
0.000343
0.000342
0.000341
0.000340
0.000339
0.000338
0.000336
0.000335
0.000334
0.000333
0.000332
0.000332
0.000331
0.000330
0.000329
0.000328
0.000328
0.000327
0.000327
0.000326
0.000326
0.000325
0.000325
0.000324
0.000324
0.000324
0.000324
0.000324
0.000323
0.000323
0.000323
0.000323
0.000323
0.000323
0.000323
0.000324
0.000324
0.000324
0.000324
0.000323
0.000323
0.000323
0.000323
0.000323
0.000323
0.000322
0.000322
0.000321
0.000321
0.000321
0.000320
0.000320
0.000310
0.000308
0.000306
0.000306
0.000306
0.000306
0.000306
0.000306
0.000306
0.000306
0.000306
0.000306
0.000306
0.000306
0.000306
0.000305
0.000305
0.000305
0.000305
0.000305
0.000305
0.000305
0.000305
0.000305
0.000305
0.000305
0.000305
0.000305
0.000305
0.000305
0.000305
0.000305
0.000305
0.000305
0.000306
0.000306
0.000306
0.000306
0.000306
0.000306
0.000306
0.000306
0.000306
0.000306
0.000306
0.000306
0.000306
0.000306
0.000306
0.000306
0.000305
0.000305
0.000305
0.000305
0.000305
0.000305
0.000305
0.000305
0.000305
0.000304
0.000304
0.000304
0.000304
0.000304
0.000304
0.000304
0.000304
0.000304
0.000304
0.000304
0.000304
0.000304
0.000304
0.000303
0.000303
0.000303
0.000303
0.000303
0.000303
0.000303
0.000303
0.000302
0.000302
0.000302
0.000302
0.000302
0.000302
0.000301
0.000301
0.000301
0.000301
0.000301
0.000301
0.000301
0.000301
0.000301
0.000301
0.000301
0.000301
0.000301
0.000295
0.000293
0.000293
0.000293
0.000293
0.000293
0.000293
0.000292
0.000292
0.000292
0.000292
0.000292
0.000292
0.000292
0.000292
0.000291
0.000291
0.000291
0.000291
0.000291
0.000291
0.000291
0.000291
0.000290
0.000290
0.000290
0.000290
0.000290
0.000290
0.000290
0.000290
0.000290
0.000290
0.000289
0.000289
0.000289
0.000289
0.000289
0.000289
0.000289
0.000289
0.000289
0.000289
0.000289
0.000289
0.000289
0.000288
0.000288
0.000288
0.000288
0.000288
0.000288
0.000288
0.000288
0.000288
0.000288
0.000288
0.000288
0.000288
0.000288
0.000288
0.000287
0.000287
0.000287
0.000287
0.000287
0.000287
0.000287
0.000287
0.000287
0.000287
0.000287
0.000287
0.000287
0.000287
0.000287
0.000287
0.000287
0.000287
0.000287
0.000287
0.000286
0.000286
0.000286
0.000286
0.000286
0.000286
0.000286
0.000286
0.000286
0.000286
0.000286
0.000286
0.000286
0.000286
0.000286
0.000286
0.000286
0.000286
0.000286
0.000284
0.000284
0.000285
0.000285
0.000286
0.000286
0.000286
0.000286
0.000286
0.000286
0.000286
0.000286
0.000286
0.000286
0.000286
0.000286
0.000286
0.000286
0.000285
0.000285
0.000285
0.000285
0.000285
0.000285
0.000285
0.000285
0.000285
0.000285
0.000285
0.000285
0.000285
0.000285
0.000285
0.000285
0.000285
0.000285
0.000285
0.000285
0.000285
0.000285
0.000285
0.000285
0.000285
0.000285
0.000285
0.000285
0.000285
0.000285
0.000285
0.000285
0.000285
0.000284
0.000284
0.000284
0.000284
0.000284
0.000284
0.000284
0.000284
0.000284
0.000284
0.000284
0.000284
0.000284
0.000284
0.000284
0.000284
0.000284
0.000284
0.000284
0.000284
0.000284
0.000284
0.000284
0.000284
0.000284
0.000284
0.000284
0.000284
0.000284
0.000284
0.000284
0.000284
0.000283
0.000283
0.000283
0.000283
0.000283
0.000283
0.000283
0.000283
0.000283
0.000283
0.000283
0.000283
0.000283
0.000283
0.000283
0.000283
0.000283
