0.405080
0.064597
0.027730
0.015967
0.010972
0.008455
0.007124
0.006254
0.005634
0.005151
0.004749
0.004410
0.004117
0.003862
0.003636
0.003434
0.003253
0.003090
0.002943
0.002810
0.002690
0.002579
0.002479
0.002387
0.002302
0.002223
0.002150
0.002082
0.002019
0.001961
0.001906
0.001854
0.001807
0.001762
0.001721
0.001682
0.001647
0.001613
0.001582
0.001553
0.001526
0.001500
0.001476
0.001453
0.001432
0.001412
0.001393
0.001375
0.001357
0.001341
0.001326
0.001311
0.001297
0.001283
0.001271
0.001259
0.001247
0.001236
0.001225
0.001215
0.001205
0.001195
0.001186
0.001178
0.001169
0.001161
0.001153
0.001146
0.001138
0.001131
0.001125
0.001118
0.001112
0.001106
0.001100
0.001094
0.001089
0.001083
0.001078
0.001073
0.001069
0.001064
0.001060
0.001056
0.001051
0.001047
0.001043
0.001040
0.001036
0.001032
0.001029
0.001025
0.001022
0.001018
0.001015
0.001011
0.001008
0.001005
0.001001
0.000998
0.000965
0.000961
0.000961
0.000957
0.000954
0.000952
0.000950
0.000948
0.000946
0.000944
0.000942
0.000940
0.000938
0.000937
0.000935
0.000933
0.000931
0.000929
0.000927
0.000925
0.000923
0.000920
0.000918
0.000916
0.000914
0.000912
0.000910
0.000908
0.000906
0.000904
0.000902
0.000900
0.000898
0.000896
0.000894
0.000892
0.000890
0.000888
0.000886
0.000884
0.000882
0.000880
0.000878
0.000875
0.000873
0.000871
0.000869
0.000866
0.000864
0.000861
0.000859
0.000856
0.000853
0.000851
0.000848
0.000845
0.000843
0.000840
0.000837
0.000835
0.000832
0.000829
0.000826
0.000823
0.000820
0.000817
0.000814
0.000811
0.000808
0.000804
0.000801
0.000797
0.000794
0.000790
0.000787
0.000783
0.000779
0.000775
0.000770
0.000766
0.000761
0.000755
0.000748
0.000740
0.000733
0.000726
0.000720
0.000713
0.000706
0.000699
0.000693
0.000687
0.000680
0.000674
0.000667
0.000661
0.000655
0.000648
0.000642
0.000637
0.000604
0.000596
0.000591
0.000587
0.000584
0.000581
0.000578
0.000575
0.000572
0.000568
0.000565
0.000562
0.000559
0.000556
0.000553
0.000549
0.000546
0.000543
0.000540
0.000537
0.000534
0.000531
0.000528
0.000525
0.000522
0.000519
0.000516
0.000513
0.000510
0.000508
0.000505
0.000502
0.000499
0.000496
0.000494
0.000491
0.000488
0.000486
0.000483
0.000481
0.000478
0.000476
0.000473
0.000471
0.000468
0.000466
0.000464
0.000461
0.000459
0.000457
0.000455
0.000453
0.000451
0.000449
0.000447
0.000445
0.000443
0.000441
0.000439
0.000437
0.000435
0.000434
0.000432
0.000430
0.000429
0.000427
0.000426
0.000424
0.000423
0.000421
0.000420
0.000419
0.000417
0.000416
0.000415
0.000413
0.000412
0.000411
0.000410
0.000409
0.000407
0.000406
0.000405
0.000403
0.000402
0.000401
0.000399
0.000398
0.000396
0.000394
0.000393
0.000391
0.000389
0.000388
0.000386
0.000384
0.000382
0.000381
0.000379
0.000377
0.000376
0.000368
0.000367
0.000366
0.000365
0.000364
0.000364
0.000363
0.000363
0.000362
0.000361
0.000361
0.000360
0.000360
0.000359
0.000359
0.000358
0.000357
0.000357
0.000356
0.000356
0.000355
0.000355
0.000354
0.000354
0.000353
0.000353
0.000352
0.000352
0.000351
0.000351
0.000350
0.000350
0.000349
0.000349
0.000348
0.000348
0.000347
0.000347
0.000346
0.000346
0.000345
0.000345
0.000345
0.000344
0.000344
0.000343
0.000343
0.000342
0.000342
0.000342
0.000341
0.000341
0.000340
0.000340
0.000340
0.000339
0.000339
0.000339
0.000338
0.000338
0.000337
0.000337
0.000337
0.000336
0.000336
0.000336
0.000336
0.000335
0.000335
0.000335
0.000334
0.000334
0.000334
0.000333
0.000333
0.000333
0.000332
0.000332
0.000332
0.000331
0.000331
0.000331
0.000330
0.000330
0.000329
0.000329
0.000329
0.000328
0.000328
0.000327
0.000327
0.000326
0.000326
0.000325
0.000325
0.000324
0.000324
0.000324
0.000323
0.000320
0.000318
0.000319
0.000319
0.000319
0.000318
0.000318
0.000318
0.000318
0.000318
0.000317
0.000317
0.000317
0.000317
0.000317
0.000316
0.000316
0.000316
0.000316
0.000316
0.000316
0.000315
0.000315
0.000315
0.000315
0.000315
0.000314
0.000314
0.000314
0.000314
0.000314
0.000313
0.000313
0.000313
0.000313
0.000313
0.000312
0.000312
0.000312
0.000312
0.000312
0.000311
0.000311
0.000311
0.000311
0.000311
0.000310
0.000310
0.000310
0.000310
0.000310
0.000310
0.000309
0.000309
0.000309
0.000309
0.000309
0.000308
0.000308
0.000308
0.000308
0.000308
0.000308
0.000307
0.000307
0.000307
0.000307
0.000307
0.000307
0.000306
0.000306
0.000306
0.000306
0.000306
0.000306
0.000305
0.000305
0.000305
0.000305
0.000305
0.000305
0.000304
0.000304
0.000304
0.000304
0.000304
0.000304
0.000303
0.000303
0.000303
0.000303
0.000303
0.000303
0.000303
0.000302
0.000302
0.000302
0.000302
0.000302
0.000302
