3.605532
2.394643
1.499651
0.889357
0.503268
0.275790
0.150560
0.085803
0.054039
0.039015
0.031981
0.028585
0.026803
0.025737
0.025000
0.024425
0.023936
0.023496
0.023086
0.022694
0.022314
0.021942
0.021577
0.021218
0.020863
0.020514
0.020170
0.019832
0.019500
0.019174
0.018856
0.018544
0.018239
0.017942
0.017653
0.017371
0.017098
0.016832
0.016574
0.016324
0.016083
0.015849
0.015623
0.015405
0.015194
0.014992
0.014796
0.014609
0.014428
0.014255
0.014088
0.013928
0.013775
0.013628
0.013487
0.013353
0.013224
0.013101
0.012983
0.012870
0.012762
0.012659
0.012561
0.012467
0.012377
0.012292
0.012210
0.012132
0.012057
0.011985
0.011917
0.011852
0.011789
0.011729
0.011672
0.011617
0.011564
0.011513
0.011464
0.011418
0.011372
0.011329
0.011287
0.011246
0.011207
0.011168
0.011131
0.011096
0.011061
0.011027
0.010993
0.010961
0.010929
0.010898
0.010868
0.010838
0.010809
0.010780
0.010752
0.010724
0.010701
0.010688
0.010674
0.010660
0.010647
0.010633
0.010619
0.010606
0.010592
0.010578
0.010565
0.010551
0.010537
0.010524
0.010510
0.010496
0.010483
0.010469
0.010455
0.010442
0.010428
0.010414
0.010400
0.010387
0.010373
0.010359
0.010345
0.010331
0.010318
0.010304
0.010290
0.010276
0.010262
0.010248
0.010234
0.010220
0.010206
0.010192
0.010178
0.010163
0.010149
0.010135
0.010121
0.010107
0.010092
0.010078
0.010064
0.010049
0.010035
0.010020
0.010006
0.009991
0.009977
0.009962
0.009948
0.009933
0.009918
0.009904
0.009889
0.009874
0.009860
0.009845
0.009830
0.009815
0.009800
0.009785
0.009770
0.009755
0.009740
0.009725
0.009710
0.009695
0.009680
0.009665
0.009650
0.009634
0.009619
0.009604
0.009589
0.009573
0.009558
0.009542
0.009527
0.009512
0.009496
0.009481
0.009465
0.009450
0.009434
0.009419
0.009403
0.009387
0.009372
0.009356
0.009340
0.009325
0.009309
0.009293
0.009277
0.009262
0.009248
0.009240
0.009232
0.009224
0.009216
0.009208
0.009200
0.009192
0.009184
0.009175
0.009167
0.009159
0.009151
0.009142
0.009134
0.009125
0.009117
0.009108
0.009100
0.009091
0.009083
0.009074
0.009065
0.009057
0.009048
0.009039
0.009030
0.009021
0.009013
0.009004
0.008995
0.008986
0.008977
0.008968
0.008959
0.008949
0.008940
0.008931
0.008922
0.008913
0.008903
0.008894
0.008885
0.008875
0.008866
0.008856
0.008847
0.008837
0.008828
0.008818
0.008809
0.008799
0.008789
0.008780
0.008770
0.008760
0.008750
0.008741
0.008731
0.008721
0.008711
0.008701
0.008691
0.008681
0.008671
0.008661
0.008651
0.008641
0.008630
0.008620
0.008610
0.008600
0.008589
0.008579
0.008569
0.008558
0.008548
0.008538
0.008527
0.008517
0.008506
0.008496
0.008485
0.008475
0.008464
0.008453
0.008443
0.008432
0.008421
0.008411
0.008400
0.008389
0.008378
0.008367
0.008357
0.008346
0.008335
0.008324
0.008313
0.008302
0.008292
0.008287
0.008281
0.008276
0.008270
0.008264
0.008259
0.008253
0.008247
0.008242
0.008236
0.008230
0.008224
0.008219
0.008213
0.008207
0.008201
0.008195
0.008189
0.008183
0.008177
0.008171
0.008165
0.008159
0.008153
0.008147
0.008141
0.008135
0.008129
0.008123
0.008116
0.008110
0.008104
0.008098
0.008091
0.008085
0.008079
0.008072
0.008066
0.008059
0.008053
0.008047
0.008040
0.008034
0.008027
0.008020
0.008014
0.008007
0.008001
0.007994
0.007987
0.007981
0.007974
0.007967
0.007961
0.007954
0.007947
0.007940
0.007934
0.007927
0.007920
0.007913
0.007906
0.007899
0.007892
0.007885
0.007878
0.007871
0.007864
0.007857
0.007850
0.007843
0.007836
0.007829
0.007822
0.007815
0.007808
0.007801
0.007793
0.007786
0.007779
0.007772
0.007765
0.007757
0.007750
0.007743
0.007735
0.007728
0.007721
0.007714
0.007706
0.007699
0.007691
0.007684
0.007677
0.007669
0.007662
0.007654
0.007647
0.007640
0.007632
0.007629
0.007625
0.007621
0.007617
0.007614
0.007610
0.007606
0.007602
0.007598
0.007594
0.007591
0.007587
0.007583
0.007579
0.007575
0.007571
0.007567
0.007563
0.007559
0.007555
0.007551
0.007547
0.007543
0.007539
0.007535
0.007531
0.007527
0.007523
0.007519
0.007515
0.007511
0.007507
0.007502
0.007498
0.007494
0.007490
0.007486
0.007482
0.007478
0.007473
0.007469
0.007465
0.007461
0.007456
0.007452
0.007448
0.007444
0.007439
0.007435
0.007431
0.007427
0.007422
0.007418
0.007414
0.007409
0.007405
0.007401
0.007396
0.007392
0.007388
0.007383
0.007379
0.007375
0.007370
0.007366
0.007361
0.007357
0.007353
0.007348
0.007344
0.007339
0.007335
0.007330
0.007326
0.007322
0.007317
0.007313
0.007308
0.007304
0.007299
0.007295
0.007290
0.007286
0.007281
0.007277
0.007272
0.007268
0.007263
0.007259
0.007254
0.007250
0.007245
0.007241
0.007236
0.007232
0.007227
0.007223
0.007218
0.007214
