0.252101
0.031830
0.016491
0.011770
0.009227
0.007615
0.006480
0.005581
0.004876
0.004308
0.003848
0.003470
0.003160
0.002903
0.002690
0.002511
0.002360
0.002231
0.002121
0.002025
0.001941
0.001867
0.001802
0.001743
0.001690
0.001642
0.001599
0.001559
0.001522
0.001489
0.001458
0.001429
0.001402
0.001377
0.001354
0.001332
0.001312
0.001292
0.001273
0.001256
0.001240
0.001224
0.001209
0.001195
0.001181
0.001168
0.001156
0.001143
0.001132
0.001120
0.001109
0.001098
0.001088
0.001078
0.001068
0.001058
0.001049
0.001040
0.001030
0.001021
0.001012
0.001004
0.000995
0.000986
0.000977
0.000969
0.000961
0.000953
0.000945
0.000937
0.000929
0.000921
0.000913
0.000905
0.000897
0.000889
0.000882
0.000874
0.000866
0.000858
0.000850
0.000842
0.000834
0.000826
0.000817
0.000808
0.000799
0.000789
0.000780
0.000770
0.000761
0.000751
0.000742
0.000732
0.000721
0.000711
0.000702
0.000694
0.000686
0.000678
0.000646
0.000625
0.000617
0.000612
0.000607
0.000602
0.000597
0.000591
0.000587
0.000582
0.000577
0.000572
0.000567
0.000563
0.000559
0.000554
0.000550
0.000546
0.000542
0.000537
0.000534
0.000530
0.000526
0.000522
0.000518
0.000515
0.000511
0.000508
0.000504
0.000501
0.000497
0.000494
0.000491
0.000488
0.000485
0.000482
0.000479
0.000476
0.000474
0.000471
0.000468
0.000466
0.000464
0.000461
0.000459
0.000456
0.000454
0.000452
0.000449
0.000446
0.000444
0.000442
0.000439
0.000437
0.000435
0.000432
0.000430
0.000427
0.000424
0.000422
0.000419
0.000416
0.000414
0.000411
0.000409
0.000406
0.000404
0.000402
0.000400
0.000398
0.000396
0.000394
0.000393
0.000391
0.000390
0.000388
0.000387
0.000385
0.000384
0.000382
0.000381
0.000379
0.000378
0.000377
0.000375
0.000374
0.000373
0.000372
0.000371
0.000369
0.000368
0.000367
0.000366
0.000365
0.000364
0.000363
0.000362
0.000361
0.000360
0.000359
0.000357
0.000357
0.000356
0.000355
0.000354
0.000353
0.000353
0.000353
0.000352
0.000352
0.000352
0.000351
0.000351
0.000351
0.000350
0.000350
0.000349
0.000349
0.000349
0.000348
0.000348
0.000348
0.000347
0.000347
0.000347
0.000346
0.000346
0.000346
0.000345
0.000345
0.000344
0.000344
0.000343
0.000343
0.000342
0.000342
0.000341
0.000341
0.000340
0.000340
0.000339
0.000339
0.000338
0.000337
0.000337
0.000336
0.000336
0.000335
0.000335
0.000334
0.000334
0.000333
0.000333
0.000332
0.000332
0.000331
0.000331
0.000331
0.000330
0.000330
0.000329
0.000329
0.000329
0.000328
0.000328
0.000328
0.000327
0.000327
0.000326
0.000326
0.000326
0.000325
0.000325
0.000325
0.000324
0.000324
0.000324
0.000323
0.000323
0.000323
0.000322
0.000322
0.000322
0.000321
0.000321
0.000321
0.000320
0.000320
0.000320
0.000320
0.000319
0.000319
0.000319
0.000319
0.000318
0.000318
0.000318
0.000318
0.000317
0.000317
0.000316
0.000317
0.000317
0.000316
0.000316
0.000315
0.000315
0.000315
0.000315
0.000315
0.000315
0.000315
0.000315
0.000315
0.000315
0.000314
0.000314
0.000314
0.000314
0.000314
0.000314
0.000314
0.000314
0.000314
0.000314
0.000314
0.000313
0.000313
0.000313
0.000313
0.000313
0.000313
0.000313
0.000313
0.000313
0.000313
0.000313
0.000312
0.000312
0.000312
0.000312
0.000312
0.000312
0.000312
0.000312
0.000312
0.000312
0.000311
0.000311
0.000311
0.000311
0.000311
0.000311
0.000311
0.000311
0.000311
0.000310
0.000310
0.000310
0.000310
0.000310
0.000310
0.000310
0.000310
0.000310
0.000309
0.000309
0.000309
0.000309
0.000309
0.000309
0.000309
0.000309
0.000308
0.000308
0.000308
0.000308
0.000308
0.000308
0.000308
0.000308
0.000307
0.000307
0.000307
0.000307
0.000307
0.000307
0.000307
0.000307
0.000306
0.000306
0.000306
0.000306
0.000306
0.000306
0.000306
0.000306
0.000305
0.000305
0.000305
0.000302
0.000301
0.000301
0.000301
0.000301
0.000301
0.000301
0.000301
0.000301
0.000301
0.000301
0.000301
0.000301
0.000300
0.000300
0.000300
0.000300
0.000300
0.000300
0.000300
0.000300
0.000300
0.000300
0.000300
0.000300
0.000299
0.000299
0.000299
0.000299
0.000299
0.000299
0.000299
0.000299
0.000299
0.000299
0.000299
0.000299
0.000298
0.000298
0.000298
0.000298
0.000298
0.000298
0.000298
0.000298
0.000298
0.000298
0.000298
0.000298
0.000298
0.000297
0.000297
0.000297
0.000297
0.000297
0.000297
0.000297
0.000297
0.000297
0.000297
0.000297
0.000297
0.000296
0.000296
0.000296
0.000296
0.000296
0.000296
0.000296
0.000296
0.000296
0.000296
0.000296
0.000296
0.000295
0.000295
0.000295
0.000295
0.000295
0.000295
0.000295
0.000295
0.000295
0.000295
0.000295
0.000295
0.000295
0.000294
0.000294
0.000294
0.000294
0.000294
0.000294
0.000294
0.000294
0.000294
0.000294
0.000294
0.000294
0.000293
