0.455852
0.154394
0.104479
0.077567
0.061069
0.049937
0.041548
0.034985
0.029849
0.025831
0.022659
0.020128
0.018080
0.016396
0.014990
0.013801
0.012780
0.011894
0.011118
0.010430
0.009817
0.009266
0.008768
0.008317
0.007905
0.007527
0.007181
0.006862
0.006567
0.006293
0.006040
0.005803
0.005583
0.005378
0.005185
0.005005
0.004836
0.004678
0.004529
0.004389
0.004257
0.004133
0.004016
0.003906
0.003803
0.003706
0.003614
0.003528
0.003448
0.003372
0.003301
0.003234
0.003171
0.003112
0.003057
0.003005
0.002956
0.002910
0.002867
0.002826
0.002787
0.002751
0.002716
0.002683
0.002651
0.002621
0.002592
0.002564
0.002537
0.002511
0.002486
0.002462
0.002438
0.002415
0.002393
0.002371
0.002349
0.002329
0.002308
0.002288
0.002268
0.002249
0.002230
0.002212
0.002194
0.002176
0.002158
0.002141
0.002124
0.002107
0.002091
0.002075
0.002059
0.002043
0.002028
0.002013
0.001998
0.001983
0.001969
0.001955
0.001933
0.001904
0.001897
0.001892
0.001883
0.001877
0.001870
0.001862
0.001855
0.001848
0.001841
0.001834
0.001827
0.001820
0.001813
0.001806
0.001799
0.001793
0.001786
0.001779
0.001772
0.001765
0.001759
0.001752
0.001745
0.001739
0.001732
0.001726
0.001719
0.001713
0.001706
0.001700
0.001694
0.001687
0.001681
0.001675
0.001669
0.001662
0.001656
0.001650
0.001644
0.001638
0.001632
0.001627
0.001621
0.001615
0.001609
0.001603
0.001598
0.001592
0.001587
0.001581
0.001576
0.001570
0.001565
0.001560
0.001555
0.001549
0.001544
0.001539
0.001534
0.001529
0.001524
0.001519
0.001515
0.001510
0.001505
0.001501
0.001496
0.001492
0.001487
0.001483
0.001478
0.001474
0.001470
0.001466
0.001462
0.001457
0.001453
0.001450
0.001446
0.001442
0.001438
0.001434
0.001431
0.001427
0.001424
0.001420
0.001417
0.001413
0.001410
0.001407
0.001404
0.001400
0.001397
0.001394
0.001391
0.001388
0.001385
0.001383
0.001371
0.001352
0.001350
0.001351
0.001348
0.001347
0.001346
0.001344
0.001342
0.001341
0.001340
0.001338
0.001337
0.001335
0.001334
0.001332
0.001331
0.001330
0.001328
0.001327
0.001325
0.001324
0.001323
0.001321
0.001320
0.001319
0.001317
0.001316
0.001315
0.001314
0.001312
0.001311
0.001310
0.001308
0.001307
0.001306
0.001305
0.001304
0.001302
0.001301
0.001300
0.001299
0.001298
0.001296
0.001295
0.001294
0.001293
0.001292
0.001291
0.001290
0.001289
0.001288
0.001286
0.001285
0.001284
0.001283
0.001282
0.001281
0.001280
0.001279
0.001278
0.001277
0.001276
0.001275
0.001274
0.001273
0.001272
0.001271
0.001270
0.001270
0.001269
0.001268
0.001267
0.001266
0.001265
0.001264
0.001263
0.001263
0.001262
0.001261
0.001260
0.001259
0.001258
0.001258
0.001257
0.001256
0.001255
0.001255
0.001254
0.001253
0.001252
0.001252
0.001251
0.001250
0.001250
0.001249
0.001248
0.001247
0.001247
0.001246
0.001241
0.001231
0.001233
0.001232
0.001231
0.001231
0.001231
0.001230
0.001230
0.001230
0.001229
0.001229
0.001229
0.001228
0.001228
0.001227
0.001227
0.001227
0.001226
0.001226
0.001226
0.001225
0.001225
0.001225
0.001224
0.001224
0.001224
0.001223
0.001223
0.001222
0.001222
0.001222
0.001221
0.001221
0.001221
0.001220
0.001220
0.001220
0.001219
0.001219
0.001219
0.001218
0.001218
0.001218
0.001217
0.001217
0.001217
0.001216
0.001216
0.001216
0.001215
0.001215
0.001214
0.001214
0.001214
0.001213
0.001213
0.001213
0.001212
0.001212
0.001212
0.001211
0.001211
0.001211
0.001210
0.001210
0.001210
0.001209
0.001209
0.001209
0.001208
0.001208
0.001208
0.001207
0.001207
0.001207
0.001206
0.001206
0.001206
0.001205
0.001205
0.001205
0.001204
0.001204
0.001204
0.001204
0.001203
0.001203
0.001203
0.001202
0.001202
0.001202
0.001201
0.001201
0.001201
0.001200
0.001200
0.001200
0.001199
0.001199
0.001196
0.001193
0.001193
0.001193
0.001193
0.001192
0.001192
0.001192
0.001192
0.001192
0.001192
0.001191
0.001191
0.001191
0.001191
0.001191
0.001191
0.001190
0.001190
0.001190
0.001190
0.001190
0.001190
0.001189
0.001189
0.001189
0.001189
0.001189
0.001189
0.001188
0.001188
0.001188
0.001188
0.001188
0.001188
0.001187
0.001187
0.001187
0.001187
0.001187
0.001187
0.001186
0.001186
0.001186
0.001186
0.001186
0.001186
0.001185
0.001185
0.001185
0.001185
0.001185
0.001185
0.001184
0.001184
0.001184
0.001184
0.001184
0.001184
0.001183
0.001183
0.001183
0.001183
0.001183
0.001183
0.001182
0.001182
0.001182
0.001182
0.001182
0.001182
0.001181
0.001181
0.001181
0.001181
0.001181
0.001181
0.001180
0.001180
0.001180
0.001180
0.001180
0.001180
0.001179
0.001179
0.001179
0.001179
0.001179
0.001179
0.001178
0.001178
0.001178
0.001178
0.001178
0.001178
0.001177
0.001177
0.001177
0.001177
0.001177
