0.426154
0.083655
0.050488
0.033429
0.023983
0.013735
0.007820
0.004478
0.002878
0.002101
0.001701
0.001570
0.001497
0.001447
0.001411
0.001383
0.001361
0.001341
0.001324
0.001309
0.001295
0.001283
0.001271
0.001259
0.001248
0.001236
0.001223
0.001205
0.001192
0.001182
0.001173
0.001164
0.001155
0.001146
0.001137
0.001129
0.001122
0.001114
0.001107
0.001099
0.001092
0.001085
0.001078
0.001071
0.001064
0.001057
0.001051
0.001044
0.001038
0.001031
0.001025
0.001019
0.001013
0.001007
0.001002
0.000996
0.000991
0.000986
0.000981
0.000976
0.000972
0.000967
0.000963
0.000958
0.000954
0.000951
0.000947
0.000943
0.000940
0.000936
0.000933
0.000930
0.000927
0.000924
0.000921
0.000918
0.000915
0.000913
0.000910
0.000907
0.000905
0.000902
0.000900
0.000897
0.000894
0.000892
0.000889
0.000886
0.000884
0.000881
0.000878
0.000875
0.000873
0.000870
0.000867
0.000865
0.000862
0.000860
0.000858
0.000856
0.000850
0.000847
0.000846
0.000845
0.000844
0.000844
0.000843
0.000842
0.000841
0.000840
0.000839
0.000838
0.000837
0.000837
0.000836
0.000835
0.000834
0.000833
0.000833
0.000832
0.000831
0.000830
0.000830
0.000829
0.000828
0.000828
0.000827
0.000826
0.000825
0.000825
0.000824
0.000824
0.000823
0.000823
0.000822
0.000821
0.000821
0.000820
0.000820
0.000819
0.000819
0.000818
0.000818
0.000817
0.000817
0.000816
0.000816
0.000816
0.000815
0.000815
0.000814
0.000814
0.000814
0.000813
0.000813
0.000812
0.000812
0.000811
0.000811
0.000810
0.000810
0.000810
0.000809
0.000809
0.000808
0.000808
0.000807
0.000807
0.000807
0.000806
0.000806
0.000805
0.000805
0.000804
0.000804
0.000803
0.000803
0.000802
0.000802
0.000801
0.000801
0.000800
0.000800
0.000799
0.000799
0.000798
0.000798
0.000797
0.000796
0.000796
0.000795
0.000795
0.000794
0.000794
0.000793
0.000793
0.000792
0.000792
0.000792
0.000791
0.000788
0.000788
0.000788
0.000788
0.000788
0.000788
0.000787
0.000787
0.000787
0.000787
0.000787
0.000786
0.000786
0.000786
0.000786
0.000786
0.000785
0.000785
0.000785
0.000785
0.000785
0.000785
0.000785
0.000784
0.000784
0.000784
0.000784
0.000784
0.000784
0.000783
0.000783
0.000783
0.000783
0.000783
0.000783
0.000782
0.000782
0.000782
0.000782
0.000782
0.000782
0.000782
0.000781
0.000781
0.000781
0.000781
0.000781
0.000781
0.000781
0.000780
0.000780
0.000780
0.000780
0.000780
0.000780
0.000780
0.000780
0.000779
0.000779
0.000779
0.000779
0.000779
0.000779
0.000779
0.000779
0.000778
0.000778
0.000778
0.000778
0.000778
0.000778
0.000778
0.000778
0.000778
0.000777
0.000777
0.000777
0.000777
0.000777
0.000777
0.000777
0.000777
0.000777
0.000776
0.000776
0.000776
0.000776
0.000776
0.000776
0.000776
0.000776
0.000775
0.000775
0.000775
0.000775
0.000775
0.000775
0.000775
0.000775
0.000774
0.000774
0.000771
0.000770
0.000770
0.000770
0.000770
0.000770
0.000769
0.000769
0.000769
0.000769
0.000769
0.000769
0.000769
0.000769
0.000769
0.000769
0.000769
0.000769
0.000769
0.000769
0.000768
0.000768
0.000768
0.000768
0.000768
0.000768
0.000768
0.000768
0.000768
0.000768
0.000768
0.000768
0.000767
0.000767
0.000767
0.000767
0.000767
0.000767
0.000767
0.000767
0.000767
0.000767
0.000767
0.000767
0.000766
0.000766
0.000766
0.000766
0.000766
0.000766
0.000766
0.000766
0.000766
0.000766
0.000766
0.000766
0.000766
0.000765
0.000765
0.000765
0.000765
0.000765
0.000765
0.000765
0.000765
0.000765
0.000765
0.000765
0.000765
0.000764
0.000764
0.000764
0.000764
0.000764
0.000764
0.000764
0.000764
0.000764
0.000764
0.000764
0.000764
0.000764
0.000763
0.000763
0.000763
0.000763
0.000763
0.000763
0.000763
0.000763
0.000763
0.000763
0.000763
0.000762
0.000762
0.000762
0.000762
0.000762
0.000762
0.000761
0.000762
0.000761
0.000761
0.000761
0.000761
0.000761
0.000761
0.000761
0.000761
0.000761
0.000761
0.000761
0.000761
0.000761
0.000760
0.000760
0.000760
0.000760
0.000760
0.000760
0.000760
0.000760
0.000760
0.000760
0.000760
0.000760
0.000760
0.000760
0.000760
0.000760
0.000760
0.000760
0.000760
0.000760
0.000760
0.000760
0.000760
0.000759
0.000759
0.000759
0.000759
0.000759
0.000759
0.000759
0.000759
0.000759
0.000759
0.000759
0.000759
0.000759
0.000759
0.000759
0.000759
0.000759
0.000759
0.000759
0.000759
0.000759
0.000759
0.000759
0.000759
0.000759
0.000759
0.000759
0.000759
0.000758
0.000758
0.000758
0.000758
0.000758
0.000758
0.000758
0.000758
0.000758
0.000758
0.000758
0.000758
0.000758
0.000758
0.000758
0.000758
0.000758
0.000758
0.000758
0.000758
0.000758
0.000758
0.000758
0.000758
0.000758
0.000758
0.000758
0.000758
0.000758
0.000758
0.000757
0.000757
0.000757
0.000757
