1.385188
0.165578
0.059645
0.036188
0.028193
0.024010
0.020851
0.018328
0.016255
0.014523
0.013072
0.011846
0.010798
0.009897
0.009118
0.008433
0.007826
0.007289
0.006810
0.006381
0.005994
0.005646
0.005333
0.005051
0.004796
0.004567
0.004360
0.004174
0.004007
0.003855
0.003719
0.003594
0.003481
0.003378
0.003283
0.003195
0.003115
0.003040
0.002970
0.002904
0.002842
0.002784
0.002728
0.002676
0.002625
0.002577
0.002531
0.002486
0.002443
0.002402
0.002362
0.002324
0.002287
0.002251
0.002217
0.002184
0.002151
0.002120
0.002090
0.002061
0.002032
0.002005
0.001978
0.001953
0.001928
0.001903
0.001880
0.001857
0.001835
0.001813
0.001792
0.001772
0.001752
0.001733
0.001714
0.001696
0.001678
0.001661
0.001644
0.001627
0.001611
0.001596
0.001580
0.001565
0.001551
0.001536
0.001522
0.001508
0.001495
0.001482
0.001469
0.001456
0.001444
0.001432
0.001420
0.001409
0.001397
0.001387
0.001376
0.001366
0.001347
0.001346
0.001334
0.001327
0.001324
0.001320
0.001316
0.001311
0.001307
0.001303
0.001299
0.001295
0.001291
0.001287
0.001283
0.001280
0.001276
0.001272
0.001268
0.001265
0.001261
0.001258
0.001254
0.001251
0.001247
0.001244
0.001241
0.001237
0.001234
0.001231
0.001228
0.001225
0.001222
0.001219
0.001216
0.001213
0.001210
0.001207
0.001205
0.001202
0.001199
0.001197
0.001194
0.001191
0.001189
0.001186
0.001184
0.001181
0.001179
0.001177
0.001174
0.001172
0.001169
0.001167
0.001165
0.001163
0.001160
0.001158
0.001156
0.001154
0.001151
0.001149
0.001147
0.001145
0.001143
0.001140
0.001138
0.001136
0.001134
0.001131
0.001129
0.001127
0.001125
0.001122
0.001120
0.001118
0.001115
0.001113
0.001111
0.001109
0.001106
0.001104
0.001102
0.001099
0.001097
0.001095
0.001093
0.001091
0.001088
0.001086
0.001084
0.001082
0.001080
0.001078
0.001076
0.001074
0.001072
0.001070
0.001068
0.001066
0.001057
0.001061
0.001057
0.001055
0.001054
0.001053
0.001053
0.001052
0.001051
0.001051
0.001050
0.001049
0.001049
0.001048
0.001048
0.001047
0.001046
0.001046
0.001045
0.001045
0.001044
0.001044
0.001043
0.001042
0.001042
0.001041
0.001041
0.001040
0.001040
0.001039
0.001039
0.001038
0.001038
0.001037
0.001037
0.001036
0.001036
0.001035
0.001035
0.001034
0.001034
0.001034
0.001033
0.001033
0.001032
0.001032
0.001031
0.001031
0.001030
0.001030
0.001029
0.001029
0.001028
0.001028
0.001027
0.001026
0.001026
0.001025
0.001025
0.001024
0.001024
0.001023
0.001022
0.001022
0.001021
0.001020
0.001019
0.001019
0.001018
0.001017
0.001016
0.001016
0.001015
0.001014
0.001013
0.001012
0.001011
0.001011
0.001010
0.001009
0.001008
0.001007
0.001006
0.001005
0.001004
0.001003
0.001002
0.001001
0.001000
0.000999
0.000998
0.000998
0.000997
0.000996
0.000995
0.000994
0.000993
0.000992
0.000991
0.000990
0.000982
0.000985
0.000982
0.000980
0.000979
0.000979
0.000979
0.000979
0.000979
0.000978
0.000978
0.000978
0.000978
0.000978
0.000977
0.000977
0.000977
0.000977
0.000977
0.000976
0.000976
0.000976
0.000976
0.000976
0.000976
0.000975
0.000975
0.000975
0.000975
0.000975
0.000975
0.000974
0.000974
0.000974
0.000974
0.000974
0.000974
0.000974
0.000974
0.000973
0.000973
0.000973
0.000973
0.000973
0.000973
0.000973
0.000973
0.000972
0.000972
0.000972
0.000972
0.000972
0.000972
0.000972
0.000972
0.000972
0.000971
0.000971
0.000971
0.000971
0.000971
0.000971
0.000971
0.000971
0.000970
0.000970
0.000970
0.000970
0.000970
0.000970
0.000970
0.000969
0.000969
0.000969
0.000969
0.000969
0.000969
0.000968
0.000968
0.000968
0.000968
0.000968
0.000967
0.000967
0.000967
0.000967
0.000966
0.000966
0.000966
0.000966
0.000965
0.000965
0.000965
0.000965
0.000964
0.000964
0.000964
0.000963
0.000963
0.000963
0.000956
0.000948
0.000942
0.000944
0.000944
0.000944
0.000943
0.000943
0.000943
0.000943
0.000943
0.000943
0.000943
0.000943
0.000943
0.000942
0.000942
0.000942
0.000942
0.000942
0.000942
0.000942
0.000942
0.000942
0.000941
0.000941
0.000941
0.000941
0.000941
0.000941
0.000941
0.000941
0.000941
0.000941
0.000940
0.000940
0.000940
0.000940
0.000940
0.000940
0.000940
0.000940
0.000940
0.000940
0.000940
0.000939
0.000939
0.000939
0.000939
0.000939
0.000939
0.000939
0.000939
0.000939
0.000939
0.000939
0.000938
0.000938
0.000938
0.000938
0.000938
0.000938
0.000938
0.000938
0.000938
0.000938
0.000938
0.000937
0.000937
0.000937
0.000937
0.000937
0.000937
0.000937
0.000937
0.000937
0.000937
0.000937
0.000936
0.000936
0.000936
0.000936
0.000936
0.000936
0.000936
0.000936
0.000936
0.000936
0.000936
0.000936
0.000935
0.000935
0.000935
0.000935
0.000935
0.000935
0.000935
0.000935
0.000935
0.000935
