0.418025
0.133899
0.091295
0.064876
0.039770
0.021809
0.011341
0.007560
0.006122
0.005226
0.004739
0.004451
0.004237
0.004053
0.003883
0.003722
0.003569
0.003425
0.003288
0.003158
0.003034
0.002918
0.002808
0.002705
0.002610
0.002523
0.002446
0.002378
0.002320
0.002270
0.002230
0.002196
0.002168
0.002145
0.002125
0.002107
0.002091
0.002077
0.002063
0.002051
0.002039
0.002028
0.002018
0.002008
0.001998
0.001988
0.001979
0.001970
0.001962
0.001953
0.001945
0.001937
0.001929
0.001921
0.001913
0.001906
0.001898
0.001891
0.001884
0.001877
0.001870
0.001863
0.001856
0.001850
0.001843
0.001836
0.001830
0.001824
0.001817
0.001811
0.001805
0.001799
0.001792
0.001786
0.001780
0.001774
0.001768
0.001762
0.001756
0.001750
0.001745
0.001739
0.001733
0.001727
0.001721
0.001715
0.001710
0.001704
0.001698
0.001692
0.001687
0.001681
0.001675
0.001669
0.001663
0.001658
0.001652
0.001646
0.001640
0.001634
0.001614
0.001612
0.001610
0.001606
0.001603
0.001599
0.001596
0.001593
0.001590
0.001587
0.001583
0.001580
0.001577
0.001574
0.001570
0.001567
0.001564
0.001560
0.001557
0.001553
0.001550
0.001547
0.001543
0.001540
0.001536
0.001532
0.001529
0.001525
0.001522
0.001518
0.001514
0.001510
0.001507
0.001503
0.001499
0.001495
0.001491
0.001487
0.001484
0.001480
0.001476
0.001472
0.001468
0.001463
0.001459
0.001455
0.001451
0.001447
0.001443
0.001438
0.001434
0.001430
0.001426
0.001421
0.001417
0.001412
0.001408
0.001403
0.001399
0.001394
0.001390
0.001385
0.001381
0.001376
0.001372
0.001367
0.001362
0.001358
0.001353
0.001348
0.001343
0.001338
0.001333
0.001328
0.001324
0.001319
0.001314
0.001309
0.001304
0.001299
0.001294
0.001288
0.001283
0.001278
0.001273
0.001268
0.001263
0.001258
0.001253
0.001248
0.001242
0.001237
0.001232
0.001227
0.001222
0.001217
0.001212
0.001207
0.001202
0.001196
0.001188
0.001187
0.001185
0.001183
0.001181
0.001178
0.001176
0.001173
0.001171
0.001168
0.001166
0.001163
0.001160
0.001158
0.001155
0.001153
0.001150
0.001147
0.001145
0.001142
0.001139
0.001137
0.001134
0.001131
0.001129
0.001126
0.001123
0.001121
0.001118
0.001115
0.001113
0.001110
0.001107
0.001105
0.001102
0.001099
0.001097
0.001094
0.001091
0.001089
0.001086
0.001084
0.001081
0.001078
0.001076
0.001073
0.001070
0.001068
0.001065
0.001063
0.001060
0.001058
0.001055
0.001052
0.001050
0.001047
0.001045
0.001042
0.001040
0.001038
0.001035
0.001033
0.001030
0.001028
0.001025
0.001023
0.001021
0.001018
0.001016
0.001014
0.001011
0.001009
0.001007
0.001005
0.001002
0.001000
0.000998
0.000996
0.000994
0.000992
0.000989
0.000987
0.000985
0.000983
0.000981
0.000979
0.000977
0.000975
0.000973
0.000971
0.000969
0.000967
0.000966
0.000964
0.000962
0.000960
0.000958
0.000957
0.000955
0.000953
0.000951
0.000951
0.000950
0.000949
0.000948
0.000948
0.000947
0.000946
0.000945
0.000944
0.000944
0.000943
0.000942
0.000941
0.000940
0.000940
0.000939
0.000938
0.000937
0.000937
0.000936
0.000935
0.000934
0.000934
0.000933
0.000932
0.000931
0.000931
0.000930
0.000929
0.000928
0.000928
0.000927
0.000926
0.000926
0.000925
0.000924
0.000923
0.000923
0.000922
0.000921
0.000921
0.000920
0.000919
0.000919
0.000918
0.000917
0.000917
0.000916
0.000915
0.000915
0.000914
0.000914
0.000913
0.000912
0.000912
0.000911
0.000910
0.000910
0.000909
0.000909
0.000908
0.000908
0.000907
0.000906
0.000906
0.000905
0.000905
0.000904
0.000904
0.000903
0.000903
0.000902
0.000902
0.000901
0.000900
0.000900
0.000899
0.000899
0.000898
0.000898
0.000897
0.000897
0.000897
0.000896
0.000896
0.000895
0.000895
0.000894
0.000894
0.000893
0.000893
0.000893
0.000892
0.000892
0.000891
0.000891
0.000891
0.000890
0.000890
0.000889
0.000889
0.000888
0.000888
0.000888
0.000888
0.000888
0.000888
0.000887
0.000887
0.000887
0.000887
0.000887
0.000886
0.000886
0.000886
0.000886
0.000886
0.000886
0.000885
0.000885
0.000885
0.000885
0.000885
0.000885
0.000884
0.000884
0.000884
0.000884
0.000884
0.000884
0.000884
0.000883
0.000883
0.000883
0.000883
0.000883
0.000883
0.000882
0.000882
0.000882
0.000882
0.000882
0.000882
0.000882
0.000881
0.000881
0.000881
0.000881
0.000881
0.000881
0.000881
0.000881
0.000880
0.000880
0.000880
0.000880
0.000880
0.000880
0.000880
0.000880
0.000879
0.000879
0.000879
0.000879
0.000879
0.000879
0.000879
0.000879
0.000878
0.000878
0.000878
0.000878
0.000878
0.000878
0.000878
0.000878
0.000878
0.000878
0.000877
0.000877
0.000877
0.000877
0.000877
0.000877
0.000877
0.000877
0.000877
0.000877
0.000876
0.000876
0.000876
0.000876
0.000876
0.000876
0.000876
0.000876
0.000876
0.000876
0.000876
