1.329288
0.857166
0.633673
0.477461
0.360510
0.275118
0.214582
0.172813
0.144595
0.125696
0.112924
0.103983
0.097096
0.090848
0.084596
0.078528
0.072550
0.066648
0.060796
0.054991
0.049251
0.043613
0.038130
0.032873
0.027930
0.023398
0.019371
0.015930
0.013117
0.010927
0.009306
0.008165
0.007393
0.006887
0.006558
0.006340
0.006188
0.006074
0.005980
0.005899
0.005824
0.005754
0.005686
0.005620
0.005555
0.005491
0.005428
0.005366
0.005305
0.005244
0.005183
0.005123
0.005063
0.005004
0.004945
0.004886
0.004828
0.004770
0.004712
0.004655
0.004598
0.004542
0.004486
0.004430
0.004375
0.004321
0.004267
0.004214
0.004161
0.004109
0.004057
0.004007
0.003956
0.003907
0.003858
0.003810
0.003763
0.003716
0.003670
0.003625
0.003581
0.003538
0.003495
0.003453
0.003412
0.003372
0.003333
0.003294
0.003257
0.003220
0.003184
0.003149
0.003114
0.003081
0.003048
0.003017
0.002986
0.002955
0.002926
0.002897
0.002875
0.002861
0.002847
0.002834
0.002820
0.002807
0.002794
0.002781
0.002768
0.002756
0.002743
0.002731
0.002718
0.002706
0.002694
0.002682
0.002671
0.002659
0.002647
0.002636
0.002625
0.002614
0.002603
0.002592
0.002582
0.002571
0.002561
0.002550
0.002540
0.002530
0.002521
0.002511
0.002501
0.002492
0.002483
0.002473
0.002464
0.002455
0.002447
0.002438
0.002429
0.002421
0.002413
0.002405
0.002396
0.002388
0.002381
0.002373
0.002365
0.002358
0.002350
0.002343
0.002336
0.002329
0.002322
0.002315
0.002308
0.002302
0.002295
0.002289
0.002282
0.002276
0.002270
0.002264
0.002258
0.002252
0.002246
0.002241
0.002235
0.002229
0.002224
0.002219
0.002213
0.002208
0.002203
0.002198
0.002193
0.002188
0.002183
0.002178
0.002174
0.002169
0.002164
0.002160
0.002156
0.002151
0.002147
0.002143
0.002139
0.002134
0.002130
0.002126
0.002122
0.002119
0.002115
0.002111
0.002107
0.002104
0.002100
0.002097
0.002093
0.002091
0.002089
0.002088
0.002086
0.002084
0.002082
0.002081
0.002079
0.002077
0.002076
0.002074
0.002072
0.002071
0.002069
0.002067
0.002066
0.002064
0.002063
0.002061
0.002059
0.002058
0.002056
0.002055
0.002053
0.002051
0.002050
0.002048
0.002047
0.002045
0.002044
0.002042
0.002041
0.002039
0.002038
0.002036
0.002035
0.002033
0.002032
0.002030
0.002029
0.002027
0.002026
0.002024
0.002023
0.002022
0.002020
0.002019
0.002017
0.002016
0.002015
0.002013
0.002012
0.002010
0.002009
0.002008
0.002006
0.002005
0.002004
0.002002
0.002001
0.002000
0.001998
0.001997
0.001996
0.001995
0.001993
0.001992
0.001991
0.001990
0.001988
0.001987
0.001986
0.001985
0.001983
0.001982
0.001981
0.001980
0.001979
0.001978
0.001976
0.001975
0.001974
0.001973
0.001972
0.001971
0.001969
0.001968
0.001967
0.001966
0.001965
0.001964
0.001963
0.001962
0.001961
0.001960
0.001959
0.001957
0.001956
0.001955
0.001954
0.001953
0.001952
0.001952
0.001951
0.001951
0.001950
0.001950
0.001949
0.001949
0.001948
0.001948
0.001947
0.001947
0.001946
0.001946
0.001945
0.001945
0.001944
0.001944
0.001943
0.001943
0.001942
0.001941
0.001941
0.001940
0.001940
0.001939
0.001939
0.001938
0.001938
0.001937
0.001937
0.001936
0.001936
0.001935
0.001935
0.001934
0.001934
0.001933
0.001933
0.001932
0.001932
0.001931
0.001931
0.001930
0.001930
0.001929
0.001929
0.001928
0.001928
0.001927
0.001927
0.001926
0.001926
0.001925
0.001925
0.001924
0.001924
0.001923
0.001923
0.001922
0.001922
0.001921
0.001921
0.001920
0.001920
0.001919
0.001919
0.001918
0.001918
0.001917
0.001917
0.001916
0.001916
0.001915
0.001915
0.001914
0.001914
0.001913
0.001913
0.001912
0.001912
0.001911
0.001911
0.001910
0.001910
0.001909
0.001909
0.001909
0.001908
0.001908
0.001907
0.001907
0.001906
0.001906
0.001905
0.001905
0.001904
0.001904
0.001903
0.001902
0.001902
0.001902
0.001902
0.001902
0.001901
0.001901
0.001901
0.001901
0.001900
0.001900
0.001900
0.001900
0.001899
0.001899
0.001899
0.001899
0.001898
0.001898
0.001898
0.001898
0.001898
0.001897
0.001897
0.001897
0.001897
0.001896
0.001896
0.001896
0.001896
0.001895
0.001895
0.001895
0.001895
0.001894
0.001894
0.001894
0.001894
0.001894
0.001893
0.001893
0.001893
0.001893
0.001892
0.001892
0.001892
0.001892
0.001891
0.001891
0.001891
0.001891
0.001890
0.001890
0.001890
0.001890
0.001889
0.001889
0.001889
0.001889
0.001888
0.001888
0.001888
0.001888
0.001888
0.001887
0.001887
0.001887
0.001887
0.001886
0.001886
0.001886
0.001886
0.001885
0.001885
0.001885
0.001885
0.001884
0.001884
0.001884
0.001884
0.001884
0.001883
0.001883
0.001883
0.001883
0.001882
0.001882
0.001882
0.001882
0.001881
0.001881
0.001881
0.001881
0.001880
0.001880
0.001880
0.001880
0.001880
0.001879
