0.031905
0.013118
0.007852
0.005225
0.003850
0.003251
0.002932
0.002703
0.002510
0.002342
0.002196
0.002071
0.001964
0.001869
0.001787
0.001715
0.001652
0.001596
0.001547
0.001502
0.001462
0.001424
0.001389
0.001356
0.001324
0.001293
0.001264
0.001237
0.001211
0.001185
0.001160
0.001135
0.001111
0.001088
0.001066
0.001045
0.001023
0.001002
0.000981
0.000960
0.000940
0.000919
0.000899
0.000879
0.000859
0.000839
0.000820
0.000801
0.000782
0.000763
0.000744
0.000727
0.000711
0.000696
0.000683
0.000670
0.000658
0.000646
0.000636
0.000626
0.000616
0.000606
0.000597
0.000588
0.000579
0.000570
0.000562
0.000553
0.000544
0.000536
0.000529
0.000522
0.000515
0.000508
0.000502
0.000496
0.000490
0.000485
0.000479
0.000474
0.000469
0.000464
0.000459
0.000454
0.000450
0.000446
0.000441
0.000437
0.000433
0.000430
0.000426
0.000422
0.000418
0.000415
0.000412
0.000409
0.000406
0.000404
0.000401
0.000399
0.000391
0.000392
0.000393
0.000392
0.000390
0.000389
0.000387
0.000385
0.000384
0.000382
0.000381
0.000380
0.000379
0.000378
0.000377
0.000376
0.000375
0.000374
0.000373
0.000373
0.000372
0.000371
0.000370
0.000369
0.000368
0.000368
0.000367
0.000366
0.000366
0.000365
0.000364
0.000364
0.000363
0.000363
0.000362
0.000361
0.000361
0.000360
0.000360
0.000359
0.000359
0.000358
0.000358
0.000357
0.000357
0.000356
0.000356
0.000355
0.000355
0.000355
0.000354
0.000354
0.000353
0.000353
0.000353
0.000352
0.000352
0.000351
0.000351
0.000351
0.000351
0.000351
0.000350
0.000350
0.000350
0.000350
0.000349
0.000349
0.000349
0.000348
0.000348
0.000348
0.000348
0.000347
0.000348
0.000348
0.000347
0.000347
0.000347
0.000347
0.000347
0.000347
0.000347
0.000346
0.000346
0.000346
0.000346
0.000346
0.000346
0.000345
0.000345
0.000345
0.000345
0.000345
0.000345
0.000345
0.000345
0.000345
0.000345
0.000345
0.000338
0.000343
0.000345
0.000346
0.000346
0.000347
0.000347
0.000347
0.000347
0.000347
0.000347
0.000347
0.000347
0.000346
0.000346
0.000346
0.000346
0.000346
0.000346
0.000346
0.000346
0.000346
0.000346
0.000346
0.000346
0.000345
0.000345
0.000345
0.000345
0.000345
0.000345
0.000345
0.000345
0.000345
0.000345
0.000345
0.000345
0.000344
0.000344
0.000345
0.000345
0.000344
0.000344
0.000344
0.000344
0.000344
0.000344
0.000344
0.000344
0.000344
0.000344
0.000344
0.000344
0.000343
0.000343
0.000343
0.000343
0.000343
0.000343
0.000343
0.000343
0.000343
0.000343
0.000343
0.000343
0.000342
0.000343
0.000342
0.000342
0.000342
0.000342
0.000342
0.000342
0.000342
0.000342
0.000342
0.000342
0.000342
0.000341
0.000341
0.000341
0.000341
0.000341
0.000341
0.000341
0.000341
0.000341
0.000341
0.000341
0.000341
0.000341
0.000341
0.000341
0.000340
0.000340
0.000340
0.000340
0.000340
0.000340
0.000340
0.000330
0.000326
0.000326
0.000326
0.000326
0.000326
0.000326
0.000326
0.000325
0.000325
0.000325
0.000325
0.000325
0.000325
0.000325
0.000325
0.000325
0.000325
0.000325
0.000325
0.000325
0.000325
0.000325
0.000325
0.000325
0.000325
0.000325
0.000325
0.000325
0.000325
0.000325
0.000325
0.000325
0.000325
0.000325
0.000325
0.000325
0.000325
0.000325
0.000325
0.000325
0.000325
0.000325
0.000325
0.000325
0.000325
0.000325
0.000325
0.000325
0.000325
0.000325
0.000325
0.000325
0.000325
0.000325
0.000325
0.000325
0.000325
0.000325
0.000325
0.000325
0.000325
0.000325
0.000325
0.000325
0.000325
0.000325
0.000325
0.000325
0.000325
0.000325
0.000325
0.000325
0.000325
0.000325
0.000325
0.000325
0.000325
0.000325
0.000325
0.000325
0.000325
0.000325
0.000325
0.000325
0.000325
0.000325
0.000325
0.000325
0.000325
0.000325
0.000325
0.000325
0.000325
0.000325
0.000325
0.000325
0.000325
0.000325
0.000325
0.000322
0.000323
0.000323
0.000323
0.000323
0.000323
0.000323
0.000323
0.000323
0.000323
0.000323
0.000323
0.000323
0.000323
0.000323
0.000323
0.000323
0.000323
0.000323
0.000323
0.000322
0.000322
0.000322
0.000322
0.000322
0.000322
0.000322
0.000322
0.000322
0.000322
0.000322
0.000322
0.000322
0.000322
0.000322
0.000322
0.000322
0.000322
0.000322
0.000322
0.000322
0.000322
0.000322
0.000322
0.000322
0.000322
0.000322
0.000322
0.000322
0.000322
0.000322
0.000322
0.000322
0.000322
0.000322
0.000322
0.000322
0.000322
0.000322
0.000322
0.000322
0.000322
0.000322
0.000322
0.000322
0.000322
0.000322
0.000322
0.000322
0.000322
0.000322
0.000322
0.000322
0.000322
0.000322
0.000321
0.000321
0.000321
0.000321
0.000321
0.000321
0.000321
0.000321
0.000321
0.000321
0.000321
0.000321
0.000321
0.000321
0.000321
0.000321
0.000321
0.000321
0.000321
0.000321
0.000321
0.000321
0.000321
0.000321
0.000321
