1.035526
0.099460
0.038377
0.024364
0.018697
0.015012
0.012484
0.010567
0.009135
0.008058
0.007250
0.006629
0.006137
0.005735
0.005396
0.005104
0.004848
0.004618
0.004410
0.004220
0.004045
0.003886
0.003739
0.003604
0.003479
0.003363
0.003255
0.003154
0.003060
0.002973
0.002890
0.002813
0.002741
0.002673
0.002609
0.002548
0.002490
0.002434
0.002382
0.002331
0.002283
0.002236
0.002191
0.002147
0.002105
0.002064
0.002023
0.001984
0.001946
0.001909
0.001872
0.001835
0.001800
0.001765
0.001732
0.001699
0.001666
0.001634
0.001603
0.001573
0.001546
0.001522
0.001500
0.001480
0.001461
0.001443
0.001425
0.001407
0.001390
0.001374
0.001359
0.001343
0.001329
0.001314
0.001301
0.001287
0.001274
0.001261
0.001249
0.001237
0.001226
0.001215
0.001204
0.001193
0.001183
0.001173
0.001163
0.001154
0.001145
0.001136
0.001128
0.001120
0.001112
0.001104
0.001097
0.001090
0.001082
0.001076
0.001069
0.001063
0.001034
0.001023
0.001023
0.001021
0.001017
0.001013
0.001009
0.001005
0.001001
0.000997
0.000993
0.000989
0.000985
0.000981
0.000977
0.000973
0.000969
0.000965
0.000961
0.000957
0.000953
0.000948
0.000944
0.000941
0.000936
0.000932
0.000929
0.000925
0.000921
0.000917
0.000913
0.000909
0.000905
0.000901
0.000896
0.000892
0.000888
0.000884
0.000879
0.000875
0.000871
0.000866
0.000861
0.000857
0.000852
0.000847
0.000842
0.000838
0.000833
0.000828
0.000823
0.000817
0.000812
0.000806
0.000800
0.000793
0.000786
0.000779
0.000771
0.000763
0.000753
0.000744
0.000733
0.000723
0.000713
0.000701
0.000690
0.000679
0.000668
0.000658
0.000647
0.000637
0.000628
0.000618
0.000610
0.000602
0.000594
0.000587
0.000579
0.000571
0.000562
0.000553
0.000546
0.000538
0.000532
0.000525
0.000518
0.000511
0.000505
0.000498
0.000492
0.000487
0.000481
0.000476
0.000472
0.000467
0.000463
0.000459
0.000454
0.000450
0.000439
0.000428
0.000428
0.000425
0.000424
0.000423
0.000421
0.000420
0.000418
0.000417
0.000415
0.000414
0.000413
0.000411
0.000410
0.000409
0.000407
0.000406
0.000405
0.000404
0.000402
0.000401
0.000400
0.000399
0.000398
0.000397
0.000396
0.000394
0.000393
0.000392
0.000391
0.000390
0.000389
0.000388
0.000387
0.000386
0.000385
0.000384
0.000383
0.000382
0.000382
0.000381
0.000380
0.000379
0.000378
0.000377
0.000376
0.000376
0.000375
0.000374
0.000373
0.000372
0.000372
0.000371
0.000370
0.000369
0.000369
0.000368
0.000367
0.000367
0.000366
0.000365
0.000365
0.000364
0.000363
0.000363
0.000362
0.000361
0.000361
0.000360
0.000360
0.000359
0.000359
0.000358
0.000358
0.000357
0.000356
0.000356
0.000356
0.000355
0.000355
0.000355
0.000354
0.000354
0.000353
0.000353
0.000352
0.000352
0.000351
0.000351
0.000351
0.000350
0.000350
0.000350
0.000349
0.000349
0.000349
0.000348
0.000348
0.000348
0.000339
0.000337
0.000335
0.000336
0.000336
0.000335
0.000335
0.000335
0.000335
0.000335
0.000334
0.000334
0.000334
0.000334
0.000333
0.000333
0.000333
0.000333
0.000332
0.000332
0.000332
0.000332
0.000331
0.000331
0.000331
0.000331
0.000330
0.000330
0.000330
0.000330
0.000329
0.000329
0.000329
0.000329
0.000329
0.000328
0.000328
0.000328
0.000328
0.000327
0.000327
0.000327
0.000327
0.000326
0.000326
0.000326
0.000326
0.000326
0.000325
0.000325
0.000325
0.000325
0.000324
0.000324
0.000324
0.000324
0.000324
0.000323
0.000323
0.000323
0.000323
0.000323
0.000322
0.000322
0.000322
0.000322
0.000322
0.000321
0.000321
0.000321
0.000321
0.000321
0.000321
0.000320
0.000320
0.000320
0.000320
0.000320
0.000320
0.000319
0.000319
0.000319
0.000319
0.000319
0.000319
0.000319
0.000318
0.000318
0.000318
0.000318
0.000318
0.000318
0.000318
0.000318
0.000317
0.000317
0.000317
0.000317
0.000317
0.000317
0.000313
0.000314
0.000314
0.000314
0.000314
0.000314
0.000313
0.000313
0.000313
0.000313
0.000313
0.000313
0.000313
0.000313
0.000313
0.000313
0.000313
0.000313
0.000312
0.000312
0.000312
0.000312
0.000312
0.000312
0.000312
0.000312
0.000312
0.000312
0.000312
0.000311
0.000311
0.000311
0.000311
0.000311
0.000311
0.000311
0.000311
0.000311
0.000311
0.000310
0.000310
0.000310
0.000310
0.000310
0.000310
0.000310
0.000310
0.000310
0.000309
0.000309
0.000309
0.000309
0.000309
0.000309
0.000309
0.000309
0.000309
0.000308
0.000308
0.000308
0.000308
0.000308
0.000308
0.000308
0.000308
0.000307
0.000307
0.000307
0.000307
0.000307
0.000307
0.000307
0.000307
0.000306
0.000306
0.000306
0.000306
0.000306
0.000306
0.000306
0.000305
0.000305
0.000305
0.000305
0.000305
0.000305
0.000305
0.000304
0.000304
0.000304
0.000304
0.000304
0.000304
0.000304
0.000303
0.000303
0.000303
0.000303
0.000303
0.000303
