0.276537
0.055505
0.013076
0.007683
0.005779
0.004710
0.003883
0.003243
0.002786
0.002481
0.002289
0.002150
0.002043
0.001956
0.001882
0.001815
0.001755
0.001698
0.001646
0.001597
0.001550
0.001506
0.001464
0.001422
0.001383
0.001344
0.001307
0.001272
0.001238
0.001207
0.001176
0.001148
0.001121
0.001094
0.001068
0.001036
0.000992
0.000964
0.000939
0.000915
0.000892
0.000867
0.000826
0.000782
0.000748
0.000727
0.000708
0.000691
0.000677
0.000664
0.000654
0.000645
0.000637
0.000630
0.000624
0.000617
0.000610
0.000604
0.000598
0.000592
0.000586
0.000579
0.000574
0.000568
0.000562
0.000556
0.000550
0.000544
0.000538
0.000533
0.000528
0.000523
0.000518
0.000513
0.000508
0.000503
0.000499
0.000495
0.000490
0.000485
0.000481
0.000476
0.000472
0.000468
0.000464
0.000460
0.000457
0.000454
0.000451
0.000448
0.000446
0.000444
0.000441
0.000439
0.000437
0.000435
0.000433
0.000432
0.000430
0.000428
0.000425
0.000419
0.000417
0.000417
0.000416
0.000415
0.000415
0.000414
0.000413
0.000412
0.000411
0.000410
0.000409
0.000409
0.000408
0.000407
0.000406
0.000405
0.000405
0.000404
0.000403
0.000403
0.000402
0.000401
0.000401
0.000400
0.000399
0.000399
0.000398
0.000397
0.000397
0.000396
0.000396
0.000395
0.000394
0.000394
0.000393
0.000392
0.000392
0.000391
0.000390
0.000390
0.000389
0.000389
0.000388
0.000388
0.000387
0.000387
0.000386
0.000386
0.000385
0.000385
0.000384
0.000384
0.000383
0.000383
0.000383
0.000382
0.000382
0.000381
0.000381
0.000380
0.000380
0.000380
0.000379
0.000379
0.000379
0.000378
0.000378
0.000378
0.000378
0.000377
0.000377
0.000377
0.000377
0.000376
0.000376
0.000376
0.000376
0.000375
0.000375
0.000375
0.000375
0.000375
0.000374
0.000374
0.000374
0.000374
0.000373
0.000373
0.000373
0.000373
0.000372
0.000372
0.000372
0.000372
0.000372
0.000371
0.000371
0.000371
0.000368
0.000367
0.000367
0.000367
0.000366
0.000366
0.000366
0.000366
0.000366
0.000366
0.000366
0.000365
0.000365
0.000365
0.000365
0.000365
0.000365
0.000365
0.000365
0.000365
0.000365
0.000364
0.000364
0.000364
0.000364
0.000364
0.000364
0.000364
0.000364
0.000364
0.000364
0.000364
0.000364
0.000364
0.000363
0.000363
0.000363
0.000363
0.000363
0.000363
0.000363
0.000363
0.000363
0.000363
0.000363
0.000363
0.000363
0.000363
0.000363
0.000363
0.000363
0.000362
0.000362
0.000362
0.000362
0.000362
0.000362
0.000362
0.000362
0.000362
0.000362
0.000362
0.000362
0.000362
0.000362
0.000362
0.000362
0.000361
0.000361
0.000361
0.000361
0.000361
0.000361
0.000361
0.000361
0.000361
0.000361
0.000361
0.000361
0.000360
0.000360
0.000360
0.000360
0.000360
0.000360
0.000360
0.000360
0.000360
0.000360
0.000360
0.000360
0.000360
0.000360
0.000360
0.000360
0.000359
0.000359
0.000359
0.000359
0.000359
0.000357
0.000357
0.000358
0.000358
0.000358
0.000358
0.000358
0.000358
0.000358
0.000358
0.000358
0.000357
0.000357
0.000357
0.000357
0.000357
0.000357
0.000357
0.000357
0.000357
0.000357
0.000357
0.000357
0.000357
0.000357
0.000357
0.000357
0.000357
0.000357
0.000357
0.000357
0.000357
0.000357
0.000357
0.000357
0.000357
0.000357
0.000357
0.000357
0.000357
0.000357
0.000357
0.000357
0.000357
0.000357
0.000357
0.000357
0.000357
0.000357
0.000357
0.000357
0.000357
0.000357
0.000357
0.000357
0.000357
0.000357
0.000357
0.000357
0.000357
0.000357
0.000357
0.000357
0.000357
0.000357
0.000357
0.000357
0.000356
0.000356
0.000356
0.000356
0.000356
0.000356
0.000356
0.000356
0.000356
0.000356
0.000356
0.000356
0.000356
0.000356
0.000356
0.000356
0.000356
0.000356
0.000356
0.000356
0.000356
0.000356
0.000355
0.000355
0.000355
0.000355
0.000355
0.000355
0.000355
0.000355
0.000355
0.000355
0.000355
0.000354
0.000353
0.000353
0.000353
0.000353
0.000353
0.000353
0.000353
0.000353
0.000353
0.000353
0.000353
0.000353
0.000353
0.000353
0.000353
0.000353
0.000353
0.000353
0.000353
0.000353
0.000353
0.000353
0.000353
0.000353
0.000353
0.000352
0.000352
0.000352
0.000352
0.000352
0.000352
0.000352
0.000352
0.000352
0.000352
0.000352
0.000352
0.000352
0.000352
0.000352
0.000352
0.000352
0.000352
0.000352
0.000352
0.000352
0.000352
0.000352
0.000352
0.000352
0.000352
0.000352
0.000352
0.000352
0.000352
0.000352
0.000352
0.000352
0.000352
0.000352
0.000352
0.000352
0.000352
0.000352
0.000352
0.000352
0.000352
0.000352
0.000352
0.000352
0.000352
0.000352
0.000352
0.000352
0.000352
0.000352
0.000352
0.000352
0.000352
0.000352
0.000352
0.000352
0.000352
0.000352
0.000352
0.000352
0.000352
0.000352
0.000352
0.000352
0.000352
0.000352
0.000352
0.000352
0.000352
0.000352
0.000352
0.000352
0.000352
