0.365334
0.034215
0.022816
0.011492
0.005852
0.003186
0.002567
0.002417
0.002351
0.002299
0.002258
0.002225
0.002195
0.002168
0.002143
0.002120
0.002097
0.002075
0.002054
0.002035
0.002017
0.002000
0.001983
0.001966
0.001949
0.001932
0.001915
0.001899
0.001882
0.001866
0.001850
0.001835
0.001821
0.001808
0.001795
0.001784
0.001774
0.001764
0.001755
0.001746
0.001738
0.001730
0.001722
0.001715
0.001708
0.001701
0.001694
0.001688
0.001681
0.001675
0.001668
0.001661
0.001654
0.001647
0.001639
0.001631
0.001623
0.001614
0.001605
0.001595
0.001585
0.001575
0.001564
0.001553
0.001542
0.001530
0.001518
0.001505
0.001493
0.001480
0.001467
0.001454
0.001441
0.001428
0.001416
0.001403
0.001390
0.001378
0.001365
0.001353
0.001341
0.001329
0.001318
0.001306
0.001295
0.001283
0.001272
0.001261
0.001251
0.001240
0.001230
0.001220
0.001209
0.001200
0.001190
0.001180
0.001171
0.001162
0.001153
0.001144
0.001129
0.001125
0.001121
0.001116
0.001112
0.001107
0.001103
0.001099
0.001095
0.001091
0.001087
0.001083
0.001079
0.001075
0.001071
0.001067
0.001063
0.001060
0.001056
0.001052
0.001048
0.001045
0.001041
0.001038
0.001034
0.001031
0.001027
0.001024
0.001021
0.001017
0.001014
0.001011
0.001008
0.001005
0.001002
0.000999
0.000996
0.000993
0.000990
0.000987
0.000984
0.000981
0.000979
0.000976
0.000973
0.000971
0.000968
0.000966
0.000963
0.000961
0.000959
0.000956
0.000954
0.000952
0.000949
0.000947
0.000945
0.000943
0.000941
0.000939
0.000937
0.000935
0.000933
0.000931
0.000929
0.000927
0.000926
0.000924
0.000922
0.000920
0.000919
0.000917
0.000916
0.000914
0.000913
0.000911
0.000910
0.000908
0.000907
0.000905
0.000904
0.000903
0.000901
0.000900
0.000899
0.000898
0.000896
0.000895
0.000894
0.000893
0.000892
0.000891
0.000890
0.000889
0.000888
0.000887
0.000886
0.000885
0.000884
0.000883
0.000880
0.000880
0.000880
0.000880
0.000880
0.000879
0.000878
0.000878
0.000877
0.000876
0.000876
0.000875
0.000875
0.000874
0.000874
0.000873
0.000873
0.000872
0.000872
0.000872
0.000871
0.000871
0.000870
0.000870
0.000869
0.000869
0.000869
0.000868
0.000868
0.000868
0.000867
0.000867
0.000866
0.000866
0.000866
0.000865
0.000865
0.000865
0.000864
0.000864
0.000864
0.000863
0.000863
0.000863
0.000862
0.000862
0.000862
0.000861
0.000861
0.000861
0.000860
0.000860
0.000860
0.000859
0.000859
0.000859
0.000859
0.000858
0.000858
0.000858
0.000857
0.000857
0.000857
0.000857
0.000856
0.000856
0.000856
0.000856
0.000855
0.000855
0.000855
0.000855
0.000854
0.000854
0.000854
0.000854
0.000853
0.000853
0.000853
0.000853
0.000853
0.000852
0.000852
0.000852
0.000852
0.000852
0.000851
0.000851
0.000851
0.000851
0.000851
0.000850
0.000850
0.000850
0.000850
0.000850
0.000849
0.000849
0.000849
0.000849
0.000846
0.000845
0.000845
0.000845
0.000844
0.000844
0.000844
0.000844
0.000844
0.000844
0.000844
0.000844
0.000844
0.000843
0.000843
0.000843
0.000843
0.000843
0.000843
0.000843
0.000843
0.000843
0.000843
0.000843
0.000842
0.000842
0.000842
0.000842
0.000842
0.000842
0.000842
0.000842
0.000842
0.000842
0.000842
0.000842
0.000841
0.000841
0.000841
0.000841
0.000841
0.000841
0.000841
0.000841
0.000841
0.000841
0.000841
0.000841
0.000840
0.000840
0.000840
0.000840
0.000840
0.000840
0.000840
0.000840
0.000840
0.000840
0.000840
0.000840
0.000840
0.000840
0.000839
0.000839
0.000839
0.000839
0.000839
0.000839
0.000839
0.000839
0.000839
0.000839
0.000839
0.000839
0.000839
0.000839
0.000838
0.000838
0.000838
0.000838
0.000838
0.000838
0.000838
0.000838
0.000838
0.000838
0.000838
0.000838
0.000838
0.000837
0.000837
0.000837
0.000837
0.000837
0.000837
0.000837
0.000837
0.000837
0.000837
0.000837
0.000836
0.000836
0.000837
0.000837
0.000837
0.000837
0.000837
0.000837
0.000837
0.000837
0.000837
0.000837
0.000836
0.000836
0.000836
0.000836
0.000836
0.000836
0.000836
0.000836
0.000836
0.000836
0.000836
0.000836
0.000836
0.000836
0.000836
0.000836
0.000836
0.000836
0.000835
0.000835
0.000835
0.000835
0.000835
0.000835
0.000835
0.000835
0.000835
0.000835
0.000835
0.000835
0.000835
0.000835
0.000835
0.000835
0.000835
0.000835
0.000834
0.000834
0.000834
0.000834
0.000834
0.000834
0.000834
0.000834
0.000834
0.000834
0.000834
0.000834
0.000834
0.000834
0.000834
0.000834
0.000833
0.000833
0.000833
0.000833
0.000833
0.000833
0.000833
0.000833
0.000833
0.000833
0.000833
0.000833
0.000833
0.000833
0.000833
0.000833
0.000833
0.000832
0.000832
0.000832
0.000832
0.000832
0.000832
0.000832
0.000832
0.000832
0.000832
0.000832
0.000832
0.000832
0.000832
0.000832
0.000832
0.000832
0.000831
0.000831
