0.296075
0.075290
0.037479
0.021136
0.012547
0.008716
0.006833
0.005576
0.004741
0.004171
0.003763
0.003458
0.003220
0.003026
0.002862
0.002720
0.002593
0.002478
0.002374
0.002278
0.002190
0.002108
0.002033
0.001964
0.001900
0.001840
0.001785
0.001733
0.001685
0.001640
0.001599
0.001560
0.001523
0.001489
0.001457
0.001427
0.001399
0.001372
0.001347
0.001323
0.001301
0.001280
0.001260
0.001241
0.001223
0.001205
0.001189
0.001173
0.001158
0.001144
0.001130
0.001116
0.001103
0.001090
0.001077
0.001065
0.001053
0.001041
0.001029
0.001017
0.001005
0.000993
0.000981
0.000970
0.000958
0.000946
0.000934
0.000921
0.000909
0.000896
0.000884
0.000871
0.000858
0.000845
0.000831
0.000818
0.000805
0.000792
0.000779
0.000766
0.000753
0.000741
0.000728
0.000716
0.000704
0.000693
0.000682
0.000671
0.000660
0.000649
0.000639
0.000629
0.000619
0.000609
0.000599
0.000590
0.000581
0.000572
0.000564
0.000556
0.000553
0.000540
0.000534
0.000530
0.000527
0.000524
0.000521
0.000518
0.000516
0.000513
0.000510
0.000508
0.000505
0.000503
0.000500
0.000498
0.000496
0.000493
0.000491
0.000489
0.000487
0.000485
0.000483
0.000481
0.000479
0.000478
0.000476
0.000474
0.000472
0.000470
0.000469
0.000467
0.000465
0.000464
0.000462
0.000460
0.000459
0.000457
0.000455
0.000454
0.000452
0.000450
0.000448
0.000447
0.000445
0.000443
0.000442
0.000440
0.000439
0.000437
0.000436
0.000434
0.000433
0.000432
0.000430
0.000429
0.000428
0.000427
0.000426
0.000425
0.000424
0.000423
0.000422
0.000421
0.000420
0.000419
0.000419
0.000418
0.000417
0.000416
0.000415
0.000414
0.000413
0.000412
0.000411
0.000410
0.000409
0.000409
0.000408
0.000407
0.000406
0.000405
0.000404
0.000403
0.000402
0.000402
0.000401
0.000400
0.000399
0.000399
0.000398
0.000397
0.000397
0.000396
0.000396
0.000395
0.000395
0.000394
0.000394
0.000393
0.000392
0.000392
0.000392
0.000392
0.000391
0.000391
0.000391
0.000391
0.000391
0.000391
0.000391
0.000391
0.000391
0.000390
0.000390
0.000390
0.000390
0.000390
0.000390
0.000390
0.000390
0.000390
0.000390
0.000390
0.000390
0.000389
0.000389
0.000389
0.000389
0.000389
0.000388
0.000388
0.000388
0.000388
0.000388
0.000387
0.000387
0.000387
0.000386
0.000386
0.000386
0.000385
0.000385
0.000385
0.000385
0.000384
0.000384
0.000384
0.000384
0.000384
0.000383
0.000383
0.000383
0.000383
0.000383
0.000383
0.000382
0.000382
0.000382
0.000382
0.000382
0.000382
0.000382
0.000381
0.000381
0.000381
0.000381
0.000381
0.000381
0.000380
0.000380
0.000380
0.000380
0.000380
0.000379
0.000379
0.000379
0.000379
0.000379
0.000378
0.000378
0.000378
0.000378
0.000377
0.000377
0.000377
0.000377
0.000376
0.000376
0.000376
0.000376
0.000376
0.000375
0.000375
0.000375
0.000375
0.000374
0.000374
0.000374
0.000374
0.000373
0.000372
0.000372
0.000372
0.000372
0.000372
0.000372
0.000371
0.000371
0.000371
0.000371
0.000371
0.000371
0.000371
0.000371
0.000371
0.000371
0.000371
0.000371
0.000371
0.000371
0.000371
0.000371
0.000371
0.000371
0.000371
0.000371
0.000371
0.000371
0.000371
0.000371
0.000371
0.000371
0.000371
0.000371
0.000371
0.000371
0.000371
0.000371
0.000371
0.000371
0.000371
0.000371
0.000371
0.000371
0.000371
0.000371
0.000371
0.000371
0.000371
0.000371
0.000371
0.000371
0.000371
0.000371
0.000371
0.000371
0.000370
0.000370
0.000370
0.000370
0.000370
0.000370
0.000370
0.000370
0.000370
0.000370
0.000370
0.000370
0.000369
0.000369
0.000369
0.000369
0.000369
0.000369
0.000369
0.000369
0.000369
0.000369
0.000369
0.000369
0.000369
0.000369
0.000368
0.000368
0.000368
0.000368
0.000368
0.000368
0.000368
0.000368
0.000368
0.000368
0.000368
0.000368
0.000368
0.000368
0.000368
0.000368
0.000368
0.000364
0.000363
0.000363
0.000363
0.000363
0.000363
0.000363
0.000363
0.000363
0.000363
0.000363
0.000363
0.000362
0.000362
0.000362
0.000362
0.000362
0.000362
0.000362
0.000362
0.000362
0.000362
0.000362
0.000362
0.000362
0.000362
0.000362
0.000362
0.000362
0.000362
0.000362
0.000362
0.000362
0.000362
0.000362
0.000362
0.000362
0.000362
0.000362
0.000362
0.000362
0.000362
0.000362
0.000362
0.000362
0.000362
0.000362
0.000362
0.000362
0.000361
0.000361
0.000361
0.000361
0.000361
0.000361
0.000361
0.000361
0.000361
0.000361
0.000361
0.000361
0.000361
0.000361
0.000361
0.000361
0.000361
0.000361
0.000361
0.000361
0.000361
0.000361
0.000361
0.000361
0.000361
0.000361
0.000361
0.000361
0.000361
0.000361
0.000361
0.000361
0.000361
0.000361
0.000361
0.000361
0.000361
0.000361
0.000361
0.000360
0.000360
0.000360
0.000360
0.000360
0.000360
0.000360
0.000360
0.000360
0.000360
0.000360
0.000360
