0.103132
0.018750
0.012058
0.007152
0.005081
0.004180
0.003583
0.003133
0.002797
0.002541
0.002341
0.002182
0.002054
0.001951
0.001867
0.001797
0.001740
0.001691
0.001650
0.001614
0.001582
0.001554
0.001528
0.001505
0.001483
0.001463
0.001444
0.001426
0.001410
0.001394
0.001380
0.001366
0.001353
0.001341
0.001329
0.001318
0.001308
0.001298
0.001289
0.001281
0.001273
0.001265
0.001258
0.001252
0.001245
0.001240
0.001234
0.001229
0.001224
0.001220
0.001216
0.001212
0.001209
0.001206
0.001203
0.001200
0.001198
0.001195
0.001193
0.001191
0.001190
0.001188
0.001187
0.001185
0.001184
0.001183
0.001182
0.001181
0.001180
0.001179
0.001178
0.001178
0.001177
0.001176
0.001176
0.001175
0.001174
0.001174
0.001173
0.001173
0.001172
0.001171
0.001171
0.001170
0.001169
0.001169
0.001168
0.001167
0.001167
0.001166
0.001165
0.001164
0.001164
0.001163
0.001162
0.001162
0.001161
0.001160
0.001159
0.001159
0.001086
0.001089
0.001076
0.001074
0.001075
0.001074
0.001073
0.001073
0.001072
0.001072
0.001071
0.001071
0.001070
0.001070
0.001069
0.001069
0.001069
0.001068
0.001068
0.001067
0.001067
0.001066
0.001066
0.001065
0.001065
0.001065
0.001064
0.001064
0.001064
0.001063
0.001063
0.001062
0.001062
0.001062
0.001061
0.001061
0.001061
0.001060
0.001060
0.001060
0.001059
0.001059
0.001058
0.001058
0.001058
0.001057
0.001057
0.001057
0.001056
0.001056
0.001056
0.001055
0.001055
0.001054
0.001054
0.001054
0.001053
0.001053
0.001052
0.001052
0.001051
0.001051
0.001050
0.001049
0.001049
0.001048
0.001047
0.001047
0.001046
0.001045
0.001044
0.001043
0.001042
0.001041
0.001040
0.001039
0.001038
0.001037
0.001035
0.001034
0.001033
0.001031
0.001030
0.001028
0.001026
0.001024
0.001023
0.001021
0.001019
0.001016
0.001014
0.001011
0.001009
0.001006
0.001003
0.000999
0.000996
0.000992
0.000987
0.000983
0.000956
0.000961
0.000960
0.000954
0.000950
0.000946
0.000943
0.000940
0.000936
0.000933
0.000929
0.000925
0.000921
0.000917
0.000913
0.000909
0.000904
0.000899
0.000894
0.000889
0.000884
0.000879
0.000873
0.000868
0.000862
0.000856
0.000849
0.000843
0.000836
0.000829
0.000822
0.000815
0.000808
0.000800
0.000792
0.000785
0.000777
0.000769
0.000760
0.000752
0.000744
0.000736
0.000728
0.000719
0.000711
0.000703
0.000695
0.000688
0.000680
0.000672
0.000665
0.000658
0.000650
0.000643
0.000636
0.000629
0.000623
0.000616
0.000610
0.000604
0.000598
0.000592
0.000586
0.000580
0.000575
0.000570
0.000565
0.000560
0.000555
0.000551
0.000546
0.000542
0.000538
0.000534
0.000530
0.000527
0.000523
0.000520
0.000516
0.000513
0.000510
0.000507
0.000504
0.000501
0.000499
0.000496
0.000494
0.000491
0.000489
0.000487
0.000485
0.000483
0.000481
0.000479
0.000477
0.000475
0.000474
0.000472
0.000470
0.000469
0.000460
0.000460
0.000458
0.000457
0.000456
0.000455
0.000455
0.000454
0.000453
0.000452
0.000452
0.000451
0.000450
0.000450
0.000449
0.000448
0.000448
0.000447
0.000446
0.000446
0.000445
0.000445
0.000444
0.000443
0.000443
0.000442
0.000442
0.000441
0.000441
0.000440
0.000440
0.000439
0.000439
0.000438
0.000438
0.000437
0.000437
0.000436
0.000436
0.000435
0.000435
0.000435
0.000434
0.000434
0.000433
0.000433
0.000432
0.000432
0.000432
0.000431
0.000431
0.000430
0.000430
0.000430
0.000429
0.000429
0.000429
0.000428
0.000428
0.000427
0.000427
0.000427
0.000427
0.000426
0.000426
0.000426
0.000425
0.000425
0.000425
0.000424
0.000424
0.000424
0.000424
0.000423
0.000423
0.000423
0.000423
0.000422
0.000422
0.000422
0.000421
0.000421
0.000421
0.000421
0.000420
0.000420
0.000420
0.000420
0.000420
0.000419
0.000419
0.000419
0.000419
0.000418
0.000418
0.000418
0.000418
0.000418
0.000417
0.000417
0.000414
0.000414
0.000414
0.000414
0.000413
0.000413
0.000413
0.000413
0.000413
0.000413
0.000413
0.000413
0.000412
0.000412
0.000412
0.000412
0.000412
0.000412
0.000412
0.000412
0.000412
0.000411
0.000411
0.000411
0.000411
0.000411
0.000411
0.000411
0.000411
0.000411
0.000411
0.000410
0.000410
0.000410
0.000410
0.000410
0.000410
0.000410
0.000410
0.000410
0.000410
0.000409
0.000409
0.000409
0.000409
0.000409
0.000409
0.000409
0.000409
0.000409
0.000409
0.000409
0.000408
0.000408
0.000408
0.000408
0.000408
0.000408
0.000408
0.000408
0.000408
0.000408
0.000408
0.000408
0.000407
0.000407
0.000407
0.000407
0.000407
0.000407
0.000407
0.000407
0.000407
0.000407
0.000407
0.000407
0.000407
0.000407
0.000406
0.000406
0.000406
0.000406
0.000406
0.000406
0.000406
0.000406
0.000406
0.000406
0.000406
0.000406
0.000406
0.000406
0.000406
0.000405
0.000405
0.000405
0.000405
0.000405
0.000405
0.000405
