0.396074
0.132317
0.091525
0.068129
0.053701
0.042417
0.033740
0.026928
0.021624
0.017491
0.014279
0.011795
0.009879
0.008407
0.007280
0.006418
0.005761
0.005257
0.004869
0.004568
0.004330
0.004138
0.003980
0.003847
0.003732
0.003630
0.003538
0.003453
0.003373
0.003298
0.003227
0.003159
0.003093
0.003030
0.002968
0.002909
0.002852
0.002796
0.002743
0.002691
0.002640
0.002592
0.002544
0.002499
0.002455
0.002412
0.002371
0.002331
0.002293
0.002256
0.002220
0.002185
0.002152
0.002120
0.002088
0.002058
0.002029
0.002001
0.001974
0.001947
0.001921
0.001896
0.001872
0.001848
0.001825
0.001803
0.001781
0.001760
0.001740
0.001720
0.001701
0.001683
0.001665
0.001647
0.001630
0.001614
0.001598
0.001583
0.001568
0.001553
0.001539
0.001526
0.001513
0.001500
0.001488
0.001476
0.001464
0.001453
0.001442
0.001431
0.001421
0.001411
0.001401
0.001391
0.001382
0.001373
0.001365
0.001356
0.001348
0.001340
0.001326
0.001328
0.001330
0.001328
0.001325
0.001321
0.001317
0.001314
0.001311
0.001308
0.001305
0.001302
0.001299
0.001296
0.001293
0.001290
0.001287
0.001284
0.001281
0.001279
0.001276
0.001273
0.001270
0.001267
0.001264
0.001262
0.001259
0.001256
0.001253
0.001250
0.001247
0.001245
0.001242
0.001239
0.001236
0.001233
0.001230
0.001227
0.001224
0.001222
0.001219
0.001216
0.001213
0.001210
0.001207
0.001205
0.001202
0.001199
0.001196
0.001194
0.001191
0.001188
0.001186
0.001183
0.001181
0.001178
0.001176
0.001174
0.001171
0.001169
0.001167
0.001165
0.001163
0.001161
0.001158
0.001156
0.001154
0.001153
0.001151
0.001149
0.001147
0.001145
0.001143
0.001142
0.001140
0.001138
0.001137
0.001135
0.001133
0.001132
0.001130
0.001129
0.001128
0.001126
0.001125
0.001123
0.001122
0.001121
0.001119
0.001118
0.001117
0.001116
0.001114
0.001113
0.001112
0.001111
0.001110
0.001109
0.001108
0.001107
0.001098
0.001104
0.001110
0.001111
0.001110
0.001110
0.001109
0.001109
0.001108
0.001108
0.001108
0.001108
0.001107
0.001107
0.001107
0.001107
0.001107
0.001106
0.001106
0.001106
0.001106
0.001105
0.001105
0.001105
0.001105
0.001104
0.001104
0.001104
0.001103
0.001103
0.001103
0.001102
0.001102
0.001102
0.001101
0.001101
0.001101
0.001100
0.001100
0.001100
0.001099
0.001099
0.001098
0.001098
0.001098
0.001097
0.001097
0.001096
0.001096
0.001095
0.001095
0.001094
0.001094
0.001093
0.001093
0.001092
0.001092
0.001091
0.001091
0.001090
0.001090
0.001089
0.001089
0.001088
0.001087
0.001087
0.001086
0.001086
0.001085
0.001085
0.001084
0.001083
0.001083
0.001082
0.001082
0.001081
0.001080
0.001080
0.001079
0.001079
0.001078
0.001077
0.001077
0.001076
0.001076
0.001075
0.001074
0.001074
0.001073
0.001073
0.001072
0.001072
0.001071
0.001070
0.001070
0.001069
0.001069
0.001068
0.001067
0.001067
0.001055
0.001061
0.001057
0.001053
0.001054
0.001054
0.001054
0.001054
0.001054
0.001054
0.001054
0.001054
0.001053
0.001053
0.001053
0.001053
0.001053
0.001053
0.001053
0.001053
0.001053
0.001053
0.001053
0.001053
0.001053
0.001053
0.001053
0.001052
0.001052
0.001052
0.001052
0.001052
0.001052
0.001052
0.001052
0.001052
0.001052
0.001052
0.001052
0.001052
0.001052
0.001052
0.001052
0.001052
0.001051
0.001051
0.001051
0.001051
0.001051
0.001051
0.001051
0.001051
0.001051
0.001051
0.001051
0.001051
0.001051
0.001051
0.001051
0.001051
0.001051
0.001050
0.001050
0.001050
0.001050
0.001050
0.001050
0.001050
0.001050
0.001050
0.001050
0.001050
0.001050
0.001050
0.001050
0.001049
0.001049
0.001049
0.001049
0.001049
0.001049
0.001049
0.001049
0.001049
0.001049
0.001049
0.001049
0.001048
0.001048
0.001048
0.001048
0.001048
0.001048
0.001048
0.001048
0.001048
0.001048
0.001048
0.001048
0.001047
0.001042
0.001032
0.001033
0.001034
0.001033
0.001033
0.001033
0.001033
0.001033
0.001033
0.001033
0.001033
0.001033
0.001033
0.001033
0.001033
0.001033
0.001033
0.001033
0.001032
0.001032
0.001032
0.001032
0.001032
0.001032
0.001032
0.001032
0.001032
0.001032
0.001032
0.001032
0.001032
0.001032
0.001032
0.001032
0.001032
0.001032
0.001032
0.001032
0.001031
0.001031
0.001031
0.001031
0.001031
0.001031
0.001031
0.001031
0.001031
0.001031
0.001031
0.001031
0.001031
0.001031
0.001031
0.001031
0.001031
0.001031
0.001031
0.001030
0.001030
0.001030
0.001030
0.001030
0.001030
0.001030
0.001030
0.001030
0.001030
0.001030
0.001030
0.001030
0.001030
0.001030
0.001030
0.001030
0.001030
0.001030
0.001029
0.001029
0.001029
0.001029
0.001029
0.001029
0.001029
0.001029
0.001029
0.001029
0.001029
0.001029
0.001029
0.001029
0.001029
0.001029
0.001029
0.001028
0.001028
0.001028
0.001028
0.001028
0.001028
