0.159669
0.028255
0.014788
0.010410
0.008440
0.007097
0.006071
0.005228
0.004535
0.003959
0.003486
0.003103
0.002804
0.002572
0.002398
0.002261
0.002155
0.002072
0.002006
0.001949
0.001898
0.001852
0.001810
0.001770
0.001731
0.001693
0.001655
0.001616
0.001577
0.001538
0.001502
0.001465
0.001429
0.001391
0.001352
0.001312
0.001272
0.001231
0.001192
0.001154
0.001120
0.001089
0.001061
0.001034
0.001009
0.000986
0.000964
0.000942
0.000921
0.000901
0.000881
0.000860
0.000842
0.000823
0.000805
0.000789
0.000773
0.000758
0.000745
0.000732
0.000720
0.000709
0.000698
0.000687
0.000676
0.000665
0.000653
0.000641
0.000629
0.000617
0.000606
0.000595
0.000586
0.000578
0.000570
0.000563
0.000556
0.000549
0.000543
0.000537
0.000531
0.000526
0.000522
0.000518
0.000514
0.000511
0.000508
0.000505
0.000503
0.000501
0.000498
0.000496
0.000494
0.000493
0.000491
0.000489
0.000488
0.000487
0.000484
0.000481
0.000445
0.000441
0.000440
0.000440
0.000439
0.000438
0.000437
0.000436
0.000435
0.000433
0.000432
0.000431
0.000430
0.000430
0.000429
0.000428
0.000427
0.000427
0.000426
0.000425
0.000424
0.000423
0.000423
0.000422
0.000421
0.000420
0.000419
0.000418
0.000417
0.000416
0.000415
0.000414
0.000414
0.000413
0.000412
0.000410
0.000409
0.000407
0.000406
0.000405
0.000403
0.000402
0.000401
0.000400
0.000399
0.000398
0.000397
0.000396
0.000395
0.000394
0.000393
0.000393
0.000392
0.000391
0.000390
0.000390
0.000389
0.000388
0.000387
0.000387
0.000386
0.000385
0.000385
0.000384
0.000384
0.000383
0.000382
0.000382
0.000381
0.000381
0.000380
0.000380
0.000379
0.000379
0.000378
0.000378
0.000377
0.000377
0.000376
0.000376
0.000375
0.000375
0.000374
0.000374
0.000374
0.000373
0.000373
0.000373
0.000372
0.000372
0.000371
0.000371
0.000371
0.000371
0.000370
0.000370
0.000370
0.000369
0.000369
0.000369
0.000359
0.000354
0.000354
0.000353
0.000352
0.000352
0.000352
0.000351
0.000351
0.000351
0.000351
0.000351
0.000350
0.000350
0.000350
0.000350
0.000349
0.000349
0.000349
0.000349
0.000349
0.000348
0.000348
0.000348
0.000348
0.000348
0.000348
0.000348
0.000347
0.000347
0.000347
0.000347
0.000347
0.000347
0.000347
0.000347
0.000347
0.000347
0.000346
0.000346
0.000346
0.000346
0.000346
0.000346
0.000346
0.000346
0.000346
0.000346
0.000346
0.000346
0.000346
0.000345
0.000345
0.000345
0.000345
0.000345
0.000345
0.000345
0.000345
0.000345
0.000344
0.000344
0.000344
0.000344
0.000344
0.000343
0.000343
0.000343
0.000343
0.000343
0.000343
0.000342
0.000342
0.000342
0.000342
0.000342
0.000342
0.000342
0.000342
0.000341
0.000341
0.000341
0.000341
0.000341
0.000341
0.000340
0.000340
0.000340
0.000340
0.000340
0.000340
0.000340
0.000340
0.000339
0.000339
0.000339
0.000339
0.000339
0.000339
0.000339
0.000330
0.000329
0.000331
0.000332
0.000332
0.000332
0.000331
0.000331
0.000331
0.000331
0.000331
0.000331
0.000330
0.000330
0.000330
0.000330
0.000330
0.000330
0.000329
0.000329
0.000329
0.000329
0.000329
0.000328
0.000328
0.000328
0.000328
0.000328
0.000328
0.000327
0.000327
0.000327
0.000327
0.000327
0.000327
0.000327
0.000326
0.000326
0.000326
0.000326
0.000326
0.000326
0.000326
0.000325
0.000325
0.000325
0.000325
0.000325
0.000325
0.000325
0.000325
0.000324
0.000324
0.000324
0.000324
0.000324
0.000324
0.000324
0.000324
0.000324
0.000323
0.000323
0.000323
0.000323
0.000323
0.000323
0.000323
0.000323
0.000323
0.000322
0.000322
0.000322
0.000322
0.000322
0.000322
0.000322
0.000322
0.000322
0.000322
0.000321
0.000321
0.000321
0.000321
0.000321
0.000321
0.000321
0.000321
0.000321
0.000321
0.000320
0.000320
0.000320
0.000320
0.000320
0.000320
0.000320
0.000320
0.000320
0.000320
0.000319
0.000319
0.000320
0.000320
0.000320
0.000320
0.000320
0.000320
0.000320
0.000320
0.000320
0.000320
0.000320
0.000320
0.000320
0.000320
0.000320
0.000320
0.000320
0.000320
0.000320
0.000320
0.000320
0.000320
0.000320
0.000320
0.000320
0.000320
0.000320
0.000320
0.000320
0.000320
0.000320
0.000320
0.000320
0.000320
0.000320
0.000320
0.000320
0.000320
0.000320
0.000320
0.000320
0.000320
0.000320
0.000320
0.000320
0.000320
0.000320
0.000319
0.000319
0.000319
0.000319
0.000319
0.000319
0.000319
0.000319
0.000319
0.000319
0.000319
0.000319
0.000319
0.000319
0.000319
0.000319
0.000319
0.000319
0.000319
0.000319
0.000319
0.000319
0.000319
0.000319
0.000319
0.000319
0.000319
0.000319
0.000318
0.000318
0.000318
0.000318
0.000318
0.000318
0.000318
0.000318
0.000318
0.000318
0.000318
0.000318
0.000318
0.000318
0.000318
0.000318
0.000318
0.000318
0.000318
0.000318
0.000318
0.000318
0.000318
0.000318
