0.350662
0.083284
0.033686
0.020157
0.013368
0.009681
0.007482
0.006115
0.005206
0.004563
0.004074
0.003687
0.003375
0.003119
0.002910
0.002737
0.002592
0.002471
0.002368
0.002279
0.002201
0.002132
0.002070
0.002015
0.001964
0.001918
0.001876
0.001837
0.001801
0.001767
0.001736
0.001707
0.001679
0.001653
0.001628
0.001604
0.001582
0.001560
0.001539
0.001519
0.001500
0.001481
0.001463
0.001445
0.001428
0.001412
0.001395
0.001379
0.001364
0.001349
0.001334
0.001319
0.001305
0.001291
0.001277
0.001263
0.001250
0.001237
0.001224
0.001212
0.001199
0.001187
0.001175
0.001163
0.001152
0.001140
0.001129
0.001118
0.001107
0.001096
0.001085
0.001074
0.001063
0.001052
0.001042
0.001031
0.001021
0.001010
0.001000
0.000990
0.000979
0.000969
0.000959
0.000949
0.000938
0.000928
0.000918
0.000908
0.000897
0.000887
0.000877
0.000867
0.000857
0.000847
0.000837
0.000827
0.000817
0.000807
0.000797
0.000787
0.000764
0.000734
0.000728
0.000716
0.000713
0.000707
0.000702
0.000697
0.000693
0.000688
0.000683
0.000678
0.000674
0.000669
0.000664
0.000660
0.000655
0.000651
0.000646
0.000642
0.000637
0.000633
0.000629
0.000624
0.000620
0.000616
0.000612
0.000608
0.000604
0.000600
0.000596
0.000592
0.000588
0.000584
0.000580
0.000576
0.000573
0.000569
0.000565
0.000562
0.000558
0.000555
0.000551
0.000548
0.000544
0.000541
0.000538
0.000535
0.000531
0.000528
0.000525
0.000522
0.000520
0.000517
0.000514
0.000511
0.000509
0.000506
0.000503
0.000501
0.000498
0.000496
0.000493
0.000491
0.000488
0.000486
0.000484
0.000481
0.000479
0.000477
0.000475
0.000473
0.000471
0.000469
0.000467
0.000465
0.000463
0.000461
0.000459
0.000457
0.000455
0.000453
0.000451
0.000449
0.000448
0.000446
0.000444
0.000443
0.000441
0.000439
0.000437
0.000436
0.000434
0.000433
0.000431
0.000429
0.000428
0.000427
0.000425
0.000424
0.000416
0.000411
0.000410
0.000408
0.000408
0.000407
0.000407
0.000406
0.000406
0.000405
0.000404
0.000404
0.000403
0.000403
0.000402
0.000402
0.000401
0.000401
0.000400
0.000400
0.000399
0.000398
0.000398
0.000397
0.000397
0.000396
0.000396
0.000395
0.000395
0.000395
0.000394
0.000394
0.000393
0.000393
0.000392
0.000392
0.000391
0.000391
0.000391
0.000390
0.000390
0.000389
0.000389
0.000388
0.000388
0.000388
0.000387
0.000387
0.000386
0.000386
0.000386
0.000385
0.000385
0.000384
0.000384
0.000384
0.000383
0.000383
0.000382
0.000382
0.000382
0.000381
0.000381
0.000381
0.000380
0.000380
0.000379
0.000379
0.000379
0.000378
0.000378
0.000378
0.000377
0.000377
0.000377
0.000376
0.000376
0.000376
0.000375
0.000375
0.000375
0.000375
0.000374
0.000374
0.000374
0.000374
0.000373
0.000373
0.000373
0.000373
0.000372
0.000372
0.000372
0.000372
0.000371
0.000371
0.000371
0.000371
0.000370
0.000370
0.000365
0.000365
0.000365
0.000364
0.000364
0.000364
0.000364
0.000363
0.000363
0.000363
0.000363
0.000363
0.000363
0.000363
0.000362
0.000362
0.000362
0.000362
0.000362
0.000362
0.000362
0.000361
0.000361
0.000361
0.000361
0.000361
0.000361
0.000360
0.000360
0.000360
0.000360
0.000360
0.000360
0.000360
0.000359
0.000359
0.000359
0.000359
0.000359
0.000359
0.000359
0.000358
0.000358
0.000358
0.000358
0.000358
0.000358
0.000357
0.000357
0.000357
0.000357
0.000357
0.000357
0.000357
0.000356
0.000356
0.000356
0.000356
0.000356
0.000356
0.000356
0.000355
0.000355
0.000355
0.000355
0.000355
0.000355
0.000355
0.000354
0.000354
0.000354
0.000354
0.000354
0.000354
0.000354
0.000353
0.000353
0.000353
0.000353
0.000353
0.000353
0.000353
0.000352
0.000352
0.000352
0.000352
0.000352
0.000352
0.000352
0.000352
0.000351
0.000351
0.000351
0.000351
0.000351
0.000351
0.000351
0.000350
0.000350
0.000350
0.000348
0.000349
0.000349
0.000349
0.000349
0.000349
0.000349
0.000349
0.000349
0.000349
0.000348
0.000348
0.000348
0.000348
0.000348
0.000348
0.000348
0.000348
0.000348
0.000348
0.000348
0.000347
0.000347
0.000347
0.000347
0.000347
0.000347
0.000347
0.000347
0.000347
0.000347
0.000347
0.000347
0.000346
0.000346
0.000346
0.000346
0.000346
0.000346
0.000346
0.000346
0.000346
0.000346
0.000346
0.000346
0.000345
0.000345
0.000345
0.000345
0.000345
0.000345
0.000345
0.000345
0.000345
0.000345
0.000345
0.000345
0.000344
0.000344
0.000344
0.000344
0.000344
0.000344
0.000344
0.000344
0.000344
0.000344
0.000344
0.000343
0.000343
0.000343
0.000343
0.000343
0.000343
0.000343
0.000343
0.000343
0.000343
0.000343
0.000343
0.000342
0.000342
0.000342
0.000342
0.000342
0.000342
0.000342
0.000342
0.000342
0.000342
0.000342
0.000342
0.000341
0.000341
0.000341
0.000341
0.000341
0.000341
0.000341
0.000341
