0.083970
0.012316
0.006015
0.005108
0.004367
0.003597
0.002926
0.002287
0.001726
0.001474
0.001360
0.001297
0.001245
0.001202
0.001164
0.001127
0.001092
0.001063
0.001037
0.001015
0.000994
0.000975
0.000956
0.000938
0.000919
0.000899
0.000879
0.000859
0.000837
0.000813
0.000787
0.000760
0.000731
0.000701
0.000670
0.000640
0.000610
0.000584
0.000560
0.000539
0.000522
0.000507
0.000494
0.000483
0.000472
0.000460
0.000449
0.000440
0.000432
0.000426
0.000420
0.000415
0.000410
0.000405
0.000402
0.000398
0.000395
0.000393
0.000391
0.000389
0.000386
0.000385
0.000383
0.000382
0.000380
0.000379
0.000378
0.000377
0.000376
0.000375
0.000374
0.000374
0.000373
0.000372
0.000371
0.000371
0.000370
0.000370
0.000369
0.000369
0.000368
0.000368
0.000367
0.000367
0.000366
0.000366
0.000365
0.000365
0.000364
0.000364
0.000363
0.000362
0.000362
0.000361
0.000361
0.000360
0.000360
0.000359
0.000359
0.000358
0.000345
0.000338
0.000337
0.000336
0.000336
0.000336
0.000335
0.000335
0.000335
0.000335
0.000335
0.000335
0.000335
0.000334
0.000334
0.000334
0.000334
0.000334
0.000334
0.000334
0.000334
0.000334
0.000335
0.000335
0.000335
0.000335
0.000335
0.000335
0.000335
0.000335
0.000335
0.000335
0.000335
0.000335
0.000335
0.000335
0.000335
0.000335
0.000335
0.000335
0.000335
0.000335
0.000335
0.000335
0.000335
0.000335
0.000335
0.000335
0.000335
0.000335
0.000335
0.000335
0.000335
0.000335
0.000335
0.000335
0.000335
0.000335
0.000335
0.000334
0.000334
0.000334
0.000334
0.000334
0.000334
0.000334
0.000334
0.000334
0.000334
0.000334
0.000334
0.000334
0.000334
0.000334
0.000334
0.000334
0.000334
0.000334
0.000334
0.000334
0.000334
0.000334
0.000333
0.000333
0.000333
0.000333
0.000333
0.000333
0.000333
0.000333
0.000333
0.000333
0.000333
0.000333
0.000333
0.000333
0.000333
0.000333
0.000333
0.000333
0.000321
0.000319
0.000321
0.000322
0.000322
0.000321
0.000321
0.000321
0.000321
0.000320
0.000320
0.000320
0.000320
0.000319
0.000319
0.000318
0.000318
0.000318
0.000317
0.000317
0.000317
0.000316
0.000316
0.000316
0.000315
0.000315
0.000315
0.000314
0.000314
0.000314
0.000313
0.000313
0.000313
0.000313
0.000313
0.000312
0.000312
0.000312
0.000312
0.000311
0.000311
0.000311
0.000311
0.000311
0.000310
0.000310
0.000310
0.000310
0.000310
0.000310
0.000309
0.000309
0.000309
0.000309
0.000309
0.000309
0.000309
0.000308
0.000308
0.000308
0.000308
0.000308
0.000308
0.000308
0.000308
0.000307
0.000307
0.000307
0.000307
0.000307
0.000307
0.000307
0.000307
0.000307
0.000306
0.000306
0.000306
0.000306
0.000306
0.000306
0.000306
0.000306
0.000306
0.000305
0.000305
0.000305
0.000305
0.000305
0.000305
0.000305
0.000305
0.000304
0.000304
0.000304
0.000304
0.000304
0.000304
0.000304
0.000304
0.000304
0.000301
0.000304
0.000305
0.000304
0.000304
0.000303
0.000303
0.000303
0.000303
0.000303
0.000303
0.000303
0.000303
0.000303
0.000303
0.000303
0.000303
0.000303
0.000303
0.000303
0.000303
0.000303
0.000303
0.000303
0.000303
0.000303
0.000302
0.000302
0.000302
0.000302
0.000302
0.000302
0.000302
0.000302
0.000302
0.000302
0.000302
0.000302
0.000302
0.000301
0.000301
0.000301
0.000301
0.000301
0.000301
0.000301
0.000301
0.000301
0.000301
0.000301
0.000300
0.000300
0.000300
0.000300
0.000300
0.000300
0.000300
0.000300
0.000300
0.000299
0.000299
0.000299
0.000299
0.000299
0.000299
0.000299
0.000299
0.000298
0.000298
0.000298
0.000298
0.000298
0.000298
0.000298
0.000297
0.000297
0.000297
0.000297
0.000297
0.000297
0.000297
0.000297
0.000296
0.000296
0.000296
0.000296
0.000296
0.000296
0.000295
0.000295
0.000295
0.000295
0.000295
0.000295
0.000294
0.000294
0.000294
0.000294
0.000294
0.000294
0.000290
0.000288
0.000287
0.000288
0.000288
0.000287
0.000287
0.000287
0.000287
0.000287
0.000287
0.000287
0.000287
0.000287
0.000287
0.000287
0.000286
0.000286
0.000286
0.000286
0.000286
0.000286
0.000286
0.000286
0.000286
0.000286
0.000285
0.000285
0.000285
0.000285
0.000285
0.000285
0.000285
0.000285
0.000285
0.000285
0.000284
0.000284
0.000284
0.000284
0.000284
0.000284
0.000284
0.000284
0.000284
0.000283
0.000283
0.000283
0.000283
0.000283
0.000283
0.000283
0.000283
0.000282
0.000282
0.000282
0.000282
0.000282
0.000282
0.000282
0.000282
0.000281
0.000281
0.000281
0.000281
0.000281
0.000281
0.000281
0.000280
0.000280
0.000280
0.000280
0.000280
0.000280
0.000280
0.000280
0.000280
0.000279
0.000279
0.000279
0.000279
0.000279
0.000279
0.000279
0.000279
0.000278
0.000278
0.000278
0.000278
0.000278
0.000278
0.000278
0.000278
0.000277
0.000277
0.000277
0.000277
0.000277
0.000277
0.000277
