0.372907
0.049200
0.012079
0.005349
0.003905
0.003243
0.002902
0.002636
0.002456
0.002319
0.002216
0.002135
0.002069
0.002015
0.001969
0.001930
0.001896
0.001866
0.001840
0.001816
0.001794
0.001775
0.001757
0.001740
0.001725
0.001710
0.001696
0.001683
0.001671
0.001659
0.001648
0.001637
0.001626
0.001616
0.001607
0.001597
0.001588
0.001579
0.001570
0.001562
0.001554
0.001545
0.001538
0.001530
0.001523
0.001515
0.001508
0.001502
0.001495
0.001488
0.001482
0.001476
0.001469
0.001463
0.001457
0.001451
0.001445
0.001439
0.001433
0.001427
0.001421
0.001415
0.001408
0.001402
0.001395
0.001388
0.001382
0.001375
0.001368
0.001362
0.001355
0.001348
0.001342
0.001335
0.001329
0.001322
0.001316
0.001310
0.001303
0.001297
0.001291
0.001285
0.001280
0.001274
0.001268
0.001262
0.001257
0.001251
0.001246
0.001240
0.001235
0.001230
0.001224
0.001219
0.001214
0.001209
0.001204
0.001200
0.001195
0.001191
0.001179
0.001181
0.001186
0.001185
0.001183
0.001181
0.001180
0.001179
0.001178
0.001177
0.001177
0.001176
0.001175
0.001175
0.001174
0.001173
0.001173
0.001172
0.001171
0.001171
0.001170
0.001169
0.001168
0.001168
0.001167
0.001166
0.001165
0.001164
0.001163
0.001162
0.001160
0.001159
0.001158
0.001156
0.001155
0.001153
0.001152
0.001150
0.001149
0.001147
0.001145
0.001144
0.001142
0.001140
0.001139
0.001137
0.001135
0.001134
0.001132
0.001130
0.001129
0.001127
0.001126
0.001124
0.001123
0.001121
0.001120
0.001119
0.001117
0.001116
0.001115
0.001114
0.001113
0.001111
0.001110
0.001109
0.001108
0.001107
0.001107
0.001106
0.001105
0.001104
0.001103
0.001102
0.001102
0.001101
0.001100
0.001100
0.001099
0.001098
0.001098
0.001097
0.001096
0.001096
0.001095
0.001095
0.001094
0.001094
0.001093
0.001093
0.001092
0.001092
0.001091
0.001091
0.001091
0.001090
0.001090
0.001089
0.001089
0.001089
0.001071
0.001080
0.001088
0.001091
0.001091
0.001090
0.001090
0.001090
0.001090
0.001090
0.001090
0.001091
0.001091
0.001091
0.001091
0.001092
0.001092
0.001092
0.001092
0.001093
0.001093
0.001093
0.001093
0.001094
0.001094
0.001094
0.001094
0.001094
0.001094
0.001094
0.001095
0.001095
0.001095
0.001095
0.001095
0.001095
0.001095
0.001095
0.001095
0.001095
0.001095
0.001095
0.001095
0.001095
0.001095
0.001094
0.001094
0.001094
0.001094
0.001094
0.001094
0.001093
0.001093
0.001093
0.001093
0.001092
0.001092
0.001092
0.001091
0.001091
0.001091
0.001090
0.001090
0.001090
0.001089
0.001089
0.001088
0.001088
0.001087
0.001087
0.001087
0.001086
0.001086
0.001085
0.001085
0.001084
0.001084
0.001083
0.001082
0.001082
0.001081
0.001081
0.001080
0.001079
0.001079
0.001078
0.001077
0.001077
0.001076
0.001074
0.001072
0.001067
0.001058
0.001045
0.001032
0.001017
0.001002
0.000985
0.000967
0.000948
0.000924
0.000926
0.000917
0.000903
0.000890
0.000880
0.000871
0.000861
0.000851
0.000841
0.000830
0.000821
0.000811
0.000801
0.000791
0.000782
0.000772
0.000763
0.000754
0.000746
0.000737
0.000729
0.000721
0.000713
0.000706
0.000698
0.000691
0.000684
0.000678
0.000671
0.000665
0.000659
0.000653
0.000648
0.000642
0.000637
0.000632
0.000627
0.000622
0.000618
0.000613
0.000609
0.000605
0.000601
0.000597
0.000594
0.000590
0.000587
0.000584
0.000581
0.000578
0.000575
0.000572
0.000569
0.000566
0.000564
0.000561
0.000559
0.000556
0.000554
0.000552
0.000549
0.000547
0.000545
0.000543
0.000541
0.000539
0.000537
0.000536
0.000534
0.000532
0.000530
0.000529
0.000527
0.000525
0.000524
0.000522
0.000521
0.000519
0.000518
0.000517
0.000515
0.000514
0.000512
0.000511
0.000510
0.000508
0.000507
0.000506
0.000505
0.000503
0.000502
0.000501
0.000500
0.000498
0.000497
0.000496
0.000495
0.000494
0.000493
0.000487
0.000487
0.000483
0.000482
0.000482
0.000482
0.000481
0.000481
0.000480
0.000480
0.000480
0.000479
0.000479
0.000478
0.000478
0.000478
0.000477
0.000477
0.000477
0.000476
0.000476
0.000475
0.000475
0.000475
0.000474
0.000474
0.000474
0.000473
0.000473
0.000472
0.000472
0.000472
0.000471
0.000471
0.000471
0.000470
0.000470
0.000470
0.000469
0.000469
0.000469
0.000468
0.000468
0.000468
0.000467
0.000467
0.000467
0.000466
0.000466
0.000466
0.000465
0.000465
0.000465
0.000464
0.000464
0.000464
0.000464
0.000463
0.000463
0.000463
0.000462
0.000462
0.000462
0.000461
0.000461
0.000461
0.000461
0.000460
0.000460
0.000460
0.000460
0.000459
0.000459
0.000459
0.000458
0.000458
0.000458
0.000458
0.000457
0.000457
0.000457
0.000457
0.000456
0.000456
0.000456
0.000455
0.000455
0.000455
0.000455
0.000454
0.000454
0.000454
0.000454
0.000453
0.000453
0.000453
0.000453
0.000452
0.000452
0.000452
