0.115714
0.025083
0.013251
0.008905
0.007155
0.005286
0.003851
0.003438
0.003277
0.003182
0.002977
0.002772
0.002657
0.002575
0.002481
0.002382
0.002298
0.002225
0.002158
0.002093
0.002032
0.001974
0.001921
0.001871
0.001824
0.001781
0.001741
0.001704
0.001669
0.001636
0.001605
0.001577
0.001551
0.001527
0.001503
0.001481
0.001462
0.001444
0.001426
0.001410
0.001395
0.001380
0.001367
0.001354
0.001342
0.001331
0.001321
0.001311
0.001302
0.001293
0.001284
0.001277
0.001270
0.001263
0.001256
0.001251
0.001245
0.001239
0.001234
0.001229
0.001225
0.001221
0.001217
0.001212
0.001208
0.001203
0.001199
0.001195
0.001191
0.001188
0.001184
0.001181
0.001178
0.001176
0.001173
0.001171
0.001168
0.001166
0.001164
0.001162
0.001160
0.001158
0.001156
0.001155
0.001153
0.001151
0.001150
0.001148
0.001146
0.001145
0.001143
0.001142
0.001140
0.001139
0.001138
0.001136
0.001135
0.001134
0.001134
0.001133
0.001028
0.000995
0.000982
0.000985
0.000983
0.000982
0.000982
0.000981
0.000980
0.000980
0.000979
0.000979
0.000978
0.000978
0.000977
0.000977
0.000976
0.000976
0.000976
0.000975
0.000975
0.000975
0.000974
0.000974
0.000974
0.000973
0.000973
0.000973
0.000973
0.000973
0.000973
0.000972
0.000972
0.000972
0.000972
0.000972
0.000972
0.000972
0.000972
0.000972
0.000972
0.000972
0.000972
0.000972
0.000972
0.000972
0.000973
0.000973
0.000973
0.000973
0.000973
0.000974
0.000974
0.000974
0.000974
0.000975
0.000975
0.000975
0.000975
0.000976
0.000976
0.000976
0.000977
0.000977
0.000978
0.000977
0.000977
0.000977
0.000978
0.000978
0.000978
0.000978
0.000979
0.000979
0.000979
0.000979
0.000979
0.000980
0.000980
0.000980
0.000980
0.000980
0.000980
0.000980
0.000981
0.000980
0.000980
0.000981
0.000981
0.000981
0.000982
0.000981
0.000981
0.000980
0.000979
0.000979
0.000979
0.000978
0.000977
0.000975
0.000917
0.000918
0.000912
0.000908
0.000909
0.000908
0.000907
0.000906
0.000905
0.000904
0.000903
0.000902
0.000901
0.000899
0.000898
0.000897
0.000896
0.000895
0.000894
0.000892
0.000891
0.000890
0.000888
0.000887
0.000885
0.000883
0.000881
0.000879
0.000877
0.000875
0.000873
0.000870
0.000867
0.000864
0.000861
0.000858
0.000855
0.000851
0.000847
0.000842
0.000837
0.000831
0.000825
0.000819
0.000814
0.000808
0.000802
0.000797
0.000790
0.000784
0.000778
0.000771
0.000764
0.000756
0.000748
0.000741
0.000733
0.000725
0.000718
0.000710
0.000703
0.000696
0.000688
0.000681
0.000674
0.000668
0.000661
0.000654
0.000648
0.000642
0.000636
0.000630
0.000624
0.000618
0.000612
0.000606
0.000601
0.000595
0.000590
0.000585
0.000580
0.000576
0.000572
0.000567
0.000562
0.000558
0.000554
0.000550
0.000546
0.000543
0.000539
0.000536
0.000533
0.000529
0.000526
0.000523
0.000521
0.000518
0.000515
0.000513
0.000501
0.000498
0.000498
0.000496
0.000495
0.000493
0.000492
0.000491
0.000490
0.000489
0.000488
0.000486
0.000485
0.000484
0.000483
0.000482
0.000481
0.000480
0.000479
0.000478
0.000477
0.000476
0.000475
0.000474
0.000473
0.000472
0.000471
0.000470
0.000469
0.000468
0.000467
0.000466
0.000465
0.000464
0.000463
0.000462
0.000461
0.000461
0.000460
0.000459
0.000458
0.000457
0.000456
0.000455
0.000454
0.000453
0.000453
0.000452
0.000451
0.000450
0.000449
0.000448
0.000448
0.000447
0.000446
0.000445
0.000444
0.000443
0.000443
0.000442
0.000441
0.000440
0.000440
0.000439
0.000438
0.000437
0.000437
0.000436
0.000435
0.000434
0.000434
0.000433
0.000432
0.000432
0.000431
0.000430
0.000429
0.000429
0.000428
0.000427
0.000427
0.000426
0.000425
0.000425
0.000424
0.000424
0.000423
0.000422
0.000422
0.000421
0.000420
0.000420
0.000419
0.000419
0.000418
0.000417
0.000417
0.000416
0.000416
0.000415
0.000411
0.000412
0.000412
0.000412
0.000411
0.000411
0.000411
0.000410
0.000410
0.000410
0.000409
0.000409
0.000409
0.000408
0.000408
0.000408
0.000407
0.000407
0.000407
0.000406
0.000406
0.000406
0.000405
0.000405
0.000405
0.000405
0.000404
0.000404
0.000404
0.000403
0.000403
0.000403
0.000402
0.000402
0.000402
0.000401
0.000401
0.000401
0.000401
0.000400
0.000400
0.000400
0.000399
0.000399
0.000399
0.000398
0.000398
0.000398
0.000397
0.000397
0.000397
0.000396
0.000396
0.000396
0.000396
0.000395
0.000395
0.000395
0.000394
0.000394
0.000394
0.000393
0.000393
0.000393
0.000392
0.000392
0.000392
0.000392
0.000391
0.000391
0.000391
0.000390
0.000390
0.000390
0.000389
0.000389
0.000389
0.000389
0.000388
0.000388
0.000388
0.000387
0.000387
0.000387
0.000386
0.000386
0.000386
0.000386
0.000385
0.000385
0.000385
0.000384
0.000384
0.000384
0.000384
0.000383
0.000383
0.000383
0.000382
0.000382
