0.202723
0.068649
0.025305
0.017729
0.014177
0.011466
0.009674
0.008205
0.007043
0.006086
0.005290
0.004634
0.004095
0.003654
0.003294
0.003001
0.002763
0.002570
0.002412
0.002284
0.002178
0.002090
0.002017
0.001954
0.001901
0.001853
0.001812
0.001774
0.001741
0.001711
0.001684
0.001659
0.001636
0.001615
0.001596
0.001577
0.001560
0.001544
0.001528
0.001513
0.001499
0.001486
0.001473
0.001461
0.001450
0.001438
0.001428
0.001418
0.001408
0.001398
0.001389
0.001381
0.001372
0.001364
0.001357
0.001349
0.001342
0.001336
0.001329
0.001323
0.001317
0.001311
0.001306
0.001300
0.001295
0.001290
0.001286
0.001281
0.001277
0.001273
0.001269
0.001265
0.001262
0.001258
0.001255
0.001252
0.001249
0.001246
0.001244
0.001241
0.001239
0.001237
0.001234
0.001232
0.001231
0.001229
0.001227
0.001226
0.001224
0.001223
0.001222
0.001221
0.001220
0.001219
0.001218
0.001217
0.001216
0.001216
0.001215
0.001215
0.001175
0.001179
0.001180
0.001178
0.001175
0.001174
0.001173
0.001172
0.001171
0.001170
0.001169
0.001168
0.001167
0.001167
0.001166
0.001165
0.001164
0.001163
0.001163
0.001162
0.001161
0.001160
0.001160
0.001159
0.001158
0.001158
0.001157
0.001157
0.001156
0.001155
0.001155
0.001154
0.001154
0.001153
0.001153
0.001152
0.001152
0.001151
0.001151
0.001150
0.001150
0.001149
0.001149
0.001149
0.001148
0.001148
0.001147
0.001147
0.001147
0.001146
0.001146
0.001146
0.001145
0.001145
0.001145
0.001144
0.001144
0.001144
0.001143
0.001143
0.001143
0.001143
0.001142
0.001142
0.001142
0.001142
0.001141
0.001141
0.001141
0.001141
0.001141
0.001140
0.001140
0.001140
0.001140
0.001140
0.001139
0.001139
0.001139
0.001139
0.001139
0.001139
0.001138
0.001138
0.001138
0.001138
0.001138
0.001138
0.001138
0.001137
0.001137
0.001137
0.001137
0.001137
0.001137
0.001137
0.001137
0.001136
0.001136
0.001136
0.001117
0.001124
0.001130
0.001133
0.001133
0.001133
0.001133
0.001132
0.001131
0.001131
0.001130
0.001130
0.001130
0.001129
0.001129
0.001128
0.001128
0.001127
0.001127
0.001126
0.001126
0.001125
0.001125
0.001124
0.001124
0.001123
0.001123
0.001122
0.001122
0.001122
0.001121
0.001121
0.001120
0.001120
0.001119
0.001119
0.001118
0.001118
0.001117
0.001117
0.001116
0.001116
0.001116
0.001115
0.001115
0.001114
0.001114
0.001113
0.001113
0.001113
0.001112
0.001112
0.001111
0.001111
0.001110
0.001110
0.001109
0.001109
0.001109
0.001108
0.001108
0.001107
0.001107
0.001106
0.001106
0.001106
0.001105
0.001105
0.001104
0.001104
0.001103
0.001103
0.001102
0.001102
0.001102
0.001101
0.001101
0.001100
0.001100
0.001099
0.001099
0.001099
0.001098
0.001098
0.001097
0.001097
0.001096
0.001096
0.001096
0.001095
0.001095
0.001094
0.001094
0.001093
0.001093
0.001092
0.001092
0.001092
0.001091
0.001091
0.001084
0.001093
0.001099
0.001099
0.001098
0.001097
0.001096
0.001096
0.001096
0.001095
0.001095
0.001095
0.001095
0.001095
0.001094
0.001094
0.001094
0.001094
0.001094
0.001093
0.001093
0.001093
0.001093
0.001093
0.001092
0.001092
0.001092
0.001092
0.001091
0.001091
0.001091
0.001091
0.001090
0.001090
0.001090
0.001089
0.001089
0.001089
0.001089
0.001088
0.001088
0.001088
0.001087
0.001087
0.001087
0.001086
0.001086
0.001086
0.001085
0.001085
0.001085
0.001084
0.001084
0.001083
0.001083
0.001083
0.001082
0.001082
0.001081
0.001081
0.001080
0.001080
0.001079
0.001079
0.001079
0.001078
0.001078
0.001077
0.001076
0.001076
0.001075
0.001075
0.001074
0.001074
0.001073
0.001073
0.001072
0.001071
0.001071
0.001070
0.001069
0.001069
0.001068
0.001067
0.001066
0.001066
0.001065
0.001064
0.001063
0.001062
0.001061
0.001061
0.001060
0.001059
0.001058
0.001057
0.001056
0.001055
0.001054
0.001053
0.001047
0.001034
0.001033
0.001034
0.001033
0.001032
0.001032
0.001031
0.001030
0.001030
0.001029
0.001029
0.001028
0.001028
0.001027
0.001026
0.001026
0.001025
0.001025
0.001024
0.001023
0.001023
0.001022
0.001021
0.001021
0.001020
0.001019
0.001019
0.001018
0.001017
0.001016
0.001016
0.001015
0.001014
0.001013
0.001013
0.001012
0.001011
0.001010
0.001009
0.001009
0.001008
0.001007
0.001006
0.001005
0.001004
0.001004
0.001003
0.001002
0.001001
0.001000
0.000999
0.000998
0.000997
0.000996
0.000995
0.000994
0.000993
0.000992
0.000991
0.000990
0.000989
0.000988
0.000987
0.000986
0.000985
0.000983
0.000982
0.000981
0.000980
0.000979
0.000978
0.000977
0.000976
0.000974
0.000973
0.000972
0.000971
0.000970
0.000968
0.000967
0.000966
0.000965
0.000963
0.000962
0.000961
0.000959
0.000958
0.000957
0.000955
0.000954
0.000953
0.000951
0.000950
0.000948
0.000947
0.000946
0.000944
0.000943
0.000941
