0.346011
0.051416
0.023065
0.015185
0.010662
0.008213
0.006651
0.005641
0.004894
0.004320
0.003867
0.003498
0.003201
0.002955
0.002741
0.002547
0.002371
0.002218
0.002092
0.001987
0.001897
0.001817
0.001745
0.001681
0.001623
0.001570
0.001523
0.001480
0.001441
0.001405
0.001373
0.001344
0.001317
0.001292
0.001268
0.001246
0.001227
0.001208
0.001191
0.001176
0.001161
0.001149
0.001137
0.001124
0.001112
0.001101
0.001089
0.001078
0.001066
0.001053
0.001042
0.001031
0.001020
0.001009
0.000999
0.000988
0.000978
0.000968
0.000958
0.000947
0.000937
0.000926
0.000915
0.000903
0.000892
0.000879
0.000867
0.000854
0.000841
0.000828
0.000814
0.000801
0.000787
0.000772
0.000759
0.000745
0.000732
0.000718
0.000706
0.000693
0.000682
0.000670
0.000659
0.000648
0.000637
0.000626
0.000616
0.000607
0.000598
0.000589
0.000581
0.000573
0.000566
0.000559
0.000552
0.000546
0.000540
0.000534
0.000528
0.000523
0.000492
0.000481
0.000475
0.000471
0.000468
0.000466
0.000463
0.000461
0.000459
0.000457
0.000454
0.000452
0.000450
0.000448
0.000446
0.000444
0.000442
0.000440
0.000439
0.000437
0.000435
0.000434
0.000432
0.000430
0.000429
0.000427
0.000426
0.000424
0.000423
0.000421
0.000420
0.000418
0.000417
0.000416
0.000415
0.000413
0.000412
0.000411
0.000409
0.000408
0.000407
0.000405
0.000404
0.000402
0.000401
0.000399
0.000397
0.000396
0.000394
0.000392
0.000391
0.000389
0.000387
0.000386
0.000384
0.000383
0.000382
0.000380
0.000379
0.000378
0.000376
0.000375
0.000374
0.000372
0.000371
0.000370
0.000369
0.000368
0.000367
0.000366
0.000365
0.000364
0.000363
0.000362
0.000360
0.000360
0.000359
0.000358
0.000357
0.000356
0.000355
0.000354
0.000353
0.000353
0.000352
0.000351
0.000350
0.000349
0.000349
0.000348
0.000347
0.000347
0.000346
0.000346
0.000345
0.000345
0.000344
0.000344
0.000344
0.000343
0.000334
0.000331
0.000327
0.000326
0.000326
0.000326
0.000325
0.000325
0.000325
0.000325
0.000325
0.000324
0.000324
0.000324
0.000324
0.000324
0.000323
0.000323
0.000323
0.000323
0.000323
0.000323
0.000323
0.000322
0.000322
0.000322
0.000322
0.000322
0.000322
0.000322
0.000322
0.000322
0.000322
0.000321
0.000321
0.000321
0.000321
0.000321
0.000321
0.000321
0.000321
0.000321
0.000321
0.000321
0.000321
0.000320
0.000320
0.000320
0.000320
0.000320
0.000319
0.000319
0.000319
0.000318
0.000318
0.000318
0.000318
0.000317
0.000317
0.000316
0.000316
0.000315
0.000315
0.000314
0.000314
0.000313
0.000313
0.000312
0.000312
0.000311
0.000311
0.000310
0.000310
0.000309
0.000309
0.000308
0.000308
0.000307
0.000307
0.000306
0.000306
0.000306
0.000305
0.000305
0.000305
0.000305
0.000304
0.000304
0.000304
0.000303
0.000303
0.000303
0.000303
0.000302
0.000302
0.000302
0.000302
0.000302
0.000301
0.000301
0.000299
0.000296
0.000294
0.000294
0.000293
0.000293
0.000293
0.000293
0.000293
0.000293
0.000293
0.000292
0.000292
0.000292
0.000292
0.000292
0.000292
0.000292
0.000292
0.000291
0.000291
0.000291
0.000291
0.000291
0.000291
0.000291
0.000291
0.000291
0.000290
0.000290
0.000290
0.000290
0.000290
0.000290
0.000290
0.000290
0.000290
0.000290
0.000289
0.000289
0.000289
0.000289
0.000289
0.000289
0.000289
0.000289
0.000289
0.000289
0.000289
0.000289
0.000288
0.000288
0.000288
0.000288
0.000288
0.000288
0.000288
0.000288
0.000288
0.000288
0.000288
0.000288
0.000287
0.000287
0.000287
0.000287
0.000287
0.000287
0.000287
0.000287
0.000287
0.000287
0.000287
0.000286
0.000286
0.000286
0.000286
0.000286
0.000286
0.000286
0.000286
0.000286
0.000285
0.000285
0.000285
0.000285
0.000285
0.000285
0.000285
0.000285
0.000284
0.000284
0.000284
0.000284
0.000284
0.000284
0.000284
0.000283
0.000283
0.000283
0.000280
0.000279
0.000280
0.000279
0.000279
0.000279
0.000279
0.000279
0.000279
0.000279
0.000278
0.000278
0.000278
0.000278
0.000278
0.000278
0.000278
0.000278
0.000278
0.000278
0.000278
0.000277
0.000277
0.000277
0.000277
0.000277
0.000277
0.000277
0.000277
0.000277
0.000277
0.000276
0.000276
0.000276
0.000276
0.000276
0.000276
0.000276
0.000276
0.000276
0.000276
0.000275
0.000275
0.000275
0.000275
0.000275
0.000275
0.000275
0.000275
0.000275
0.000274
0.000274
0.000274
0.000274
0.000274
0.000274
0.000274
0.000274
0.000274
0.000273
0.000273
0.000273
0.000273
0.000273
0.000273
0.000273
0.000273
0.000273
0.000272
0.000272
0.000272
0.000272
0.000272
0.000272
0.000272
0.000272
0.000272
0.000272
0.000272
0.000271
0.000271
0.000271
0.000271
0.000271
0.000271
0.000271
0.000271
0.000271
0.000271
0.000270
0.000270
0.000270
0.000270
0.000270
0.000270
0.000270
0.000270
0.000270
0.000270
0.000270
