0.313346
0.039622
0.012987
0.008341
0.006544
0.005352
0.004464
0.003671
0.003016
0.002488
0.002023
0.001622
0.001299
0.001062
0.000901
0.000794
0.000722
0.000679
0.000650
0.000629
0.000611
0.000594
0.000578
0.000564
0.000550
0.000536
0.000523
0.000511
0.000499
0.000487
0.000476
0.000465
0.000456
0.000446
0.000438
0.000429
0.000421
0.000414
0.000407
0.000400
0.000394
0.000389
0.000385
0.000381
0.000377
0.000374
0.000372
0.000369
0.000367
0.000365
0.000466
0.000517
0.000383
0.000365
0.000360
0.000358
0.000357
0.000358
0.000359
0.000360
0.000360
0.000358
0.000356
0.000354
0.000352
0.000352
0.000352
0.000352
0.000352
0.000351
0.000351
0.000351
0.000351
0.000350
0.000350
0.000350
0.000350
0.000349
0.000349
0.000349
0.000349
0.000349
0.000349
0.000348
0.000348
0.000348
0.000348
0.000348
0.000348
0.000348
0.000347
0.000347
0.000347
0.000347
0.000347
0.000347
0.000347
0.000347
0.000347
0.000346
