0.331900
0.091568
0.069685
0.046912
0.030424
0.017483
0.010279
0.007866
0.006627
0.005793
0.005175
0.004678
0.004254
0.003871
0.003514
0.003174
0.002853
0.002557
0.002296
0.002082
0.001919
0.001807
0.001733
0.001684
0.001648
0.001620
0.001596
0.001573
0.001552
0.001532
0.001512
0.001492
0.001473
0.001454
0.001435
0.001416
0.001398
0.001380
0.001362
0.001343
0.001326
0.001308
0.001291
0.001274
0.001257
0.001240
0.001224
0.001208
0.001193
0.001178
0.001184
0.001158
0.001138
0.001122
0.001109
0.001098
0.001089
0.001081
0.001073
0.001066
0.001060
0.001054
0.001049
0.001044
0.001039
0.001034
0.001030
0.001025
0.001021
0.001017
0.001014
0.001010
0.001007
0.001003
0.001000
0.000997
0.000994
0.000991
0.000988
0.000985
0.000983
0.000980
0.000978
0.000976
0.000973
0.000971
0.000969
0.000967
0.000965
0.000963
0.000961
0.000959
0.000957
0.000956
0.000954
0.000952
0.000951
0.000949
0.000948
0.000946
