0.388012
0.116922
0.062274
0.049073
0.037687
0.028631
0.020892
0.014469
0.009490
0.006028
0.004061
0.003246
0.002957
0.002794
0.002654
0.002525
0.002404
0.002290
0.002180
0.002072
0.001967
0.001863
0.001760
0.001659
0.001560
0.001466
0.001380
0.001305
0.001244
0.001197
0.001160
0.001131
0.001108
0.001088
0.001070
0.001055
0.001042
0.001029
0.001017
0.001006
0.000996
0.000986
0.000977
0.000968
0.000959
0.000951
0.000944
0.000937
0.000930
0.000924
0.000910
0.000908
0.000907
0.000906
0.000906
0.000905
0.000905
0.000905
0.000904
0.000904
0.000904
0.000903
0.000903
0.000903
0.000903
0.000903
0.000902
0.000902
0.000902
0.000902
0.000902
0.000902
0.000901
0.000901
0.000901
0.000901
0.000901
0.000901
0.000900
0.000900
0.000900
0.000900
0.000900
0.000900
0.000900
0.000899
0.000899
0.000899
0.000899
0.000899
0.000899
0.000899
0.000899
0.000898
0.000898
0.000898
0.000898
0.000898
0.000898
0.000898
