0.275270
0.056212
0.018554
0.006952
0.005445
0.004975
0.004469
0.004072
0.003676
0.003283
0.002883
0.002489
0.002115
0.001782
0.001508
0.001295
0.001133
0.001008
0.000908
0.000827
0.000762
0.000709
0.000666
0.000631
0.000601
0.000576
0.000555
0.000537
0.000522
0.000509
0.000498
0.000489
0.000480
0.000473
0.000466
0.000460
0.000454
0.000449
0.000444
0.000439
0.000435
0.000431
0.000427
0.000423
0.000420
0.000417
0.000414
0.000411
0.000408
0.000405
0.000383
0.000368
0.000366
0.000365
0.000364
0.000364
0.000363
0.000363
0.000362
0.000362
0.000362
0.000362
0.000362
0.000362
0.000362
0.000362
0.000362
0.000362
0.000362
0.000362
0.000362
0.000362
0.000362
0.000361
0.000361
0.000361
0.000361
0.000361
0.000361
0.000361
0.000361
0.000361
0.000361
0.000361
0.000361
0.000361
0.000361
0.000361
0.000361
0.000361
0.000361
0.000361
0.000361
0.000361
0.000361
0.000361
0.000361
0.000361
0.000361
0.000361
