0.124581
0.023856
0.010628
0.007487
0.006115
0.005326
0.004595
0.003960
0.003348
0.002819
0.002387
0.002063
0.001834
0.001670
0.001540
0.001429
0.001331
0.001242
0.001162
0.001089
0.001022
0.000959
0.000901
0.000847
0.000797
0.000753
0.000715
0.000683
0.000657
0.000636
0.000619
0.000605
0.000593
0.000583
0.000575
0.000567
0.000560
0.000553
0.000547
0.000541
0.000536
0.000530
0.000525
0.000520
0.000516
0.000511
0.000507
0.000503
0.000499
0.000495
0.000497
0.000495
0.000487
0.000483
0.000482
0.000481
0.000480
0.000480
0.000479
0.000479
0.000479
0.000479
0.000479
0.000479
0.000479
0.000480
0.000480
0.000480
0.000480
0.000480
0.000479
0.000478
0.000477
0.000476
0.000475
0.000474
0.000474
0.000473
0.000473
0.000472
0.000472
0.000472
0.000471
0.000471
0.000471
0.000470
0.000470
0.000470
0.000470
0.000469
0.000469
0.000469
0.000468
0.000468
0.000468
0.000468
0.000467
0.000467
0.000467
0.000467
