0.390872
0.118713
0.062343
0.049448
0.038110
0.029351
0.021938
0.015841
0.011077
0.007588
0.005243
0.003869
0.003189
0.002895
0.002749
0.002643
0.002548
0.002461
0.002381
0.002307
0.002236
0.002168
0.002103
0.002039
0.001977
0.001915
0.001854
0.001794
0.001735
0.001676
0.001618
0.001560
0.001503
0.001446
0.001390
0.001336
0.001282
0.001231
0.001182
0.001137
0.001097
0.001061
0.001031
0.001007
0.000988
0.000972
0.000959
0.000949
0.000939
0.000931
0.000947
0.000943
0.000941
0.000939
0.000938
0.000937
0.000937
0.000936
0.000935
0.000935
0.000934
0.000934
0.000934
0.000933
0.000933
0.000933
0.000933
0.000932
0.000932
0.000932
0.000932
0.000931
0.000931
0.000931
0.000931
0.000931
0.000930
0.000930
0.000930
0.000930
0.000930
0.000929
0.000929
0.000929
0.000929
0.000929
0.000929
0.000929
0.000928
0.000928
0.000928
0.000928
0.000928
0.000928
0.000928
0.000927
0.000927
0.000927
0.000927
0.000927
