0.184427
0.053539
0.042488
0.029727
0.020768
0.014255
0.009494
0.006132
0.004049
0.002913
0.002281
0.001898
0.001646
0.001466
0.001327
0.001218
0.001129
0.001056
0.000998
0.000950
0.000913
0.000883
0.000861
0.000844
0.000831
0.000822
0.000816
0.000811
0.000808
0.000806
0.000804
0.000803
0.000802
0.000801
0.000800
0.000800
0.000799
0.000799
0.000799
0.000798
0.000798
0.000798
0.000797
0.000796
0.000796
0.000795
0.000794
0.000794
0.000793
0.000793
0.092680
0.024696
0.006514
0.001826
0.000912
0.000762
0.000751
0.000743
0.000742
0.000742
0.000742
0.000742
0.000742
0.000742
0.000742
0.000742
0.000742
0.000742
0.000742
0.000742
0.000742
0.000742
0.000742
0.000743
0.000743
0.000743
0.000743
0.000743
0.000743
0.000743
0.000744
0.000744
0.000744
0.000744
0.000744
0.000745
0.000745
0.000745
0.000745
0.000745
0.000746
0.000746
0.000746
0.000746
0.000746
0.000746
0.000746
0.000746
0.000746
0.000745
