0.202240
0.031754
0.008659
0.006338
0.005418
0.004939
0.004452
0.003966
0.003456
0.002993
0.002618
0.002342
0.002145
0.001995
0.001875
0.001773
0.001683
0.001600
0.001521
0.001445
0.001371
0.001298
0.001228
0.001160
0.001097
0.001039
0.000988
0.000945
0.000908
0.000877
0.000850
0.000826
0.000804
0.000783
0.000764
0.000746
0.000728
0.000711
0.000695
0.000680
0.000666
0.000652
0.000638
0.000625
0.000613
0.000601
0.000590
0.000579
0.000568
0.000559
1982.172510
181.748994
28.772702
0.552216
0.140735
0.152406
0.152302
0.151877
0.151452
0.151026
0.150596
0.150162
0.149723
0.149279
0.148831
0.148377
0.147917
0.147451
0.146979
0.146501
0.146014
0.145520
0.145017
0.144505
0.143983
0.143449
0.142903
0.142344
0.141769
0.141179
0.140571
0.139945
0.139298
0.138630
0.137939
0.137224
0.136485
0.135720
0.134930
0.134116
0.133279
0.132422
0.131548
0.130660
0.129764
0.128865
0.127968
0.127080
0.126207
0.125355
