0.128188
0.011455
0.005904
0.003353
0.002921
0.002475
0.002201
0.001959
0.001734
0.001537
0.001365
0.001214
0.001086
0.000977
0.000888
0.000816
0.000758
0.000710
0.000671
0.000639
0.000612
0.000589
0.000569
0.000552
0.000537
0.000523
0.000511
0.000500
0.000490
0.000481
0.000473
0.000465
0.000457
0.000450
0.000444
0.000437
0.000431
0.000426
0.000420
0.000415
0.000410
0.000406
0.000401
0.000397
0.000393
0.000389
0.000385
0.000382
0.000378
0.000375
0.004692
0.002968
0.002473
0.002167
0.001927
0.001430
0.000772
0.000496
0.000465
0.000446
0.000439
0.000432
0.000426
0.000421
0.000417
0.000412
0.000409
0.000405
0.000402
0.000399
0.000396
0.000393
0.000390
0.000388
0.000386
0.000384
0.000382
0.000380
0.000379
0.000377
0.000376
0.000374
0.000373
0.000372
0.000371
0.000370
0.000369
0.000368
0.000367
0.000366
0.000365
0.000364
0.000364
0.000363
0.000362
0.000362
0.000361
0.000361
0.000360
0.000360
