0.300544
0.082547
0.048726
0.027902
0.014123
0.007398
0.005284
0.004273
0.003512
0.002963
0.002543
0.002228
0.002002
0.001839
0.001715
0.001611
0.001519
0.001437
0.001362
0.001294
0.001232
0.001175
0.001124
0.001078
0.001036
0.000999
0.000967
0.000939
0.000914
0.000893
0.000876
0.000861
0.000848
0.000838
0.000829
0.000821
0.000815
0.000809
0.000804
0.000800
0.000796
0.000792
0.000789
0.000786
0.000783
0.000781
0.000779
0.000777
0.000775
0.000773
0.000751
0.000748
0.000748
0.000748
0.000747
0.000747
0.000747
0.000747
0.000747
0.000747
0.000747
0.000747
0.000747
0.000747
0.000747
0.000747
0.000747
0.000747
0.000747
0.000747
0.000747
0.000747
0.000747
0.000747
0.000747
0.000747
0.000747
0.000747
0.000746
0.000746
0.000746
0.000746
0.000746
0.000746
0.000746
0.000746
0.000746
0.000746
0.000746
0.000746
0.000746
0.000746
0.000746
0.000746
0.000746
0.000746
0.000746
0.000746
0.000746
0.000746
