0.214273
0.027501
0.006027
0.004131
0.002924
0.002385
0.002024
0.001718
0.001465
0.001266
0.001112
0.000995
0.000909
0.000847
0.000802
0.000770
0.000745
0.000725
0.000708
0.000691
0.000676
0.000661
0.000647
0.000633
0.000620
0.000607
0.000594
0.000582
0.000570
0.000559
0.000548
0.000537
0.000527
0.000517
0.000507
0.000498
0.000489
0.000480
0.000472
0.000464
0.000456
0.000448
0.000441
0.000434
0.000428
0.000421
0.000415
0.000410
0.000404
0.000399
0.000399
0.000395
0.000395
0.000394
0.000393
0.000393
0.000392
0.000392
0.000392
0.000392
0.000391
0.000391
0.000391
0.000391
0.000391
0.000390
0.000390
0.000390
0.000390
0.000390
0.000390
0.000389
0.000389
0.000389
0.000389
0.000389
0.000389
0.000389
0.000389
0.000388
0.000388
0.000388
0.000388
0.000388
0.000388
0.000388
0.000388
0.000387
0.000387
0.000387
0.000387
0.000387
0.000387
0.000387
0.000387
0.000387
0.000387
0.000386
0.000386
0.000386
