0.365139
0.063365
0.038639
0.025153
0.017889
0.012858
0.008762
0.005685
0.003659
0.002564
0.002015
0.001692
0.001463
0.001288
0.001156
0.001058
0.000986
0.000933
0.000894
0.000864
0.000842
0.000825
0.000812
0.000801
0.000793
0.000786
0.000781
0.000777
0.000773
0.000770
0.000768
0.000766
0.000764
0.000763
0.000761
0.000760
0.000759
0.000759
0.000758
0.000757
0.000756
0.000756
0.000755
0.000755
0.000754
0.000754
0.000753
0.000753
0.000752
0.000752
0.000766
0.000763
0.000759
0.000759
0.000759
0.000759
0.000759
0.000759
0.000759
0.000759
0.000759
0.000759
0.000759
0.000759
0.000759
0.000759
0.000759
0.000759
0.000760
0.000760
0.000760
0.000760
0.000760
0.000760
0.000761
0.000761
0.000761
0.000761
0.000761
0.000761
0.000761
0.000761
0.000760
0.000760
0.000760
0.000760
0.000760
0.000760
0.000760
0.000760
0.000760
0.000759
0.000759
0.000759
0.000759
0.000759
0.000759
0.000759
0.000759
0.000759
