0.279103
0.062020
0.013122
0.008145
0.007853
0.007167
0.006764
0.006319
0.005786
0.005152
0.004433
0.003716
0.003124
0.002694
0.002362
0.002083
0.001854
0.001671
0.001529
0.001417
0.001329
0.001258
0.001199
0.001149
0.001107
0.001070
0.001038
0.001009
0.000983
0.000960
0.000938
0.000917
0.000898
0.000880
0.000862
0.000845
0.000829
0.000813
0.000797
0.000782
0.000768
0.000753
0.000739
0.000726
0.000713
0.000701
0.000690
0.000679
0.000669
0.000660
0.000470
0.000467
0.000466
0.000465
0.000464
0.000464
0.000464
0.000463
0.000463
0.000463
0.000463
0.000463
0.000463
0.000463
0.000462
0.000462
0.000462
0.000462
0.000462
0.000462
0.000462
0.000462
0.000462
0.000461
0.000461
0.000461
0.000461
0.000461
0.000461
0.000461
0.000461
0.000461
0.000461
0.000461
0.000460
0.000460
0.000460
0.000460
0.000460
0.000460
0.000460
0.000460
0.000460
0.000460
0.000460
0.000460
0.000460
0.000460
0.000459
0.000459
