0.392588
0.119584
0.062018
0.049187
0.037793
0.029001
0.021480
0.015257
0.010383
0.006864
0.004631
0.003485
0.003030
0.002856
0.002745
0.002644
0.002549
0.002461
0.002376
0.002296
0.002218
0.002143
0.002070
0.002000
0.001931
0.001863
0.001797
0.001732
0.001668
0.001605
0.001542
0.001481
0.001420
0.001361
0.001302
0.001246
0.001193
0.001144
0.001101
0.001066
0.001037
0.001016
0.001000
0.000987
0.000978
0.000969
0.000961
0.000955
0.000948
0.000942
0.000944
0.000942
0.000941
0.000941
0.000940
0.000940
0.000939
0.000939
0.000938
0.000938
0.000938
0.000937
0.000937
0.000937
0.000936
0.000936
0.000936
0.000936
0.000935
0.000935
0.000935
0.000935
0.000935
0.000934
0.000934
0.000934
0.000934
0.000934
0.000933
0.000933
0.000933
0.000933
0.000933
0.000932
0.000932
0.000932
0.000932
0.000932
0.000932
0.000931
0.000931
0.000931
0.000931
0.000931
0.000931
0.000931
0.000930
0.000930
0.000930
0.000930
