0.189717
0.040389
0.024431
0.017331
0.012196
0.008405
0.005688
0.003846
0.002777
0.002215
0.001904
0.001700
0.001548
0.001427
0.001330
0.001250
0.001185
0.001132
0.001088
0.001052
0.001021
0.000996
0.000974
0.000955
0.000939
0.000925
0.000912
0.000901
0.000891
0.000881
0.000873
0.000865
0.000858
0.000852
0.000846
0.000840
0.000835
0.000830
0.000825
0.000820
0.000816
0.000812
0.000808
0.000804
0.000801
0.000797
0.000794
0.000791
0.000788
0.000786
0.000763
0.000761
0.000757
0.000757
0.000756
0.000756
0.000756
0.000756
0.000756
0.000756
0.000756
0.000756
0.000756
0.000756
0.000756
0.000755
0.000755
0.000755
0.000755
0.000755
0.000755
0.000755
0.000755
0.000755
0.000755
0.000755
0.000755
0.000756
0.000756
0.000756
0.000756
0.000756
0.000756
0.000756
0.000756
0.000756
0.000756
0.000756
0.000756
0.000756
0.000756
0.000757
0.000757
0.000757
0.000757
0.000757
0.000757
0.000757
0.000756
0.000756
