0.354040
0.065608
0.037819
0.020264
0.010442
0.005424
0.003920
0.003550
0.003217
0.002930
0.002681
0.002458
0.002259
0.002081
0.001924
0.001788
0.001672
0.001572
0.001485
0.001407
0.001338
0.001275
0.001218
0.001167
0.001120
0.001078
0.001040
0.001006
0.000975
0.000948
0.000923
0.000901
0.000881
0.000864
0.000851
0.000840
0.000833
0.000827
0.000822
0.000819
0.000816
0.000813
0.000811
0.000809
0.000807
0.000806
0.000804
0.000803
0.000802
0.000801
0.001204
0.001112
0.001068
0.001042
0.001024
0.001010
0.000999
0.000990
0.000981
0.000974
0.000968
0.000962
0.000957
0.000952
0.000948
0.000944
0.000940
0.000937
0.000933
0.000931
0.000928
0.000925
0.000923
0.000921
0.000919
0.000917
0.000915
0.000913
0.000912
0.000910
0.000909
0.000907
0.000906
0.000905
0.000904
0.000902
0.000901
0.000900
0.000899
0.000898
0.000897
0.000897
0.000896
0.000895
0.000894
0.000894
0.000893
0.000892
0.000891
0.000891
