0.298988
0.099070
0.062712
0.042923
0.027210
0.014877
0.007606
0.005220
0.004186
0.003407
0.002845
0.002407
0.002062
0.001795
0.001600
0.001469
0.001385
0.001327
0.001283
0.001248
0.001217
0.001190
0.001165
0.001142
0.001122
0.001103
0.001085
0.001069
0.001054
0.001040
0.001026
0.001014
0.001002
0.000992
0.000981
0.000972
0.000962
0.000954
0.000945
0.000937
0.000930
0.000922
0.000915
0.000908
0.000901
0.000895
0.000888
0.000882
0.000875
0.000869
0.000821
0.000819
0.000819
0.000819
0.000819
0.000819
0.000819
0.000819
0.000818
0.000818
0.000818
0.000818
0.000818
0.000818
0.000818
0.000818
0.000818
0.000818
0.000818
0.000818
0.000818
0.000818
0.000817
0.000817
0.000817
0.000817
0.000817
0.000817
0.000817
0.000817
0.000817
0.000817
0.000817
0.000817
0.000817
0.000817
0.000817
0.000817
0.000817
0.000817
0.000817
0.000817
0.000817
0.000817
0.000816
0.000816
0.000816
0.000816
0.000816
0.000816
