0.192980
0.041022
0.024978
0.017854
0.012621
0.008807
0.006044
0.004084
0.002813
0.002096
0.001748
0.001568
0.001448
0.001356
0.001281
0.001218
0.001164
0.001117
0.001079
0.001047
0.001020
0.000997
0.000975
0.000955
0.000937
0.000921
0.000905
0.000891
0.000878
0.000865
0.000854
0.000844
0.000835
0.000827
0.000819
0.000812
0.000806
0.000801
0.000796
0.000792
0.000788
0.000785
0.000782
0.000779
0.000777
0.000775
0.000773
0.000772
0.000771
0.000770
0.000747
0.000743
0.000742
0.000742
0.000742
0.000742
0.000742
0.000742
0.000741
0.000740
0.000739
0.000739
0.000739
0.000739
0.000739
0.000739
0.000739
0.000739
0.000739
0.000738
0.000738
0.000738
0.000738
0.000738
0.000738
0.000738
0.000738
0.000738
0.000738
0.000738
0.000738
0.000738
0.000738
0.000738
0.000738
0.000738
0.000738
0.000738
0.000738
0.000738
0.000738
0.000738
0.000738
0.000738
0.000738
0.000737
0.000737
0.000737
0.000737
0.000737
