0.370687
0.065833
0.039017
0.025451
0.018111
0.012971
0.008737
0.005602
0.003684
0.002750
0.002281
0.001989
0.001774
0.001608
0.001478
0.001376
0.001294
0.001229
0.001176
0.001134
0.001099
0.001069
0.001044
0.001022
0.001003
0.000986
0.000971
0.000957
0.000944
0.000933
0.000922
0.000912
0.000903
0.000894
0.000887
0.000879
0.000872
0.000866
0.000860
0.000854
0.000849
0.000844
0.000839
0.000835
0.000831
0.000827
0.000823
0.000819
0.000816
0.000812
0.000816
0.000802
0.000794
0.000787
0.000785
0.000783
0.000782
0.000781
0.000780
0.000779
0.000778
0.000778
0.000777
0.000776
0.000776
0.000775
0.000774
0.000774
0.000773
0.000773
0.000772
0.000772
0.000771
0.000771
0.000770
0.000770
0.000769
0.000769
0.000769
0.000768
0.000768
0.000767
0.000767
0.000767
0.000766
0.000766
0.000765
0.000765
0.000765
0.000764
0.000764
0.000764
0.000763
0.000763
0.000763
0.000762
0.000762
0.000762
0.000762
0.000761
