0.165060
0.013291
0.006093
0.002928
0.002118
0.001721
0.001416
0.001192
0.001025
0.000899
0.000809
0.000742
0.000690
0.000648
0.000611
0.000580
0.000553
0.000530
0.000510
0.000492
0.000476
0.000462
0.000450
0.000439
0.000429
0.000420
0.000411
0.000404
0.000397
0.000390
0.000384
0.000379
0.000373
0.000369
0.000364
0.000360
0.000356
0.000352
0.000349
0.000346
0.000343
0.000340
0.000337
0.000335
0.000333
0.000331
0.000329
0.000327
0.000325
0.000324
0.001430
0.000598
0.000378
0.000321
0.000314
0.000313
0.000312
0.000312
0.000312
0.000312
0.000312
0.000312
0.000312
0.000312
0.000311
0.000311
0.000311
0.000311
0.000311
0.000311
0.000311
0.000311
0.000311
0.000311
0.000311
0.000311
0.000311
0.000311
0.000311
0.000311
0.000311
0.000311
0.000311
0.000311
0.000311
0.000311
0.000311
0.000311
0.000311
0.000311
0.000311
0.000311
0.000311
0.000311
0.000311
0.000311
0.000310
0.000310
0.000310
0.000310
