0.112109
0.010766
0.005860
0.003523
0.002996
0.002498
0.002158
0.001891
0.001661
0.001468
0.001310
0.001181
0.001075
0.000988
0.000914
0.000851
0.000797
0.000751
0.000710
0.000676
0.000646
0.000620
0.000598
0.000578
0.000561
0.000545
0.000531
0.000518
0.000506
0.000496
0.000486
0.000477
0.000469
0.000462
0.000455
0.000448
0.000443
0.000437
0.000432
0.000427
0.000423
0.000419
0.000415
0.000411
0.000407
0.000404
0.000401
0.000397
0.000395
0.000392
2.497636
0.509394
0.113798
0.018264
0.003373
0.001544
0.000956
0.000765
0.000729
0.000714
0.000708
0.000701
0.000695
0.000690
0.000685
0.000681
0.000676
0.000672
0.000669
0.000665
0.000662
0.000659
0.000656
0.000653
0.000651
0.000648
0.000646
0.000644
0.000641
0.000639
0.000637
0.000636
0.000634
0.000632
0.000630
0.000629
0.000627
0.000626
0.000624
0.000623
0.000621
0.000620
0.000619
0.000618
0.000616
0.000615
0.000614
0.000613
0.000612
0.000611
