0.306461
0.083693
0.050012
0.029526
0.015814
0.008592
0.006047
0.004894
0.004024
0.003378
0.002898
0.002550
0.002308
0.002136
0.002001
0.001886
0.001785
0.001695
0.001614
0.001540
0.001473
0.001411
0.001355
0.001303
0.001256
0.001211
0.001171
0.001133
0.001098
0.001066
0.001037
0.001010
0.000985
0.000963
0.000943
0.000925
0.000910
0.000896
0.000884
0.000874
0.000865
0.000858
0.000852
0.000847
0.000842
0.000838
0.000835
0.000832
0.000829
0.000827
0.000789
0.000788
0.000787
0.000786
0.000786
0.000785
0.000785
0.000785
0.000784
0.000784
0.000784
0.000784
0.000783
0.000783
0.000783
0.000783
0.000783
0.000782
0.000782
0.000782
0.000782
0.000782
0.000781
0.000781
0.000781
0.000781
0.000781
0.000781
0.000781
0.000780
0.000780
0.000780
0.000780
0.000780
0.000780
0.000779
0.000779
0.000779
0.000779
0.000779
0.000779
0.000779
0.000779
0.000778
0.000778
0.000778
0.000778
0.000778
0.000778
0.000778
