0.377051
0.070497
0.040815
0.026066
0.018110
0.012535
0.008285
0.005446
0.003775
0.002922
0.002445
0.002085
0.001785
0.001544
0.001355
0.001210
0.001100
0.001018
0.000955
0.000908
0.000871
0.000844
0.000822
0.000806
0.000793
0.000784
0.000776
0.000771
0.000766
0.000763
0.000760
0.000758
0.000757
0.000755
0.000754
0.000753
0.000753
0.000752
0.000752
0.000751
0.000751
0.000750
0.000750
0.000750
0.000749
0.000749
0.000749
0.000749
0.000748
0.000748
0.000740
0.000732
0.000731
0.000731
0.000731
0.000730
0.000730
0.000730
0.000730
0.000730
0.000730
0.000730
0.000730
0.000730
0.000730
0.000730
0.000730
0.000730
0.000730
0.000730
0.000730
0.000730
0.000730
0.000731
0.000731
0.000731
0.000731
0.000731
0.000732
0.000732
0.000732
0.000732
0.000732
0.000732
0.000732
0.000731
0.000731
0.000731
0.000731
0.000731
0.000731
0.000730
0.000730
0.000730
0.000730
0.000730
0.000730
0.000730
0.000730
0.000730
