0.299657
0.100239
0.063247
0.042795
0.026774
0.014589
0.007245
0.004373
0.003558
0.003038
0.002617
0.002274
0.001985
0.001741
0.001537
0.001371
0.001241
0.001144
0.001078
0.001033
0.001002
0.000979
0.000960
0.000943
0.000929
0.000915
0.000903
0.000893
0.000883
0.000874
0.000866
0.000859
0.000853
0.000847
0.000842
0.000838
0.000834
0.000830
0.000826
0.000823
0.000820
0.000817
0.000814
0.000812
0.000809
0.000806
0.000804
0.000801
0.000799
0.000797
0.000763
0.000762
0.000761
0.000761
0.000760
0.000760
0.000760
0.000760
0.000760
0.000760
0.000760
0.000760
0.000760
0.000760
0.000760
0.000760
0.000760
0.000760
0.000760
0.000760
0.000760
0.000760
0.000759
0.000759
0.000759
0.000759
0.000759
0.000759
0.000759
0.000759
0.000759
0.000759
0.000759
0.000759
0.000759
0.000759
0.000759
0.000759
0.000759
0.000759
0.000759
0.000759
0.000759
0.000759
0.000759
0.000759
0.000759
0.000759
0.000759
0.000759
