0.217632
0.059918
0.032349
0.014557
0.005916
0.003916
0.002878
0.002286
0.001911
0.001645
0.001448
0.001298
0.001183
0.001094
0.001025
0.000970
0.000928
0.000895
0.000870
0.000851
0.000836
0.000825
0.000816
0.000808
0.000802
0.000796
0.000792
0.000787
0.000783
0.000780
0.000777
0.000774
0.000771
0.000769
0.000767
0.000765
0.000763
0.000761
0.000759
0.000758
0.000756
0.000755
0.000754
0.000752
0.000751
0.000750
0.000749
0.000748
0.000747
0.000746
0.000773
0.000752
0.000749
0.000747
0.000746
0.000746
0.000745
0.000745
0.000745
0.000744
0.000744
0.000744
0.000744
0.000743
0.000743
0.000742
0.000742
0.000742
0.000741
0.000741
0.000741
0.000741
0.000741
0.000740
0.000740
0.000740
0.000740
0.000740
0.000740
0.000740
0.000739
0.000739
0.000739
0.000739
0.000739
0.000739
0.000739
0.000739
0.000739
0.000739
0.000739
0.000739
0.000738
0.000738
0.000738
0.000738
0.000738
0.000738
0.000738
0.000738
