0.126055
0.024594
0.010871
0.007671
0.006313
0.005543
0.004850
0.004250
0.003664
0.003140
0.002684
0.002314
0.002037
0.001839
0.001695
0.001582
0.001485
0.001398
0.001319
0.001245
0.001176
0.001110
0.001046
0.000985
0.000924
0.000865
0.000809
0.000756
0.000708
0.000665
0.000627
0.000595
0.000568
0.000545
0.000527
0.000512
0.000500
0.000490
0.000482
0.000475
0.000468
0.000462
0.000457
0.000452
0.000447
0.000442
0.000438
0.000434
0.000430
0.000426
0.000998
0.000631
0.000485
0.000444
0.000435
0.000431
0.000430
0.000429
0.000428
0.000428
0.000427
0.000426
0.000426
0.000425
0.000425
0.000424
0.000424
0.000423
0.000423
0.000422
0.000422
0.000422
0.000421
0.000421
0.000421
0.000420
0.000420
0.000420
0.000419
0.000419
0.000419
0.000419
0.000419
0.000418
0.000418
0.000418
0.000418
0.000417
0.000417
0.000417
0.000417
0.000417
0.000417
0.000416
0.000416
0.000416
0.000416
0.000416
0.000416
0.000415
