0.300377
0.099618
0.062659
0.042361
0.026433
0.014304
0.007086
0.004470
0.003602
0.002969
0.002497
0.002125
0.001823
0.001581
0.001394
0.001258
0.001167
0.001108
0.001069
0.001041
0.001018
0.000998
0.000981
0.000965
0.000951
0.000938
0.000927
0.000917
0.000908
0.000900
0.000893
0.000886
0.000880
0.000875
0.000870
0.000866
0.000862
0.000858
0.000855
0.000852
0.000849
0.000846
0.000843
0.000841
0.000838
0.000835
0.000833
0.000830
0.000828
0.000825
0.000783
0.000780
0.000779
0.000779
0.000779
0.000779
0.000778
0.000778
0.000778
0.000778
0.000778
0.000778
0.000778
0.000778
0.000778
0.000778
0.000778
0.000778
0.000778
0.000777
0.000777
0.000777
0.000777
0.000777
0.000777
0.000777
0.000777
0.000777
0.000777
0.000777
0.000777
0.000777
0.000777
0.000777
0.000777
0.000777
0.000777
0.000777
0.000776
0.000776
0.000776
0.000776
0.000776
0.000776
0.000776
0.000776
0.000776
0.000776
0.000776
0.000776
