0.202855
0.031947
0.008569
0.006377
0.005450
0.004921
0.004383
0.003821
0.003224
0.002677
0.002241
0.001939
0.001734
0.001585
0.001470
0.001377
0.001295
0.001221
0.001151
0.001084
0.001020
0.000959
0.000901
0.000847
0.000799
0.000756
0.000718
0.000687
0.000660
0.000637
0.000618
0.000602
0.000587
0.000574
0.000563
0.000552
0.000542
0.000532
0.000524
0.000515
0.000508
0.000500
0.000494
0.000487
0.000481
0.000475
0.000470
0.000464
0.000459
0.000455
0.000464
0.000448
0.000448
0.000447
0.000441
0.000439
0.000439
0.000438
0.000438
0.000437
0.000437
0.000436
0.000436
0.000435
0.000435
0.000435
0.000434
0.000434
0.000434
0.000433
0.000433
0.000433
0.000433
0.000432
0.000432
0.000432
0.000432
0.000431
0.000431
0.000431
0.000431
0.000430
0.000430
0.000430
0.000430
0.000430
0.000429
0.000429
0.000429
0.000429
0.000429
0.000429
0.000428
0.000428
0.000428
0.000428
0.000428
0.000428
0.000428
0.000427
