0.117252
0.041882
0.017039
0.006980
0.003365
0.002503
0.002026
0.001719
0.001489
0.001317
0.001183
0.001083
0.001009
0.000956
0.000917
0.000888
0.000867
0.000850
0.000838
0.000828
0.000821
0.000814
0.000809
0.000804
0.000800
0.000796
0.000792
0.000788
0.000785
0.000782
0.000780
0.000778
0.000776
0.000775
0.000773
0.000772
0.000771
0.000770
0.000769
0.000768
0.000768
0.000767
0.000766
0.000766
0.000765
0.000765
0.000764
0.000764
0.000763
0.000763
0.000850
0.000832
0.000824
0.000819
0.000815
0.000811
0.000809
0.000806
0.000804
0.000802
0.000800
0.000798
0.000797
0.000795
0.000794
0.000793
0.000792
0.000791
0.000790
0.000789
0.000788
0.000787
0.000786
0.000785
0.000784
0.000784
0.000783
0.000782
0.000782
0.000781
0.000780
0.000780
0.000779
0.000779
0.000778
0.000778
0.000777
0.000777
0.000776
0.000776
0.000775
0.000775
0.000774
0.000774
0.000773
0.000773
0.000773
0.000772
0.000772
0.000771
