0.179440
0.026015
0.007999
0.004892
0.003331
0.002533
0.001913
0.001531
0.001272
0.001091
0.000961
0.000867
0.000798
0.000745
0.000703
0.000669
0.000640
0.000614
0.000591
0.000570
0.000550
0.000532
0.000516
0.000502
0.000490
0.000480
0.000471
0.000462
0.000454
0.000447
0.000441
0.000434
0.000429
0.000423
0.000418
0.000413
0.000409
0.000405
0.000401
0.000397
0.000393
0.000390
0.000386
0.000383
0.000380
0.000378
0.000375
0.000372
0.000370
0.000367
0.000348
0.000345
0.000343
0.000342
0.000341
0.000341
0.000341
0.000341
0.000341
0.000341
0.000341
0.000341
0.000341
0.000342
0.000342
0.000342
0.000342
0.000341
0.000341
0.000340
0.000340
0.000340
0.000340
0.000339
0.000339
0.000339
0.000339
0.000339
0.000338
0.000338
0.000338
0.000338
0.000338
0.000338
0.000337
0.000337
0.000337
0.000337
0.000337
0.000337
0.000337
0.000337
0.000337
0.000336
0.000336
0.000336
0.000336
0.000336
0.000336
0.000336
