0.275085
0.056964
0.017980
0.006652
0.005320
0.004800
0.004290
0.003885
0.003487
0.003117
0.002777
0.002479
0.002228
0.002021
0.001852
0.001713
0.001595
0.001495
0.001410
0.001337
0.001274
0.001219
0.001169
0.001122
0.001078
0.001036
0.000997
0.000960
0.000926
0.000894
0.000864
0.000835
0.000807
0.000780
0.000754
0.000729
0.000706
0.000683
0.000660
0.000639
0.000619
0.000600
0.000581
0.000564
0.000547
0.000532
0.000517
0.000504
0.000491
0.000479
0.002306
0.000977
0.000592
0.000505
0.000476
0.000467
0.000460
0.000456
0.000453
0.000451
0.000449
0.000447
0.000445
0.000443
0.000442
0.000440
0.000439
0.000437
0.000436
0.000435
0.000434
0.000433
0.000432
0.000431
0.000430
0.000429
0.000428
0.000427
0.000426
0.000425
0.000424
0.000423
0.000422
0.000421
0.000420
0.000419
0.000418
0.000417
0.000416
0.000415
0.000414
0.000413
0.000413
0.000412
0.000411
0.000410
0.000410
0.000409
0.000409
0.000408
