0.201269
0.023736
0.005518
0.003355
0.002372
0.001908
0.001625
0.001399
0.001229
0.001103
0.001011
0.000945
0.000895
0.000858
0.000827
0.000801
0.000778
0.000757
0.000737
0.000718
0.000700
0.000682
0.000665
0.000649
0.000633
0.000618
0.000603
0.000589
0.000576
0.000563
0.000550
0.000538
0.000527
0.000516
0.000505
0.000495
0.000485
0.000476
0.000468
0.000459
0.000451
0.000444
0.000437
0.000431
0.000425
0.000419
0.000414
0.000409
0.000404
0.000399
0.000389
0.000385
0.000384
0.000383
0.000383
0.000383
0.000382
0.000382
0.000382
0.000382
0.000382
0.000382
0.000382
0.000382
0.000381
0.000381
0.000381
0.000381
0.000381
0.000381
0.000381
0.000381
0.000381
0.000381
0.000381
0.000380
0.000380
0.000380
0.000380
0.000380
0.000380
0.000380
0.000380
0.000380
0.000380
0.000380
0.000380
0.000380
0.000379
0.000379
0.000379
0.000379
0.000379
0.000379
0.000379
0.000379
0.000379
0.000379
0.000379
0.000379
