0.114907
0.041455
0.017837
0.007771
0.003356
0.002260
0.001821
0.001536
0.001353
0.001222
0.001128
0.001060
0.001012
0.000976
0.000948
0.000927
0.000909
0.000894
0.000881
0.000870
0.000861
0.000853
0.000845
0.000839
0.000833
0.000828
0.000823
0.000819
0.000814
0.000810
0.000805
0.000801
0.000797
0.000793
0.000788
0.000785
0.000781
0.000778
0.000775
0.000772
0.000770
0.000768
0.000766
0.000764
0.000763
0.000761
0.000760
0.000759
0.000758
0.000757
0.000735
0.000735
0.000735
0.000735
0.000734
0.000734
0.000734
0.000734
0.000733
0.000733
0.000733
0.000733
0.000733
0.000733
0.000733
0.000733
0.000733
0.000733
0.000733
0.000733
0.000733
0.000733
0.000733
0.000733
0.000733
0.000733
0.000733
0.000733
0.000733
0.000733
0.000733
0.000733
0.000733
0.000733
0.000733
0.000733
0.000733
0.000733
0.000733
0.000733
0.000733
0.000733
0.000733
0.000733
0.000733
0.000733
0.000733
0.000733
0.000733
0.000733
