0.102843
0.015486
0.006150
0.003024
0.002326
0.001947
0.001762
0.001608
0.001471
0.001352
0.001250
0.001158
0.001074
0.000997
0.000927
0.000866
0.000815
0.000772
0.000737
0.000706
0.000680
0.000656
0.000636
0.000617
0.000600
0.000584
0.000569
0.000556
0.000542
0.000530
0.000518
0.000507
0.000496
0.000486
0.000476
0.000466
0.000457
0.000449
0.000441
0.000433
0.000425
0.000418
0.000412
0.000405
0.000399
0.000393
0.000388
0.000383
0.000378
0.000374
0.002619
0.000896
0.000484
0.000394
0.000375
0.000372
0.000370
0.000369
0.000368
0.000368
0.000367
0.000367
0.000367
0.000367
0.000366
0.000366
0.000366
0.000366
0.000366
0.000366
0.000365
0.000365
0.000365
0.000365
0.000365
0.000365
0.000365
0.000365
0.000365
0.000364
0.000364
0.000364
0.000364
0.000364
0.000364
0.000364
0.000364
0.000364
0.000364
0.000364
0.000364
0.000363
0.000363
0.000363
0.000363
0.000363
0.000363
0.000363
0.000362
0.000362
