0.333871
0.092884
0.071582
0.049822
0.034062
0.020844
0.011789
0.007928
0.006666
0.005939
0.005448
0.005054
0.004714
0.004409
0.004129
0.003866
0.003615
0.003374
0.003140
0.002912
0.002691
0.002477
0.002273
0.002083
0.001910
0.001756
0.001625
0.001514
0.001423
0.001349
0.001287
0.001234
0.001188
0.001147
0.001111
0.001078
0.001048
0.001021
0.000996
0.000973
0.000953
0.000934
0.000918
0.000902
0.000889
0.000877
0.000867
0.000859
0.000852
0.000846
0.000839
0.000836
0.000833
0.000833
0.000832
0.000832
0.000831
0.000831
0.000830
0.000830
0.000830
0.000830
0.000829
0.000829
0.000829
0.000829
0.000829
0.000829
0.000828
0.000828
0.000828
0.000828
0.000828
0.000828
0.000828
0.000827
0.000827
0.000827
0.000827
0.000827
0.000827
0.000827
0.000827
0.000826
0.000826
0.000826
0.000826
0.000826
0.000826
0.000826
0.000826
0.000826
0.000826
0.000825
0.000825
0.000825
0.000825
0.000825
0.000825
0.000825
