0.545099
0.051735
0.023579
0.011778
0.008803
0.007651
0.006426
0.005389
0.004423
0.003606
0.002981
0.002532
0.002183
0.001882
0.001615
0.001382
0.001180
0.001009
0.000867
0.000752
0.000660
0.000589
0.000534
0.000493
0.000462
0.000438
0.000420
0.000406
0.000395
0.000386
0.000378
0.000372
0.000367
0.000363
0.000359
0.000356
0.000353
0.000351
0.000349
0.000347
0.000345
0.000344
0.000342
0.000341
0.000340
0.000339
0.000338
0.000337
0.000336
0.000336
0.015043
0.005199
0.002099
0.001003
0.000595
0.000430
0.000370
0.000344
0.000336
0.000331
0.000330
0.000329
0.000329
0.000329
0.000329
0.000329
0.000328
0.000328
0.000328
0.000328
0.000328
0.000328
0.000328
0.000328
0.000327
0.000327
0.000327
0.000327
0.000327
0.000327
0.000327
0.000327
0.000327
0.000327
0.000326
0.000326
0.000326
0.000326
0.000326
0.000326
0.000326
0.000326
0.000326
0.000326
0.000326
0.000326
0.000326
0.000326
0.000326
0.000326
