0.190723
0.040821
0.024564
0.017648
0.012781
0.009122
0.006426
0.004434
0.003069
0.002224
0.001770
0.001536
0.001393
0.001284
0.001194
0.001118
0.001057
0.001007
0.000966
0.000933
0.000906
0.000884
0.000866
0.000851
0.000838
0.000828
0.000820
0.000813
0.000807
0.000803
0.000799
0.000795
0.000792
0.000790
0.000787
0.000785
0.000783
0.000782
0.000780
0.000778
0.000777
0.000776
0.000774
0.000773
0.000772
0.000771
0.000769
0.000768
0.000767
0.000766
0.000748
0.000745
0.000743
0.000742
0.000742
0.000742
0.000742
0.000742
0.000742
0.000742
0.000742
0.000742
0.000742
0.000743
0.000743
0.000743
0.000743
0.000744
0.000744
0.000744
0.000744
0.000744
0.000744
0.000743
0.000743
0.000743
0.000743
0.000743
0.000742
0.000742
0.000742
0.000742
0.000742
0.000742
0.000742
0.000742
0.000742
0.000742
0.000742
0.000742
0.000742
0.000742
0.000742
0.000742
0.000742
0.000742
0.000742
0.000741
0.000741
0.000741
