0.222260
0.061742
0.033510
0.015050
0.006226
0.004030
0.002932
0.002295
0.001896
0.001624
0.001429
0.001287
0.001181
0.001102
0.001040
0.000993
0.000955
0.000925
0.000901
0.000882
0.000866
0.000853
0.000841
0.000831
0.000822
0.000814
0.000806
0.000799
0.000793
0.000788
0.000783
0.000778
0.000774
0.000771
0.000768
0.000766
0.000763
0.000761
0.000759
0.000758
0.000756
0.000755
0.000754
0.000753
0.000752
0.000751
0.000750
0.000749
0.000748
0.000748
0.001158
0.001049
0.000989
0.000951
0.000927
0.000910
0.000898
0.000889
0.000882
0.000876
0.000872
0.000868
0.000865
0.000862
0.000860
0.000858
0.000856
0.000854
0.000853
0.000851
0.000850
0.000849
0.000847
0.000846
0.000845
0.000844
0.000843
0.000842
0.000841
0.000840
0.000839
0.000838
0.000837
0.000836
0.000835
0.000834
0.000833
0.000832
0.000832
0.000831
0.000830
0.000829
0.000828
0.000828
0.000827
0.000826
0.000825
0.000825
0.000824
0.000823
