0.275816
0.057605
0.018974
0.007000
0.005486
0.005054
0.004570
0.004178
0.003786
0.003394
0.003000
0.002620
0.002264
0.001946
0.001670
0.001441
0.001256
0.001109
0.000990
0.000894
0.000816
0.000752
0.000701
0.000660
0.000626
0.000598
0.000573
0.000552
0.000533
0.000516
0.000502
0.000488
0.000477
0.000467
0.000457
0.000449
0.000441
0.000434
0.000427
0.000421
0.000415
0.000410
0.000405
0.000400
0.000396
0.000392
0.000388
0.000384
0.000381
0.000378
0.000374
0.000373
0.000374
0.000373
0.000370
0.000369
0.000369
0.000368
0.000368
0.000367
0.000367
0.000367
0.000367
0.000366
0.000366
0.000366
0.000366
0.000365
0.000365
0.000365
0.000365
0.000365
0.000365
0.000364
0.000364
0.000364
0.000364
0.000364
0.000364
0.000363
0.000363
0.000363
0.000363
0.000363
0.000363
0.000363
0.000363
0.000362
0.000362
0.000362
0.000362
0.000362
0.000362
0.000362
0.000362
0.000362
0.000361
0.000361
0.000361
0.000361
