0.255888
0.033249
0.010214
0.007109
0.006138
0.005619
0.004943
0.004019
0.002986
0.002158
0.001686
0.001456
0.001317
0.001215
0.001130
0.001058
0.000995
0.000939
0.000888
0.000843
0.000802
0.000765
0.000733
0.000704
0.000677
0.000654
0.000632
0.000612
0.000593
0.000575
0.000559
0.000544
0.000530
0.000517
0.000504
0.000493
0.000481
0.000470
0.000460
0.000450
0.000440
0.000431
0.000423
0.000416
0.000410
0.000405
0.000401
0.000397
0.000393
0.000390
0.000592
0.000433
0.000394
0.000383
0.000376
0.000376
0.000374
0.000373
0.000372
0.000371
0.000370
0.000369
0.000369
0.000368
0.000367
0.000366
0.000366
0.000365
0.000364
0.000364
0.000363
0.000362
0.000362
0.000361
0.000361
0.000360
0.000360
0.000359
0.000359
0.000358
0.000358
0.000357
0.000357
0.000356
0.000356
0.000355
0.000355
0.000355
0.000354
0.000354
0.000353
0.000353
0.000353
0.000352
0.000352
0.000351
0.000351
0.000351
0.000350
0.000350
