0.280661
0.063008
0.012913
0.007997
0.007656
0.006900
0.006406
0.005829
0.005137
0.004354
0.003575
0.002940
0.002492
0.002157
0.001877
0.001646
0.001460
0.001312
0.001195
0.001101
0.001025
0.000962
0.000909
0.000865
0.000827
0.000795
0.000767
0.000743
0.000721
0.000702
0.000684
0.000668
0.000653
0.000640
0.000627
0.000614
0.000603
0.000592
0.000581
0.000571
0.000561
0.000552
0.000543
0.000535
0.000527
0.000519
0.000511
0.000504
0.000497
0.000491
0.000464
0.000456
0.000449
0.000445
0.000443
0.000442
0.000441
0.000441
0.000440
0.000440
0.000439
0.000438
0.000438
0.000437
0.000436
0.000435
0.000435
0.000434
0.000434
0.000433
0.000433
0.000433
0.000432
0.000432
0.000432
0.000431
0.000431
0.000431
0.000431
0.000431
0.000430
0.000430
0.000430
0.000430
0.000430
0.000429
0.000429
0.000429
0.000429
0.000429
0.000428
0.000428
0.000428
0.000428
0.000428
0.000428
0.000428
0.000427
0.000427
0.000427
