0.194659
0.043666
0.016621
0.006128
0.003839
0.003440
0.003067
0.002773
0.002504
0.002269
0.002070
0.001905
0.001769
0.001654
0.001555
0.001468
0.001390
0.001321
0.001260
0.001208
0.001163
0.001125
0.001093
0.001065
0.001041
0.001018
0.000998
0.000980
0.000965
0.000951
0.000940
0.000930
0.000921
0.000913
0.000905
0.000899
0.000893
0.000888
0.000883
0.000879
0.000875
0.000872
0.000869
0.000867
0.000865
0.000864
0.000862
0.000861
0.000860
0.000860
0.001060
0.001020
0.001012
0.001008
0.001004
0.001001
0.000999
0.000997
0.000995
0.000994
0.000993
0.000991
0.000990
0.000989
0.000988
0.000988
0.000987
0.000986
0.000985
0.000985
0.000984
0.000984
0.000983
0.000983
0.000982
0.000982
0.000981
0.000981
0.000981
0.000980
0.000980
0.000979
0.000979
0.000979
0.000978
0.000978
0.000978
0.000978
0.000977
0.000977
0.000977
0.000976
0.000976
0.000976
0.000976
0.000975
0.000975
0.000975
0.000975
0.000974
