0.202340
0.024715
0.005581
0.003069
0.002184
0.001694
0.001415
0.001211
0.001078
0.000992
0.000935
0.000894
0.000862
0.000836
0.000814
0.000794
0.000775
0.000758
0.000740
0.000724
0.000708
0.000692
0.000677
0.000662
0.000647
0.000633
0.000620
0.000606
0.000594
0.000581
0.000569
0.000557
0.000546
0.000535
0.000525
0.000515
0.000505
0.000497
0.000488
0.000480
0.000473
0.000466
0.000460
0.000454
0.000448
0.000443
0.000439
0.000434
0.000430
0.000426
0.000389
0.000383
0.000381
0.000380
0.000380
0.000379
0.000379
0.000379
0.000379
0.000378
0.000378
0.000378
0.000378
0.000378
0.000378
0.000377
0.000377
0.000377
0.000377
0.000377
0.000377
0.000377
0.000377
0.000377
0.000376
0.000376
0.000376
0.000376
0.000376
0.000376
0.000376
0.000376
0.000376
0.000376
0.000376
0.000376
0.000375
0.000375
0.000375
0.000375
0.000375
0.000375
0.000375
0.000375
0.000375
0.000375
0.000375
0.000375
0.000375
0.000374
