0.106608
0.010762
0.005539
0.003423
0.002871
0.002430
0.002125
0.001905
0.001719
0.001562
0.001429
0.001314
0.001214
0.001124
0.001043
0.000970
0.000905
0.000847
0.000796
0.000753
0.000714
0.000680
0.000649
0.000621
0.000597
0.000575
0.000555
0.000537
0.000521
0.000506
0.000493
0.000481
0.000471
0.000461
0.000453
0.000445
0.000438
0.000432
0.000426
0.000421
0.000416
0.000411
0.000407
0.000402
0.000399
0.000395
0.000392
0.000388
0.000385
0.000382
0.003877
0.001203
0.000553
0.000401
0.000382
0.000376
0.000374
0.000374
0.000373
0.000373
0.000372
0.000372
0.000372
0.000371
0.000371
0.000371
0.000370
0.000370
0.000370
0.000369
0.000369
0.000369
0.000369
0.000368
0.000368
0.000368
0.000368
0.000367
0.000367
0.000367
0.000367
0.000367
0.000367
0.000367
0.000366
0.000366
0.000366
0.000366
0.000366
0.000366
0.000366
0.000366
0.000365
0.000365
0.000365
0.000365
0.000365
0.000364
0.000364
0.000364
