0.283561
0.064134
0.013313
0.007906
0.007723
0.007111
0.006763
0.006400
0.005979
0.005498
0.004972
0.004455
0.004009
0.003653
0.003355
0.003087
0.002841
0.002618
0.002414
0.002227
0.002056
0.001897
0.001750
0.001613
0.001487
0.001370
0.001263
0.001165
0.001077
0.000998
0.000928
0.000867
0.000813
0.000766
0.000725
0.000689
0.000658
0.000632
0.000608
0.000588
0.000571
0.000556
0.000542
0.000530
0.000520
0.000510
0.000502
0.000494
0.000487
0.000480
0.000477
0.000474
0.000472
0.000471
0.000470
0.000469
0.000468
0.000468
0.000467
0.000467
0.000467
0.000466
0.000466
0.000466
0.000466
0.000465
0.000465
0.000465
0.000465
0.000465
0.000464
0.000464
0.000464
0.000464
0.000464
0.000463
0.000463
0.000463
0.000463
0.000463
0.000463
0.000463
0.000462
0.000462
0.000462
0.000462
0.000462
0.000462
0.000462
0.000461
0.000461
0.000461
0.000461
0.000461
0.000461
0.000461
0.000461
0.000461
0.000460
0.000460
