0.104650
0.016037
0.006167
0.002880
0.002208
0.001816
0.001619
0.001465
0.001334
0.001222
0.001125
0.001037
0.000957
0.000888
0.000833
0.000790
0.000757
0.000729
0.000705
0.000684
0.000665
0.000649
0.000633
0.000619
0.000605
0.000592
0.000580
0.000568
0.000556
0.000545
0.000535
0.000525
0.000515
0.000506
0.000497
0.000489
0.000480
0.000472
0.000465
0.000457
0.000450
0.000444
0.000437
0.000431
0.000425
0.000419
0.000414
0.000408
0.000403
0.000398
0.000399
0.000392
0.000390
0.000388
0.000387
0.000385
0.000384
0.000383
0.000382
0.000381
0.000380
0.000379
0.000378
0.000378
0.000377
0.000376
0.000376
0.000375
0.000375
0.000374
0.000374
0.000373
0.000373
0.000372
0.000372
0.000371
0.000371
0.000370
0.000370
0.000370
0.000369
0.000369
0.000368
0.000368
0.000368
0.000367
0.000367
0.000367
0.000366
0.000366
0.000366
0.000365
0.000365
0.000365
0.000365
0.000364
0.000364
0.000364
0.000363
0.000363
