0.105169
0.015450
0.005978
0.002766
0.002129
0.001749
0.001563
0.001413
0.001283
0.001170
0.001071
0.000981
0.000901
0.000833
0.000780
0.000739
0.000707
0.000681
0.000659
0.000640
0.000624
0.000609
0.000595
0.000582
0.000570
0.000558
0.000547
0.000537
0.000527
0.000517
0.000508
0.000499
0.000491
0.000483
0.000475
0.000467
0.000460
0.000453
0.000447
0.000440
0.000434
0.000428
0.000423
0.000417
0.000412
0.000407
0.000403
0.000398
0.000394
0.000390
0.000617
0.000433
0.000390
0.000383
0.000380
0.000380
0.000380
0.000379
0.000379
0.000379
0.000379
0.000378
0.000378
0.000378
0.000378
0.000377
0.000377
0.000377
0.000377
0.000376
0.000376
0.000376
0.000376
0.000375
0.000375
0.000375
0.000375
0.000375
0.000374
0.000374
0.000374
0.000374
0.000374
0.000373
0.000373
0.000373
0.000373
0.000373
0.000373
0.000372
0.000372
0.000372
0.000372
0.000372
0.000372
0.000371
0.000371
0.000371
0.000371
0.000371
