0.354099
0.066031
0.039506
0.022422
0.013047
0.007538
0.004818
0.003739
0.003303
0.003041
0.002813
0.002598
0.002397
0.002209
0.002032
0.001866
0.001712
0.001572
0.001448
0.001341
0.001251
0.001181
0.001129
0.001092
0.001066
0.001045
0.001027
0.001010
0.000995
0.000980
0.000967
0.000954
0.000942
0.000931
0.000921
0.000911
0.000902
0.000894
0.000886
0.000879
0.000872
0.000866
0.000860
0.000855
0.000850
0.000845
0.000841
0.000837
0.000833
0.000829
0.000824
0.000815
0.000811
0.000809
0.000809
0.000809
0.000809
0.000809
0.000808
0.000808
0.000808
0.000808
0.000808
0.000808
0.000808
0.000808
0.000808
0.000808
0.000808
0.000807
0.000807
0.000807
0.000807
0.000807
0.000807
0.000806
0.000806
0.000806
0.000806
0.000806
0.000806
0.000806
0.000806
0.000806
0.000806
0.000806
0.000805
0.000805
0.000805
0.000805
0.000805
0.000805
0.000805
0.000805
0.000805
0.000805
0.000805
0.000805
0.000805
0.000804
