0.126311
0.024302
0.011077
0.007725
0.006258
0.005385
0.004607
0.003946
0.003334
0.002831
0.002441
0.002156
0.001952
0.001796
0.001668
0.001556
0.001458
0.001370
0.001292
0.001221
0.001155
0.001094
0.001037
0.000983
0.000932
0.000885
0.000842
0.000803
0.000767
0.000735
0.000705
0.000678
0.000653
0.000629
0.000608
0.000587
0.000569
0.000551
0.000535
0.000520
0.000506
0.000494
0.000481
0.000470
0.000460
0.000450
0.000441
0.000432
0.000424
0.000417
1.373339
0.356242
0.072295
0.014479
0.003230
0.001172
0.000738
0.000622
0.000578
0.000555
0.000540
0.000528
0.000519
0.000512
0.000506
0.000500
0.000495
0.000491
0.000488
0.000485
0.000482
0.000480
0.000478
0.000476
0.000474
0.000473
0.000471
0.000470
0.000469
0.000468
0.000467
0.000466
0.000465
0.000464
0.000463
0.000462
0.000461
0.000461
0.000460
0.000460
0.000459
0.000458
0.000458
0.000457
0.000457
0.000456
0.000456
0.000455
0.000455
0.000455
