0.280512
0.063859
0.012548
0.008261
0.007834
0.007086
0.006627
0.006070
0.005408
0.004627
0.003796
0.003057
0.002518
0.002143
0.001841
0.001586
0.001379
0.001214
0.001087
0.000989
0.000915
0.000857
0.000811
0.000774
0.000743
0.000717
0.000695
0.000675
0.000658
0.000642
0.000628
0.000615
0.000602
0.000591
0.000580
0.000570
0.000560
0.000551
0.000543
0.000534
0.000526
0.000519
0.000511
0.000504
0.000497
0.000491
0.000485
0.000478
0.000472
0.000467
0.000458
0.000448
0.000446
0.000444
0.000441
0.000439
0.000438
0.000437
0.000436
0.000436
0.000435
0.000434
0.000433
0.000433
0.000432
0.000432
0.000431
0.000431
0.000430
0.000430
0.000429
0.000429
0.000428
0.000428
0.000428
0.000427
0.000427
0.000427
0.000426
0.000426
0.000426
0.000425
0.000425
0.000425
0.000425
0.000424
0.000424
0.000424
0.000424
0.000423
0.000423
0.000423
0.000423
0.000422
0.000422
0.000422
0.000422
0.000422
0.000421
0.000421
