0.203583
0.032089
0.008656
0.006553
0.005631
0.005111
0.004592
0.004038
0.003429
0.002839
0.002346
0.002000
0.001776
0.001622
0.001506
0.001412
0.001332
0.001260
0.001193
0.001129
0.001067
0.001008
0.000952
0.000898
0.000847
0.000800
0.000757
0.000718
0.000683
0.000653
0.000628
0.000606
0.000588
0.000572
0.000559
0.000547
0.000536
0.000526
0.000517
0.000509
0.000501
0.000494
0.000487
0.000480
0.000474
0.000468
0.000462
0.000457
0.000452
0.000448
0.000465
0.000452
0.000447
0.000443
0.000439
0.000438
0.000437
0.000437
0.000436
0.000435
0.000435
0.000434
0.000434
0.000433
0.000433
0.000433
0.000432
0.000432
0.000431
0.000431
0.000431
0.000430
0.000430
0.000430
0.000430
0.000429
0.000429
0.000429
0.000428
0.000428
0.000428
0.000428
0.000427
0.000427
0.000427
0.000427
0.000427
0.000426
0.000426
0.000426
0.000426
0.000425
0.000425
0.000425
0.000425
0.000425
0.000425
0.000424
0.000424
0.000424
