0.334203
0.093066
0.070371
0.047795
0.031115
0.017449
0.009676
0.007350
0.006310
0.005623
0.005095
0.004654
0.004270
0.003922
0.003601
0.003299
0.003013
0.002741
0.002484
0.002248
0.002038
0.001858
0.001712
0.001598
0.001508
0.001438
0.001383
0.001339
0.001305
0.001277
0.001255
0.001235
0.001217
0.001199
0.001182
0.001165
0.001148
0.001132
0.001116
0.001100
0.001084
0.001068
0.001051
0.001035
0.001018
0.001000
0.000983
0.000967
0.000951
0.000937
0.000874
0.000870
0.000869
0.000868
0.000868
0.000867
0.000867
0.000867
0.000866
0.000866
0.000866
0.000865
0.000865
0.000865
0.000865
0.000864
0.000864
0.000864
0.000864
0.000863
0.000863
0.000863
0.000863
0.000863
0.000862
0.000862
0.000862
0.000862
0.000862
0.000861
0.000861
0.000861
0.000861
0.000861
0.000861
0.000860
0.000860
0.000860
0.000860
0.000860
0.000860
0.000859
0.000859
0.000859
0.000859
0.000859
0.000859
0.000858
0.000858
0.000858
