0.204802
0.031866
0.008627
0.006668
0.005710
0.005154
0.004576
0.003954
0.003283
0.002681
0.002246
0.001972
0.001784
0.001638
0.001521
0.001422
0.001336
0.001258
0.001186
0.001118
0.001054
0.000994
0.000937
0.000883
0.000832
0.000786
0.000745
0.000709
0.000679
0.000654
0.000634
0.000619
0.000606
0.000595
0.000586
0.000578
0.000570
0.000563
0.000556
0.000550
0.000543
0.000537
0.000531
0.000525
0.000520
0.000515
0.000509
0.000504
0.000500
0.000495
0.000485
0.000476
0.000469
0.000465
0.000464
0.000462
0.000461
0.000460
0.000459
0.000458
0.000457
0.000456
0.000455
0.000454
0.000453
0.000453
0.000452
0.000451
0.000451
0.000450
0.000449
0.000449
0.000448
0.000448
0.000447
0.000447
0.000446
0.000446
0.000445
0.000445
0.000444
0.000444
0.000443
0.000443
0.000443
0.000442
0.000442
0.000442
0.000441
0.000441
0.000441
0.000440
0.000440
0.000440
0.000439
0.000439
0.000439
0.000438
0.000438
0.000438
