0.275908
0.057402
0.019019
0.007039
0.005546
0.005138
0.004669
0.004302
0.003940
0.003582
0.003218
0.002857
0.002505
0.002172
0.001867
0.001596
0.001367
0.001181
0.001032
0.000914
0.000818
0.000740
0.000675
0.000623
0.000579
0.000543
0.000512
0.000486
0.000464
0.000446
0.000431
0.000418
0.000408
0.000400
0.000393
0.000386
0.000381
0.000376
0.000372
0.000368
0.000365
0.000361
0.000359
0.000356
0.000354
0.000351
0.000349
0.000347
0.000345
0.000344
0.000347
0.000346
0.000346
0.000344
0.000341
0.000341
0.000341
0.000340
0.000340
0.000340
0.000340
0.000339
0.000339
0.000339
0.000339
0.000339
0.000338
0.000338
0.000338
0.000338
0.000338
0.000338
0.000338
0.000337
0.000337
0.000337
0.000337
0.000337
0.000337
0.000337
0.000337
0.000336
0.000336
0.000336
0.000336
0.000336
0.000336
0.000336
0.000336
0.000336
0.000335
0.000335
0.000335
0.000335
0.000335
0.000335
0.000335
0.000335
0.000335
0.000335
