0.306344
0.081404
0.047890
0.026998
0.013987
0.007710
0.005353
0.004062
0.003293
0.002838
0.002530
0.002308
0.002133
0.001989
0.001866
0.001758
0.001661
0.001572
0.001488
0.001410
0.001337
0.001270
0.001211
0.001160
0.001117
0.001081
0.001049
0.001022
0.000997
0.000975
0.000955
0.000939
0.000925
0.000913
0.000902
0.000893
0.000885
0.000877
0.000871
0.000865
0.000859
0.000854
0.000849
0.000845
0.000841
0.000837
0.000834
0.000831
0.000828
0.000825
0.001011
0.000994
0.000985
0.000978
0.000973
0.000969
0.000965
0.000961
0.000958
0.000955
0.000953
0.000950
0.000948
0.000946
0.000943
0.000941
0.000939
0.000937
0.000936
0.000934
0.000932
0.000931
0.000929
0.000927
0.000926
0.000924
0.000923
0.000922
0.000920
0.000919
0.000918
0.000917
0.000915
0.000914
0.000913
0.000912
0.000911
0.000910
0.000909
0.000908
0.000907
0.000906
0.000905
0.000904
0.000903
0.000902
0.000901
0.000900
0.000899
0.000898
