0.256647
0.037103
0.009818
0.007158
0.005953
0.005199
0.004279
0.003159
0.002136
0.001553
0.001304
0.001154
0.001041
0.000950
0.000873
0.000806
0.000750
0.000703
0.000666
0.000635
0.000611
0.000590
0.000573
0.000558
0.000544
0.000531
0.000520
0.000509
0.000499
0.000490
0.000481
0.000472
0.000465
0.000457
0.000450
0.000444
0.000437
0.000431
0.000425
0.000420
0.000414
0.000409
0.000403
0.000398
0.000393
0.000389
0.000384
0.000380
0.000376
0.000373
0.004082
0.001333
0.000552
0.000397
0.000362
0.000359
0.000358
0.000356
0.000355
0.000354
0.000354
0.000353
0.000352
0.000352
0.000351
0.000350
0.000350
0.000349
0.000349
0.000348
0.000348
0.000347
0.000347
0.000347
0.000346
0.000346
0.000346
0.000345
0.000345
0.000345
0.000345
0.000344
0.000344
0.000344
0.000344
0.000344
0.000344
0.000344
0.000343
0.000343
0.000343
0.000343
0.000342
0.000342
0.000342
0.000341
0.000341
0.000341
0.000340
0.000340
