0.354932
0.066551
0.039996
0.022963
0.013686
0.008151
0.005280
0.004040
0.003491
0.003188
0.002969
0.002767
0.002572
0.002386
0.002209
0.002040
0.001881
0.001732
0.001596
0.001474
0.001367
0.001276
0.001201
0.001142
0.001097
0.001065
0.001040
0.001020
0.001003
0.000987
0.000972
0.000959
0.000946
0.000934
0.000923
0.000912
0.000902
0.000893
0.000885
0.000877
0.000870
0.000863
0.000857
0.000851
0.000846
0.000841
0.000836
0.000832
0.000828
0.000825
0.000904
0.000843
0.000823
0.000818
0.000817
0.000816
0.000816
0.000816
0.000815
0.000815
0.000815
0.000815
0.000815
0.000815
0.000815
0.000815
0.000814
0.000814
0.000814
0.000814
0.000814
0.000814
0.000814
0.000814
0.000814
0.000814
0.000814
0.000814
0.000814
0.000814
0.000814
0.000814
0.000814
0.000814
0.000813
0.000813
0.000813
0.000813
0.000813
0.000813
0.000813
0.000813
0.000813
0.000813
0.000813
0.000813
0.000813
0.000813
0.000813
0.000813
