0.356600
0.067077
0.039017
0.021440
0.011633
0.006253
0.004099
0.003477
0.003160
0.002876
0.002627
0.002405
0.002208
0.002031
0.001874
0.001735
0.001614
0.001510
0.001422
0.001351
0.001294
0.001249
0.001214
0.001185
0.001160
0.001138
0.001118
0.001100
0.001083
0.001067
0.001052
0.001038
0.001025
0.001013
0.001002
0.000991
0.000981
0.000972
0.000964
0.000956
0.000948
0.000940
0.000933
0.000927
0.000920
0.000914
0.000908
0.000902
0.000896
0.000891
1.295021
0.332856
0.071899
0.012232
0.002843
0.001412
0.000989
0.000862
0.000854
0.000852
0.000849
0.000849
0.000849
0.000849
0.000849
0.000849
0.000850
0.000850
0.000850
0.000850
0.000850
0.000850
0.000850
0.000850
0.000851
0.000851
0.000851
0.000851
0.000851
0.000852
0.000852
0.000852
0.000852
0.000853
0.000853
0.000853
0.000853
0.000853
0.000853
0.000853
0.000853
0.000853
0.000853
0.000853
0.000853
0.000852
0.000852
0.000852
0.000851
0.000851
