0.307451
0.083086
0.048459
0.027414
0.013891
0.007442
0.005228
0.004060
0.003273
0.002801
0.002494
0.002281
0.002121
0.001994
0.001887
0.001795
0.001715
0.001643
0.001579
0.001522
0.001469
0.001422
0.001378
0.001339
0.001303
0.001270
0.001240
0.001213
0.001189
0.001167
0.001148
0.001130
0.001114
0.001099
0.001086
0.001074
0.001063
0.001053
0.001043
0.001034
0.001026
0.001018
0.001010
0.001003
0.000996
0.000989
0.000982
0.000976
0.000969
0.000963
0.000897
0.000888
0.000884
0.000881
0.000880
0.000879
0.000878
0.000877
0.000876
0.000875
0.000873
0.000872
0.000871
0.000870
0.000869
0.000868
0.000868
0.000867
0.000866
0.000866
0.000865
0.000864
0.000864
0.000863
0.000862
0.000862
0.000861
0.000861
0.000860
0.000860
0.000859
0.000859
0.000858
0.000858
0.000857
0.000857
0.000856
0.000856
0.000855
0.000855
0.000855
0.000854
0.000854
0.000853
0.000853
0.000853
0.000852
0.000852
0.000852
0.000851
