0.394340
0.120275
0.061324
0.048389
0.036735
0.027603
0.019593
0.012932
0.007996
0.005163
0.003959
0.003435
0.003118
0.002863
0.002645
0.002451
0.002274
0.002110
0.001957
0.001814
0.001681
0.001560
0.001455
0.001367
0.001298
0.001245
0.001206
0.001177
0.001154
0.001134
0.001117
0.001101
0.001087
0.001074
0.001061
0.001049
0.001038
0.001028
0.001018
0.001009
0.001000
0.000992
0.000984
0.000977
0.000970
0.000964
0.000957
0.000952
0.000946
0.000941
0.000980
0.000977
0.000977
0.000976
0.000976
0.000976
0.000975
0.000975
0.000975
0.000975
0.000975
0.000974
0.000974
0.000974
0.000974
0.000974
0.000973
0.000973
0.000973
0.000973
0.000973
0.000973
0.000972
0.000972
0.000972
0.000972
0.000972
0.000972
0.000972
0.000971
0.000971
0.000971
0.000971
0.000971
0.000971
0.000971
0.000970
0.000970
0.000970
0.000970
0.000970
0.000970
0.000970
0.000970
0.000970
0.000969
0.000969
0.000969
0.000969
0.000969
