0.333073
0.091900
0.070627
0.048820
0.033032
0.019996
0.011462
0.008091
0.006813
0.005995
0.005412
0.004940
0.004540
0.004188
0.003868
0.003570
0.003288
0.003017
0.002756
0.002503
0.002261
0.002032
0.001822
0.001634
0.001473
0.001340
0.001237
0.001161
0.001106
0.001067
0.001039
0.001017
0.000998
0.000982
0.000967
0.000953
0.000941
0.000929
0.000919
0.000910
0.000901
0.000894
0.000886
0.000880
0.000874
0.000868
0.000863
0.000858
0.000853
0.000849
0.003528
0.001542
0.000987
0.000866
0.000848
0.000843
0.000842
0.000841
0.000841
0.000840
0.000840
0.000840
0.000839
0.000839
0.000839
0.000839
0.000838
0.000838
0.000838
0.000838
0.000838
0.000837
0.000837
0.000837
0.000837
0.000837
0.000837
0.000836
0.000836
0.000836
0.000836
0.000836
0.000836
0.000836
0.000836
0.000835
0.000835
0.000835
0.000835
0.000835
0.000835
0.000835
0.000835
0.000834
0.000834
0.000834
0.000834
0.000834
0.000833
0.000833
