0.219116
0.061567
0.035437
0.017547
0.006871
0.004065
0.003045
0.002388
0.001980
0.001695
0.001490
0.001338
0.001223
0.001137
0.001070
0.001017
0.000975
0.000940
0.000912
0.000888
0.000868
0.000850
0.000835
0.000823
0.000812
0.000804
0.000797
0.000791
0.000786
0.000782
0.000778
0.000775
0.000772
0.000769
0.000767
0.000765
0.000763
0.000761
0.000759
0.000758
0.000756
0.000755
0.000753
0.000752
0.000751
0.000750
0.000749
0.000748
0.000748
0.000747
0.000786
0.000764
0.000757
0.000753
0.000752
0.000751
0.000750
0.000749
0.000748
0.000748
0.000747
0.000746
0.000746
0.000745
0.000745
0.000745
0.000744
0.000744
0.000744
0.000743
0.000743
0.000743
0.000743
0.000742
0.000742
0.000742
0.000742
0.000742
0.000741
0.000741
0.000741
0.000741
0.000741
0.000741
0.000741
0.000741
0.000741
0.000740
0.000740
0.000740
0.000740
0.000740
0.000740
0.000740
0.000740
0.000740
0.000740
0.000740
0.000740
0.000740
