0.179582
0.025546
0.008148
0.004770
0.003301
0.002595
0.002063
0.001726
0.001476
0.001283
0.001138
0.001028
0.000941
0.000871
0.000812
0.000762
0.000718
0.000679
0.000643
0.000611
0.000582
0.000557
0.000535
0.000518
0.000503
0.000490
0.000479
0.000469
0.000460
0.000452
0.000445
0.000438
0.000432
0.000427
0.000422
0.000417
0.000412
0.000408
0.000404
0.000400
0.000397
0.000394
0.000391
0.000388
0.000385
0.000382
0.000379
0.000377
0.000374
0.000371
9.374002
2.630309
0.856971
0.268183
0.084916
0.026466
0.008038
0.002376
0.000825
0.000439
0.000369
0.000357
0.000356
0.000355
0.000354
0.000354
0.000354
0.000353
0.000353
0.000353
0.000353
0.000352
0.000352
0.000352
0.000352
0.000352
0.000352
0.000352
0.000352
0.000352
0.000352
0.000352
0.000352
0.000352
0.000352
0.000352
0.000352
0.000352
0.000352
0.000352
0.000352
0.000352
0.000353
0.000353
0.000353
0.000353
0.000353
0.000353
0.000354
0.000354
