0.115472
0.041539
0.017728
0.007524
0.003350
0.002334
0.001865
0.001601
0.001432
0.001318
0.001236
0.001174
0.001123
0.001080
0.001043
0.001009
0.000980
0.000954
0.000930
0.000910
0.000891
0.000875
0.000861
0.000849
0.000839
0.000829
0.000820
0.000812
0.000804
0.000797
0.000791
0.000786
0.000781
0.000778
0.000774
0.000771
0.000769
0.000766
0.000764
0.000762
0.000760
0.000759
0.000758
0.000756
0.000755
0.000754
0.000753
0.000752
0.000752
0.000751
0.000986
0.000957
0.000943
0.000934
0.000927
0.000921
0.000916
0.000912
0.000909
0.000906
0.000903
0.000901
0.000898
0.000896
0.000894
0.000892
0.000891
0.000889
0.000887
0.000886
0.000884
0.000883
0.000882
0.000880
0.000879
0.000878
0.000877
0.000875
0.000874
0.000873
0.000872
0.000871
0.000870
0.000869
0.000868
0.000867
0.000866
0.000865
0.000864
0.000863
0.000862
0.000861
0.000861
0.000860
0.000859
0.000858
0.000857
0.000856
0.000856
0.000855
