0.174902
0.025871
0.007870
0.005021
0.003465
0.002689
0.002022
0.001566
0.001233
0.001011
0.000861
0.000753
0.000674
0.000616
0.000575
0.000544
0.000520
0.000501
0.000485
0.000471
0.000458
0.000448
0.000438
0.000430
0.000423
0.000417
0.000411
0.000406
0.000402
0.000398
0.000394
0.000390
0.000386
0.000383
0.000380
0.000377
0.000374
0.000371
0.000368
0.000366
0.000363
0.000361
0.000358
0.000356
0.000353
0.000351
0.000348
0.000346
0.000344
0.000341
0.000450
0.000376
0.000340
0.000335
0.000334
0.000334
0.000334
0.000333
0.000333
0.000333
0.000333
0.000333
0.000333
0.000333
0.000333
0.000333
0.000333
0.000333
0.000333
0.000333
0.000333
0.000333
0.000333
0.000333
0.000333
0.000333
0.000333
0.000333
0.000333
0.000333
0.000333
0.000333
0.000333
0.000333
0.000332
0.000332
0.000332
0.000332
0.000332
0.000332
0.000332
0.000332
0.000332
0.000332
0.000332
0.000332
0.000332
0.000332
0.000331
0.000331
