0.257619
0.041143
0.012502
0.008601
0.006690
0.005582
0.004539
0.003538
0.002776
0.002294
0.001946
0.001700
0.001527
0.001398
0.001296
0.001211
0.001139
0.001078
0.001023
0.000975
0.000930
0.000888
0.000850
0.000816
0.000787
0.000763
0.000743
0.000726
0.000710
0.000697
0.000684
0.000673
0.000662
0.000653
0.000643
0.000635
0.000626
0.000618
0.000610
0.000602
0.000595
0.000588
0.000581
0.000574
0.000567
0.000560
0.000554
0.000547
0.000541
0.000535
0.037235
0.010675
0.002716
0.000936
0.000627
0.000575
0.000572
0.000566
0.000565
0.000565
0.000565
0.000564
0.000564
0.000564
0.000563
0.000563
0.000563
0.000562
0.000562
0.000562
0.000562
0.000561
0.000561
0.000561
0.000561
0.000561
0.000560
0.000560
0.000560
0.000560
0.000560
0.000560
0.000559
0.000559
0.000559
0.000559
0.000559
0.000559
0.000559
0.000559
0.000559
0.000558
0.000558
0.000558
0.000558
0.000558
0.000557
0.000557
0.000556
0.000556
