0.109286
0.010794
0.005633
0.003332
0.002840
0.002421
0.002118
0.001880
0.001669
0.001486
0.001333
0.001205
0.001098
0.001009
0.000932
0.000865
0.000808
0.000757
0.000714
0.000677
0.000646
0.000618
0.000595
0.000574
0.000555
0.000539
0.000524
0.000511
0.000498
0.000487
0.000477
0.000468
0.000459
0.000451
0.000444
0.000437
0.000430
0.000424
0.000419
0.000413
0.000408
0.000404
0.000399
0.000395
0.000391
0.000387
0.000383
0.000380
0.000377
0.000374
1.258048
0.135533
0.035890
0.011461
0.008575
0.006648
0.005969
0.005524
0.005142
0.004817
0.004542
0.004297
0.004075
0.003873
0.003691
0.003526
0.003375
0.003239
0.003114
0.003001
0.002898
0.002803
0.002717
0.002637
0.002564
0.002497
0.002435
0.002377
0.002323
0.002273
0.002225
0.002180
0.002137
0.002096
0.002056
0.002017
0.001980
0.001943
0.001908
0.001873
0.001839
0.001807
0.001775
0.001745
0.001716
0.001688
0.001662
0.001636
0.001611
0.001587
