0.106279
0.016478
0.006476
0.003024
0.002239
0.001820
0.001614
0.001458
0.001326
0.001213
0.001111
0.001018
0.000930
0.000854
0.000792
0.000747
0.000714
0.000689
0.000670
0.000653
0.000638
0.000625
0.000611
0.000599
0.000587
0.000575
0.000564
0.000554
0.000543
0.000533
0.000524
0.000514
0.000505
0.000497
0.000488
0.000480
0.000473
0.000466
0.000459
0.000452
0.000446
0.000440
0.000434
0.000429
0.000424
0.000419
0.000414
0.000410
0.000406
0.000402
0.000399
0.000387
0.000383
0.000381
0.000379
0.000379
0.000378
0.000378
0.000377
0.000377
0.000376
0.000376
0.000376
0.000375
0.000375
0.000375
0.000374
0.000374
0.000374
0.000373
0.000373
0.000373
0.000373
0.000372
0.000372
0.000372
0.000372
0.000371
0.000371
0.000371
0.000371
0.000370
0.000370
0.000370
0.000370
0.000369
0.000369
0.000369
0.000369
0.000369
0.000368
0.000368
0.000368
0.000368
0.000367
0.000367
0.000367
0.000367
0.000367
0.000366
