0.126488
0.024602
0.010946
0.007677
0.006266
0.005448
0.004713
0.004081
0.003475
0.002949
0.002510
0.002172
0.001928
0.001754
0.001620
0.001509
0.001411
0.001322
0.001241
0.001166
0.001095
0.001028
0.000964
0.000903
0.000844
0.000788
0.000737
0.000690
0.000648
0.000613
0.000583
0.000558
0.000538
0.000521
0.000508
0.000497
0.000488
0.000480
0.000473
0.000466
0.000461
0.000455
0.000450
0.000446
0.000441
0.000437
0.000433
0.000429
0.000426
0.000422
1.430465
0.117251
0.060639
0.029846
0.020757
0.016586
0.014621
0.013283
0.012267
0.011431
0.010719
0.010104
0.009565
0.009087
0.008660
0.008276
0.007927
0.007610
0.007319
0.007050
0.006801
0.006570
0.006354
0.006152
0.005962
0.005783
0.005614
0.005454
0.005302
0.005157
0.005020
0.004889
0.004764
0.004644
0.004530
0.004420
0.004315
0.004215
0.004118
0.004025
0.003936
0.003849
0.003766
0.003686
0.003608
0.003533
0.003461
0.003390
0.003322
0.003256
