0.544941
0.047576
0.021978
0.010374
0.007186
0.005284
0.003864
0.003123
0.002493
0.001967
0.001574
0.001285
0.001074
0.000929
0.000829
0.000758
0.000705
0.000666
0.000634
0.000607
0.000582
0.000561
0.000542
0.000527
0.000514
0.000503
0.000495
0.000488
0.000482
0.000476
0.000471
0.000466
0.000462
0.000458
0.000454
0.000450
0.000447
0.000444
0.000441
0.000438
0.000435
0.000432
0.000429
0.000427
0.000425
0.000422
0.000420
0.000418
0.000416
0.000414
0.000390
0.000382
0.000378
0.000376
0.000374
0.000373
0.000372
0.000371
0.000370
0.000370
0.000369
0.000368
0.000368
0.000367
0.000367
0.000366
0.000366
0.000365
0.000365
0.000364
0.000364
0.000364
0.000363
0.000363
0.000362
0.000362
0.000362
0.000361
0.000361
0.000361
0.000360
0.000360
0.000360
0.000359
0.000359
0.000359
0.000358
0.000358
0.000358
0.000358
0.000357
0.000357
0.000357
0.000356
0.000356
0.000356
0.000356
0.000355
0.000355
0.000355
