0.000044
0.000066
0.000240
0.000716
0.000011
0.000020
0.002126
0.000222
0.000372
0.000068
0.002264
0.007594
0.001524
0.007742
0.006032
0.000169
0.000597
0.000144
0.004137
0.001033
0.000398
0.000155
0.000123
0.000296
0.000088
0.000024
0.000606
0.000233
0.001188
0.004215
0.003174
0.000770
0.001155
0.009784
0.001423
0.000039
0.002073
0.001135
0.000547
0.002689
0.000824
0.000434
0.000819
0.001584
0.001558
0.005350
0.000294
0.001944
0.002904
0.001089
0.007228
0.000513
0.001401
0.001337
0.003926
0.004169
0.001792
0.003446
0.002504
0.000995
0.001114
0.000205
0.000978
0.000874
0.001750
0.000643
0.001250
0.000930
0.002368
0.005097
0.001556
0.002260
0.003469
0.002342
0.001429
0.000461
0.000678
0.001759
0.000943
0.000977
0.001223
0.000733
0.001235
0.000368
0.000554
0.000976
0.000738
0.001993
0.001554
0.001942
0.001205
0.003094
0.002771
0.001369
0.001662
0.002072
0.001415
0.000821
0.000012
0.001019
0.001062
0.001337
0.000912
0.001072
0.001987
0.003165
0.000621
0.001290
0.002648
0.001686
0.000835
0.001082
0.001453
0.001172
0.000934
0.001876
0.000716
0.002267
0.000513
0.001309
0.001572
0.001572
0.001017
0.001166
0.001776
0.002123
0.001747
0.004639
0.002997
0.002563
0.003935
0.002985
0.002539
0.003743
0.002774
0.006983
0.003227
0.002848
0.004930
0.006124
0.002404
0.002171
0.002053
0.003522
0.001851
0.002640
0.002587
0.003338
0.002951
0.002202
0.004355
0.001296
0.002363
0.002586
0.001987
0.002410
0.002909
0.001765
0.001466
0.001697
0.000923
0.002174
0.001882
0.003705
0.000799
0.000087
0.001179
0.003110
0.001500
0.002405
0.001852
0.001360
0.001093
0.001025
0.002738
0.001157
0.001642
0.002121
0.000673
0.001047
0.001342
0.000820
0.001317
0.000945
0.001653
0.000048
0.001214
0.002291
0.001441
0.001858
0.001939
0.002573
0.003283
0.003218
0.003833
0.003607
0.003858
0.004571
0.005420
0.004364
0.005953
0.003115
0.003448
0.004409
0.002133
0.001746
0.002715
0.004053
0.002423
0.001522
0.003056
0.002779
0.002024
0.002327
0.005067
0.002782
0.003602
0.001823
0.001282
0.000869
0.000968
0.000852
0.001380
0.001080
0.002986
0.000881
0.000753
0.001642
0.001222
0.002186
0.000274
0.002429
0.002913
0.002732
0.003283
0.003889
0.002494
0.001944
0.001030
0.001463
0.002152
0.001185
0.001092
0.001216
0.001395
0.001784
0.000909
0.003296
0.004644
0.003146
0.003441
0.001158
0.003769
0.001615
0.001023
0.000967
0.000812
0.000958
0.001267
0.000720
0.001086
0.004286
0.002646
0.001147
0.003294
0.001339
0.000018
0.000912
0.002928
0.002235
0.000128
0.000182
0.003894
0.000994
0.001470
0.002698
0.002797
0.003372
0.000619
0.002452
0.000839
0.002905
0.005588
0.004647
0.003651
0.001171
0.003926
0.000342
0.002522
0.001097
0.002095
0.003673
0.001317
0.000750
0.002971
0.001020
0.001542
0.002443
0.001229
0.004191
0.000894
0.003499
0.004865
0.001942
0.002798
0.002320
0.001394
0.001020
0.001036
0.000803
0.001044
0.000886
0.001002
0.001143
0.000809
0.000944
0.001201
0.000628
0.006801
0.000700
0.000457
0.001084
0.000938
0.001664
0.002132
0.001267
0.002690
0.003077
0.000874
0.000802
0.000540
0.000703
0.000925
0.002492
0.001007
0.000817
0.002022
0.003029
0.002623
0.001162
0.002287
0.001779
0.003318
0.001500
0.000875
0.001034
0.000735
0.002247
0.004309
0.001330
0.002866
0.009693
0.001070
0.001879
0.003393
0.000865
0.002652
0.001611
0.005233
0.001213
0.000990
0.004074
0.002305
0.001404
0.003163
0.000612
0.001110
0.000906
0.001999
0.000745
0.002043
0.001672
0.001267
0.002715
0.003675
0.001006
0.001509
0.001858
0.002417
0.001112
0.000036
0.003065
0.000838
0.004574
0.001296
0.000665
0.002037
0.002647
0.000960
0.003369
0.006200
0.001161
0.001675
0.000766
0.001433
0.002386
0.000262
0.002990
0.003968
0.000903
0.000390
0.001076
0.002129
0.001358
0.001166
0.001319
0.001481
0.001035
0.001279
0.000830
0.000087
0.003663
0.000939
0.001182
0.002881
0.001602
0.004971
0.001018
0.003311
0.001358
0.000780
0.002546
0.003983
0.001165
0.000679
0.000965
0.001781
0.001396
0.003080
0.000904
0.001102
0.002488
0.003450
0.004493
0.001538
0.001249
0.000870
0.000575
0.000713
0.000833
0.000965
0.000870
0.001054
0.001084
0.001233
0.001041
0.001096
0.001340
0.003648
0.002933
0.003248
0.002766
0.002948
0.004305
0.003836
0.002749
0.003216
0.002421
0.000221
0.005654
0.003490
0.002787
0.002225
0.002923
0.004784
0.001426
0.000011
0.000106
0.003983
0.001214
0.003389
0.000767
0.002556
0.000983
0.001782
0.001551
0.001169
0.000057
0.003033
0.000496
0.000925
0.002345
0.001219
0.000018
0.003641
0.004300
0.000787
0.001053
0.000635
0.002653
0.001335
0.002094
0.003037
0.001535
0.000913
0.003293
0.001827
0.005271
0.001091
0.002360
