0.000755
0.001444
0.001005
0.001689
0.000897
0.000645
0.001101
0.000732
0.000751
0.000955
0.000984
0.000522
0.000626
0.000706
0.000661
0.000887
0.001722
0.000694
0.000559
0.000582
0.000727
0.000802
0.000541
0.000851
0.000641
0.000579
0.001033
0.001103
0.000696
0.000565
0.000508
0.000418
0.000666
0.000842
0.000417
0.000648
0.000660
0.000614
0.000821
0.000483
0.001087
0.000933
0.000817
0.000572
0.001082
0.000673
0.000571
0.001106
0.001552
0.001027
0.004763
0.000468
0.001728
0.000667
0.000665
0.000592
0.000806
0.000686
0.000751
0.000697
0.000606
0.000669
0.000519
0.000836
0.000757
0.000663
0.000742
0.000496
0.000532
0.000615
0.000735
0.000828
0.000613
0.001719
0.000829
0.000710
0.000652
0.000545
0.000803
0.000615
0.000710
0.000554
0.000937
0.000626
0.001422
0.000418
0.001820
0.000599
0.000533
0.000629
0.000653
0.000692
0.000716
0.000774
0.001000
0.000503
0.001367
0.000701
0.000702
0.000542
0.000665
0.000561
0.000817
0.001038
0.001646
0.000821
0.000649
0.000647
0.001703
0.000808
0.000599
0.000523
0.000961
0.000641
0.001066
0.000519
0.000493
0.000573
0.000643
0.001428
0.000678
0.001104
0.000629
0.000632
0.001331
0.000696
0.000456
0.000805
0.000574
0.001173
0.000545
0.000517
0.000784
0.000763
0.000568
0.000751
0.000913
0.000877
0.000912
0.000490
0.000572
0.000571
0.000944
0.001274
0.000725
0.000466
0.000463
0.000476
0.000625
0.000979
0.000754
0.000498
0.001674
0.000707
0.000641
0.000688
0.000556
0.000609
0.000509
0.000571
0.000509
0.000975
0.000818
0.000549
0.000956
0.000542
0.000686
0.000484
0.000795
0.001045
0.001783
0.000726
0.000746
0.000869
0.000597
0.000547
0.001108
0.000477
0.000551
0.000688
0.001037
0.000472
0.000585
0.001140
0.001045
0.000462
0.000722
0.000891
0.001157
0.000674
0.000481
0.000567
0.001407
0.001267
0.000534
0.000557
0.000565
0.000773
0.001120
0.000445
0.001636
0.000459
0.000429
0.000965
0.000450
0.000423
0.001796
0.000600
0.000680
0.000580
0.001049
0.001251
0.001090
0.000606
0.001371
0.000854
0.001398
0.000983
0.000671
0.000593
0.001402
0.000855
0.000379
0.000700
0.000500
0.000544
0.000986
0.000590
0.000581
0.000920
0.001343
0.000768
0.001739
0.000504
0.000588
0.000913
0.002065
0.000500
0.000785
0.001175
0.000686
0.000547
0.000957
0.000473
0.000648
0.000629
0.000419
0.001251
0.000640
0.000753
0.000536
0.000634
0.001275
0.000425
0.000724
0.000429
0.001776
0.000554
0.000739
0.002839
0.001065
0.000544
0.000525
0.000484
0.000659
0.000784
0.000413
0.000479
0.000603
0.000703
0.000425
0.000530
0.001666
0.000554
0.002785
0.000766
0.000680
0.000907
0.000474
0.000394
0.001300
0.000576
0.000569
0.000688
0.000540
0.001434
0.002848
0.000520
0.000816
0.001551
0.000687
0.000770
0.000788
0.000853
0.000466
0.000743
0.000628
0.000622
0.000682
0.000397
0.001246
0.000849
0.000470
0.000997
0.000618
0.000879
0.001369
0.000553
0.001130
0.000946
0.001024
0.001564
0.000546
0.000700
0.000658
0.000897
0.000822
0.000703
0.000738
0.000812
0.000548
0.001527
0.001221
0.001468
0.000668
0.001630
0.000943
0.001114
0.000742
0.000507
0.000444
0.000479
0.000911
0.002350
0.000806
0.000984
0.000892
0.000977
0.000862
0.001252
0.001340
0.000668
0.000367
0.000844
0.000943
0.000788
0.000515
0.001066
0.000447
0.000620
0.001378
0.002075
0.000691
0.000475
0.000880
0.000535
0.000435
0.000735
0.000680
0.000445
0.001302
0.000612
0.000530
0.000448
0.000608
0.001464
0.001399
0.000395
0.000607
0.000735
0.000661
0.000692
0.000802
0.000491
0.000477
0.000640
0.000475
0.000836
0.002933
0.001640
0.000402
0.000476
0.000402
0.000592
0.000569
0.000663
0.000533
0.001667
0.000646
0.000801
0.000680
0.000976
0.000875
0.000978
0.001186
0.000817
0.000622
0.001589
0.001618
0.000959
0.000646
0.000823
0.000534
0.000814
0.000459
0.000501
0.000537
0.000916
0.000856
0.000641
0.000902
0.000948
0.000526
0.001206
0.000642
0.002630
0.001079
0.001041
0.001175
0.000430
0.000814
0.000807
0.000957
0.001230
0.001269
0.000747
0.000897
0.004263
0.001696
0.001275
0.001522
0.000662
0.001280
0.000516
0.000924
0.000518
0.002775
0.001857
0.000753
0.000656
0.000896
0.001003
0.001440
0.000520
0.000525
0.000926
0.001406
0.000526
0.002331
0.002001
0.001029
0.000513
0.000847
0.000551
0.000436
0.000730
0.000982
0.001427
0.001135
0.002682
0.000967
0.001172
0.000613
0.000494
0.000699
0.001142
0.000539
0.002313
0.000582
0.000489
0.002377
0.003096
0.000962
0.000513
0.000462
0.001096
0.000559
0.000762
0.001048
0.000758
0.001218
0.000437
0.000647
0.000880
0.000670
0.000915
0.000950
0.000773
0.000654
0.000573
0.000547
0.001010
0.000698
0.000939
0.000833
0.000490
0.000899
0.000644
0.002958
0.000746
