0.001230
0.000279
0.001464
0.000010
0.000027
0.000246
0.000020
0.001279
0.000126
0.000065
0.008888
0.001260
0.000397
0.004593
0.000626
0.000537
0.003338
0.000127
0.000589
0.002463
0.000796
0.002804
0.002118
0.007372
0.001564
0.000866
0.005229
0.002599
0.000184
0.000428
0.000988
0.001112
0.001832
0.000970
0.001753
0.001123
0.004186
0.000297
0.001311
0.001783
0.000752
0.001758
0.001055
0.003607
0.006072
0.001396
0.000412
0.000044
0.002289
0.000225
0.000010
0.001723
0.003220
0.000653
0.001732
0.000501
0.001287
0.002115
0.000837
0.001112
0.002719
0.001883
0.001466
0.001539
0.000652
0.003987
0.000983
0.001372
0.003135
0.002322
0.005022
0.001382
0.000849
0.001168
0.001948
0.000511
0.002652
0.001563
0.000342
0.000918
0.000731
0.003184
0.001650
0.006155
0.009276
0.003155
0.001182
0.002190
0.001445
0.003807
0.001017
0.003147
0.002095
0.002674
0.001784
0.004331
0.004565
0.001300
0.007418
0.002361
0.000126
0.003608
0.005581
0.003023
0.001651
0.004322
0.000723
0.001999
0.007766
0.001364
0.001083
0.001509
0.001506
0.002477
0.001195
0.001780
0.000939
0.000900
0.000565
0.001848
0.000785
0.001269
0.000967
0.001522
0.001776
0.001113
0.002049
0.002124
0.002062
0.002511
0.001307
0.001556
0.001745
0.002723
0.001069
0.002302
0.001663
0.003458
0.001411
0.000876
0.000661
0.000976
0.000848
0.001223
0.001990
0.001407
0.001549
0.001509
0.001201
0.001554
0.002861
0.001332
0.001007
0.001310
0.000458
0.001417
0.000770
0.001114
0.001927
0.002172
0.001897
0.001912
0.001695
0.002292
0.001255
0.000873
0.001415
0.001904
0.002480
0.000030
0.004912
0.001909
0.001656
0.002084
0.001102
0.002978
0.004034
0.001821
0.001563
0.001353
0.001002
0.001934
0.001762
0.002267
0.001505
0.002602
0.002712
0.000152
0.003450
0.002374
0.001219
0.001262
0.001654
0.001172
0.001478
0.001020
0.002031
0.001336
0.000919
0.001810
0.001751
0.002529
0.002608
0.002629
0.002857
0.003068
0.003163
0.002894
0.003626
0.002486
0.002317
0.002852
0.002001
0.002137
0.003274
0.002473
0.001784
0.002654
0.002029
0.001695
0.002230
0.001488
0.001896
0.001886
0.003167
0.001620
0.002433
0.002169
0.003844
0.002885
0.001805
0.001333
0.001543
0.001174
0.001873
0.000100
0.001399
0.001580
0.000248
0.002139
0.002596
0.001581
0.001383
0.001661
0.001810
0.002014
0.001143
0.001102
0.002307
0.001222
0.001738
0.002894
0.001987
0.001556
0.001642
0.002361
0.002440
0.003182
0.002230
0.002710
0.001926
0.001511
0.000335
0.003667
0.003741
0.003342
0.004185
0.002201
0.004744
0.002621
0.004241
0.006086
0.004801
0.003904
0.000013
0.004527
0.003022
0.005483
0.002298
0.002160
0.002586
0.003349
0.002455
0.004174
0.002882
0.002072
0.002404
0.001767
0.002169
0.002844
0.001841
0.003576
0.002286
0.001625
0.001919
0.002038
0.003191
0.002640
0.002307
0.001973
0.002884
0.002018
0.002461
0.003978
0.002532
0.003395
0.001748
0.002131
0.002867
0.001803
0.001558
0.002498
0.001962
0.002967
0.004219
0.001423
0.002364
0.002027
0.005121
0.003342
0.001701
0.002086
0.002569
0.000054
0.001431
0.006449
0.001839
0.001653
0.003077
0.002227
0.002637
0.002719
0.003448
0.004223
0.002306
0.002803
0.002659
0.003595
0.003082
0.002389
0.001971
0.002188
0.002519
0.003125
0.002487
0.003960
0.002773
0.000092
0.003439
0.004474
0.003617
0.003213
0.003801
0.005418
0.003218
0.004515
0.002917
0.002899
0.003796
0.002825
0.003455
0.002877
0.002689
0.003194
0.003202
0.003499
0.004355
0.002791
0.003022
0.002721
0.003908
0.003283
0.002530
0.002951
0.003657
0.002616
0.002390
0.003145
0.002782
0.004143
0.003515
0.004629
0.003717
0.004835
0.004164
0.003573
0.003673
0.005673
0.000399
0.003402
0.005053
0.004158
0.003232
0.003080
0.003868
0.003572
0.002206
0.002937
0.004474
0.002321
0.002797
0.003331
0.003775
0.007257
0.002562
0.002167
0.002993
0.000589
0.004021
0.004991
0.003265
0.002394
0.002725
0.000019
0.002007
0.003544
0.002966
0.002498
0.002177
0.004217
0.006606
0.005397
0.004434
0.003968
0.004786
0.004044
0.003476
0.003038
0.004561
0.003479
0.005648
0.003899
0.002794
0.003135
0.002573
0.003563
0.003082
0.004156
0.002272
0.005134
0.000173
0.002584
0.003389
0.002898
0.001929
0.004452
0.002221
0.000716
0.003840
0.002747
0.002388
0.003413
0.003125
0.001796
0.002647
0.000294
0.002078
0.002581
0.002338
0.004422
0.003835
0.001844
0.002822
0.000469
0.003156
0.002272
0.002033
0.008913
0.003566
0.001621
0.005130
0.002713
0.003169
0.002380
0.001273
0.003939
0.006122
0.002640
0.001802
0.002092
0.003338
0.004363
0.000221
0.005076
0.004627
0.006057
0.004180
0.004638
0.001486
0.001099
0.003933
0.005319
0.002047
0.003659
0.001690
0.002460
0.002888
0.004229
0.007154
0.002148
