0.001460
0.001215
0.000525
0.000756
0.003896
0.001171
0.000631
0.001161
0.001473
0.000819
0.003071
0.000843
0.001217
0.000534
0.001688
0.000595
0.000716
0.000616
0.000655
0.000621
0.000795
0.000647
0.000637
0.000657
0.000775
0.001027
0.000628
0.000598
0.000493
0.000783
0.000809
0.000537
0.000475
0.000614
0.000968
0.001229
0.001749
0.000662
0.000681
0.000670
0.000561
0.000586
0.001709
0.000491
0.000582
0.000633
0.000619
0.001102
0.001197
0.001071
0.003004
0.000644
0.000487
0.000692
0.000505
0.003863
0.001557
0.000675
0.000990
0.000404
0.000578
0.000663
0.000444
0.000782
0.000778
0.000567
0.000806
0.000795
0.000516
0.000609
0.000985
0.001759
0.001225
0.001372
0.001334
0.000707
0.000552
0.000850
0.000434
0.000811
0.000449
0.000549
0.001107
0.000775
0.000669
0.000974
0.000689
0.000464
0.000771
0.000731
0.000554
0.000431
0.000595
0.000476
0.000859
0.000700
0.000495
0.000930
0.002195
0.000404
0.001499
0.001311
0.000619
0.000654
0.001428
0.000539
0.000547
0.000966
0.000956
0.000891
0.000617
0.000526
0.001035
0.001212
0.000652
0.000863
0.000683
0.000602
0.000962
0.000861
0.000493
0.000615
0.000627
0.000863
0.000484
0.000870
0.000507
0.001046
0.000427
0.000439
0.000520
0.001121
0.000911
0.000510
0.000402
0.000727
0.000680
0.000497
0.001616
0.000497
0.000969
0.000467
0.000806
0.001324
0.000578
0.000486
0.000576
0.000803
0.000559
0.001112
0.002105
0.000682
0.000367
0.000984
0.000773
0.000632
0.000556
0.000438
0.000639
0.000819
0.000710
0.000832
0.000502
0.000986
0.000539
0.000861
0.000522
0.000573
0.000501
0.000715
0.001383
0.000576
0.000487
0.001071
0.001096
0.000901
0.001272
0.000663
0.000587
0.000636
0.000431
0.001066
0.000822
0.000655
0.000762
0.001045
0.000899
0.001832
0.000542
0.000483
0.000501
0.000843
0.000438
0.000873
0.000443
0.000986
0.000868
0.000423
0.000505
0.000976
0.001346
0.001944
0.001105
0.001358
0.000488
0.000833
0.000762
0.000598
0.000575
0.000690
0.000667
0.000560
0.000759
0.000527
0.000845
0.000401
0.001360
0.000784
0.000765
0.000448
0.001073
0.000978
0.000689
0.000724
0.000891
0.000524
0.000489
0.000751
0.000567
0.002138
0.000535
0.000966
0.000811
0.000755
0.002162
0.003260
0.000985
0.000514
0.000732
0.000900
0.002028
0.000435
0.000621
0.000541
0.000713
0.000844
0.001042
0.000478
0.000969
0.000530
0.000914
0.000595
0.000707
0.000993
0.000462
0.000529
0.000608
0.000749
0.000932
0.000552
0.000650
0.001613
0.000511
0.001171
0.000591
0.000573
0.002226
0.000630
0.001607
0.000670
0.000682
0.000632
0.000633
0.000588
0.000487
0.000460
0.004789
0.000888
0.000573
0.000777
0.000596
0.000514
0.001203
0.000621
0.000477
0.001233
0.000946
0.000651
0.001573
0.002137
0.000542
0.001246
0.000720
0.002518
0.000877
0.000528
0.001086
0.000645
0.000760
0.000996
0.000501
0.000788
0.001050
0.000572
0.000608
0.000643
0.000549
0.000449
0.000437
0.000582
0.001006
0.000851
0.000482
0.000708
0.000735
0.000578
0.000624
0.001114
0.001221
0.000622
0.000593
0.001003
0.000812
0.000496
0.001486
0.001495
0.000844
0.001312
0.000459
0.000523
0.000493
0.000524
0.000932
0.000813
0.000495
0.000536
0.000499
0.000650
0.000874
0.000478
0.001201
0.000943
0.000958
0.000757
0.000597
0.000507
0.001817
0.000602
0.001023
0.001030
0.000560
0.000575
0.000805
0.000647
0.000532
0.000626
0.001160
0.000873
0.000590
0.000589
0.000852
0.000895
0.000836
0.000511
0.000640
0.000521
0.001135
0.000581
0.000466
0.000576
0.000507
0.001107
0.000643
0.001174
0.001097
0.000681
0.000749
0.000835
0.000533
0.000549
0.001264
0.001533
0.000508
0.000519
0.000872
0.000558
0.000573
0.000789
0.000807
0.000495
0.001017
0.000501
0.000734
0.000766
0.000481
0.001040
0.000979
0.000819
0.000560
0.000575
0.000719
0.001192
0.000569
0.000462
0.000764
0.000767
0.000584
0.000584
0.000850
0.000972
0.000812
0.000768
0.000501
0.000666
0.000807
0.000574
0.000642
0.001075
0.000934
0.000909
0.000799
0.000790
0.001161
0.000917
0.000796
0.000663
0.000984
0.000696
0.001718
0.000792
0.000664
0.001523
0.000838
0.000566
0.000592
0.000902
0.000463
0.000752
0.001019
0.000647
0.001920
0.000751
0.000423
0.000822
0.000558
0.000604
0.000470
0.000881
0.000892
0.000452
0.000677
0.000868
0.000919
0.000949
0.000506
0.000987
0.000514
0.000615
0.000609
0.000654
0.001513
0.000661
0.000873
0.000769
0.000595
0.000600
0.002902
0.000605
0.000502
0.001197
0.000827
0.000518
0.001580
0.000920
0.001910
0.000520
0.001017
0.000931
0.000693
0.000518
0.000512
0.000531
0.000947
0.005516
0.000545
0.000655
0.001102
0.000606
0.000683
0.000567
0.000598
0.001559
0.000626
0.000738
0.000582
0.000468
0.001337
0.000669
0.000522
0.000367
