0.001095
0.000612
0.000803
0.000970
0.001535
0.000898
0.000903
0.000636
0.000908
0.001542
0.000697
0.000698
0.000727
0.001581
0.000576
0.000700
0.001045
0.000964
0.000676
0.001497
0.001368
0.001293
0.000632
0.002317
0.000591
0.001656
0.000617
0.000696
0.000718
0.001372
0.000591
0.000761
0.000615
0.001985
0.001128
0.000744
0.000754
0.001269
0.000921
0.000648
0.000901
0.000570
0.000607
0.001282
0.000771
0.000646
0.000930
0.001000
0.000516
0.001093
0.000830
0.000504
0.000713
0.000563
0.000530
0.000573
0.000986
0.000596
0.000871
0.000681
0.000713
0.006845
0.000552
0.000636
0.000752
0.000632
0.000901
0.001363
0.001520
0.001647
0.000952
0.000594
0.000644
0.000655
0.000586
0.000696
0.000737
0.000620
0.000784
0.000699
0.009230
0.001590
0.000654
0.000834
0.000694
0.001535
0.000843
0.000582
0.000637
0.000591
0.002534
0.000736
0.000473
0.000674
0.000915
0.001041
0.000577
0.000924
0.000607
0.000557
0.000570
0.000509
0.000741
0.000498
0.000586
0.000739
0.001335
0.000713
0.000642
0.000829
0.000769
0.000683
0.000490
0.000616
0.000648
0.000789
0.002402
0.000960
0.000517
0.000805
0.000442
0.000632
0.000850
0.000678
0.000872
0.001042
0.000752
0.000695
0.001075
0.000793
0.001447
0.000533
0.000569
0.000592
0.000742
0.000822
0.000461
0.002004
0.000605
0.000614
0.000868
0.000827
0.000527
0.000753
0.000494
0.001201
0.000904
0.002397
0.001953
0.000527
0.000835
0.000546
0.000488
0.000613
0.000849
0.000568
0.000634
0.000523
0.000554
0.000592
0.000415
0.000613
0.001244
0.000996
0.000564
0.000530
0.001179
0.001147
0.001035
0.000739
0.000743
0.000507
0.000796
0.000568
0.000765
0.001178
0.000492
0.000819
0.000784
0.002070
0.000969
0.000604
0.000371
0.000523
0.000717
0.000670
0.000805
0.000793
0.000593
0.000537
0.002364
0.000640
0.000885
0.000515
0.000702
0.000606
0.000458
0.001148
0.000473
0.000604
0.000745
0.000495
0.000967
0.001242
0.000823
0.000453
0.001080
0.000578
0.000707
0.000744
0.000668
0.000708
0.000594
0.000831
0.000621
0.000572
0.000594
0.000585
0.000716
0.000743
0.000613
0.000585
0.000583
0.000700
0.000534
0.000801
0.000868
0.000446
0.000552
0.000567
0.000567
0.000748
0.001049
0.000607
0.000645
0.000649
0.000600
0.000669
0.000640
0.000648
0.000733
0.000853
0.000651
0.001734
0.000962
0.000474
0.000560
0.000646
0.000741
0.001089
0.000542
0.000497
0.000659
0.000503
0.000740
0.000705
0.000709
0.000607
0.000839
0.000683
0.000633
0.001066
0.000446
0.000609
0.000711
0.000585
0.000842
0.000805
0.000558
0.000478
0.000426
0.000735
0.000508
0.000478
0.000536
0.000700
0.000846
0.001033
0.000806
0.000511
0.000780
0.000718
0.000659
0.000630
0.000514
0.000575
0.000777
0.000541
0.001014
0.000718
0.000627
0.000464
0.000605
0.000784
0.000531
0.000946
0.003681
0.000544
0.000912
0.000702
0.000526
0.000518
0.000759
0.000442
0.000971
0.000744
0.001038
0.000465
0.000556
0.000870
0.000713
0.000798
0.000455
0.001475
0.000437
0.000431
0.000710
0.000513
0.000436
0.001117
0.000565
0.000446
0.000681
0.000613
0.000777
0.000776
0.000887
0.001478
0.000577
0.000571
0.000701
0.000918
0.000574
0.000519
0.000722
0.000477
0.000970
0.000612
0.001229
0.000696
0.001676
0.002246
0.000800
0.000506
0.000530
0.000534
0.000585
0.000906
0.000690
0.000925
0.000895
0.000984
0.000764
0.000653
0.000631
0.000793
0.000482
0.000503
0.001116
0.000575
0.000490
0.001308
0.002582
0.001071
0.000564
0.001149
0.000583
0.000374
0.000541
0.000972
0.000605
0.000589
0.000634
0.000478
0.001032
0.000975
0.000473
0.000608
0.000769
0.000432
0.001272
0.000419
0.000430
0.000642
0.000936
0.000711
0.000564
0.000526
0.000729
0.000504
0.000523
0.000594
0.000916
0.000981
0.001363
0.002015
0.000707
0.000423
0.000853
0.000773
0.000825
0.000697
0.000542
0.001577
0.001334
0.000521
0.000938
0.000824
0.000942
0.000608
0.000552
0.000487
0.000525
0.001244
0.000576
0.000534
0.000936
0.000714
0.000541
0.000627
0.000881
0.000520
0.000541
0.002625
0.000745
0.001714
0.001215
0.001307
0.001184
0.000906
0.000700
0.000700
0.000514
0.000778
0.000894
0.000627
0.001809
0.000648
0.000672
0.000499
0.000451
0.000991
0.000605
0.000536
0.001481
0.000649
0.000485
0.000444
0.001044
0.000522
0.000575
0.000688
0.000583
0.000915
0.001170
0.001071
0.001177
0.000862
0.000575
0.001579
0.000438
0.000736
0.000842
0.000942
0.003183
0.000540
0.001354
0.000524
0.001697
0.000766
0.000572
0.000648
0.000650
0.000499
0.000679
0.000608
0.000580
0.000389
0.000615
0.000889
0.000618
0.000497
0.001350
0.000963
0.000658
0.000490
0.000539
0.000466
0.000718
0.000930
0.000623
0.001174
0.000580
0.001106
0.000975
0.000521
0.000903
0.001118
0.000511
0.000494
