0.004768
0.001091
0.000053
0.001979
0.000013
0.000068
0.000286
0.006548
0.000085
0.000070
0.000867
0.009269
0.001126
0.003043
0.000348
0.000360
0.000312
0.000700
0.000139
0.000026
0.001526
0.008839
0.004701
0.002890
0.000592
0.000602
0.000171
0.000449
0.000148
0.001140
0.000236
0.000224
0.000487
0.001887
0.000906
0.000106
0.000229
0.000033
0.000493
0.000220
0.000048
0.000406
0.000387
0.000340
0.000632
0.000402
0.000107
0.000286
0.000775
0.000805
0.001702
0.001201
0.001094
0.001342
0.001380
0.002681
0.002719
0.004239
0.001417
0.002390
0.001371
0.002202
0.000872
0.003821
0.000943
0.000730
0.003363
0.005552
0.001313
0.001953
0.000954
0.000518
0.000727
0.001676
0.001143
0.000616
0.002624
0.000288
0.000930
0.007558
0.000012
0.001205
0.000557
0.000427
0.001067
0.001716
0.000732
0.001450
0.001581
0.002264
0.000829
0.001152
0.001389
0.002012
0.001453
0.003011
0.000345
0.000174
0.000257
0.000342
0.000530
0.000554
0.000662
0.000508
0.000493
0.000432
0.000810
0.000548
0.000383
0.000998
0.000317
0.000615
0.001259
0.000824
0.000453
0.000678
0.000015
0.001259
0.000991
0.000974
0.001296
0.001274
0.001802
0.000862
0.001055
0.001500
0.000771
0.001284
0.001120
0.000926
0.001936
0.000562
0.000616
0.000669
0.000751
0.000573
0.001395
0.001664
0.001065
0.001385
0.002140
0.000905
0.001165
0.001202
0.001515
0.001785
0.001422
0.001596
0.001022
0.001191
0.002480
0.001141
0.001255
0.001272
0.001479
0.001121
0.001552
0.001941
0.001288
0.002032
0.002315
0.003444
0.002341
0.001801
0.001694
0.001999
0.002053
0.002671
0.001525
0.002233
0.001862
0.000983
0.001012
0.001287
0.000879
0.001386
0.001154
0.000990
0.000773
0.001614
0.001147
0.001164
0.001390
0.001388
0.000933
0.001346
0.001191
0.001040
0.001623
0.000872
0.001407
0.001810
0.001198
0.001524
0.001486
0.001356
0.001061
0.001040
0.001650
0.001801
0.001541
0.001033
0.000813
0.000989
0.001321
0.000707
0.000699
0.000740
0.000870
0.001027
0.000906
0.001565
0.001295
0.002151
0.000645
0.001658
0.001114
0.000490
0.001460
0.001869
0.001234
0.001111
0.001288
0.000976
0.001426
0.001134
0.001700
0.000874
0.000731
0.000808
0.000916
0.001068
0.001265
0.001459
0.000826
0.001163
0.000990
0.001526
0.002434
0.001257
0.000611
0.001149
0.001350
0.001050
0.000888
0.001198
0.001694
0.001486
0.000061
0.002026
0.001226
0.000683
0.000732
0.000642
0.000570
0.000633
0.000504
0.000665
0.000785
0.000715
0.000449
0.000984
0.000843
0.000830
0.000559
0.000683
0.000948
0.000845
0.000770
0.001026
0.001078
0.001082
0.000920
0.000994
0.000924
0.000958
0.001079
0.000893
0.001169
0.001007
0.001264
0.000810
0.001086
0.000889
0.001303
0.001067
0.001180
0.000798
0.001366
0.000680
0.000970
0.001154
0.001372
0.001159
0.001614
0.001243
0.000015
0.001063
0.001418
0.001231
0.003038
0.001044
0.000744
0.001634
0.001590
0.001757
0.001467
0.001863
0.001626
0.002220
0.001932
0.002521
0.001787
0.000038
0.002016
0.002276
0.002724
0.002101
0.002340
0.002340
0.003181
0.002724
0.002777
0.004114
0.002299
0.003566
0.002316
0.001871
0.002671
0.002020
0.001815
0.002126
0.003021
0.001823
0.002573
0.002271
0.002205
0.002678
0.002381
0.001691
0.001957
0.003127
0.001963
0.002514
0.004870
0.001719
0.002070
0.001637
0.002343
0.003473
0.001428
0.001904
0.002768
0.001544
0.002225
0.000183
0.001745
0.001784
0.002084
0.001674
0.003039
0.000085
0.000010
0.002388
0.001416
0.001906
0.001592
0.001321
0.001787
0.002168
0.001390
0.002795
0.002501
0.001538
0.001400
0.001551
0.001270
0.001275
0.002021
0.001513
0.001228
0.001382
0.001385
0.001380
0.001533
0.001345
0.001691
0.001233
0.001480
0.001812
0.001322
0.001174
0.001537
0.001964
0.001671
0.001342
0.001157
0.001513
0.001838
0.001508
0.000133
0.001690
0.001452
0.002113
0.003779
0.001836
0.001336
0.001630
0.002505
0.002050
0.001159
0.001487
0.001328
0.001742
0.003044
0.001090
0.001972
0.001595
0.001350
0.002192
0.001198
0.001809
0.002488
0.001487
0.001292
0.000023
0.001063
0.001625
0.001957
0.006826
0.001437
0.000256
0.000934
0.001114
0.002842
0.001777
0.009377
0.002314
0.001266
0.001533
0.001309
0.002084
0.003424
0.001647
0.000869
0.001084
0.001351
0.001842
0.002298
0.002629
0.001910
0.002052
0.001778
0.002311
0.001578
0.001774
0.002585
0.001465
0.002037
0.003008
0.000948
0.000896
0.000983
0.000897
0.001232
0.001078
0.000985
0.000806
0.001147
0.001367
0.001116
0.000958
0.000808
0.001208
0.001520
0.002268
0.002732
0.001734
0.001354
0.001723
0.001027
0.001409
0.001161
0.001561
0.001976
0.000885
0.001267
0.001737
0.000747
0.002191
0.001105
0.001453
0.001335
0.001922
0.001627
0.000973
0.003146
0.002334
0.001207
0.002649
