0.000017
0.001926
0.005402
0.003675
0.000047
0.009173
0.003479
0.002391
0.005990
0.000022
0.000384
0.000492
0.000962
0.000917
0.000107
0.001070
0.000131
0.001058
0.000238
0.001815
0.000699
0.009956
0.009872
0.004344
0.002927
0.001873
0.001504
0.000272
0.000569
0.001463
0.003099
0.004434
0.007065
0.002062
0.007240
0.004482
0.002389
0.000010
0.001436
0.000846
0.001261
0.002915
0.005410
0.001901
0.003744
0.000449
0.000744
0.006809
0.001336
0.000157
0.000081
0.004958
0.002413
0.003766
0.007767
0.001018
0.001749
0.002546
0.003668
0.009060
0.005600
0.001825
0.001278
0.000601
0.001329
0.000031
0.003016
0.000329
0.000847
0.004340
0.002239
0.000159
0.000264
0.001515
0.000384
0.000214
0.000329
0.000425
0.000623
0.000587
0.000272
0.000703
0.001050
0.001145
0.000973
0.001594
0.000496
0.000514
0.000444
0.000365
0.000215
0.000790
0.000782
0.000796
0.000614
0.001106
0.000696
0.000507
0.000668
0.000638
0.000896
0.000676
0.000389
0.000525
0.000707
0.000785
0.000920
0.001171
0.000539
0.001613
0.000636
0.000465
0.000785
0.000401
0.000454
0.000980
0.000606
0.000540
0.000344
0.000278
0.001075
0.001027
0.001438
0.000701
0.000868
0.001217
0.000852
0.002024
0.000458
0.001060
0.001641
0.000650
0.000768
0.000877
0.001379
0.000551
0.000775
0.001123
0.000589
0.000870
0.000384
0.000711
0.000501
0.000716
0.000958
0.000777
0.001315
0.000722
0.000422
0.001145
0.000544
0.000873
0.000640
0.000626
0.000466
0.000761
0.000993
0.001005
0.001900
0.001502
0.001311
0.001479
0.000961
0.000302
0.001674
0.002252
0.001215
0.002547
0.000831
0.000797
0.000694
0.001016
0.001033
0.000904
0.000897
0.001125
0.000857
0.000982
0.000609
0.000556
0.001238
0.000825
0.000799
0.001076
0.000915
0.001453
0.000755
0.000594
0.000505
0.000687
0.000668
0.000795
0.000073
0.000927
0.000689
0.001101
0.000812
0.000570
0.000467
0.001028
0.001255
0.000940
0.000732
0.000681
0.001077
0.000728
0.000377
0.000609
0.000587
0.000507
0.000640
0.000856
0.000735
0.000719
0.000766
0.000679
0.001045
0.000600
0.000819
0.000970
0.001379
0.000537
0.000443
0.000717
0.000840
0.000627
0.000630
0.000740
0.001199
0.001557
0.000016
0.001068
0.001252
0.001147
0.001188
0.001045
0.001377
0.001151
0.000944
0.001011
0.000865
0.001532
0.001790
0.001344
0.001185
0.001133
0.000997
0.001132
0.000885
0.001243
0.000835
0.000956
0.001002
0.001497
0.001106
0.000905
0.000774
0.000776
0.000768
0.000739
0.000741
0.000717
0.000635
0.000628
0.000790
0.000622
0.000751
0.000671
0.000820
0.000566
0.000835
0.000692
0.000883
0.000598
0.000746
0.000654
0.000896
0.000767
0.000883
0.000570
0.001027
0.000716
0.000799
0.001002
0.000615
0.000528
0.001292
0.000675
0.001288
0.000741
0.000857
0.000677
0.001232
0.000997
0.000810
0.001630
0.000925
0.001146
0.000974
0.001441
0.000939
0.000850
0.001094
0.001312
0.000767
0.000892
0.000681
0.001000
0.001135
0.001794
0.000747
0.001338
0.000538
0.000038
0.000892
0.000634
0.001110
0.000787
0.000923
0.000685
0.000842
0.001215
0.001052
0.000593
0.000749
0.000499
0.001016
0.000687
0.000581
0.000664
0.000731
0.000615
0.000930
0.000900
0.000788
0.000506
0.000695
0.000954
0.000569
0.000807
0.000663
0.000162
0.001402
0.001052
0.000864
0.000738
0.000457
0.000957
0.000561
0.001272
0.000786
0.000654
0.001073
0.001636
0.000917
0.000738
0.000842
0.000638
0.001159
0.000999
0.001019
0.000878
0.000695
0.000962
0.000792
0.000511
0.000614
0.000819
0.001032
0.001087
0.001189
0.001243
0.001161
0.001095
0.001391
0.001099
0.001165
0.001304
0.001076
0.001070
0.001471
0.002000
0.001560
0.001408
0.001788
0.001305
0.001524
0.001179
0.000975
0.001194
0.000928
0.001368
0.001110
0.000861
0.000990
0.000864
0.001245
0.001595
0.001354
0.002140
0.001243
0.000876
0.001025
0.001039
0.001456
0.001901
0.001941
0.001753
0.002354
0.001659
0.001994
0.002576
0.001470
0.001700
0.001460
0.001264
0.001477
0.001740
0.001267
0.001184
0.001435
0.001196
0.000024
0.000081
0.002088
0.001704
0.003020
0.001891
0.002251
0.002038
0.002226
0.002785
0.000938
0.000924
0.001112
0.001014
0.001544
0.000861
0.001005
0.000873
0.000834
0.000904
0.001092
0.001343
0.001912
0.001448
0.001709
0.001334
0.002522
0.001586
0.002074
0.001336
0.001153
0.001348
0.001100
0.000229
0.000844
0.001510
0.000975
0.003549
0.000011
0.000803
0.000973
0.000934
0.000804
0.001023
0.001150
0.000799
0.000899
0.001029
0.000750
0.000183
0.000765
0.000729
0.000719
0.000846
0.001785
0.002245
0.000903
0.000741
0.001206
0.000839
0.000954
0.000705
0.001180
0.000814
0.000951
0.001900
0.001562
0.001063
0.000658
0.002699
0.001268
0.000854
0.006588
0.001024
0.000724
0.001333
0.000907
0.000762
