0.001361
0.000496
0.001599
0.000414
0.001045
0.000428
0.002327
0.000828
0.000525
0.001292
0.000454
0.001475
0.000408
0.001161
0.000565
0.000470
0.000562
0.000495
0.000454
0.000807
0.000475
0.000620
0.000761
0.000436
0.000650
0.000392
0.001867
0.000779
0.000903
0.000683
0.000700
0.002147
0.001415
0.000471
0.001997
0.000548
0.000573
0.005098
0.000427
0.000503
0.000481
0.000775
0.000880
0.000574
0.000750
0.000623
0.000539
0.000820
0.000437
0.001074
0.000579
0.000643
0.000466
0.000856
0.002458
0.000709
0.000686
0.000823
0.002275
0.000665
0.000742
0.000947
0.000684
0.000642
0.001995
0.001826
0.000652
0.000621
0.000462
0.001034
0.000511
0.000542
0.000426
0.000358
0.000377
0.000482
0.000431
0.000611
0.000397
0.000859
0.000434
0.000519
0.000340
0.001671
0.000669
0.000515
0.000401
0.000449
0.000501
0.001152
0.000454
0.000304
0.000379
0.000569
0.000429
0.001843
0.000399
0.000628
0.000350
0.000399
0.000559
0.000500
0.000468
0.000368
0.000539
0.000511
0.000580
0.002442
0.000428
0.000653
0.000466
0.000371
0.000508
0.000669
0.000505
0.000678
0.000691
0.000487
0.000426
0.000779
0.000353
0.000427
0.000566
0.000688
0.000302
0.000464
0.000441
0.001423
0.000428
0.002350
0.000527
0.000422
0.000332
0.001320
0.000661
0.000617
0.000587
0.000789
0.000527
0.000631
0.000685
0.000391
0.000829
0.000354
0.000406
0.000537
0.000476
0.000431
0.003958
0.000506
0.000484
0.000406
0.000402
0.000387
0.000413
0.000514
0.000356
0.000610
0.001304
0.000338
0.000739
0.000496
0.000428
0.000827
0.000629
0.000412
0.001541
0.001609
0.000340
0.000430
0.000424
0.000320
0.001152
0.000385
0.000729
0.000484
0.000411
0.000415
0.000351
0.000439
0.000613
0.000308
0.000403
0.000653
0.000492
0.001598
0.000871
0.000391
0.000621
0.000372
0.000411
0.000482
0.000650
0.000473
0.000548
0.000417
0.000443
0.000409
0.000414
0.000294
0.000398
0.000730
0.000294
0.000393
0.000645
0.000559
0.000567
0.000343
0.000486
0.000468
0.000702
0.000405
0.000329
0.000315
0.000501
0.001409
0.000401
0.002936
0.000441
0.002033
0.000390
0.000483
0.000549
0.000977
0.000430
0.000336
0.000466
0.000448
0.000332
0.000765
0.001483
0.000293
0.000519
0.000348
0.000812
0.000442
0.000370
0.000718
0.000952
0.001193
0.000532
0.000601
0.001394
0.000515
0.000361
0.000376
0.000447
0.000406
0.000586
0.000670
0.000441
0.000361
0.000381
0.000964
0.000483
0.000663
0.000271
0.000814
0.000325
0.000295
0.000324
0.000361
0.000335
0.000843
0.000915
0.000487
0.000390
0.000488
0.000785
0.000973
0.000395
0.000415
0.000534
0.000390
0.000782
0.000478
0.000585
0.000628
0.000936
0.000492
0.000713
0.000772
0.000580
0.000886
0.000735
0.000493
0.000316
0.000328
0.000713
0.000909
0.000362
0.000541
0.000433
0.000641
0.001006
0.000721
0.000319
0.000473
0.000732
0.000751
0.000430
0.000505
0.000508
0.000405
0.000981
0.000354
0.000800
0.001067
0.000394
0.001141
0.000446
0.000590
0.000518
0.000879
0.001542
0.000349
0.000423
0.000405
0.000818
0.000716
0.000435
0.000522
0.000316
0.000334
0.000492
0.000396
0.000413
0.000298
0.000467
0.000513
0.000358
0.001070
0.000334
0.000410
0.002354
0.000495
0.000435
0.000504
0.000539
0.000342
0.000378
0.000514
0.000556
0.000881
0.000342
0.000398
0.000378
0.000446
0.000396
0.000687
0.000656
0.000749
0.001068
0.000500
0.000404
0.000377
0.000536
0.000401
0.000507
0.000327
0.001021
0.000546
0.000433
0.001295
0.001107
0.000337
0.000468
0.000303
0.000332
0.000309
0.000280
0.000335
0.000315
0.000329
0.001454
0.000386
0.000895
0.000428
0.000537
0.000410
0.000285
0.000457
0.000465
0.000513
0.000628
0.000695
0.000396
0.002102
0.000450
0.000700
0.000411
0.000392
0.000700
0.000308
0.000451
0.002305
0.000324
0.000627
0.002982
0.000788
0.000361
0.000553
0.000303
0.001361
0.000311
0.000310
0.000486
0.000406
0.000556
0.000553
0.000903
0.000495
0.000686
0.000510
0.000977
0.000526
0.000446
0.000471
0.000359
0.000955
0.000375
0.000401
0.001335
0.000668
0.000279
0.001260
0.000556
0.000427
0.000876
0.000376
0.000892
0.000496
0.000265
0.000432
0.000387
0.000344
0.000565
0.000609
0.000425
0.000308
0.000558
0.000348
0.000514
0.000297
0.000610
0.000807
0.000740
0.003206
0.003616
0.000483
0.001059
0.000326
0.000678
0.001513
0.000338
0.000421
0.000746
0.000511
0.000303
0.001103
0.002767
0.000420
0.000322
0.000401
0.000464
0.000379
0.000468
0.000382
0.000464
0.000832
0.000308
0.001340
0.000721
0.000582
0.001593
0.000410
0.000480
0.000952
0.000363
0.000381
0.000810
0.000364
0.000360
0.000659
0.000433
0.000433
0.001598
0.000427
0.000658
0.000762
0.000410
0.000377
0.001323
0.000354
0.001293
0.000506
0.000597
0.000455
0.000424
0.001730
