-28.532669
-27.631069
-28.105823
-28.007575
-28.145746
-28.006050
-28.550976
-28.168960
-27.524862
-28.503666
-27.456112
-27.766789
-28.271980
-27.682680
-28.565759
-27.859870
-27.271573
-28.374901
-28.619490
-27.838117
-28.942309
-27.805591
-27.963039
-27.899764
-28.203423
-27.487246
-28.427260
-27.764241
-28.359826
-28.042148
-27.609534
-28.063434
-27.927273
-27.942328
-28.018905
-28.543802
-29.066759
-27.838478
-27.819156
-28.222106
-28.158824
-28.109962
-28.970854
-28.649940
-28.626914
-28.479720
-28.808600
-28.626504
-28.603601
-28.592520
-27.865861
-27.267957
-28.220470
-28.213895
-28.712690
-28.074154
-27.834129
-28.277201
-27.509677
-27.801371
-27.741700
-27.636557
-27.568703
-27.281842
-28.035312
-28.729815
-28.411955
-28.310667
-28.153376
-28.902941
-28.049658
-27.706210
-28.237498
-28.314217
-27.825931
-28.624054
-27.647975
-28.305597
-28.159442
-28.454835
-28.553624
-28.326174
-28.687457
-28.015432
-27.088579
-28.163557
-28.398244
-28.289853
-28.145394
-28.374814
-28.133941
-28.279727
-28.447703
-28.158253
-28.575553
-28.250454
