3.875411
3.656355
4.085212
4.028522
4.347519
4.141558
4.195436
4.010909
4.729117
3.835823
4.590209
3.767543
4.746554
3.845636
3.945297
4.062187
3.919310
4.012817
3.911821
3.921177
3.853830
3.830073
4.145599
3.614826
3.972078
4.419938
4.152946
4.349615
4.919641
3.640833
3.739920
3.887240
3.971949
3.562852
3.592436
3.940354
4.361774
4.333901
3.657325
4.235093
4.047402
4.164003
4.032810
3.704402
4.275197
3.731748
3.952783
4.103654
3.985757
3.804770
3.483213
4.111194
3.952149
3.818735
4.170348
3.724170
3.730690
3.795877
3.821300
4.168889
3.756331
4.214907
3.845675
4.100040
4.404612
3.887891
4.777465
3.726211
3.817207
3.823739
4.237631
4.069042
4.961170
4.518048
4.064737
4.883250
3.843852
3.609826
4.005970
3.863717
3.810419
3.818038
3.923131
3.609415
4.027743
3.951120
4.602300
4.090687
5.156747
4.382120
3.848964
4.407803
3.648553
3.952527
3.831452
4.118001
