5207.000000
4554.000000
1769.000000
5739.000000
3288.000000
8517.000000
1412.000000
11757.000000
3987.000000
7872.000000
2559.000000
5514.000000
12504.000000
2168.000000
2873.000000
5891.000000
4400.000000
1733.000000
4271.000000
851.000000
11342.000000
6960.000000
2591.000000
13818.000000
5678.000000
1215.000000
1997.000000
24906.000000
4881.000000
15321.000000
2328.000000
17013.000000
8538.000000
22650.000000
5175.000000
7673.000000
3944.000000
1695.000000
10248.000000
6429.000000
1109.000000
4320.000000
7838.000000
4982.000000
731.000000
5132.000000
2516.000000
2774.000000
6926.000000
1283.000000
20394.000000
6303.000000
611.000000
6575.000000
2093.000000
3531.000000
3155.000000
9365.000000
6260.000000
1455.000000
2225.000000
8519.000000
9930.000000
2907.000000
4161.000000
2453.000000
13125.000000
3488.000000
10389.000000
5696.000000
3749.000000
2211.000000
11322.000000
17466.000000
5712.000000
1652.000000
15642.000000
3441.000000
7473.000000
3227.000000
4286.000000
8750.000000
10214.000000
5016.000000
4443.000000
1172.000000
8784.000000
2294.000000
2864.000000
18705.000000
1457.000000
6474.000000
11376.000000
2808.000000
12470.000000
3254.000000
