2664.000000
21292.000000
22764.000000
7040.000000
14196.000000
672.000000
4286.000000
56112.000000
15594.000000
10314.000000
6428.000000
3508.000000
9990.000000
33756.000000
7170.000000
18902.000000
33996.000000
5582.000000
14250.000000
3008.000000
1428.000000
12782.000000
3788.000000
3826.000000
1496.000000
20800.000000
1228.000000
19358.000000
4888.000000
11396.000000
17040.000000
4578.000000
6554.000000
8626.000000
39086.000000
32192.000000
3822.000000
10716.000000
20462.000000
12524.000000
7086.000000
2448.000000
8544.000000
3576.000000
3032.000000
764.000000
6276.000000
3094.000000
11364.000000
2354.000000
24974.000000
4314.000000
18166.000000
12194.000000
5298.000000
1508.000000
9270.000000
14826.000000
9804.000000
12918.000000
6984.000000
8652.000000
23366.000000
3840.000000
2894.000000
9554.000000
592.000000
45456.000000
10672.000000
1704.000000
6514.000000
2000.000000
5014.000000
51632.000000
3186.000000
17534.000000
25324.000000
810.000000
21232.000000
8508.000000
1566.000000
3308.000000
7632.000000
9132.000000
3734.000000
5750.000000
5924.000000
7938.000000
19670.000000
7208.000000
2148.000000
5804.000000
37766.000000
1188.000000
18994.000000
21182.000000
2624.000000
6240.000000
1760.000000
5712.000000
2658.000000
7606.000000
3668.000000
48816.000000
880.000000
7324.000000
4202.000000
5732.000000
39132.000000
2874.000000
15928.000000
1356.000000
5906.000000
1940.000000
31176.000000
13080.000000
6150.000000
31068.000000
1668.000000
16754.000000
4640.000000
6600.000000
10402.000000
7502.000000
10424.000000
16892.000000
7880.000000
4184.000000
17030.000000
4764.000000
10832.000000
14204.000000
21228.000000
1520.000000
27276.000000
12432.000000
28356.000000
19596.000000
25536.000000
7698.000000
24370.000000
3596.000000
9896.000000
1520.000000
41552.000000
2408.000000
9102.000000
6678.000000
4268.000000
512.000000
4322.000000
30278.000000
2242.000000
45312.000000
3570.000000
1812.000000
6932.000000
752.000000
20934.000000
2856.000000
20508.000000
2348.000000
8552.000000
13318.000000
5036.000000
3496.000000
3604.000000
4654.000000
65072.000000
17676.000000
6936.000000
3354.000000
34032.000000
33710.000000
23552.000000
2532.000000
12158.000000
2276.000000
3358.000000
17316.000000
10486.000000
16938.000000
1706.000000
16592.000000
6368.000000
24278.000000
11560.000000
28080.000000
2846.000000
11400.000000
5870.000000
5736.000000
9240.000000
29532.000000
38736.000000
7598.000000
11270.000000
6616.000000
2316.000000
19762.000000
2882.000000
11442.000000
2394.000000
47152.000000
9762.000000
4228.000000
2828.000000
8844.000000
3320.000000
10366.000000
15388.000000
2562.000000
1474.000000
18920.000000
1204.000000
9484.000000
1660.000000
4786.000000
19580.000000
18772.000000
1016.000000
5658.000000
10628.000000
3450.000000
2344.000000
2206.000000
5842.000000
7124.000000
2170.000000
13698.000000
3144.000000
1450.000000
8584.000000
2962.000000
6542.000000
5440.000000
15756.000000
3858.000000
5106.000000
14134.000000
6770.000000
2930.000000
10044.000000
10456.000000
6564.000000
36294.000000
28334.000000
7892.000000
7634.000000
3872.000000
14272.000000
8850.000000
5256.000000
6152.000000
7224.000000
2344.000000
2972.000000
26162.000000
20464.000000
6840.000000
7496.000000
1176.000000
6846.000000
4808.000000
11390.000000
25798.000000
22680.000000
4872.000000
2400.000000
52102.000000
7430.000000
5082.000000
23600.000000
5654.000000
8386.000000
4416.000000
4762.000000
4622.000000
9462.000000
8606.000000
1908.000000
8710.000000
22578.000000
8460.000000
7116.000000
15548.000000
23308.000000
4964.000000
3304.000000
3228.000000
7404.000000
9506.000000
1938.000000
6474.000000
8084.000000
48518.000000
1336.000000
29356.000000
15710.000000
9608.000000
8350.000000
2526.000000
2128.000000
17580.000000
12944.000000
60592.000000
10268.000000
5778.000000
7736.000000
35232.000000
36816.000000
1130.000000
13090.000000
7026.000000
1112.000000
22486.000000
5210.000000
13886.000000
11298.000000
8804.000000
4948.000000
15184.000000
6478.000000
14032.000000
1944.000000
14780.000000
15174.000000
3080.000000
13654.000000
14220.000000
27340.000000
4340.000000
14064.000000
1752.000000
27270.000000
1602.000000
5628.000000
11436.000000
4792.000000
20786.000000
16304.000000
23072.000000
4668.000000
36444.000000
9480.000000
10578.000000
17640.000000
2024.000000
5262.000000
17080.000000
996.000000
14174.000000
3960.000000
9628.000000
1984.000000
9232.000000
5804.000000
2216.000000
6388.000000
1280.000000
7788.000000
28230.000000
2744.000000
5344.000000
4954.000000
5328.000000
4508.000000
18502.000000
1922.000000
11794.000000
2504.000000
4624.000000
10640.000000
432.000000
2184.000000
27230.000000
7160.000000
9992.000000
26070.000000
9470.000000
29152.000000
13746.000000
36398.000000
7540.000000
12296.000000
9336.000000
2984.000000
16120.000000
18282.000000
9224.000000
1886.000000
5000.000000
8534.000000
29486.000000
3960.000000
28380.000000
6980.000000
9890.000000
9138.000000
20694.000000
3826.000000
9998.000000
3394.000000
21876.000000
49072.000000
13192.000000
13054.000000
5148.000000
10504.000000
2402.000000
26112.000000
25840.000000
8136.000000
35376.000000
41350.000000
4424.000000
5400.000000
14560.000000
6106.000000
22718.000000
12828.000000
4052.000000
4750.000000
11824.000000
11462.000000
11800.000000
3312.000000
970.000000
33286.000000
24156.000000
22156.000000
30320.000000
4248.000000
44934.000000
5240.000000
