0.493256
0.408191
0.317449
0.227062
0.144722
0.101219
0.071819
0.045906
0.024810
0.012940
0.009355
0.008469
0.008195
0.008058
0.007985
0.007940
0.007905
0.007878
0.007855
0.007830
0.007784
0.007701
0.007612
0.007547
0.007491
0.007433
0.007367
0.007293
0.007211
0.007120
0.007020
0.006910
0.006800
0.006684
0.006567
0.006448
0.006334
0.006226
0.006124
0.006024
0.005928
0.005839
0.005758
0.005678
0.005603
0.005534
0.005463
0.005390
0.005316
0.005246
0.005178
0.005112
0.005057
0.005007
0.004959
0.004912
0.004867
0.004819
0.004778
0.004737
0.004699
0.004666
0.004637
0.004608
0.004579
0.004553
0.004530
0.004507
0.004488
0.004471
0.004454
0.004439
0.004423
0.004408
0.004393
0.004377
0.004366
0.004356
0.004346
0.004338
0.004327
0.004318
0.004312
0.004303
0.004296
0.004289
0.004283
0.004274
0.004267
0.004260
0.004254
0.004247
0.004242
0.004238
0.004234
0.004232
0.004229
0.004224
0.004222
0.004220
0.004142
0.004141
0.004138
0.004137
0.004136
0.004134
0.004131
0.004129
0.004126
0.004124
0.004122
0.004120
0.004117
0.004115
0.004113
0.004111
0.004110
0.004108
0.004106
0.004104
0.004103
0.004101
0.004101
0.004099
0.004098
0.004096
0.004096
0.004095
0.004093
0.004093
0.004091
0.004090
0.004090
0.004089
0.004088
0.004088
0.004087
0.004086
0.004084
0.004084
0.004083
0.004082
0.004081
0.004080
0.004079
0.004078
0.004077
0.004077
0.004076
0.004075
0.004074
0.004073
0.004073
0.004071
0.004071
0.004070
0.004069
0.004069
0.004067
0.004066
0.004066
0.004065
0.004064
0.004063
0.004062
0.004062
0.004061
0.004060
0.004059
0.004059
0.004059
0.004057
0.004057
0.004055
0.004056
0.004054
0.004054
0.004052
0.004053
0.004052
0.004051
0.004051
0.004050
0.004049
0.004048
0.004048
0.004047
0.004047
0.004045
0.004046
0.004045
0.004045
0.004043
0.004043
0.004042
0.004042
0.004041
0.004041
0.004039
0.004039
0.004020
0.003992
0.003972
0.003976
0.003978
0.003978
0.003977
0.003977
0.003977
0.003977
0.003977
0.003977
0.003977
0.003977
0.003977
0.003976
0.003976
0.003977
0.003976
0.003977
0.003976
0.003976
0.003976
0.003976
0.003976
0.003976
0.003976
0.003976
0.003976
0.003976
0.003976
0.003976
0.003976
0.003976
0.003976
0.003976
0.003976
0.003976
0.003976
0.003976
0.003976
0.003976
0.003976
0.003976
0.003976
0.003976
0.003976
0.003976
0.003976
0.003976
0.003976
0.003976
0.003976
0.003975
0.003975
0.003975
0.003975
0.003975
0.003975
0.003975
0.003975
0.003974
0.003974
0.003975
0.003974
0.003974
0.003974
0.003974
0.003974
0.003973
0.003973
0.003973
0.003973
0.003973
0.003973
0.003973
0.003973
0.003972
0.003973
0.003972
0.003972
0.003972
0.003971
0.003971
0.003971
0.003971
0.003971
0.003971
0.003971
0.003971
0.003971
0.003971
0.003971
0.003971
0.003970
0.003970
0.003970
0.003970
0.003970
0.003970
0.003940
0.003936
0.003939
0.003940
0.003941
0.003940
0.003940
0.003940
0.003940
0.003940
0.003940
0.003940
0.003940
0.003940
0.003940
0.003940
0.003940
0.003940
0.003940
0.003940
0.003940
0.003940
0.003940
0.003940
0.003940
0.003940
0.003940
0.003940
0.003940
0.003940
0.003940
0.003940
0.003940
0.003940
0.003940
0.003940
0.003940
0.003940
0.003940
0.003940
0.003940
0.003940
0.003940
0.003940
0.003939
0.003940
0.003939
0.003939
0.003939
0.003939
0.003939
0.003940
0.003939
0.003939
0.003939
0.003939
0.003939
0.003939
0.003939
0.003939
0.003939
0.003939
0.003939
0.003939
0.003939
0.003939
0.003939
0.003939
0.003939
0.003939
0.003939
0.003939
0.003939
0.003939
0.003939
0.003939
0.003939
0.003939
0.003939
0.003939
0.003939
0.003939
0.003939
0.003939
0.003939
0.003939
0.003939
0.003939
0.003939
0.003939
0.003939
0.003939
0.003939
0.003939
0.003939
0.003939
0.003939
0.003939
0.003939
0.003938
0.003924
0.003924
0.003918
0.003917
0.003918
0.003919
0.003918
0.003918
0.003918
0.003918
0.003918
0.003918
0.003918
0.003918
0.003918
0.003918
0.003918
0.003918
0.003918
0.003918
0.003918
0.003918
0.003918
0.003918
0.003918
0.003918
0.003918
0.003918
0.003918
0.003918
0.003918
0.003918
0.003918
0.003918
0.003918
0.003918
0.003918
0.003918
0.003918
0.003918
0.003918
0.003918
0.003918
0.003917
0.003918
0.003918
0.003918
0.003918
0.003917
0.003918
0.003918
0.003918
0.003917
0.003918
0.003917
0.003917
0.003917
0.003917
0.003917
0.003917
0.003917
0.003917
0.003917
0.003917
0.003917
0.003917
0.003917
0.003917
0.003917
0.003917
0.003917
0.003917
0.003917
0.003917
0.003917
0.003917
0.003917
0.003917
0.003917
0.003917
0.003917
0.003917
0.003917
0.003917
0.003917
0.003917
0.003917
0.003917
0.003917
0.003917
0.003917
0.003917
0.003917
0.003917
0.003917
0.003917
0.003916
0.003917
0.003916
0.003916
