0.407145
0.133718
0.037518
0.016714
0.007797
0.005605
0.004828
0.004377
0.004023
0.003675
0.003261
0.002918
0.002658
0.002428
0.002218
0.002045
0.001903
0.001825
0.001770
0.001697
0.001613
0.001538
0.001473
0.001413
0.001355
0.001304
0.001263
0.001228
0.001193
0.001161
0.001133
0.001109
0.001086
0.001065
0.001043
0.001024
0.001008
0.000995
0.000983
0.000973
0.000963
0.000954
0.000945
0.000933
0.000919
0.000905
0.000894
0.000886
0.000880
0.000873
0.000866
0.000860
0.000856
0.000852
0.000847
0.000840
0.000835
0.000828
0.000824
0.000821
0.000816
0.000812
0.000883
0.000805
0.000770
0.000768
0.000774
0.000777
0.000776
0.000775
0.000773
0.000766
0.000758
0.000750
0.000738
0.000727
0.000724
0.000723
0.000721
0.000721
0.000719
0.000714
0.000711
0.000710
0.000707
0.000702
0.000698
0.000695
0.000691
0.000687
0.000684
0.000681
0.000679
0.000676
0.000672
0.000668
0.000665
0.000661
0.000659
0.000657
0.000567
0.000536
0.000528
0.000528
0.000524
0.000520
0.000517
0.000513
0.000510
0.000508
0.000505
0.000503
0.000501
0.000499
0.000497
0.000496
0.000494
0.000492
0.000491
0.000489
0.000487
0.000486
0.000484
0.000483
0.000481
0.000480
0.000478
0.000477
0.000476
0.000475
0.000473
0.000472
0.000471
0.000470
0.000470
0.000469
0.000468
0.000468
0.000468
0.000468
0.000468
0.000469
0.000470
0.000471
0.000472
0.000473
0.000473
0.000474
0.000474
0.000474
0.000473
0.000473
0.000472
0.000471
0.000471
0.000470
0.000469
0.000468
0.000467
0.000466
0.000465
0.000465
0.000464
0.000463
0.000462
0.000461
0.000459
0.000458
0.000457
0.000456
0.000457
0.000457
0.000456
0.000456
0.000455
0.000453
0.000452
0.000450
0.000449
0.000448
0.000447
0.000447
0.000446
0.000446
0.000446
0.000446
0.000445
0.000445
0.000445
0.000443
0.000442
0.000441
0.000440
0.000439
0.000438
0.000437
0.000437
0.000436
0.000435
0.000434
0.000403
0.000401
0.000397
0.000398
0.000399
0.000398
0.000398
0.000398
0.000397
0.000397
0.000397
0.000396
0.000396
0.000395
0.000395
0.000394
0.000394
0.000393
0.000393
0.000392
0.000392
0.000391
0.000390
0.000390
0.000389
0.000389
0.000388
0.000387
0.000387
0.000386
0.000386
0.000385
0.000385
0.000384
0.000384
0.000383
0.000383
0.000383
0.000382
0.000382
0.000382
0.000382
0.000382
0.000381
0.000381
0.000381
0.000381
0.000380
0.000380
0.000379
0.000379
0.000379
0.000378
0.000378
0.000377
0.000377
0.000376
0.000376
0.000375
0.000374
0.000374
0.000373
0.000372
0.000372
0.000371
0.000370
0.000370
0.000369
0.000369
0.000368
0.000368
0.000367
0.000366
0.000366
0.000366
0.000365
0.000365
0.000364
0.000364
0.000364
0.000363
0.000363
0.000363
0.000363
0.000362
0.000362
0.000362
0.000362
0.000362
0.000362
0.000362
0.000361
0.000361
0.000361
0.000361
0.000361
0.000361
0.000360
0.000360
0.000360
0.000357
0.000358
0.000356
0.000355
0.000355
0.000355
0.000355
0.000355
0.000355
0.000355
0.000355
0.000355
0.000355
0.000355
0.000355
0.000355
0.000355
0.000355
0.000355
0.000355
0.000355
0.000355
0.000355
0.000356
0.000356
0.000356
0.000356
0.000356
0.000356
0.000356
0.000356
0.000356
0.000356
0.000356
0.000356
0.000356
0.000356
0.000356
0.000356
0.000356
0.000356
0.000356
0.000356
0.000356
0.000356
0.000356
0.000356
0.000356
0.000356
0.000356
0.000356
0.000356
0.000356
0.000356
0.000356
0.000356
0.000356
0.000356
0.000356
0.000356
0.000356
0.000356
0.000356
0.000356
0.000356
0.000356
0.000356
0.000356
0.000356
0.000356
0.000356
0.000355
0.000355
0.000355
0.000355
0.000355
0.000355
0.000355
0.000355
0.000355
0.000355
0.000355
0.000355
0.000355
0.000355
0.000355
0.000355
0.000355
0.000355
0.000355
0.000355
0.000355
0.000355
0.000355
0.000355
0.000355
0.000354
0.000354
0.000354
0.000354
0.000346
0.000345
0.000346
0.000347
0.000347
0.000347
0.000347
0.000347
0.000347
0.000347
0.000347
0.000347
0.000347
0.000347
0.000347
0.000347
0.000347
0.000347
0.000347
0.000347
0.000346
0.000346
0.000346
0.000346
0.000346
0.000346
0.000346
0.000346
0.000346
0.000346
0.000346
0.000346
0.000345
0.000345
0.000345
0.000345
0.000345
0.000345
0.000345
0.000345
0.000345
0.000345
0.000345
0.000345
0.000344
0.000344
0.000344
0.000344
0.000344
0.000344
0.000344
0.000344
0.000344
0.000344
0.000344
0.000344
0.000344
0.000344
0.000343
0.000343
0.000343
0.000343
0.000343
0.000343
0.000343
0.000343
0.000343
0.000343
0.000343
0.000343
0.000343
0.000343
0.000343
0.000343
0.000343
0.000343
0.000343
0.000343
0.000342
0.000342
0.000342
0.000342
0.000342
0.000342
0.000342
0.000342
0.000342
0.000342
0.000342
0.000342
0.000342
0.000342
0.000342
0.000342
0.000342
0.000342
0.000342
0.000342
0.000342
0.000342
