0.468144
0.405883
0.331143
0.234656
0.108229
0.053819
0.029967
0.020415
0.014827
0.011120
0.008898
0.007679
0.007036
0.006654
0.006390
0.006177
0.006003
0.005862
0.005743
0.005644
0.005561
0.005490
0.005429
0.005376
0.005334
0.005296
0.005264
0.005235
0.005209
0.005186
0.005164
0.005148
0.005131
0.005119
0.005107
0.005097
0.005088
0.005079
0.005071
0.005064
0.005058
0.005053
0.005047
0.005041
0.005036
0.005030
0.005024
0.005020
0.005016
0.005011
0.005008
0.005004
0.005001
0.004998
0.004996
0.004993
0.004990
0.004988
0.004986
0.004984
0.004980
0.004979
0.004976
0.004975
0.004972
0.004969
0.004966
0.004964
0.004963
0.004961
0.004960
0.004957
0.004956
0.004954
0.004952
0.004951
0.004949
0.004948
0.004947
0.004945
0.004943
0.004942
0.004941
0.004941
0.004938
0.004937
0.004935
0.004935
0.004934
0.004933
0.004931
0.004931
0.004929
0.004928
0.004927
0.004925
0.004924
0.004923
0.004921
0.004920
0.004837
0.004828
0.004802
0.004806
0.004807
0.004804
0.004805
0.004804
0.004805
0.004805
0.004805
0.004805
0.004805
0.004805
0.004805
0.004805
0.004805
0.004805
0.004805
0.004805
0.004805
0.004805
0.004805
0.004805
0.004804
0.004804
0.004805
0.004804
0.004804
0.004804
0.004803
0.004803
0.004804
0.004803
0.004803
0.004804
0.004803
0.004803
0.004803
0.004802
0.004802
0.004802
0.004801
0.004801
0.004801
0.004800
0.004800
0.004799
0.004798
0.004798
0.004797
0.004796
0.004795
0.004794
0.004793
0.004792
0.004791
0.004790
0.004790
0.004788
0.004787
0.004786
0.004785
0.004784
0.004783
0.004782
0.004781
0.004780
0.004778
0.004777
0.004776
0.004774
0.004773
0.004772
0.004771
0.004769
0.004768
0.004766
0.004764
0.004762
0.004761
0.004759
0.004757
0.004755
0.004753
0.004751
0.004749
0.004747
0.004744
0.004742
0.004739
0.004736
0.004733
0.004729
0.004725
0.004722
0.004719
0.004715
0.004712
0.004708
0.004678
0.004660
0.004663
0.004664
0.004662
0.004659
0.004657
0.004655
0.004653
0.004650
0.004648
0.004646
0.004644
0.004641
0.004639
0.004637
0.004635
0.004633
0.004631
0.004629
0.004627
0.004625
0.004623
0.004621
0.004619
0.004617
0.004615
0.004613
0.004611
0.004609
0.004607
0.004604
0.004602
0.004600
0.004598
0.004596
0.004594
0.004592
0.004590
0.004588
0.004585
0.004583
0.004581
0.004579
0.004576
0.004574
0.004572
0.004570
0.004567
0.004565
0.004563
0.004561
0.004558
0.004556
0.004554
0.004552
0.004550
0.004548
0.004545
0.004543
0.004541
0.004539
0.004537
0.004535
0.004533
0.004531
0.004529
0.004527
0.004525
0.004523
0.004521
0.004519
0.004517
0.004515
0.004514
0.004512
0.004510
0.004509
0.004507
0.004505
0.004504
0.004502
0.004500
0.004499
0.004497
0.004496
0.004495
0.004494
0.004492
0.004491
0.004490
0.004489
0.004488
0.004486
0.004485
0.004484
0.004483
0.004481
0.004480
0.004478
0.004454
0.004452
0.004440
0.004436
0.004438
0.004438
0.004437
0.004436
0.004435
0.004435
0.004434
0.004433
0.004433
0.004432
0.004432
0.004431
0.004430
0.004430
0.004429
0.004428
0.004428
0.004427
0.004426
0.004426
0.004425
0.004425
0.004424
0.004423
0.004423
0.004422
0.004422
0.004421
0.004421
0.004420
0.004419
0.004419
0.004418
0.004417
0.004417
0.004416
0.004416
0.004415
0.004414
0.004414
0.004413
0.004412
0.004412
0.004411
0.004410
0.004410
0.004409
0.004408
0.004408
0.004407
0.004407
0.004406
0.004405
0.004405
0.004404
0.004404
0.004403
0.004403
0.004402
0.004402
0.004401
0.004401
0.004400
0.004400
0.004399
0.004399
0.004398
0.004398
0.004397
0.004397
0.004396
0.004396
0.004396
0.004395
0.004395
0.004394
0.004394
0.004393
0.004393
0.004393
0.004392
0.004392
0.004391
0.004391
0.004390
0.004390
0.004390
0.004389
0.004389
0.004389
0.004388
0.004388
0.004387
0.004387
0.004386
0.004386
0.004379
0.004366
0.004370
0.004368
0.004368
0.004368
0.004368
0.004368
0.004367
0.004367
0.004367
0.004367
0.004367
0.004366
0.004366
0.004366
0.004366
0.004366
0.004365
0.004365
0.004365
0.004365
0.004365
0.004364
0.004364
0.004364
0.004364
0.004364
0.004363
0.004363
0.004363
0.004363
0.004363
0.004362
0.004362
0.004362
0.004362
0.004362
0.004361
0.004361
0.004361
0.004361
0.004361
0.004361
0.004360
0.004360
0.004360
0.004360
0.004360
0.004359
0.004359
0.004359
0.004359
0.004359
0.004359
0.004358
0.004358
0.004358
0.004358
0.004358
0.004358
0.004357
0.004357
0.004357
0.004357
0.004357
0.004356
0.004356
0.004356
0.004356
0.004356
0.004355
0.004355
0.004355
0.004355
0.004355
0.004354
0.004354
0.004354
0.004354
0.004354
0.004354
0.004353
0.004353
0.004353
0.004353
0.004353
0.004352
0.004352
0.004352
0.004352
0.004352
0.004351
0.004351
0.004351
0.004351
0.004351
0.004351
0.004350
0.004350
