0.434186
0.291652
0.148591
0.053696
0.031330
0.021808
0.014728
0.010080
0.007395
0.005992
0.005245
0.004822
0.004549
0.004339
0.004158
0.003998
0.003858
0.003736
0.003628
0.003534
0.003450
0.003374
0.003305
0.003240
0.003182
0.003127
0.003077
0.003030
0.002985
0.002942
0.002902
0.002865
0.002828
0.002793
0.002760
0.002728
0.002699
0.002670
0.002644
0.002617
0.002592
0.002570
0.002547
0.002523
0.002502
0.002482
0.002461
0.002442
0.002423
0.002405
0.002387
0.002371
0.002354
0.002339
0.002324
0.002310
0.002297
0.002283
0.002271
0.002259
0.002249
0.002239
0.002229
0.002220
0.002209
0.002201
0.002191
0.002183
0.002175
0.002169
0.002162
0.002156
0.002148
0.002141
0.002133
0.002126
0.002120
0.002114
0.002108
0.002105
0.002100
0.002093
0.002086
0.002079
0.002073
0.002067
0.002060
0.002055
0.002049
0.002046
0.002041
0.002037
0.002031
0.002028
0.002024
0.002021
0.002017
0.002013
0.002008
0.002003
0.001942
0.001943
0.001942
0.001943
0.001942
0.001941
0.001939
0.001937
0.001935
0.001933
0.001932
0.001929
0.001928
0.001926
0.001924
0.001922
0.001920
0.001919
0.001917
0.001915
0.001913
0.001911
0.001909
0.001907
0.001905
0.001904
0.001902
0.001900
0.001898
0.001896
0.001895
0.001893
0.001892
0.001890
0.001889
0.001887
0.001886
0.001885
0.001883
0.001882
0.001881
0.001879
0.001877
0.001876
0.001875
0.001873
0.001872
0.001870
0.001869
0.001868
0.001867
0.001865
0.001864
0.001863
0.001861
0.001860
0.001859
0.001858
0.001857
0.001855
0.001854
0.001853
0.001852
0.001851
0.001849
0.001848
0.001847
0.001846
0.001845
0.001844
0.001842
0.001841
0.001840
0.001839
0.001838
0.001836
0.001835
0.001834
0.001832
0.001831
0.001830
0.001829
0.001828
0.001826
0.001825
0.001824
0.001822
0.001821
0.001819
0.001818
0.001816
0.001815
0.001814
0.001812
0.001811
0.001809
0.001808
0.001807
0.001805
0.001804
0.001783
0.001783
0.001779
0.001777
0.001777
0.001777
0.001776
0.001775
0.001775
0.001774
0.001773
0.001773
0.001772
0.001771
0.001770
0.001770
0.001769
0.001769
0.001768
0.001767
0.001767
0.001766
0.001765
0.001764
0.001763
0.001763
0.001762
0.001761
0.001761
0.001760
0.001759
0.001758
0.001757
0.001756
0.001756
0.001755
0.001754
0.001753
0.001752
0.001751
0.001750
0.001749
0.001748
0.001747
0.001746
0.001745
0.001744
0.001743
0.001742
0.001741
0.001740
0.001740
0.001738
0.001738
0.001736
0.001735
0.001734
0.001733
0.001732
0.001731
0.001730
0.001729
0.001728
0.001727
0.001726
0.001725
0.001724
0.001723
0.001722
0.001721
0.001719
0.001718
0.001717
0.001716
0.001714
0.001713
0.001711
0.001710
0.001709
0.001707
0.001706
0.001705
0.001704
0.001703
0.001702
0.001701
0.001700
0.001699
0.001698
0.001697
0.001695
0.001694
0.001693
0.001691
0.001690
0.001689
0.001688
0.001687
0.001686
0.001685
0.001674
0.001660
0.001662
0.001660
0.001660
0.001659
0.001659
0.001658
0.001658
0.001657
0.001657
0.001656
0.001656
0.001655
0.001655
0.001655
0.001654
0.001654
0.001653
0.001653
0.001652
0.001652
0.001652
0.001651
0.001651
0.001650
0.001650
0.001649
0.001649
0.001649
0.001648
0.001648
0.001648
0.001647
0.001647
0.001646
0.001646
0.001645
0.001645
0.001645
0.001644
0.001644
0.001643
0.001643
0.001643
0.001642
0.001642
0.001641
0.001641
0.001640
0.001640
0.001640
0.001639
0.001639
0.001639
0.001638
0.001638
0.001637
0.001637
0.001636
0.001636
0.001636
0.001635
0.001635
0.001634
0.001634
0.001633
0.001633
0.001633
0.001632
0.001632
0.001631
0.001631
0.001631
0.001630
0.001630
0.001630
0.001629
0.001629
0.001629
0.001628
0.001628
0.001627
0.001627
0.001626
0.001626
0.001626
0.001625
0.001625
0.001624
0.001624
0.001624
0.001623
0.001623
0.001622
0.001622
0.001622
0.001621
0.001621
0.001620
0.001616
0.001614
0.001613
0.001612
0.001612
0.001612
0.001612
0.001612
0.001611
0.001611
0.001611
0.001611
0.001610
0.001610
0.001610
0.001610
0.001609
0.001609
0.001609
0.001609
0.001609
0.001608
0.001608
0.001608
0.001608
0.001607
0.001607
0.001607
0.001607
0.001607
0.001606
0.001606
0.001606
0.001606
0.001605
0.001605
0.001605
0.001605
0.001605
0.001604
0.001604
0.001604
0.001604
0.001603
0.001603
0.001603
0.001603
0.001603
0.001602
0.001602
0.001602
0.001602
0.001602
0.001601
0.001601
0.001601
0.001601
0.001600
0.001600
0.001600
0.001600
0.001600
0.001599
0.001599
0.001599
0.001599
0.001599
0.001598
0.001598
0.001598
0.001598
0.001598
0.001597
0.001597
0.001597
0.001597
0.001597
0.001596
0.001596
0.001596
0.001596
0.001595
0.001595
0.001595
0.001595
0.001595
0.001594
0.001594
0.001594
0.001594
0.001593
0.001593
0.001593
0.001593
0.001593
0.001592
0.001592
0.001592
0.001592
0.001591
