0.413676
0.229883
0.092537
0.060645
0.044723
0.031056
0.019207
0.011093
0.008002
0.006169
0.004930
0.003989
0.003386
0.003088
0.002940
0.002836
0.002738
0.002644
0.002553
0.002468
0.002392
0.002320
0.002253
0.002185
0.002119
0.002059
0.002008
0.001965
0.001929
0.001899
0.001872
0.001848
0.001825
0.001804
0.001786
0.001770
0.001753
0.001738
0.001725
0.001713
0.001699
0.001685
0.001673
0.001662
0.001653
0.001648
0.001643
0.001627
0.001614
0.001606
0.001598
0.001587
0.001578
0.001568
0.001561
0.001557
0.001550
0.001543
0.001538
0.001531
0.001524
0.001517
0.001509
0.001503
0.001497
0.001490
0.001484
0.001478
0.001471
0.001466
0.001461
0.001457
0.001452
0.001446
0.001440
0.001435
0.001429
0.001425
0.001421
0.001417
0.001412
0.001407
0.001404
0.001399
0.001396
0.001392
0.001389
0.001385
0.001380
0.001375
0.001371
0.001368
0.001363
0.001358
0.001354
0.001349
0.001345
0.001342
0.001340
0.001336
0.001237
0.001243
0.001249
0.001242
0.001233
0.001229
0.001228
0.001226
0.001224
0.001222
0.001220
0.001219
0.001217
0.001216
0.001215
0.001214
0.001213
0.001212
0.001210
0.001210
0.001209
0.001208
0.001207
0.001207
0.001206
0.001206
0.001206
0.001205
0.001204
0.001204
0.001204
0.001204
0.001204
0.001204
0.001204
0.001203
0.001203
0.001203
0.001203
0.001203
0.001203
0.001202
0.001202
0.001202
0.001202
0.001202
0.001201
0.001201
0.001201
0.001202
0.001201
0.001201
0.001202
0.001202
0.001202
0.001202
0.001203
0.001203
0.001203
0.001204
0.001204
0.001205
0.001205
0.001206
0.001206
0.001206
0.001206
0.001207
0.001207
0.001208
0.001208
0.001208
0.001209
0.001210
0.001210
0.001210
0.001211
0.001211
0.001212
0.001212
0.001212
0.001212
0.001213
0.001213
0.001214
0.001214
0.001214
0.001214
0.001214
0.001214
0.001215
0.001215
0.001214
0.001214
0.001214
0.001214
0.001214
0.001214
0.001214
0.001213
0.001190
0.001191
0.001197
0.001195
0.001191
0.001188
0.001187
0.001186
0.001185
0.001185
0.001185
0.001185
0.001184
0.001184
0.001184
0.001184
0.001183
0.001183
0.001183
0.001183
0.001182
0.001182
0.001182
0.001182
0.001182
0.001181
0.001181
0.001181
0.001181
0.001180
0.001180
0.001179
0.001179
0.001178
0.001178
0.001177
0.001177
0.001176
0.001176
0.001176
0.001175
0.001175
0.001175
0.001174
0.001174
0.001173
0.001173
0.001172
0.001171
0.001171
0.001170
0.001170
0.001169
0.001169
0.001168
0.001167
0.001167
0.001167
0.001166
0.001165
0.001165
0.001164
0.001164
0.001163
0.001162
0.001162
0.001161
0.001161
0.001160
0.001159
0.001159
0.001158
0.001157
0.001156
0.001155
0.001154
0.001154
0.001153
0.001152
0.001151
0.001150
0.001150
0.001149
0.001148
0.001147
0.001147
0.001146
0.001145
0.001144
0.001143
0.001142
0.001141
0.001140
0.001139
0.001139
0.001138
0.001137
0.001136
0.001134
0.001133
0.001124
0.001109
0.001108
0.001112
0.001110
0.001107
0.001106
0.001104
0.001103
0.001102
0.001101
0.001101
0.001100
0.001099
0.001099
0.001098
0.001098
0.001097
0.001097
0.001096
0.001096
0.001095
0.001095
0.001095
0.001094
0.001094
0.001093
0.001093
0.001093
0.001092
0.001092
0.001092
0.001091
0.001091
0.001090
0.001090
0.001090
0.001089
0.001089
0.001089
0.001088
0.001088
0.001087
0.001087
0.001087
0.001086
0.001086
0.001086
0.001085
0.001085
0.001085
0.001084
0.001084
0.001083
0.001083
0.001083
0.001082
0.001082
0.001082
0.001081
0.001081
0.001081
0.001080
0.001080
0.001080
0.001079
0.001079
0.001079
0.001078
0.001078
0.001078
0.001078
0.001077
0.001077
0.001077
0.001076
0.001076
0.001076
0.001075
0.001075
0.001075
0.001075
0.001074
0.001074
0.001074
0.001073
0.001073
0.001073
0.001072
0.001072
0.001072
0.001072
0.001072
0.001071
0.001071
0.001071
0.001071
0.001070
0.001070
0.001070
0.001054
0.001053
0.001052
0.001052
0.001051
0.001050
0.001050
0.001050
0.001049
0.001049
0.001049
0.001049
0.001049
0.001048
0.001048
0.001048
0.001048
0.001047
0.001047
0.001047
0.001047
0.001046
0.001046
0.001046
0.001046
0.001046
0.001045
0.001045
0.001045
0.001045
0.001045
0.001044
0.001044
0.001044
0.001044
0.001043
0.001043
0.001043
0.001043
0.001043
0.001042
0.001042
0.001042
0.001042
0.001041
0.001041
0.001041
0.001041
0.001041
0.001040
0.001040
0.001040
0.001040
0.001040
0.001040
0.001039
0.001039
0.001039
0.001039
0.001039
0.001038
0.001038
0.001038
0.001038
0.001038
0.001038
0.001037
0.001037
0.001037
0.001037
0.001037
0.001036
0.001036
0.001036
0.001036
0.001036
0.001036
0.001036
0.001035
0.001035
0.001035
0.001035
0.001035
0.001035
0.001034
0.001034
0.001034
0.001034
0.001034
0.001034
0.001034
0.001033
0.001033
0.001033
0.001033
0.001033
0.001033
0.001033
0.001033
0.001032
