0.374189
0.117725
0.043591
0.023322
0.012372
0.005712
0.003987
0.003467
0.003129
0.002841
0.002633
0.002490
0.002377
0.002276
0.002182
0.002084
0.001979
0.001899
0.001848
0.001802
0.001763
0.001728
0.001699
0.001675
0.001656
0.001644
0.001627
0.001611
0.001602
0.001590
0.001578
0.001567
0.001555
0.001544
0.001532
0.001519
0.001508
0.001496
0.001488
0.001478
0.001468
0.001459
0.001450
0.001440
0.001433
0.001426
0.001418
0.001405
0.001392
0.001382
0.001376
0.001365
0.001354
0.001348
0.001340
0.001331
0.001324
0.001319
0.001312
0.001304
0.001296
0.001293
0.001286
0.001280
0.001272
0.001263
0.001257
0.001250
0.001247
0.001244
0.001242
0.001238
0.001233
0.001229
0.001227
0.001226
0.001223
0.001221
0.001217
0.001212
0.001207
0.001204
0.001202
0.001202
0.001199
0.001195
0.001192
0.001188
0.001184
0.001179
0.001177
0.001176
0.001176
0.001173
0.001171
0.001167
0.001165
0.001161
0.001158
0.001155
0.001079
0.001075
0.001057
0.001052
0.001052
0.001047
0.001046
0.001045
0.001044
0.001044
0.001044
0.001043
0.001043
0.001043
0.001042
0.001042
0.001043
0.001043
0.001043
0.001043
0.001044
0.001044
0.001044
0.001045
0.001046
0.001047
0.001047
0.001048
0.001048
0.001049
0.001049
0.001050
0.001050
0.001050
0.001050
0.001050
0.001050
0.001050
0.001050
0.001050
0.001049
0.001049
0.001048
0.001048
0.001047
0.001047
0.001046
0.001046
0.001045
0.001045
0.001045
0.001044
0.001044
0.001043
0.001043
0.001043
0.001043
0.001042
0.001042
0.001042
0.001041
0.001041
0.001040
0.001040
0.001039
0.001039
0.001038
0.001038
0.001037
0.001036
0.001035
0.001034
0.001033
0.001033
0.001032
0.001031
0.001031
0.001030
0.001030
0.001029
0.001029
0.001028
0.001027
0.001026
0.001026
0.001025
0.001024
0.001023
0.001022
0.001020
0.001020
0.001020
0.001019
0.001018
0.001017
0.001017
0.001016
0.001016
0.001015
0.001014
0.000978
0.000974
0.000980
0.000981
0.000982
0.000981
0.000980
0.000979
0.000978
0.000977
0.000975
0.000974
0.000972
0.000971
0.000969
0.000968
0.000967
0.000965
0.000964
0.000963
0.000962
0.000960
0.000959
0.000958
0.000957
0.000956
0.000955
0.000954
0.000953
0.000953
0.000952
0.000951
0.000951
0.000950
0.000949
0.000949
0.000948
0.000948
0.000947
0.000947
0.000946
0.000946
0.000946
0.000945
0.000945
0.000945
0.000945
0.000944
0.000944
0.000944
0.000943
0.000943
0.000943
0.000943
0.000943
0.000942
0.000942
0.000942
0.000942
0.000941
0.000941
0.000941
0.000940
0.000940
0.000940
0.000940
0.000939
0.000939
0.000939
0.000938
0.000938
0.000937
0.000937
0.000937
0.000937
0.000936
0.000936
0.000935
0.000935
0.000935
0.000934
0.000934
0.000934
0.000933
0.000933
0.000932
0.000932
0.000932
0.000931
0.000931
0.000930
0.000930
0.000930
0.000929
0.000929
0.000928
0.000928
0.000928
0.000927
0.000927
0.000925
0.000950
0.000966
0.000971
0.000973
0.000974
0.000974
0.000972
0.000970
0.000967
0.000963
0.000960
0.000956
0.000953
0.000950
0.000948
0.000947
0.000945
0.000944
0.000943
0.000943
0.000942
0.000941
0.000941
0.000940
0.000940
0.000939
0.000939
0.000938
0.000938
0.000938
0.000937
0.000937
0.000937
0.000936
0.000936
0.000936
0.000935
0.000935
0.000935
0.000935
0.000935
0.000934
0.000934
0.000934
0.000933
0.000933
0.000933
0.000933
0.000933
0.000932
0.000932
0.000932
0.000932
0.000932
0.000932
0.000932
0.000931
0.000931
0.000931
0.000931
0.000930
0.000930
0.000930
0.000930
0.000930
0.000929
0.000929
0.000929
0.000929
0.000929
0.000928
0.000928
0.000928
0.000928
0.000928
0.000927
0.000927
0.000927
0.000927
0.000927
0.000926
0.000926
0.000926
0.000926
0.000926
0.000925
0.000925
0.000925
0.000925
0.000925
0.000924
0.000924
0.000924
0.000924
0.000924
0.000923
0.000923
0.000923
0.000923
0.000903
0.000895
0.000889
0.000890
0.000890
0.000890
0.000890
0.000890
0.000889
0.000889
0.000889
0.000889
0.000889
0.000889
0.000889
0.000889
0.000889
0.000889
0.000889
0.000889
0.000889
0.000889
0.000888
0.000888
0.000888
0.000888
0.000888
0.000888
0.000888
0.000888
0.000888
0.000888
0.000888
0.000888
0.000888
0.000888
0.000888
0.000888
0.000887
0.000887
0.000887
0.000887
0.000887
0.000887
0.000887
0.000887
0.000887
0.000887
0.000887
0.000887
0.000887
0.000887
0.000887
0.000887
0.000887
0.000887
0.000887
0.000886
0.000886
0.000886
0.000886
0.000886
0.000886
0.000886
0.000886
0.000886
0.000886
0.000886
0.000886
0.000886
0.000886
0.000886
0.000886
0.000886
0.000886
0.000886
0.000886
0.000886
0.000886
0.000886
0.000886
0.000885
0.000885
0.000885
0.000885
0.000885
0.000885
0.000885
0.000885
0.000885
0.000885
0.000885
0.000885
0.000885
0.000885
0.000885
0.000885
0.000885
0.000885
0.000885
