0.497958
0.343067
0.137621
0.054882
0.039438
0.031637
0.026505
0.022229
0.018641
0.015584
0.012923
0.010728
0.008934
0.007509
0.006379
0.005504
0.004849
0.004365
0.004012
0.003747
0.003541
0.003369
0.003218
0.003082
0.002957
0.002841
0.002738
0.002641
0.002550
0.002466
0.002391
0.002322
0.002261
0.002206
0.002157
0.002113
0.002072
0.002032
0.001993
0.001960
0.001927
0.001897
0.001868
0.001842
0.001818
0.001796
0.001775
0.001757
0.001738
0.001721
0.001704
0.001688
0.001672
0.001656
0.001641
0.001626
0.001613
0.001601
0.001590
0.001578
0.001567
0.001557
0.001549
0.001539
0.001530
0.001521
0.001514
0.001506
0.001498
0.001491
0.001484
0.001477
0.001471
0.001465
0.001459
0.001453
0.001447
0.001442
0.001436
0.001430
0.001424
0.001421
0.001416
0.001411
0.001406
0.001402
0.001398
0.001393
0.001389
0.001385
0.001381
0.001377
0.001372
0.001370
0.001366
0.001361
0.001356
0.001352
0.001347
0.001343
0.001319
0.001310
0.001307
0.001307
0.001303
0.001301
0.001298
0.001296
0.001294
0.001291
0.001289
0.001286
0.001284
0.001282
0.001279
0.001277
0.001275
0.001273
0.001271
0.001269
0.001267
0.001265
0.001263
0.001262
0.001260
0.001258
0.001257
0.001255
0.001253
0.001252
0.001250
0.001249
0.001247
0.001246
0.001244
0.001243
0.001241
0.001240
0.001239
0.001238
0.001237
0.001236
0.001235
0.001234
0.001233
0.001232
0.001231
0.001230
0.001229
0.001228
0.001227
0.001225
0.001224
0.001223
0.001222
0.001221
0.001220
0.001218
0.001217
0.001216
0.001215
0.001214
0.001213
0.001212
0.001210
0.001209
0.001208
0.001207
0.001206
0.001205
0.001203
0.001202
0.001201
0.001199
0.001198
0.001197
0.001196
0.001195
0.001194
0.001193
0.001191
0.001190
0.001189
0.001188
0.001187
0.001186
0.001185
0.001184
0.001183
0.001182
0.001180
0.001179
0.001178
0.001177
0.001176
0.001175
0.001174
0.001173
0.001172
0.001171
0.001159
0.001160
0.001163
0.001163
0.001163
0.001163
0.001162
0.001161
0.001160
0.001160
0.001159
0.001159
0.001158
0.001158
0.001157
0.001157
0.001156
0.001156
0.001156
0.001155
0.001155
0.001154
0.001154
0.001154
0.001153
0.001153
0.001153
0.001152
0.001152
0.001151
0.001151
0.001150
0.001150
0.001149
0.001149
0.001149
0.001148
0.001148
0.001148
0.001147
0.001147
0.001147
0.001147
0.001147
0.001146
0.001146
0.001146
0.001146
0.001145
0.001145
0.001145
0.001145
0.001145
0.001144
0.001144
0.001144
0.001144
0.001143
0.001143
0.001143
0.001143
0.001143
0.001142
0.001142
0.001142
0.001142
0.001141
0.001141
0.001141
0.001140
0.001140
0.001140
0.001140
0.001139
0.001139
0.001139
0.001139
0.001139
0.001138
0.001138
0.001138
0.001138
0.001138
0.001137
0.001137
0.001137
0.001137
0.001137
0.001136
0.001136
0.001136
0.001136
0.001136
0.001135
0.001135
0.001135
0.001135
0.001135
0.001135
0.001134
0.001121
0.001118
0.001114
0.001113
0.001113
0.001113
0.001113
0.001113
0.001113
0.001113
0.001113
0.001113
0.001113
0.001113
0.001113
0.001112
0.001112
0.001112
0.001112
0.001112
0.001112
0.001112
0.001112
0.001112
0.001112
0.001112
0.001112
0.001112
0.001112
0.001112
0.001112
0.001111
0.001111
0.001111
0.001111
0.001111
0.001111
0.001111
0.001111
0.001111
0.001111
0.001111
0.001111
0.001111
0.001110
0.001110
0.001110
0.001110
0.001110
0.001110
0.001110
0.001110
0.001110
0.001110
0.001110
0.001110
0.001110
0.001109
0.001109
0.001109
0.001109
0.001109
0.001109
0.001109
0.001109
0.001109
0.001109
0.001109
0.001109
0.001108
0.001108
0.001108
0.001108
0.001108
0.001108
0.001108
0.001108
0.001108
0.001108
0.001107
0.001107
0.001107
0.001107
0.001107
0.001107
0.001107
0.001107
0.001107
0.001107
0.001106
0.001106
0.001106
0.001106
0.001106
0.001106
0.001106
0.001106
0.001106
0.001105
0.001105
0.001101
0.001096
0.001097
0.001097
0.001097
0.001096
0.001096
0.001096
0.001096
0.001096
0.001096
0.001096
0.001096
0.001096
0.001096
0.001096
0.001096
0.001096
0.001095
0.001095
0.001095
0.001095
0.001095
0.001095
0.001095
0.001095
0.001095
0.001095
0.001095
0.001095
0.001095
0.001094
0.001094
0.001094
0.001094
0.001094
0.001094
0.001094
0.001094
0.001094
0.001094
0.001094
0.001094
0.001094
0.001093
0.001093
0.001093
0.001093
0.001093
0.001093
0.001093
0.001093
0.001093
0.001093
0.001093
0.001093
0.001093
0.001093
0.001092
0.001092
0.001092
0.001092
0.001092
0.001092
0.001092
0.001092
0.001092
0.001092
0.001092
0.001092
0.001092
0.001092
0.001091
0.001091
0.001091
0.001091
0.001091
0.001091
0.001091
0.001091
0.001091
0.001091
0.001091
0.001091
0.001091
0.001091
0.001090
0.001090
0.001090
0.001090
0.001090
0.001090
0.001090
0.001090
0.001090
0.001090
0.001090
0.001090
0.001090
0.001090
