0.416053
0.246507
0.089757
0.041060
0.024782
0.016903
0.012316
0.009685
0.008022
0.007070
0.006534
0.006228
0.006034
0.005887
0.005766
0.005663
0.005573
0.005493
0.005421
0.005355
0.005293
0.005235
0.005179
0.005126
0.005074
0.005024
0.004974
0.004925
0.004877
0.004829
0.004781
0.004732
0.004681
0.004625
0.004567
0.004504
0.004436
0.004360
0.004281
0.004205
0.004134
0.004067
0.004012
0.003963
0.003920
0.003881
0.003844
0.003811
0.003779
0.003747
0.003718
0.003691
0.003665
0.003641
0.003618
0.003594
0.003571
0.003549
0.003529
0.003508
0.003491
0.003471
0.003452
0.003432
0.003411
0.003390
0.003368
0.003344
0.003316
0.003282
0.003243
0.003203
0.003151
0.003080
0.002987
0.002890
0.002810
0.002741
0.002684
0.002643
0.002610
0.002590
0.002566
0.002544
0.002528
0.002515
0.002501
0.002486
0.002474
0.002466
0.002454
0.002449
0.002443
0.002434
0.002428
0.002423
0.002418
0.002414
0.002409
0.002403
0.002334
0.002367
0.002380
0.002370
0.002367
0.002364
0.002364
0.002359
0.002356
0.002353
0.002349
0.002347
0.002343
0.002341
0.002339
0.002337
0.002334
0.002333
0.002329
0.002327
0.002325
0.002324
0.002321
0.002319
0.002316
0.002315
0.002313
0.002311
0.002309
0.002306
0.002306
0.002304
0.002302
0.002301
0.002299
0.002296
0.002297
0.002294
0.002292
0.002291
0.002290
0.002288
0.002287
0.002285
0.002284
0.002282
0.002282
0.002281
0.002279
0.002278
0.002277
0.002275
0.002274
0.002274
0.002273
0.002272
0.002271
0.002270
0.002269
0.002268
0.002267
0.002265
0.002264
0.002264
0.002263
0.002262
0.002261
0.002260
0.002259
0.002258
0.002258
0.002257
0.002255
0.002255
0.002254
0.002253
0.002253
0.002253
0.002252
0.002251
0.002251
0.002250
0.002250
0.002249
0.002248
0.002247
0.002247
0.002246
0.002246
0.002246
0.002244
0.002244
0.002243
0.002242
0.002242
0.002240
0.002241
0.002241
0.002240
0.002238
0.002216
0.002181
0.002169
0.002173
0.002172
0.002171
0.002171
0.002171
0.002170
0.002170
0.002170
0.002170
0.002170
0.002170
0.002169
0.002169
0.002169
0.002169
0.002169
0.002169
0.002169
0.002169
0.002169
0.002168
0.002168
0.002168
0.002168
0.002168
0.002168
0.002168
0.002168
0.002168
0.002168
0.002168
0.002168
0.002168
0.002168
0.002168
0.002168
0.002168
0.002168
0.002168
0.002168
0.002168
0.002168
0.002168
0.002168
0.002168
0.002168
0.002168
0.002169
0.002168
0.002168
0.002168
0.002168
0.002168
0.002168
0.002167
0.002168
0.002167
0.002168
0.002168
0.002168
0.002167
0.002168
0.002167
0.002167
0.002167
0.002167
0.002167
0.002166
0.002167
0.002166
0.002167
0.002166
0.002166
0.002166
0.002166
0.002166
0.002166
0.002165
0.002165
0.002165
0.002165
0.002165
0.002165
0.002165
0.002165
0.002165
0.002165
0.002165
0.002165
0.002165
0.002164
0.002164
0.002164
0.002164
0.002164
0.002164
0.002164
0.002147
0.002140
0.002135
0.002136
0.002135
0.002135
0.002135
0.002134
0.002134
0.002134
0.002134
0.002134
0.002134
0.002134
0.002133
0.002133
0.002133
0.002133
0.002133
0.002133
0.002133
0.002132
0.002132
0.002132
0.002132
0.002132
0.002132
0.002132
0.002132
0.002131
0.002131
0.002131
0.002131
0.002131
0.002131
0.002131
0.002131
0.002131
0.002131
0.002130
0.002130
0.002130
0.002130
0.002130
0.002130
0.002130
0.002130
0.002130
0.002130
0.002130
0.002130
0.002129
0.002129
0.002129
0.002129
0.002129
0.002129
0.002129
0.002129
0.002129
0.002129
0.002129
0.002129
0.002128
0.002129
0.002128
0.002128
0.002128
0.002128
0.002128
0.002128
0.002128
0.002128
0.002128
0.002128
0.002128
0.002128
0.002128
0.002128
0.002128
0.002128
0.002128
0.002127
0.002127
0.002127
0.002127
0.002127
0.002127
0.002127
0.002127
0.002127
0.002127
0.002127
0.002127
0.002127
0.002126
0.002126
0.002126
0.002126
0.002126
0.002121
0.002128
0.002131
0.002131
0.002131
0.002130
0.002130
0.002130
0.002130
0.002130
0.002130
0.002131
0.002131
0.002131
0.002131
0.002131
0.002131
0.002131
0.002131
0.002131
0.002132
0.002132
0.002132
0.002132
0.002132
0.002132
0.002132
0.002133
0.002133
0.002133
0.002133
0.002133
0.002133
0.002133
0.002134
0.002134
0.002134
0.002134
0.002134
0.002134
0.002134
0.002134
0.002135
0.002135
0.002135
0.002135
0.002135
0.002135
0.002135
0.002135
0.002135
0.002135
0.002135
0.002135
0.002135
0.002135
0.002135
0.002135
0.002135
0.002135
0.002135
0.002135
0.002135
0.002135
0.002135
0.002135
0.002135
0.002135
0.002135
0.002134
0.002134
0.002134
0.002134
0.002134
0.002134
0.002134
0.002134
0.002134
0.002134
0.002134
0.002134
0.002133
0.002133
0.002133
0.002133
0.002133
0.002133
0.002133
0.002133
0.002133
0.002133
0.002133
0.002133
0.002133
0.002132
0.002132
0.002132
0.002132
0.002132
0.002132
