0.452738
0.212504
0.059561
0.033788
0.023334
0.017418
0.013147
0.010378
0.008552
0.007380
0.006611
0.006064
0.005658
0.005350
0.005099
0.004880
0.004684
0.004505
0.004339
0.004185
0.004042
0.003908
0.003782
0.003665
0.003554
0.003450
0.003353
0.003262
0.003174
0.003090
0.003008
0.002930
0.002852
0.002776
0.002702
0.002630
0.002563
0.002502
0.002443
0.002387
0.002333
0.002281
0.002231
0.002182
0.002134
0.002086
0.002041
0.001995
0.001951
0.001908
0.001864
0.001820
0.001780
0.001739
0.001698
0.001656
0.001612
0.001569
0.001529
0.001487
0.001447
0.001410
0.001373
0.001336
0.001303
0.001271
0.001241
0.001214
0.001189
0.001164
0.001140
0.001116
0.001094
0.001075
0.001059
0.001045
0.001030
0.001016
0.001004
0.000993
0.000982
0.000972
0.000963
0.000954
0.000945
0.000936
0.000929
0.000922
0.000917
0.000910
0.000903
0.000897
0.000893
0.000889
0.000883
0.000878
0.000875
0.000872
0.000868
0.000865
0.000814
0.000794
0.000778
0.000779
0.000776
0.000772
0.000771
0.000769
0.000767
0.000766
0.000764
0.000762
0.000760
0.000759
0.000757
0.000755
0.000754
0.000752
0.000751
0.000749
0.000747
0.000746
0.000745
0.000744
0.000742
0.000741
0.000740
0.000739
0.000738
0.000737
0.000736
0.000735
0.000734
0.000733
0.000732
0.000731
0.000730
0.000729
0.000728
0.000727
0.000726
0.000725
0.000724
0.000723
0.000722
0.000721
0.000720
0.000720
0.000719
0.000718
0.000718
0.000717
0.000716
0.000715
0.000714
0.000713
0.000712
0.000711
0.000711
0.000710
0.000709
0.000708
0.000707
0.000706
0.000705
0.000704
0.000703
0.000703
0.000702
0.000701
0.000700
0.000699
0.000698
0.000697
0.000696
0.000695
0.000694
0.000694
0.000693
0.000692
0.000691
0.000690
0.000689
0.000688
0.000688
0.000687
0.000686
0.000685
0.000684
0.000683
0.000682
0.000681
0.000680
0.000679
0.000679
0.000678
0.000677
0.000675
0.000675
0.000674
0.000660
0.000667
0.000670
0.000670
0.000671
0.000671
0.000670
0.000669
0.000668
0.000668
0.000667
0.000666
0.000665
0.000664
0.000663
0.000663
0.000662
0.000661
0.000660
0.000660
0.000659
0.000658
0.000657
0.000657
0.000656
0.000655
0.000654
0.000653
0.000653
0.000652
0.000651
0.000650
0.000650
0.000649
0.000648
0.000647
0.000646
0.000646
0.000645
0.000644
0.000644
0.000643
0.000642
0.000641
0.000641
0.000640
0.000639
0.000638
0.000638
0.000637
0.000636
0.000636
0.000635
0.000634
0.000633
0.000633
0.000632
0.000631
0.000630
0.000630
0.000629
0.000628
0.000627
0.000627
0.000626
0.000625
0.000625
0.000624
0.000623
0.000622
0.000622
0.000621
0.000620
0.000619
0.000618
0.000618
0.000617
0.000616
0.000615
0.000614
0.000613
0.000613
0.000612
0.000611
0.000610
0.000609
0.000609
0.000608
0.000607
0.000606
0.000605
0.000604
0.000604
0.000603
0.000602
0.000601
0.000600
0.000600
0.000599
0.000598
0.000592
0.000593
0.000597
0.000598
0.000598
0.000598
0.000598
0.000597
0.000597
0.000596
0.000596
0.000595
0.000595
0.000594
0.000594
0.000593
0.000593
0.000592
0.000591
0.000591
0.000590
0.000590
0.000590
0.000589
0.000589
0.000588
0.000588
0.000587
0.000587
0.000587
0.000586
0.000586
0.000586
0.000585
0.000585
0.000584
0.000584
0.000583
0.000583
0.000583
0.000582
0.000582
0.000582
0.000581
0.000581
0.000581
0.000580
0.000580
0.000579
0.000579
0.000579
0.000578
0.000578
0.000578
0.000577
0.000577
0.000577
0.000576
0.000576
0.000576
0.000575
0.000575
0.000575
0.000574
0.000574
0.000574
0.000573
0.000573
0.000572
0.000572
0.000572
0.000571
0.000571
0.000570
0.000570
0.000570
0.000569
0.000569
0.000568
0.000568
0.000568
0.000567
0.000567
0.000567
0.000566
0.000566
0.000566
0.000565
0.000565
0.000564
0.000564
0.000563
0.000563
0.000563
0.000562
0.000562
0.000561
0.000561
0.000561
0.000560
0.000556
0.000549
0.000545
0.000546
0.000546
0.000545
0.000545
0.000545
0.000545
0.000545
0.000544
0.000544
0.000544
0.000544
0.000544
0.000544
0.000543
0.000543
0.000543
0.000543
0.000543
0.000542
0.000542
0.000542
0.000542
0.000542
0.000541
0.000541
0.000541
0.000541
0.000541
0.000540
0.000540
0.000540
0.000540
0.000540
0.000539
0.000539
0.000539
0.000539
0.000539
0.000538
0.000538
0.000538
0.000538
0.000538
0.000537
0.000537
0.000537
0.000537
0.000537
0.000536
0.000536
0.000536
0.000536
0.000536
0.000535
0.000535
0.000535
0.000535
0.000535
0.000534
0.000534
0.000534
0.000534
0.000534
0.000533
0.000533
0.000533
0.000533
0.000532
0.000532
0.000532
0.000532
0.000532
0.000531
0.000531
0.000531
0.000531
0.000531
0.000530
0.000530
0.000530
0.000530
0.000529
0.000529
0.000529
0.000529
0.000528
0.000528
0.000528
0.000528
0.000528
0.000527
0.000527
0.000527
0.000527
0.000526
0.000526
0.000526
