0.514515
0.466698
0.402917
0.317190
0.232845
0.173042
0.120300
0.066169
0.032211
0.025073
0.020247
0.016523
0.013801
0.011802
0.010374
0.009416
0.008822
0.008477
0.008284
0.008178
0.008118
0.008080
0.008056
0.008040
0.008028
0.008019
0.008012
0.008006
0.008002
0.007997
0.007989
0.007980
0.007972
0.007962
0.007951
0.007939
0.007928
0.007915
0.007903
0.007891
0.007879
0.007866
0.007854
0.007842
0.007831
0.007823
0.007816
0.007810
0.007804
0.007795
0.007784
0.007776
0.007768
0.007762
0.007757
0.007752
0.007746
0.007741
0.007736
0.007729
0.007723
0.007717
0.007713
0.007708
0.007704
0.007699
0.007694
0.007690
0.007685
0.007679
0.007674
0.007669
0.007663
0.007658
0.007654
0.007646
0.007638
0.007629
0.007619
0.007608
0.007595
0.007581
0.007563
0.007537
0.007503
0.007463
0.007413
0.007355
0.007288
0.007225
0.007165
0.007103
0.007038
0.006966
0.006890
0.006810
0.006718
0.006618
0.006511
0.006395
0.006264
0.006174
0.006101
0.006034
0.005966
0.005896
0.005825
0.005750
0.005675
0.005601
0.005529
0.005460
0.005392
0.005327
0.005262
0.005202
0.005146
0.005091
0.005041
0.004993
0.004947
0.004904
0.004863
0.004825
0.004790
0.004756
0.004725
0.004695
0.004667
0.004638
0.004612
0.004587
0.004563
0.004540
0.004518
0.004498
0.004478
0.004458
0.004440
0.004422
0.004405
0.004389
0.004374
0.004360
0.004346
0.004333
0.004322
0.004311
0.004300
0.004290
0.004280
0.004270
0.004261
0.004253
0.004244
0.004236
0.004228
0.004221
0.004213
0.004206
0.004199
0.004193
0.004186
0.004180
0.004174
0.004169
0.004163
0.004158
0.004153
0.004148
0.004144
0.004140
0.004136
0.004132
0.004128
0.004124
0.004121
0.004117
0.004114
0.004111
0.004108
0.004105
0.004102
0.004099
0.004096
0.004094
0.004091
0.004089
0.004086
0.004084
0.004082
0.004080
0.004077
0.004075
0.004073
0.004071
0.004069
0.004067
0.004065
0.004063
0.004049
0.004052
0.004055
0.004053
0.004052
0.004051
0.004050
0.004049
0.004048
0.004046
0.004045
0.004044
0.004043
0.004042
0.004041
0.004039
0.004038
0.004037
0.004036
0.004035
0.004034
0.004033
0.004031
0.004030
0.004029
0.004027
0.004026
0.004025
0.004023
0.004022
0.004021
0.004020
0.004018
0.004017
0.004015
0.004013
0.004011
0.004010
0.004008
0.004006
0.004004
0.004003
0.004001
0.003999
0.003997
0.003995
0.003993
0.003991
0.003988
0.003986
0.003984
0.003982
0.003979
0.003977
0.003974
0.003971
0.003968
0.003965
0.003961
0.003958
0.003955
0.003952
0.003948
0.003944
0.003940
0.003936
0.003932
0.003928
0.003924
0.003920
0.003915
0.003911
0.003906
0.003902
0.003897
0.003893
0.003888
0.003884
0.003879
0.003875
0.003870
0.003865
0.003860
0.003856
0.003852
0.003847
0.003843
0.003839
0.003834
0.003829
0.003825
0.003820
0.003816
0.003811
0.003807
0.003802
0.003798
0.003793
0.003789
0.003784
0.003773
0.003776
0.003774
0.003771
0.003769
0.003767
0.003764
0.003762
0.003760
0.003758
0.003755
0.003753
0.003751
0.003749
0.003747
0.003745
0.003742
0.003740
0.003738
0.003735
0.003733
0.003731
0.003728
0.003726
0.003724
0.003721
0.003719
0.003717
0.003714
0.003712
0.003709
0.003707
0.003705
0.003702
0.003700
0.003697
0.003695
0.003692
0.003690
0.003687
0.003684
0.003682
0.003679
0.003677
0.003674
0.003672
0.003669
0.003666
0.003664
0.003661
0.003658
0.003655
0.003653
0.003650
0.003647
0.003645
0.003642
0.003639
0.003637
0.003634
0.003631
0.003628
0.003625
0.003622
0.003620
0.003617
0.003614
0.003611
0.003608
0.003605
0.003602
0.003599
0.003596
0.003593
0.003590
0.003587
0.003584
0.003582
0.003579
0.003576
0.003573
0.003570
0.003567
0.003564
0.003561
0.003558
0.003555
0.003552
0.003549
0.003546
0.003543
0.003541
0.003538
0.003534
0.003531
0.003528
0.003524
0.003521
0.003518
0.003515
0.003509
0.003496
0.003495
0.003494
0.003492
0.003491
0.003489
0.003487
0.003486
0.003484
0.003482
0.003481
0.003479
0.003477
0.003475
0.003474
0.003472
0.003470
0.003469
0.003467
0.003465
0.003463
0.003462
0.003460
0.003458
0.003456
0.003455
0.003453
0.003451
0.003449
0.003447
0.003445
0.003443
0.003441
0.003439
0.003437
0.003435
0.003433
0.003431
0.003429
0.003427
0.003425
0.003423
0.003421
0.003419
0.003416
0.003414
0.003412
0.003410
0.003408
0.003406
0.003403
0.003401
0.003399
0.003397
0.003394
0.003392
0.003390
0.003388
0.003386
0.003384
0.003381
0.003379
0.003377
0.003375
0.003373
0.003371
0.003369
0.003367
0.003365
0.003362
0.003360
0.003358
0.003356
0.003354
0.003352
0.003350
0.003348
0.003345
0.003343
0.003341
0.003339
0.003337
0.003335
0.003332
0.003330
0.003328
0.003326
0.003324
0.003322
0.003320
0.003317
0.003315
0.003313
0.003311
0.003309
0.003307
0.003305
0.003303
0.003300
