0.573689
0.276894
0.084693
0.026689
0.015828
0.010956
0.008321
0.006750
0.005891
0.005325
0.004909
0.004581
0.004316
0.004096
0.003903
0.003729
0.003572
0.003432
0.003306
0.003190
0.003081
0.002986
0.002904
0.002829
0.002760
0.002696
0.002635
0.002578
0.002526
0.002474
0.002427
0.002378
0.002333
0.002292
0.002248
0.002202
0.002160
0.002116
0.002075
0.002033
0.001990
0.001949
0.001910
0.001872
0.001835
0.001802
0.001769
0.001740
0.001714
0.001689
0.001666
0.001647
0.001627
0.001612
0.001596
0.001583
0.001572
0.001561
0.001553
0.001544
0.001537
0.001531
0.001522
0.001518
0.001512
0.001507
0.001501
0.001496
0.001492
0.001489
0.001485
0.001481
0.001478
0.001475
0.001472
0.001469
0.001466
0.001463
0.001462
0.001459
0.001457
0.001455
0.001454
0.001451
0.001448
0.001445
0.001441
0.001436
0.001431
0.001429
0.001424
0.001421
0.001417
0.001414
0.001411
0.001407
0.001404
0.001402
0.001399
0.001395
0.001323
0.001320
0.001317
0.001321
0.001320
0.001320
0.001318
0.001316
0.001314
0.001312
0.001310
0.001307
0.001305
0.001302
0.001299
0.001297
0.001294
0.001292
0.001289
0.001286
0.001283
0.001280
0.001278
0.001275
0.001272
0.001269
0.001266
0.001264
0.001261
0.001258
0.001255
0.001252
0.001250
0.001247
0.001245
0.001242
0.001240
0.001237
0.001235
0.001232
0.001229
0.001227
0.001225
0.001223
0.001221
0.001218
0.001216
0.001214
0.001212
0.001209
0.001207
0.001204
0.001201
0.001195
0.001187
0.001180
0.001176
0.001174
0.001171
0.001168
0.001166
0.001163
0.001160
0.001157
0.001154
0.001151
0.001148
0.001145
0.001142
0.001139
0.001136
0.001132
0.001129
0.001126
0.001122
0.001118
0.001114
0.001109
0.001104
0.001100
0.001096
0.001091
0.001087
0.001082
0.001077
0.001072
0.001066
0.001060
0.001055
0.001050
0.001045
0.001040
0.001034
0.001029
0.001024
0.001019
0.001015
0.001010
0.001005
0.001001
0.000995
0.001026
0.001037
0.001034
0.001029
0.001025
0.001022
0.001019
0.001016
0.001014
0.001012
0.001009
0.001007
0.001005
0.001003
0.001000
0.000999
0.000996
0.000994
0.000992
0.000990
0.000989
0.000987
0.000985
0.000983
0.000982
0.000980
0.000979
0.000977
0.000975
0.000974
0.000973
0.000971
0.000970
0.000968
0.000967
0.000965
0.000964
0.000963
0.000961
0.000960
0.000959
0.000958
0.000957
0.000955
0.000954
0.000953
0.000952
0.000951
0.000950
0.000948
0.000947
0.000946
0.000945
0.000944
0.000943
0.000942
0.000941
0.000940
0.000939
0.000938
0.000937
0.000936
0.000935
0.000934
0.000933
0.000932
0.000931
0.000930
0.000928
0.000927
0.000926
0.000925
0.000924
0.000923
0.000922
0.000921
0.000920
0.000919
0.000917
0.000917
0.000916
0.000914
0.000914
0.000912
0.000911
0.000910
0.000909
0.000908
0.000907
0.000905
0.000904
0.000903
0.000902
0.000901
0.000899
0.000898
0.000897
0.000896
0.000895
0.000878
0.000876
0.000872
0.000865
0.000863
0.000863
0.000863
0.000862
0.000861
0.000861
0.000860
0.000860
0.000859
0.000859
0.000858
0.000858
0.000857
0.000857
0.000856
0.000856
0.000855
0.000855
0.000854
0.000854
0.000853
0.000853
0.000852
0.000852
0.000852
0.000851
0.000851
0.000850
0.000850
0.000849
0.000849
0.000848
0.000848
0.000848
0.000847
0.000847
0.000846
0.000846
0.000845
0.000845
0.000845
0.000844
0.000844
0.000843
0.000843
0.000842
0.000842
0.000841
0.000841
0.000841
0.000840
0.000840
0.000839
0.000839
0.000838
0.000838
0.000837
0.000837
0.000837
0.000836
0.000836
0.000835
0.000835
0.000835
0.000834
0.000834
0.000833
0.000833
0.000833
0.000832
0.000832
0.000832
0.000831
0.000831
0.000830
0.000830
0.000830
0.000829
0.000829
0.000829
0.000828
0.000828
0.000828
0.000827
0.000827
0.000827
0.000826
0.000826
0.000826
0.000825
0.000825
0.000825
0.000824
0.000824
0.000823
0.000823
0.000809
0.000804
0.000803
0.000803
0.000802
0.000802
0.000802
0.000801
0.000801
0.000801
0.000801
0.000801
0.000800
0.000800
0.000800
0.000800
0.000799
0.000799
0.000799
0.000799
0.000799
0.000798
0.000798
0.000798
0.000798
0.000797
0.000797
0.000797
0.000797
0.000797
0.000796
0.000796
0.000796
0.000796
0.000795
0.000795
0.000795
0.000795
0.000795
0.000794
0.000794
0.000794
0.000794
0.000794
0.000793
0.000793
0.000793
0.000793
0.000792
0.000792
0.000792
0.000792
0.000792
0.000791
0.000791
0.000791
0.000791
0.000790
0.000790
0.000790
0.000790
0.000790
0.000789
0.000789
0.000789
0.000789
0.000788
0.000788
0.000788
0.000788
0.000788
0.000787
0.000787
0.000787
0.000787
0.000787
0.000786
0.000786
0.000786
0.000786
0.000786
0.000785
0.000785
0.000785
0.000785
0.000784
0.000784
0.000784
0.000784
0.000784
0.000783
0.000783
0.000783
0.000783
0.000783
0.000782
0.000782
0.000782
0.000782
0.000781
