0.498030
0.306483
0.066752
0.033174
0.019573
0.011961
0.007451
0.004903
0.003713
0.003125
0.002793
0.002543
0.002323
0.002118
0.001933
0.001794
0.001701
0.001636
0.001583
0.001538
0.001496
0.001461
0.001430
0.001406
0.001385
0.001368
0.001354
0.001342
0.001330
0.001318
0.001309
0.001300
0.001292
0.001284
0.001277
0.001268
0.001261
0.001253
0.001246
0.001240
0.001234
0.001228
0.001222
0.001216
0.001210
0.001204
0.001198
0.001192
0.001186
0.001181
0.001175
0.001168
0.001163
0.001157
0.001151
0.001144
0.001140
0.001133
0.001128
0.001121
0.001115
0.001109
0.001103
0.001097
0.001091
0.001084
0.001079
0.001074
0.001069
0.001064
0.001059
0.001056
0.001052
0.001048
0.001044
0.001042
0.001039
0.001036
0.001034
0.001031
0.001029
0.001027
0.001025
0.001022
0.001022
0.001019
0.001017
0.001017
0.001014
0.001014
0.001012
0.001011
0.001010
0.001009
0.001009
0.001008
0.001007
0.001007
0.001007
0.001006
0.000975
0.000986
0.000986
0.000990
0.000988
0.000990
0.000989
0.000990
0.000989
0.000989
0.000989
0.000989
0.000989
0.000988
0.000988
0.000988
0.000988
0.000987
0.000987
0.000987
0.000986
0.000986
0.000985
0.000985
0.000984
0.000984
0.000983
0.000983
0.000982
0.000982
0.000981
0.000981
0.000980
0.000980
0.000979
0.000979
0.000978
0.000978
0.000978
0.000977
0.000977
0.000977
0.000976
0.000976
0.000975
0.000975
0.000975
0.000975
0.000974
0.000974
0.000974
0.000973
0.000973
0.000973
0.000973
0.000973
0.000972
0.000972
0.000972
0.000972
0.000972
0.000971
0.000971
0.000971
0.000970
0.000970
0.000970
0.000969
0.000969
0.000969
0.000969
0.000969
0.000968
0.000968
0.000968
0.000967
0.000967
0.000966
0.000966
0.000966
0.000966
0.000966
0.000965
0.000966
0.000965
0.000965
0.000965
0.000964
0.000964
0.000964
0.000964
0.000964
0.000963
0.000963
0.000963
0.000963
0.000963
0.000963
0.000962
0.000962
0.000955
0.000957
0.000957
0.000960
0.000961
0.000961
0.000961
0.000961
0.000961
0.000961
0.000961
0.000961
0.000961
0.000961
0.000960
0.000960
0.000960
0.000960
0.000959
0.000959
0.000959
0.000959
0.000959
0.000958
0.000958
0.000958
0.000958
0.000958
0.000957
0.000957
0.000957
0.000957
0.000957
0.000956
0.000956
0.000956
0.000956
0.000956
0.000955
0.000955
0.000955
0.000955
0.000955
0.000954
0.000954
0.000954
0.000954
0.000954
0.000953
0.000953
0.000953
0.000953
0.000952
0.000952
0.000952
0.000952
0.000952
0.000951
0.000951
0.000951
0.000950
0.000950
0.000950
0.000950
0.000949
0.000949
0.000949
0.000949
0.000949
0.000948
0.000948
0.000948
0.000947
0.000947
0.000947
0.000946
0.000946
0.000946
0.000946
0.000945
0.000945
0.000944
0.000944
0.000944
0.000944
0.000943
0.000943
0.000942
0.000942
0.000941
0.000941
0.000940
0.000940
0.000940
0.000940
0.000939
0.000939
0.000938
0.000938
0.000937
0.000925
0.000923
0.000922
0.000917
0.000916
0.000916
0.000916
0.000916
0.000916
0.000916
0.000916
0.000917
0.000917
0.000917
0.000917
0.000917
0.000917
0.000917
0.000917
0.000917
0.000917
0.000917
0.000917
0.000917
0.000917
0.000917
0.000917
0.000917
0.000917
0.000917
0.000917
0.000917
0.000917
0.000918
0.000918
0.000918
0.000918
0.000917
0.000918
0.000918
0.000918
0.000918
0.000918
0.000918
0.000918
0.000918
0.000918
0.000918
0.000918
0.000918
0.000918
0.000918
0.000918
0.000918
0.000918
0.000918
0.000918
0.000918
0.000918
0.000918
0.000918
0.000918
0.000918
0.000918
0.000918
0.000918
0.000918
0.000918
0.000918
0.000918
0.000918
0.000918
0.000918
0.000918
0.000918
0.000919
0.000919
0.000919
0.000918
0.000919
0.000919
0.000919
0.000919
0.000918
0.000919
0.000919
0.000919
0.000919
0.000918
0.000919
0.000919
0.000919
0.000918
0.000919
0.000919
0.000919
0.000918
0.000919
0.000919
0.000918
0.000905
0.000904
0.000901
0.000901
0.000901
0.000901
0.000901
0.000901
0.000901
0.000901
0.000901
0.000901
0.000901
0.000901
0.000901
0.000901
0.000901
0.000901
0.000900
0.000900
0.000900
0.000900
0.000900
0.000900
0.000900
0.000900
0.000900
0.000900
0.000900
0.000900
0.000900
0.000900
0.000900
0.000900
0.000900
0.000900
0.000900
0.000900
0.000900
0.000900
0.000900
0.000900
0.000900
0.000900
0.000900
0.000900
0.000900
0.000900
0.000900
0.000900
0.000900
0.000900
0.000900
0.000900
0.000900
0.000900
0.000900
0.000900
0.000900
0.000900
0.000900
0.000900
0.000900
0.000900
0.000900
0.000900
0.000900
0.000900
0.000900
0.000900
0.000900
0.000900
0.000900
0.000900
0.000900
0.000900
0.000900
0.000900
0.000900
0.000900
0.000900
0.000900
0.000900
0.000900
0.000900
0.000900
0.000900
0.000900
0.000900
0.000900
0.000900
0.000900
0.000900
0.000900
0.000900
0.000900
0.000900
0.000900
0.000900
0.000900
