0.444411
0.207128
0.067209
0.044125
0.029401
0.017314
0.011151
0.008347
0.006283
0.004945
0.004204
0.003743
0.003471
0.003261
0.003069
0.002912
0.002778
0.002662
0.002559
0.002474
0.002402
0.002335
0.002271
0.002211
0.002149
0.002085
0.002023
0.001969
0.001920
0.001879
0.001846
0.001817
0.001791
0.001767
0.001742
0.001719
0.001698
0.001677
0.001656
0.001635
0.001615
0.001596
0.001577
0.001560
0.001544
0.001530
0.001519
0.001509
0.001498
0.001485
0.001469
0.001453
0.001440
0.001430
0.001420
0.001412
0.001404
0.001397
0.001391
0.001384
0.001378
0.001376
0.001370
0.001367
0.001363
0.001360
0.001356
0.001351
0.001348
0.001345
0.001342
0.001340
0.001336
0.001332
0.001329
0.001326
0.001322
0.001319
0.001316
0.001313
0.001309
0.001305
0.001301
0.001297
0.001294
0.001289
0.001284
0.001283
0.001281
0.001278
0.001275
0.001270
0.001268
0.001264
0.001263
0.001261
0.001255
0.001253
0.001251
0.001249
0.001185
0.001199
0.001191
0.001202
0.001198
0.001198
0.001196
0.001194
0.001192
0.001190
0.001188
0.001186
0.001184
0.001181
0.001179
0.001177
0.001174
0.001171
0.001169
0.001167
0.001165
0.001162
0.001161
0.001159
0.001157
0.001155
0.001154
0.001152
0.001151
0.001150
0.001148
0.001147
0.001146
0.001145
0.001144
0.001143
0.001142
0.001141
0.001140
0.001140
0.001139
0.001138
0.001138
0.001137
0.001137
0.001136
0.001136
0.001135
0.001135
0.001134
0.001133
0.001133
0.001133
0.001133
0.001132
0.001132
0.001131
0.001130
0.001130
0.001129
0.001129
0.001129
0.001128
0.001128
0.001128
0.001128
0.001127
0.001127
0.001126
0.001126
0.001125
0.001124
0.001124
0.001124
0.001123
0.001122
0.001122
0.001122
0.001121
0.001120
0.001119
0.001118
0.001117
0.001117
0.001116
0.001115
0.001113
0.001112
0.001112
0.001111
0.001110
0.001109
0.001108
0.001106
0.001105
0.001104
0.001103
0.001103
0.001102
0.001101
0.001088
0.001090
0.001089
0.001094
0.001096
0.001098
0.001098
0.001098
0.001098
0.001097
0.001097
0.001097
0.001096
0.001096
0.001095
0.001095
0.001094
0.001094
0.001093
0.001093
0.001093
0.001092
0.001092
0.001091
0.001091
0.001091
0.001090
0.001090
0.001089
0.001089
0.001088
0.001088
0.001088
0.001087
0.001087
0.001087
0.001086
0.001086
0.001086
0.001085
0.001085
0.001085
0.001084
0.001084
0.001084
0.001083
0.001083
0.001083
0.001082
0.001082
0.001082
0.001082
0.001081
0.001081
0.001081
0.001080
0.001080
0.001080
0.001080
0.001080
0.001079
0.001079
0.001078
0.001078
0.001078
0.001078
0.001078
0.001077
0.001077
0.001077
0.001077
0.001077
0.001076
0.001076
0.001076
0.001075
0.001075
0.001075
0.001075
0.001074
0.001074
0.001074
0.001073
0.001073
0.001073
0.001072
0.001072
0.001071
0.001071
0.001071
0.001071
0.001071
0.001070
0.001070
0.001070
0.001070
0.001069
0.001069
0.001069
0.001068
0.001053
0.001037
0.001038
0.001040
0.001038
0.001038
0.001036
0.001035
0.001035
0.001035
0.001034
0.001034
0.001034
0.001034
0.001034
0.001033
0.001033
0.001033
0.001033
0.001033
0.001032
0.001032
0.001032
0.001032
0.001032
0.001032
0.001032
0.001031
0.001031
0.001031
0.001031
0.001031
0.001031
0.001031
0.001030
0.001030
0.001030
0.001030
0.001030
0.001030
0.001030
0.001029
0.001029
0.001029
0.001029
0.001029
0.001029
0.001029
0.001029
0.001028
0.001028
0.001028
0.001028
0.001028
0.001028
0.001028
0.001028
0.001027
0.001027
0.001027
0.001027
0.001027
0.001027
0.001027
0.001026
0.001026
0.001026
0.001026
0.001026
0.001026
0.001025
0.001025
0.001025
0.001025
0.001025
0.001025
0.001025
0.001024
0.001024
0.001024
0.001024
0.001024
0.001024
0.001024
0.001023
0.001023
0.001023
0.001023
0.001023
0.001023
0.001022
0.001022
0.001022
0.001022
0.001022
0.001022
0.001022
0.001021
0.001021
0.001021
0.001001
0.000998
0.000997
0.000996
0.000996
0.000995
0.000995
0.000995
0.000995
0.000995
0.000995
0.000995
0.000995
0.000995
0.000995
0.000994
0.000994
0.000994
0.000994
0.000994
0.000994
0.000994
0.000994
0.000994
0.000994
0.000993
0.000993
0.000993
0.000993
0.000993
0.000993
0.000993
0.000993
0.000993
0.000993
0.000993
0.000992
0.000992
0.000992
0.000992
0.000992
0.000992
0.000992
0.000992
0.000992
0.000992
0.000991
0.000991
0.000991
0.000991
0.000991
0.000991
0.000991
0.000991
0.000991
0.000991
0.000991
0.000990
0.000990
0.000990
0.000990
0.000990
0.000990
0.000990
0.000990
0.000990
0.000990
0.000990
0.000990
0.000989
0.000989
0.000989
0.000989
0.000989
0.000989
0.000989
0.000989
0.000989
0.000989
0.000989
0.000989
0.000988
0.000988
0.000988
0.000988
0.000988
0.000988
0.000988
0.000988
0.000988
0.000988
0.000988
0.000988
0.000988
0.000988
0.000987
0.000987
0.000987
0.000987
0.000987
