0.567870
0.386856
0.192787
0.072531
0.025435
0.012085
0.005924
0.003981
0.003477
0.003236
0.003055
0.002898
0.002749
0.002615
0.002510
0.002435
0.002383
0.002344
0.002306
0.002267
0.002227
0.002186
0.002147
0.002111
0.002079
0.002051
0.002026
0.002003
0.001982
0.001961
0.001941
0.001921
0.001903
0.001885
0.001869
0.001852
0.001837
0.001824
0.001809
0.001795
0.001780
0.001766
0.001751
0.001740
0.001727
0.001717
0.001705
0.001695
0.001685
0.001675
0.001665
0.001655
0.001646
0.001638
0.001630
0.001622
0.001613
0.001604
0.001596
0.001587
0.001579
0.001572
0.001564
0.001556
0.001547
0.001540
0.001532
0.001525
0.001516
0.001509
0.001502
0.001493
0.001484
0.001474
0.001465
0.001456
0.001447
0.001438
0.001428
0.001419
0.001410
0.001401
0.001392
0.001385
0.001379
0.001374
0.001370
0.001365
0.001362
0.001359
0.001354
0.001350
0.001345
0.001340
0.001336
0.001331
0.001327
0.001321
0.001316
0.001311
0.001312
0.001302
0.001271
0.001268
0.001273
0.001271
0.001269
0.001269
0.001269
0.001268
0.001267
0.001266
0.001265
0.001265
0.001265
0.001264
0.001263
0.001262
0.001262
0.001261
0.001260
0.001260
0.001259
0.001258
0.001258
0.001257
0.001256
0.001255
0.001253
0.001252
0.001251
0.001250
0.001248
0.001247
0.001246
0.001245
0.001243
0.001242
0.001240
0.001239
0.001238
0.001237
0.001235
0.001234
0.001233
0.001231
0.001230
0.001228
0.001227
0.001226
0.001224
0.001222
0.001220
0.001219
0.001217
0.001215
0.001213
0.001211
0.001210
0.001209
0.001208
0.001206
0.001205
0.001203
0.001202
0.001201
0.001199
0.001198
0.001197
0.001195
0.001193
0.001192
0.001191
0.001189
0.001188
0.001186
0.001184
0.001182
0.001180
0.001178
0.001176
0.001173
0.001171
0.001169
0.001167
0.001166
0.001164
0.001163
0.001161
0.001159
0.001157
0.001155
0.001153
0.001151
0.001149
0.001148
0.001146
0.001144
0.001143
0.001141
0.001106
0.001103
0.001115
0.001122
0.001126
0.001127
0.001127
0.001126
0.001125
0.001124
0.001122
0.001121
0.001120
0.001118
0.001117
0.001116
0.001114
0.001113
0.001111
0.001110
0.001108
0.001107
0.001105
0.001104
0.001102
0.001101
0.001099
0.001098
0.001097
0.001095
0.001094
0.001092
0.001091
0.001089
0.001088
0.001086
0.001085
0.001084
0.001082
0.001081
0.001080
0.001079
0.001078
0.001076
0.001075
0.001074
0.001073
0.001072
0.001071
0.001070
0.001069
0.001068
0.001067
0.001067
0.001066
0.001065
0.001064
0.001063
0.001062
0.001062
0.001061
0.001060
0.001060
0.001059
0.001058
0.001058
0.001057
0.001057
0.001056
0.001055
0.001055
0.001054
0.001054
0.001053
0.001053
0.001052
0.001052
0.001052
0.001051
0.001051
0.001050
0.001050
0.001049
0.001049
0.001049
0.001048
0.001048
0.001047
0.001047
0.001047
0.001046
0.001046
0.001045
0.001045
0.001045
0.001044
0.001044
0.001044
0.001043
0.001043
0.001040
0.001047
0.001047
0.001046
0.001045
0.001045
0.001044
0.001044
0.001043
0.001043
0.001043
0.001042
0.001042
0.001042
0.001042
0.001042
0.001041
0.001041
0.001041
0.001041
0.001040
0.001040
0.001040
0.001040
0.001040
0.001039
0.001039
0.001039
0.001039
0.001038
0.001038
0.001038
0.001038
0.001038
0.001038
0.001037
0.001037
0.001037
0.001037
0.001036
0.001036
0.001036
0.001036
0.001036
0.001035
0.001035
0.001035
0.001035
0.001034
0.001034
0.001034
0.001034
0.001034
0.001033
0.001033
0.001033
0.001033
0.001032
0.001032
0.001032
0.001032
0.001032
0.001031
0.001031
0.001031
0.001031
0.001030
0.001030
0.001030
0.001030
0.001030
0.001029
0.001029
0.001029
0.001029
0.001028
0.001028
0.001028
0.001027
0.001027
0.001027
0.001027
0.001027
0.001026
0.001026
0.001026
0.001026
0.001025
0.001025
0.001025
0.001025
0.001025
0.001024
0.001024
0.001024
0.001024
0.001024
0.001023
0.001023
0.001023
0.001013
0.001001
0.000998
0.000999
0.000999
0.000998
0.000998
0.000998
0.000998
0.000998
0.000998
0.000998
0.000998
0.000998
0.000997
0.000997
0.000997
0.000997
0.000997
0.000997
0.000997
0.000997
0.000997
0.000997
0.000997
0.000996
0.000996
0.000996
0.000996
0.000996
0.000996
0.000996
0.000996
0.000996
0.000996
0.000996
0.000996
0.000995
0.000995
0.000995
0.000995
0.000995
0.000995
0.000995
0.000995
0.000995
0.000995
0.000995
0.000994
0.000994
0.000994
0.000994
0.000994
0.000994
0.000994
0.000994
0.000994
0.000994
0.000994
0.000994
0.000994
0.000993
0.000993
0.000993
0.000993
0.000993
0.000993
0.000993
0.000993
0.000993
0.000993
0.000993
0.000993
0.000993
0.000993
0.000993
0.000992
0.000992
0.000992
0.000992
0.000992
0.000992
0.000992
0.000992
0.000992
0.000992
0.000992
0.000992
0.000992
0.000992
0.000992
0.000992
0.000991
0.000991
0.000991
0.000991
0.000991
0.000991
0.000991
0.000991
