0.389927
0.128829
0.038596
0.020176
0.010745
0.005933
0.004103
0.003385
0.003071
0.002869
0.002715
0.002588
0.002460
0.002342
0.002243
0.002166
0.002097
0.002031
0.001963
0.001896
0.001838
0.001788
0.001749
0.001712
0.001684
0.001662
0.001641
0.001620
0.001599
0.001577
0.001558
0.001539
0.001520
0.001503
0.001485
0.001470
0.001454
0.001441
0.001428
0.001416
0.001405
0.001393
0.001381
0.001371
0.001361
0.001352
0.001344
0.001335
0.001329
0.001324
0.001318
0.001310
0.001303
0.001295
0.001288
0.001282
0.001275
0.001267
0.001258
0.001251
0.001241
0.001233
0.001225
0.001215
0.001206
0.001195
0.001186
0.001178
0.001169
0.001159
0.001150
0.001140
0.001131
0.001122
0.001113
0.001103
0.001093
0.001084
0.001076
0.001069
0.001061
0.001054
0.001048
0.001042
0.001036
0.001031
0.001026
0.001021
0.001016
0.001012
0.001007
0.001002
0.000998
0.000994
0.000990
0.000987
0.000984
0.000981
0.000979
0.000977
0.000962
0.000960
0.000953
0.000951
0.000950
0.000948
0.000947
0.000945
0.000944
0.000943
0.000942
0.000941
0.000940
0.000939
0.000938
0.000937
0.000936
0.000935
0.000934
0.000934
0.000933
0.000932
0.000932
0.000931
0.000930
0.000930
0.000930
0.000929
0.000929
0.000928
0.000928
0.000928
0.000928
0.000928
0.000927
0.000927
0.000927
0.000927
0.000926
0.000926
0.000926
0.000926
0.000926
0.000925
0.000925
0.000925
0.000925
0.000924
0.000924
0.000924
0.000924
0.000924
0.000923
0.000923
0.000923
0.000922
0.000922
0.000921
0.000920
0.000920
0.000920
0.000919
0.000918
0.000918
0.000917
0.000917
0.000916
0.000916
0.000915
0.000914
0.000914
0.000913
0.000912
0.000912
0.000911
0.000910
0.000909
0.000909
0.000908
0.000907
0.000906
0.000905
0.000904
0.000904
0.000904
0.000903
0.000903
0.000902
0.000901
0.000901
0.000901
0.000900
0.000900
0.000900
0.000899
0.000899
0.000898
0.000898
0.000897
0.000897
0.000869
0.000881
0.000892
0.000894
0.000893
0.000892
0.000892
0.000892
0.000891
0.000891
0.000891
0.000891
0.000891
0.000890
0.000890
0.000890
0.000889
0.000889
0.000889
0.000888
0.000888
0.000888
0.000887
0.000887
0.000887
0.000886
0.000886
0.000886
0.000886
0.000885
0.000885
0.000885
0.000885
0.000884
0.000884
0.000884
0.000884
0.000884
0.000884
0.000883
0.000883
0.000883
0.000883
0.000882
0.000882
0.000882
0.000882
0.000881
0.000881
0.000881
0.000881
0.000881
0.000881
0.000880
0.000880
0.000880
0.000880
0.000880
0.000880
0.000880
0.000880
0.000880
0.000879
0.000879
0.000879
0.000879
0.000878
0.000878
0.000878
0.000878
0.000877
0.000877
0.000877
0.000877
0.000877
0.000877
0.000877
0.000877
0.000877
0.000877
0.000876
0.000876
0.000876
0.000876
0.000875
0.000875
0.000875
0.000875
0.000875
0.000874
0.000874
0.000874
0.000874
0.000873
0.000873
0.000873
0.000873
0.000872
0.000872
0.000872
0.000845
0.000833
0.000830
0.000831
0.000829
0.000830
0.000829
0.000829
0.000829
0.000829
0.000830
0.000829
0.000829
0.000829
0.000830
0.000830
0.000830
0.000830
0.000830
0.000830
0.000830
0.000830
0.000830
0.000830
0.000830
0.000830
0.000830
0.000830
0.000830
0.000830
0.000830
0.000830
0.000830
0.000830
0.000831
0.000831
0.000831
0.000831
0.000831
0.000831
0.000831
0.000831
0.000831
0.000831
0.000832
0.000832
0.000832
0.000832
0.000832
0.000832
0.000832
0.000832
0.000832
0.000832
0.000833
0.000833
0.000833
0.000833
0.000833
0.000833
0.000833
0.000833
0.000834
0.000834
0.000834
0.000834
0.000834
0.000834
0.000834
0.000834
0.000834
0.000834
0.000835
0.000835
0.000835
0.000835
0.000835
0.000835
0.000835
0.000835
0.000835
0.000835
0.000835
0.000835
0.000835
0.000835
0.000836
0.000836
0.000836
0.000836
0.000836
0.000836
0.000836
0.000836
0.000836
0.000836
0.000836
0.000836
0.000836
0.000836
0.000824
0.000817
0.000816
0.000816
0.000816
0.000815
0.000816
0.000816
0.000815
0.000815
0.000815
0.000815
0.000815
0.000815
0.000815
0.000815
0.000815
0.000815
0.000815
0.000815
0.000815
0.000815
0.000815
0.000815
0.000815
0.000815
0.000815
0.000815
0.000815
0.000815
0.000815
0.000815
0.000815
0.000815
0.000815
0.000815
0.000815
0.000815
0.000815
0.000815
0.000815
0.000815
0.000815
0.000815
0.000815
0.000815
0.000814
0.000814
0.000814
0.000814
0.000814
0.000814
0.000814
0.000814
0.000814
0.000814
0.000814
0.000814
0.000814
0.000814
0.000814
0.000814
0.000814
0.000814
0.000814
0.000814
0.000814
0.000814
0.000814
0.000814
0.000814
0.000814
0.000814
0.000814
0.000814
0.000814
0.000814
0.000814
0.000814
0.000814
0.000814
0.000814
0.000814
0.000814
0.000814
0.000814
0.000814
0.000814
0.000814
0.000814
0.000814
0.000814
0.000814
0.000814
0.000814
0.000814
0.000814
0.000814
0.000814
0.000814
