0.364534
0.118507
0.029300
0.012277
0.007142
0.005177
0.004320
0.003836
0.003448
0.003134
0.002843
0.002579
0.002390
0.002232
0.002111
0.002008
0.001916
0.001832
0.001755
0.001685
0.001625
0.001572
0.001521
0.001477
0.001436
0.001398
0.001361
0.001325
0.001291
0.001262
0.001234
0.001209
0.001186
0.001163
0.001143
0.001123
0.001103
0.001087
0.001070
0.001054
0.001039
0.001024
0.001010
0.000997
0.000982
0.000971
0.000963
0.000953
0.000943
0.000933
0.000925
0.000916
0.000909
0.000902
0.000895
0.000888
0.000880
0.000874
0.000868
0.000864
0.000854
0.000842
0.000831
0.000822
0.000820
0.000822
0.000824
0.000822
0.000815
0.000806
0.000793
0.000780
0.000774
0.000773
0.000773
0.000770
0.000769
0.000766
0.000760
0.000752
0.000743
0.000736
0.000729
0.000725
0.000725
0.000726
0.000729
0.000731
0.000730
0.000728
0.000721
0.000711
0.000701
0.000694
0.000691
0.000692
0.000692
0.000691
0.000691
0.000693
0.000611
0.000574
0.000562
0.000560
0.000558
0.000557
0.000555
0.000554
0.000552
0.000551
0.000550
0.000549
0.000548
0.000547
0.000546
0.000545
0.000544
0.000543
0.000542
0.000541
0.000540
0.000540
0.000539
0.000538
0.000537
0.000537
0.000537
0.000536
0.000536
0.000535
0.000535
0.000535
0.000535
0.000535
0.000535
0.000535
0.000535
0.000535
0.000535
0.000535
0.000535
0.000534
0.000534
0.000533
0.000532
0.000531
0.000530
0.000528
0.000527
0.000526
0.000525
0.000524
0.000523
0.000522
0.000521
0.000519
0.000517
0.000516
0.000513
0.000511
0.000509
0.000508
0.000506
0.000505
0.000504
0.000504
0.000503
0.000503
0.000502
0.000501
0.000501
0.000500
0.000500
0.000500
0.000499
0.000499
0.000498
0.000499
0.000498
0.000498
0.000497
0.000497
0.000496
0.000496
0.000496
0.000495
0.000495
0.000495
0.000494
0.000494
0.000494
0.000493
0.000493
0.000493
0.000492
0.000492
0.000492
0.000492
0.000492
0.000491
0.000471
0.000461
0.000458
0.000457
0.000457
0.000456
0.000456
0.000455
0.000455
0.000455
0.000454
0.000454
0.000453
0.000453
0.000452
0.000452
0.000452
0.000451
0.000451
0.000451
0.000450
0.000450
0.000450
0.000449
0.000449
0.000449
0.000448
0.000448
0.000448
0.000448
0.000447
0.000447
0.000447
0.000447
0.000446
0.000446
0.000446
0.000446
0.000445
0.000445
0.000445
0.000445
0.000445
0.000445
0.000445
0.000445
0.000444
0.000445
0.000444
0.000444
0.000444
0.000444
0.000444
0.000444
0.000444
0.000444
0.000445
0.000445
0.000445
0.000445
0.000445
0.000445
0.000445
0.000445
0.000445
0.000445
0.000445
0.000445
0.000445
0.000445
0.000445
0.000445
0.000445
0.000445
0.000445
0.000445
0.000445
0.000445
0.000445
0.000444
0.000444
0.000444
0.000444
0.000444
0.000443
0.000443
0.000443
0.000442
0.000442
0.000442
0.000442
0.000441
0.000441
0.000441
0.000441
0.000441
0.000440
0.000440
0.000439
0.000439
0.000423
0.000420
0.000421
0.000422
0.000423
0.000422
0.000422
0.000422
0.000422
0.000422
0.000421
0.000421
0.000421
0.000420
0.000420
0.000420
0.000420
0.000419
0.000419
0.000419
0.000419
0.000419
0.000418
0.000418
0.000418
0.000418
0.000418
0.000418
0.000418
0.000417
0.000417
0.000417
0.000417
0.000417
0.000417
0.000417
0.000417
0.000417
0.000417
0.000416
0.000416
0.000416
0.000416
0.000416
0.000416
0.000416
0.000416
0.000416
0.000416
0.000416
0.000416
0.000416
0.000416
0.000416
0.000416
0.000416
0.000415
0.000415
0.000415
0.000415
0.000415
0.000415
0.000415
0.000414
0.000414
0.000414
0.000414
0.000414
0.000414
0.000414
0.000414
0.000414
0.000413
0.000413
0.000413
0.000413
0.000413
0.000413
0.000413
0.000413
0.000412
0.000412
0.000412
0.000412
0.000412
0.000412
0.000412
0.000412
0.000411
0.000411
0.000411
0.000411
0.000411
0.000411
0.000411
0.000411
0.000410
0.000410
0.000410
0.000410
0.000405
0.000406
0.000405
0.000404
0.000404
0.000404
0.000404
0.000404
0.000403
0.000403
0.000403
0.000403
0.000403
0.000403
0.000403
0.000403
0.000403
0.000403
0.000403
0.000403
0.000403
0.000403
0.000403
0.000403
0.000403
0.000403
0.000403
0.000403
0.000403
0.000403
0.000403
0.000403
0.000403
0.000403
0.000403
0.000403
0.000403
0.000402
0.000402
0.000402
0.000402
0.000402
0.000402
0.000402
0.000402
0.000402
0.000402
0.000402
0.000402
0.000402
0.000402
0.000402
0.000402
0.000402
0.000402
0.000402
0.000402
0.000402
0.000402
0.000402
0.000402
0.000402
0.000401
0.000401
0.000401
0.000401
0.000401
0.000401
0.000401
0.000401
0.000401
0.000401
0.000401
0.000401
0.000401
0.000401
0.000401
0.000401
0.000401
0.000401
0.000401
0.000400
0.000400
0.000400
0.000400
0.000400
0.000400
0.000400
0.000400
0.000400
0.000400
0.000400
0.000400
0.000400
0.000400
0.000400
0.000400
0.000400
0.000400
0.000399
