0.438904
0.245816
0.155932
0.046914
0.028037
0.020000
0.015614
0.012154
0.009126
0.006722
0.004860
0.003704
0.003200
0.002937
0.002775
0.002645
0.002534
0.002441
0.002361
0.002291
0.002226
0.002166
0.002116
0.002075
0.002039
0.002006
0.001975
0.001947
0.001921
0.001896
0.001873
0.001850
0.001830
0.001812
0.001794
0.001777
0.001758
0.001737
0.001712
0.001684
0.001670
0.001656
0.001641
0.001624
0.001611
0.001599
0.001585
0.001572
0.001560
0.001548
0.001535
0.001523
0.001512
0.001502
0.001493
0.001485
0.001479
0.001470
0.001461
0.001453
0.001445
0.001438
0.001430
0.001422
0.001414
0.001408
0.001401
0.001395
0.001387
0.001380
0.001374
0.001367
0.001360
0.001353
0.001346
0.001338
0.001331
0.001324
0.001317
0.001310
0.001303
0.001296
0.001289
0.001283
0.001276
0.001271
0.001265
0.001259
0.001254
0.001249
0.001244
0.001240
0.001235
0.001229
0.001224
0.001219
0.001213
0.001208
0.001204
0.001200
0.001117
0.001125
0.001122
0.001114
0.001110
0.001107
0.001106
0.001103
0.001101
0.001099
0.001097
0.001095
0.001093
0.001091
0.001089
0.001088
0.001086
0.001085
0.001083
0.001082
0.001081
0.001080
0.001078
0.001077
0.001076
0.001074
0.001073
0.001072
0.001071
0.001070
0.001069
0.001068
0.001066
0.001065
0.001063
0.001062
0.001060
0.001058
0.001056
0.001055
0.001053
0.001051
0.001049
0.001047
0.001045
0.001044
0.001042
0.001041
0.001040
0.001039
0.001037
0.001036
0.001035
0.001034
0.001033
0.001032
0.001031
0.001030
0.001029
0.001028
0.001027
0.001027
0.001026
0.001026
0.001025
0.001025
0.001024
0.001024
0.001023
0.001022
0.001022
0.001021
0.001021
0.001020
0.001020
0.001019
0.001019
0.001018
0.001018
0.001017
0.001017
0.001016
0.001016
0.001015
0.001015
0.001014
0.001013
0.001013
0.001012
0.001011
0.001011
0.001010
0.001009
0.001008
0.001008
0.001007
0.001007
0.001006
0.001005
0.001005
0.000971
0.000984
0.000992
0.000997
0.000998
0.000999
0.000999
0.000999
0.000998
0.000997
0.000997
0.000996
0.000996
0.000995
0.000994
0.000993
0.000993
0.000992
0.000991
0.000991
0.000990
0.000989
0.000989
0.000988
0.000988
0.000987
0.000987
0.000986
0.000985
0.000985
0.000984
0.000984
0.000983
0.000983
0.000982
0.000982
0.000981
0.000981
0.000980
0.000980
0.000980
0.000979
0.000979
0.000978
0.000978
0.000978
0.000977
0.000977
0.000977
0.000976
0.000976
0.000976
0.000975
0.000975
0.000974
0.000974
0.000974
0.000973
0.000973
0.000973
0.000972
0.000972
0.000971
0.000971
0.000971
0.000970
0.000970
0.000970
0.000969
0.000969
0.000969
0.000968
0.000968
0.000968
0.000968
0.000967
0.000967
0.000967
0.000966
0.000966
0.000966
0.000965
0.000965
0.000964
0.000963
0.000963
0.000962
0.000962
0.000962
0.000961
0.000961
0.000961
0.000960
0.000960
0.000960
0.000959
0.000959
0.000958
0.000958
0.000957
0.000957
0.000928
0.000932
0.000934
0.000932
0.000933
0.000933
0.000933
0.000933
0.000933
0.000933
0.000933
0.000933
0.000933
0.000933
0.000933
0.000932
0.000932
0.000931
0.000931
0.000930
0.000930
0.000930
0.000929
0.000929
0.000928
0.000928
0.000927
0.000927
0.000927
0.000926
0.000926
0.000925
0.000925
0.000925
0.000925
0.000924
0.000924
0.000924
0.000923
0.000923
0.000923
0.000923
0.000923
0.000922
0.000922
0.000922
0.000922
0.000921
0.000921
0.000921
0.000921
0.000921
0.000921
0.000920
0.000920
0.000920
0.000920
0.000920
0.000920
0.000919
0.000919
0.000919
0.000919
0.000919
0.000919
0.000918
0.000918
0.000918
0.000918
0.000918
0.000918
0.000918
0.000918
0.000917
0.000917
0.000917
0.000917
0.000917
0.000917
0.000917
0.000917
0.000916
0.000916
0.000916
0.000916
0.000916
0.000916
0.000916
0.000916
0.000915
0.000915
0.000915
0.000915
0.000915
0.000915
0.000914
0.000914
0.000914
0.000914
0.000897
0.000895
0.000894
0.000893
0.000892
0.000892
0.000892
0.000892
0.000892
0.000892
0.000892
0.000891
0.000891
0.000891
0.000891
0.000891
0.000891
0.000891
0.000891
0.000891
0.000890
0.000890
0.000890
0.000890
0.000890
0.000890
0.000890
0.000890
0.000890
0.000889
0.000889
0.000889
0.000889
0.000889
0.000889
0.000889
0.000889
0.000889
0.000889
0.000889
0.000889
0.000888
0.000888
0.000888
0.000888
0.000888
0.000888
0.000888
0.000888
0.000888
0.000888
0.000888
0.000888
0.000888
0.000887
0.000887
0.000887
0.000887
0.000887
0.000887
0.000887
0.000887
0.000887
0.000887
0.000887
0.000887
0.000887
0.000887
0.000887
0.000887
0.000887
0.000886
0.000886
0.000886
0.000886
0.000886
0.000886
0.000886
0.000886
0.000886
0.000886
0.000886
0.000886
0.000886
0.000886
0.000886
0.000886
0.000886
0.000886
0.000886
0.000886
0.000885
0.000885
0.000885
0.000885
0.000885
0.000885
0.000885
0.000885
0.000885
