0.426518
0.272398
0.112818
0.044915
0.026266
0.011545
0.005583
0.003833
0.003287
0.003082
0.002896
0.002763
0.002648
0.002547
0.002469
0.002399
0.002336
0.002284
0.002237
0.002191
0.002152
0.002116
0.002084
0.002054
0.002025
0.001999
0.001976
0.001955
0.001934
0.001913
0.001893
0.001874
0.001857
0.001844
0.001830
0.001815
0.001800
0.001783
0.001765
0.001749
0.001735
0.001721
0.001708
0.001696
0.001682
0.001669
0.001656
0.001644
0.001629
0.001616
0.001602
0.001589
0.001576
0.001563
0.001550
0.001539
0.001527
0.001514
0.001501
0.001488
0.001476
0.001466
0.001457
0.001448
0.001439
0.001429
0.001420
0.001411
0.001402
0.001393
0.001385
0.001378
0.001370
0.001361
0.001353
0.001345
0.001338
0.001332
0.001327
0.001322
0.001317
0.001311
0.001305
0.001300
0.001295
0.001290
0.001285
0.001280
0.001276
0.001272
0.001267
0.001263
0.001259
0.001255
0.001252
0.001248
0.001245
0.001240
0.001238
0.001235
0.001153
0.001126
0.001121
0.001119
0.001119
0.001118
0.001116
0.001113
0.001110
0.001108
0.001105
0.001103
0.001101
0.001099
0.001098
0.001096
0.001095
0.001093
0.001092
0.001091
0.001090
0.001089
0.001088
0.001088
0.001087
0.001086
0.001086
0.001085
0.001084
0.001084
0.001083
0.001083
0.001082
0.001082
0.001081
0.001080
0.001080
0.001079
0.001079
0.001078
0.001077
0.001077
0.001076
0.001075
0.001075
0.001074
0.001073
0.001073
0.001072
0.001071
0.001071
0.001070
0.001070
0.001069
0.001068
0.001068
0.001067
0.001067
0.001066
0.001066
0.001065
0.001065
0.001064
0.001063
0.001063
0.001062
0.001061
0.001061
0.001060
0.001060
0.001059
0.001058
0.001058
0.001057
0.001056
0.001055
0.001055
0.001054
0.001053
0.001052
0.001050
0.001049
0.001048
0.001047
0.001046
0.001045
0.001044
0.001044
0.001043
0.001042
0.001041
0.001040
0.001040
0.001039
0.001039
0.001038
0.001037
0.001037
0.001037
0.001036
0.001011
0.001025
0.001035
0.001036
0.001034
0.001034
0.001033
0.001033
0.001032
0.001032
0.001032
0.001031
0.001031
0.001031
0.001030
0.001030
0.001029
0.001029
0.001028
0.001028
0.001027
0.001027
0.001026
0.001026
0.001025
0.001025
0.001024
0.001024
0.001023
0.001022
0.001022
0.001021
0.001020
0.001020
0.001019
0.001018
0.001017
0.001016
0.001016
0.001015
0.001014
0.001013
0.001012
0.001012
0.001011
0.001010
0.001009
0.001008
0.001007
0.001006
0.001006
0.001005
0.001004
0.001003
0.001002
0.001001
0.001000
0.000999
0.000998
0.000998
0.000997
0.000996
0.000995
0.000995
0.000994
0.000993
0.000993
0.000992
0.000991
0.000991
0.000990
0.000990
0.000989
0.000989
0.000988
0.000988
0.000987
0.000987
0.000986
0.000986
0.000985
0.000985
0.000984
0.000984
0.000984
0.000983
0.000983
0.000982
0.000982
0.000982
0.000981
0.000981
0.000980
0.000980
0.000980
0.000980
0.000979
0.000979
0.000979
0.000978
0.000978
0.000984
0.000984
0.000987
0.000986
0.000982
0.000980
0.000978
0.000977
0.000976
0.000976
0.000975
0.000975
0.000975
0.000974
0.000974
0.000974
0.000973
0.000973
0.000973
0.000973
0.000973
0.000972
0.000972
0.000972
0.000972
0.000972
0.000971
0.000971
0.000971
0.000971
0.000971
0.000971
0.000971
0.000971
0.000970
0.000970
0.000970
0.000970
0.000970
0.000970
0.000970
0.000970
0.000970
0.000969
0.000969
0.000969
0.000969
0.000969
0.000969
0.000969
0.000969
0.000969
0.000969
0.000969
0.000969
0.000968
0.000968
0.000968
0.000968
0.000968
0.000968
0.000968
0.000968
0.000968
0.000968
0.000968
0.000968
0.000968
0.000967
0.000967
0.000967
0.000967
0.000967
0.000967
0.000967
0.000967
0.000967
0.000966
0.000966
0.000966
0.000966
0.000966
0.000966
0.000966
0.000966
0.000966
0.000966
0.000965
0.000965
0.000965
0.000965
0.000965
0.000965
0.000965
0.000965
0.000965
0.000965
0.000964
0.000964
0.000953
0.000947
0.000944
0.000944
0.000945
0.000944
0.000944
0.000944
0.000944
0.000944
0.000944
0.000944
0.000944
0.000944
0.000944
0.000944
0.000944
0.000943
0.000943
0.000943
0.000943
0.000943
0.000943
0.000943
0.000943
0.000943
0.000943
0.000943
0.000943
0.000943
0.000943
0.000943
0.000942
0.000942
0.000942
0.000942
0.000942
0.000942
0.000942
0.000942
0.000942
0.000942
0.000942
0.000942
0.000942
0.000942
0.000941
0.000941
0.000941
0.000941
0.000941
0.000941
0.000941
0.000941
0.000941
0.000941
0.000941
0.000941
0.000941
0.000940
0.000940
0.000940
0.000940
0.000940
0.000940
0.000940
0.000940
0.000940
0.000940
0.000940
0.000939
0.000939
0.000939
0.000939
0.000939
0.000939
0.000939
0.000939
0.000939
0.000939
0.000939
0.000938
0.000938
0.000938
0.000938
0.000938
0.000938
0.000938
0.000938
0.000938
0.000938
0.000937
0.000937
0.000937
0.000937
0.000937
0.000937
0.000937
0.000937
0.000937
