0.540167
0.400698
0.253912
0.087927
0.053980
0.043049
0.036099
0.030511
0.025583
0.021346
0.017795
0.014856
0.012446
0.010488
0.008944
0.007784
0.006965
0.006422
0.006075
0.005853
0.005697
0.005580
0.005477
0.005377
0.005274
0.005164
0.005052
0.004936
0.004815
0.004688
0.004561
0.004442
0.004332
0.004226
0.004129
0.004036
0.003950
0.003869
0.003788
0.003711
0.003638
0.003566
0.003499
0.003433
0.003368
0.003300
0.003223
0.003086
0.002910
0.002778
0.002673
0.002576
0.002509
0.002448
0.002394
0.002351
0.002308
0.002270
0.002235
0.002205
0.002179
0.002151
0.002128
0.002106
0.002084
0.002067
0.002051
0.002033
0.002018
0.002003
0.001990
0.001975
0.001962
0.001950
0.001940
0.001928
0.001917
0.001908
0.001898
0.001889
0.001879
0.001870
0.001862
0.001852
0.001844
0.001838
0.001830
0.001823
0.001816
0.001809
0.001802
0.001795
0.001788
0.001781
0.001775
0.001768
0.001761
0.001755
0.001748
0.001741
0.001713
0.001734
0.001750
0.001745
0.001737
0.001731
0.001728
0.001725
0.001723
0.001719
0.001716
0.001713
0.001709
0.001705
0.001702
0.001698
0.001694
0.001691
0.001688
0.001685
0.001681
0.001677
0.001674
0.001671
0.001668
0.001664
0.001661
0.001658
0.001655
0.001652
0.001648
0.001645
0.001643
0.001640
0.001637
0.001634
0.001631
0.001629
0.001626
0.001624
0.001621
0.001619
0.001616
0.001613
0.001611
0.001608
0.001606
0.001603
0.001601
0.001599
0.001598
0.001596
0.001593
0.001591
0.001589
0.001587
0.001585
0.001582
0.001581
0.001579
0.001576
0.001575
0.001573
0.001571
0.001569
0.001567
0.001565
0.001563
0.001561
0.001559
0.001557
0.001555
0.001552
0.001550
0.001548
0.001546
0.001544
0.001543
0.001541
0.001539
0.001537
0.001535
0.001532
0.001530
0.001528
0.001526
0.001525
0.001523
0.001521
0.001520
0.001518
0.001516
0.001515
0.001513
0.001511
0.001509
0.001507
0.001506
0.001504
0.001503
0.001494
0.001511
0.001514
0.001509
0.001507
0.001506
0.001505
0.001503
0.001502
0.001501
0.001500
0.001499
0.001498
0.001498
0.001497
0.001496
0.001496
0.001495
0.001494
0.001494
0.001493
0.001492
0.001491
0.001491
0.001490
0.001490
0.001489
0.001488
0.001488
0.001487
0.001486
0.001486
0.001486
0.001485
0.001484
0.001484
0.001483
0.001483
0.001483
0.001482
0.001481
0.001481
0.001480
0.001480
0.001479
0.001479
0.001478
0.001478
0.001477
0.001477
0.001476
0.001476
0.001475
0.001475
0.001474
0.001474
0.001473
0.001473
0.001472
0.001472
0.001472
0.001471
0.001470
0.001470
0.001470
0.001470
0.001469
0.001468
0.001468
0.001468
0.001467
0.001466
0.001466
0.001465
0.001465
0.001464
0.001464
0.001463
0.001463
0.001463
0.001462
0.001462
0.001461
0.001461
0.001460
0.001460
0.001460
0.001459
0.001459
0.001458
0.001458
0.001457
0.001457
0.001456
0.001456
0.001455
0.001455
0.001454
0.001454
0.001454
0.001426
0.001414
0.001407
0.001408
0.001408
0.001407
0.001407
0.001407
0.001407
0.001407
0.001406
0.001406
0.001406
0.001406
0.001405
0.001405
0.001405
0.001405
0.001404
0.001404
0.001404
0.001404
0.001404
0.001403
0.001403
0.001403
0.001403
0.001402
0.001402
0.001402
0.001402
0.001401
0.001401
0.001401
0.001401
0.001401
0.001400
0.001400
0.001400
0.001400
0.001399
0.001399
0.001399
0.001399
0.001399
0.001398
0.001398
0.001398
0.001398
0.001397
0.001397
0.001397
0.001397
0.001396
0.001396
0.001396
0.001396
0.001396
0.001395
0.001395
0.001395
0.001395
0.001395
0.001394
0.001394
0.001394
0.001394
0.001393
0.001393
0.001393
0.001393
0.001392
0.001392
0.001392
0.001392
0.001392
0.001391
0.001391
0.001391
0.001391
0.001390
0.001390
0.001390
0.001390
0.001390
0.001389
0.001389
0.001389
0.001388
0.001388
0.001388
0.001388
0.001387
0.001387
0.001387
0.001387
0.001387
0.001386
0.001386
0.001386
0.001377
0.001381
0.001382
0.001381
0.001380
0.001380
0.001379
0.001379
0.001379
0.001379
0.001379
0.001378
0.001378
0.001378
0.001378
0.001378
0.001377
0.001377
0.001377
0.001377
0.001377
0.001376
0.001376
0.001376
0.001376
0.001375
0.001375
0.001375
0.001375
0.001375
0.001374
0.001374
0.001374
0.001374
0.001374
0.001373
0.001373
0.001373
0.001373
0.001373
0.001372
0.001372
0.001372
0.001372
0.001372
0.001372
0.001371
0.001371
0.001371
0.001371
0.001371
0.001370
0.001370
0.001370
0.001370
0.001370
0.001369
0.001369
0.001369
0.001369
0.001369
0.001368
0.001368
0.001368
0.001368
0.001368
0.001368
0.001367
0.001367
0.001367
0.001367
0.001367
0.001366
0.001366
0.001366
0.001366
0.001366
0.001365
0.001365
0.001365
0.001365
0.001365
0.001365
0.001364
0.001364
0.001364
0.001364
0.001364
0.001363
0.001363
0.001363
0.001363
0.001363
0.001363
0.001362
0.001362
0.001362
0.001362
0.001362
0.001361
