0.401756
0.110467
0.042747
0.022179
0.016603
0.013601
0.011779
0.010170
0.009014
0.008098
0.007338
0.006718
0.006220
0.005785
0.005398
0.005060
0.004770
0.004523
0.004316
0.004146
0.004006
0.003886
0.003781
0.003686
0.003601
0.003525
0.003457
0.003396
0.003339
0.003286
0.003238
0.003191
0.003146
0.003103
0.003061
0.003020
0.002980
0.002941
0.002901
0.002863
0.002824
0.002785
0.002747
0.002707
0.002669
0.002629
0.002589
0.002549
0.002507
0.002461
0.002414
0.002368
0.002323
0.002275
0.002230
0.002185
0.002139
0.002094
0.002050
0.002006
0.001963
0.001919
0.001876
0.001834
0.001794
0.001753
0.001713
0.001674
0.001638
0.001602
0.001569
0.001537
0.001507
0.001480
0.001452
0.001424
0.001399
0.001374
0.001350
0.001326
0.001303
0.001280
0.001258
0.001239
0.001218
0.001199
0.001179
0.001161
0.001144
0.001127
0.001112
0.001097
0.001082
0.001069
0.001056
0.001042
0.001031
0.001019
0.001007
0.000997
0.000926
0.000916
0.000903
0.000896
0.000891
0.000885
0.000880
0.000875
0.000870
0.000865
0.000860
0.000856
0.000851
0.000847
0.000843
0.000839
0.000835
0.000831
0.000827
0.000823
0.000819
0.000816
0.000812
0.000809
0.000805
0.000802
0.000799
0.000796
0.000793
0.000791
0.000788
0.000785
0.000782
0.000779
0.000777
0.000774
0.000772
0.000769
0.000767
0.000765
0.000763
0.000761
0.000758
0.000756
0.000754
0.000752
0.000750
0.000748
0.000746
0.000743
0.000741
0.000739
0.000737
0.000735
0.000733
0.000731
0.000729
0.000727
0.000725
0.000723
0.000720
0.000718
0.000716
0.000714
0.000712
0.000709
0.000707
0.000705
0.000703
0.000701
0.000699
0.000697
0.000695
0.000693
0.000691
0.000688
0.000687
0.000684
0.000683
0.000681
0.000679
0.000677
0.000675
0.000674
0.000672
0.000671
0.000669
0.000667
0.000665
0.000664
0.000662
0.000661
0.000659
0.000658
0.000657
0.000655
0.000654
0.000653
0.000652
0.000651
0.000634
0.000633
0.000630
0.000628
0.000628
0.000627
0.000626
0.000626
0.000625
0.000624
0.000624
0.000623
0.000622
0.000622
0.000621
0.000620
0.000620
0.000619
0.000618
0.000617
0.000617
0.000616
0.000615
0.000615
0.000614
0.000613
0.000612
0.000612
0.000611
0.000610
0.000610
0.000609
0.000608
0.000608
0.000607
0.000606
0.000606
0.000605
0.000604
0.000603
0.000603
0.000602
0.000601
0.000601
0.000600
0.000599
0.000598
0.000598
0.000597
0.000596
0.000595
0.000594
0.000593
0.000593
0.000592
0.000591
0.000590
0.000589
0.000589
0.000588
0.000587
0.000586
0.000584
0.000583
0.000582
0.000581
0.000580
0.000579
0.000577
0.000576
0.000575
0.000574
0.000573
0.000571
0.000570
0.000569
0.000568
0.000567
0.000566
0.000565
0.000564
0.000563
0.000562
0.000561
0.000560
0.000560
0.000559
0.000558
0.000558
0.000557
0.000556
0.000555
0.000555
0.000554
0.000553
0.000553
0.000552
0.000551
0.000551
0.000550
0.000544
0.000552
0.000557
0.000558
0.000558
0.000557
0.000557
0.000556
0.000556
0.000556
0.000556
0.000556
0.000555
0.000555
0.000555
0.000555
0.000555
0.000555
0.000554
0.000554
0.000554
0.000554
0.000553
0.000553
0.000553
0.000553
0.000552
0.000552
0.000552
0.000552
0.000551
0.000551
0.000551
0.000550
0.000550
0.000550
0.000549
0.000549
0.000549
0.000549
0.000548
0.000548
0.000548
0.000547
0.000547
0.000547
0.000546
0.000546
0.000546
0.000546
0.000545
0.000545
0.000545
0.000544
0.000544
0.000544
0.000543
0.000543
0.000543
0.000542
0.000542
0.000542
0.000541
0.000541
0.000541
0.000541
0.000540
0.000540
0.000540
0.000539
0.000539
0.000539
0.000539
0.000538
0.000538
0.000538
0.000538
0.000537
0.000537
0.000537
0.000536
0.000536
0.000536
0.000536
0.000535
0.000535
0.000535
0.000535
0.000534
0.000534
0.000534
0.000534
0.000534
0.000533
0.000533
0.000533
0.000533
0.000532
0.000532
0.000532
0.000524
0.000514
0.000510
0.000511
0.000510
0.000510
0.000510
0.000510
0.000510
0.000510
0.000510
0.000509
0.000509
0.000509
0.000509
0.000509
0.000509
0.000509
0.000509
0.000509
0.000508
0.000508
0.000508
0.000508
0.000508
0.000508
0.000508
0.000508
0.000508
0.000507
0.000507
0.000507
0.000507
0.000507
0.000507
0.000507
0.000507
0.000506
0.000506
0.000506
0.000506
0.000506
0.000506
0.000506
0.000506
0.000506
0.000505
0.000505
0.000505
0.000505
0.000505
0.000505
0.000505
0.000505
0.000504
0.000504
0.000504
0.000504
0.000504
0.000504
0.000504
0.000504
0.000504
0.000503
0.000503
0.000503
0.000503
0.000503
0.000503
0.000503
0.000502
0.000502
0.000502
0.000502
0.000502
0.000502
0.000502
0.000502
0.000501
0.000501
0.000501
0.000501
0.000501
0.000501
0.000501
0.000500
0.000500
0.000500
0.000500
0.000500
0.000500
0.000499
0.000499
0.000499
0.000499
0.000499
0.000499
0.000499
0.000498
0.000498
