0.559902
0.404588
0.218705
0.115878
0.067923
0.032833
0.015629
0.009796
0.007869
0.007193
0.006923
0.006760
0.006630
0.006511
0.006403
0.006307
0.006223
0.006147
0.006073
0.006002
0.005931
0.005867
0.005806
0.005743
0.005681
0.005618
0.005553
0.005494
0.005439
0.005384
0.005327
0.005266
0.005203
0.005139
0.005076
0.005010
0.004945
0.004883
0.004820
0.004757
0.004696
0.004632
0.004558
0.004476
0.004389
0.004286
0.004175
0.004061
0.003941
0.003820
0.003700
0.003583
0.003474
0.003373
0.003282
0.003198
0.003122
0.003054
0.002990
0.002932
0.002879
0.002830
0.002783
0.002739
0.002699
0.002660
0.002621
0.002585
0.002552
0.002519
0.002491
0.002459
0.002432
0.002406
0.002382
0.002361
0.002339
0.002318
0.002302
0.002285
0.002271
0.002256
0.002242
0.002227
0.002216
0.002204
0.002191
0.002181
0.002171
0.002162
0.002152
0.002140
0.002132
0.002124
0.002115
0.002107
0.002100
0.002089
0.002081
0.002070
0.001999
0.001971
0.001968
0.001966
0.001961
0.001958
0.001955
0.001952
0.001950
0.001947
0.001944
0.001941
0.001938
0.001935
0.001933
0.001930
0.001928
0.001925
0.001923
0.001920
0.001918
0.001915
0.001912
0.001910
0.001907
0.001905
0.001902
0.001899
0.001897
0.001895
0.001892
0.001889
0.001886
0.001885
0.001882
0.001879
0.001876
0.001872
0.001870
0.001867
0.001864
0.001862
0.001859
0.001856
0.001853
0.001851
0.001849
0.001846
0.001844
0.001841
0.001839
0.001836
0.001833
0.001830
0.001827
0.001824
0.001822
0.001819
0.001817
0.001815
0.001813
0.001812
0.001809
0.001807
0.001805
0.001803
0.001801
0.001800
0.001797
0.001795
0.001793
0.001792
0.001790
0.001788
0.001785
0.001783
0.001782
0.001780
0.001778
0.001776
0.001773
0.001771
0.001769
0.001767
0.001766
0.001764
0.001762
0.001759
0.001757
0.001755
0.001753
0.001750
0.001748
0.001746
0.001745
0.001743
0.001742
0.001740
0.001737
0.001735
0.001711
0.001683
0.001670
0.001669
0.001668
0.001667
0.001666
0.001665
0.001664
0.001662
0.001661
0.001660
0.001659
0.001658
0.001657
0.001656
0.001655
0.001654
0.001653
0.001652
0.001651
0.001649
0.001649
0.001647
0.001646
0.001645
0.001644
0.001643
0.001642
0.001641
0.001640
0.001639
0.001638
0.001637
0.001636
0.001635
0.001634
0.001633
0.001632
0.001631
0.001630
0.001629
0.001628
0.001627
0.001626
0.001625
0.001624
0.001623
0.001622
0.001621
0.001620
0.001619
0.001618
0.001617
0.001616
0.001615
0.001614
0.001613
0.001612
0.001611
0.001610
0.001609
0.001608
0.001607
0.001606
0.001605
0.001604
0.001603
0.001602
0.001601
0.001600
0.001599
0.001598
0.001597
0.001596
0.001595
0.001594
0.001593
0.001592
0.001591
0.001590
0.001589
0.001588
0.001587
0.001586
0.001585
0.001585
0.001584
0.001583
0.001582
0.001581
0.001580
0.001579
0.001578
0.001577
0.001576
0.001575
0.001574
0.001574
0.001572
0.001562
0.001564
0.001566
0.001564
0.001563
0.001562
0.001561
0.001561
0.001560
0.001560
0.001559
0.001558
0.001558
0.001557
0.001556
0.001555
0.001555
0.001554
0.001553
0.001553
0.001552
0.001552
0.001551
0.001550
0.001550
0.001549
0.001548
0.001548
0.001547
0.001547
0.001546
0.001546
0.001545
0.001544
0.001544
0.001543
0.001543
0.001542
0.001541
0.001541
0.001540
0.001540
0.001539
0.001538
0.001538
0.001537
0.001537
0.001536
0.001536
0.001535
0.001534
0.001534
0.001533
0.001533
0.001532
0.001532
0.001531
0.001531
0.001530
0.001530
0.001529
0.001529
0.001528
0.001528
0.001527
0.001527
0.001526
0.001526
0.001525
0.001525
0.001524
0.001524
0.001523
0.001523
0.001522
0.001522
0.001521
0.001521
0.001520
0.001520
0.001519
0.001519
0.001519
0.001518
0.001517
0.001517
0.001517
0.001516
0.001516
0.001515
0.001515
0.001514
0.001514
0.001514
0.001513
0.001513
0.001512
0.001512
0.001511
0.001511
0.001507
0.001514
0.001516
0.001515
0.001513
0.001513
0.001512
0.001512
0.001512
0.001512
0.001512
0.001511
0.001511
0.001511
0.001511
0.001510
0.001510
0.001510
0.001510
0.001509
0.001509
0.001509
0.001509
0.001508
0.001508
0.001508
0.001508
0.001507
0.001507
0.001507
0.001507
0.001506
0.001506
0.001506
0.001506
0.001506
0.001505
0.001505
0.001505
0.001505
0.001505
0.001504
0.001504
0.001504
0.001504
0.001504
0.001503
0.001503
0.001503
0.001503
0.001503
0.001502
0.001502
0.001502
0.001502
0.001502
0.001501
0.001501
0.001501
0.001501
0.001501
0.001500
0.001500
0.001500
0.001500
0.001500
0.001499
0.001499
0.001499
0.001499
0.001499
0.001498
0.001498
0.001498
0.001498
0.001498
0.001498
0.001497
0.001497
0.001497
0.001497
0.001497
0.001496
0.001496
0.001496
0.001496
0.001496
0.001496
0.001495
0.001495
0.001495
0.001495
0.001495
0.001494
0.001494
0.001494
0.001494
0.001494
0.001494
0.001493
