0.406916
0.118665
0.041101
0.021799
0.010809
0.005901
0.003860
0.003326
0.003066
0.002843
0.002655
0.002488
0.002349
0.002244
0.002159
0.002080
0.002013
0.001966
0.001923
0.001885
0.001850
0.001813
0.001779
0.001744
0.001713
0.001683
0.001654
0.001625
0.001596
0.001564
0.001530
0.001495
0.001463
0.001435
0.001412
0.001390
0.001373
0.001359
0.001347
0.001336
0.001327
0.001319
0.001311
0.001307
0.001300
0.001292
0.001282
0.001274
0.001264
0.001255
0.001249
0.001243
0.001235
0.001228
0.001218
0.001209
0.001203
0.001199
0.001196
0.001195
0.001192
0.001186
0.001181
0.001177
0.001172
0.001165
0.001159
0.001155
0.001153
0.001149
0.001144
0.001137
0.001134
0.001132
0.001130
0.001129
0.001127
0.001123
0.001119
0.001117
0.001116
0.001116
0.001114
0.001112
0.001109
0.001106
0.001103
0.001100
0.001100
0.001098
0.001097
0.001095
0.001090
0.001085
0.001084
0.001080
0.001079
0.001077
0.001077
0.001078
0.000991
0.000990
0.000976
0.000975
0.000977
0.000974
0.000973
0.000973
0.000972
0.000971
0.000971
0.000971
0.000971
0.000971
0.000971
0.000971
0.000971
0.000972
0.000972
0.000972
0.000973
0.000973
0.000973
0.000974
0.000974
0.000975
0.000976
0.000976
0.000977
0.000977
0.000977
0.000978
0.000978
0.000978
0.000978
0.000978
0.000978
0.000978
0.000977
0.000977
0.000977
0.000977
0.000977
0.000977
0.000977
0.000976
0.000976
0.000975
0.000975
0.000974
0.000974
0.000973
0.000973
0.000973
0.000972
0.000971
0.000971
0.000970
0.000970
0.000969
0.000969
0.000969
0.000968
0.000968
0.000967
0.000967
0.000966
0.000966
0.000965
0.000964
0.000964
0.000963
0.000962
0.000961
0.000962
0.000961
0.000960
0.000960
0.000960
0.000959
0.000959
0.000958
0.000958
0.000957
0.000956
0.000956
0.000955
0.000955
0.000955
0.000954
0.000954
0.000954
0.000954
0.000954
0.000953
0.000953
0.000952
0.000952
0.000951
0.000951
0.000912
0.000917
0.000922
0.000924
0.000923
0.000922
0.000921
0.000920
0.000919
0.000919
0.000918
0.000917
0.000916
0.000916
0.000915
0.000914
0.000913
0.000913
0.000912
0.000911
0.000910
0.000910
0.000909
0.000908
0.000908
0.000907
0.000906
0.000906
0.000905
0.000904
0.000904
0.000903
0.000903
0.000902
0.000902
0.000901
0.000901
0.000900
0.000900
0.000899
0.000899
0.000898
0.000898
0.000897
0.000897
0.000897
0.000896
0.000896
0.000896
0.000895
0.000895
0.000895
0.000894
0.000894
0.000894
0.000893
0.000893
0.000893
0.000892
0.000892
0.000892
0.000891
0.000891
0.000890
0.000890
0.000890
0.000889
0.000889
0.000889
0.000889
0.000888
0.000888
0.000888
0.000887
0.000887
0.000886
0.000886
0.000886
0.000886
0.000886
0.000885
0.000885
0.000885
0.000884
0.000884
0.000884
0.000883
0.000883
0.000883
0.000883
0.000882
0.000882
0.000882
0.000882
0.000881
0.000881
0.000881
0.000881
0.000880
0.000880
0.000864
0.000874
0.000880
0.000883
0.000886
0.000887
0.000887
0.000887
0.000887
0.000887
0.000888
0.000888
0.000888
0.000889
0.000889
0.000889
0.000889
0.000889
0.000890
0.000890
0.000890
0.000890
0.000890
0.000890
0.000890
0.000890
0.000890
0.000890
0.000890
0.000890
0.000889
0.000889
0.000889
0.000889
0.000889
0.000888
0.000888
0.000888
0.000887
0.000887
0.000887
0.000887
0.000886
0.000886
0.000886
0.000885
0.000885
0.000885
0.000885
0.000885
0.000885
0.000884
0.000884
0.000884
0.000884
0.000883
0.000883
0.000883
0.000883
0.000883
0.000883
0.000882
0.000882
0.000882
0.000882
0.000882
0.000882
0.000882
0.000881
0.000881
0.000881
0.000881
0.000881
0.000881
0.000881
0.000880
0.000880
0.000880
0.000880
0.000880
0.000880
0.000880
0.000880
0.000880
0.000879
0.000879
0.000879
0.000879
0.000879
0.000879
0.000879
0.000879
0.000879
0.000878
0.000878
0.000878
0.000878
0.000878
0.000878
0.000878
0.000856
0.000843
0.000841
0.000842
0.000842
0.000842
0.000842
0.000842
0.000842
0.000842
0.000842
0.000842
0.000842
0.000842
0.000842
0.000842
0.000842
0.000842
0.000842
0.000842
0.000842
0.000842
0.000842
0.000841
0.000842
0.000841
0.000841
0.000841
0.000841
0.000841
0.000841
0.000841
0.000841
0.000841
0.000841
0.000841
0.000841
0.000841
0.000841
0.000841
0.000841
0.000841
0.000842
0.000842
0.000842
0.000842
0.000842
0.000842
0.000842
0.000842
0.000842
0.000842
0.000842
0.000842
0.000842
0.000842
0.000842
0.000842
0.000842
0.000842
0.000842
0.000842
0.000842
0.000842
0.000842
0.000842
0.000842
0.000842
0.000842
0.000842
0.000842
0.000842
0.000842
0.000842
0.000842
0.000842
0.000842
0.000842
0.000843
0.000842
0.000843
0.000843
0.000843
0.000843
0.000843
0.000843
0.000843
0.000843
0.000843
0.000843
0.000843
0.000843
0.000843
0.000843
0.000843
0.000843
0.000843
0.000843
0.000843
0.000843
