0.446034
0.167004
0.038154
0.017132
0.009506
0.006604
0.005630
0.005160
0.004880
0.004622
0.004375
0.004148
0.003928
0.003710
0.003497
0.003291
0.003097
0.002922
0.002768
0.002636
0.002527
0.002433
0.002347
0.002269
0.002193
0.002116
0.002043
0.001971
0.001901
0.001832
0.001763
0.001697
0.001632
0.001567
0.001506
0.001452
0.001399
0.001350
0.001302
0.001258
0.001215
0.001173
0.001135
0.001102
0.001074
0.001049
0.001028
0.001010
0.000993
0.000979
0.000967
0.000954
0.000939
0.000923
0.000906
0.000886
0.000869
0.000853
0.000839
0.000832
0.000826
0.000822
0.000819
0.000813
0.000804
0.000795
0.000788
0.000784
0.000779
0.000775
0.000769
0.000765
0.000760
0.000757
0.000755
0.000751
0.000746
0.000741
0.000736
0.000732
0.000729
0.000725
0.000721
0.000719
0.000716
0.000711
0.000708
0.000704
0.000702
0.000700
0.000698
0.000696
0.000694
0.000691
0.000689
0.000687
0.000681
0.000678
0.000674
0.000672
0.000612
0.000602
0.000609
0.000612
0.000612
0.000612
0.000610
0.000609
0.000608
0.000606
0.000605
0.000604
0.000602
0.000600
0.000599
0.000597
0.000596
0.000594
0.000592
0.000591
0.000589
0.000587
0.000584
0.000582
0.000581
0.000578
0.000576
0.000575
0.000573
0.000571
0.000569
0.000568
0.000566
0.000564
0.000563
0.000561
0.000559
0.000558
0.000556
0.000555
0.000553
0.000552
0.000550
0.000549
0.000548
0.000547
0.000546
0.000545
0.000544
0.000544
0.000543
0.000542
0.000542
0.000541
0.000541
0.000540
0.000540
0.000539
0.000539
0.000538
0.000538
0.000538
0.000538
0.000537
0.000537
0.000537
0.000537
0.000537
0.000537
0.000538
0.000538
0.000538
0.000538
0.000539
0.000539
0.000539
0.000539
0.000540
0.000541
0.000541
0.000542
0.000542
0.000542
0.000542
0.000542
0.000542
0.000542
0.000542
0.000542
0.000542
0.000542
0.000542
0.000542
0.000541
0.000541
0.000541
0.000541
0.000541
0.000541
0.000540
0.000525
0.000529
0.000517
0.000517
0.000516
0.000516
0.000516
0.000516
0.000516
0.000516
0.000516
0.000516
0.000516
0.000516
0.000516
0.000516
0.000516
0.000516
0.000516
0.000516
0.000516
0.000516
0.000516
0.000516
0.000516
0.000517
0.000517
0.000517
0.000517
0.000517
0.000517
0.000517
0.000517
0.000517
0.000518
0.000517
0.000517
0.000518
0.000518
0.000518
0.000518
0.000518
0.000518
0.000518
0.000518
0.000518
0.000518
0.000518
0.000518
0.000518
0.000518
0.000518
0.000518
0.000518
0.000518
0.000518
0.000517
0.000517
0.000517
0.000517
0.000517
0.000517
0.000517
0.000517
0.000517
0.000517
0.000517
0.000517
0.000517
0.000516
0.000517
0.000516
0.000516
0.000516
0.000516
0.000516
0.000515
0.000516
0.000515
0.000515
0.000515
0.000515
0.000515
0.000515
0.000515
0.000515
0.000514
0.000514
0.000514
0.000514
0.000514
0.000514
0.000514
0.000513
0.000513
0.000513
0.000513
0.000513
0.000513
0.000512
0.000501
0.000507
0.000516
0.000522
0.000526
0.000528
0.000529
0.000529
0.000529
0.000528
0.000528
0.000527
0.000526
0.000526
0.000525
0.000524
0.000523
0.000523
0.000522
0.000522
0.000521
0.000521
0.000520
0.000520
0.000519
0.000519
0.000519
0.000518
0.000518
0.000518
0.000518
0.000517
0.000517
0.000517
0.000517
0.000516
0.000516
0.000516
0.000515
0.000515
0.000515
0.000515
0.000515
0.000515
0.000515
0.000515
0.000514
0.000514
0.000514
0.000514
0.000514
0.000514
0.000514
0.000514
0.000513
0.000513
0.000513
0.000513
0.000513
0.000513
0.000513
0.000512
0.000512
0.000512
0.000512
0.000512
0.000511
0.000511
0.000511
0.000511
0.000511
0.000511
0.000510
0.000510
0.000509
0.000509
0.000509
0.000508
0.000508
0.000508
0.000507
0.000506
0.000504
0.000503
0.000502
0.000501
0.000498
0.000496
0.000493
0.000491
0.000490
0.000488
0.000487
0.000486
0.000485
0.000484
0.000484
0.000483
0.000482
0.000481
0.000477
0.000466
0.000464
0.000464
0.000463
0.000463
0.000463
0.000463
0.000462
0.000462
0.000462
0.000462
0.000462
0.000462
0.000461
0.000461
0.000461
0.000461
0.000461
0.000461
0.000461
0.000460
0.000460
0.000460
0.000460
0.000460
0.000460
0.000460
0.000459
0.000459
0.000459
0.000459
0.000459
0.000459
0.000459
0.000459
0.000458
0.000458
0.000458
0.000458
0.000458
0.000458
0.000457
0.000457
0.000457
0.000457
0.000457
0.000457
0.000457
0.000456
0.000456
0.000456
0.000456
0.000456
0.000456
0.000456
0.000455
0.000455
0.000455
0.000455
0.000455
0.000455
0.000455
0.000454
0.000454
0.000454
0.000454
0.000454
0.000454
0.000453
0.000453
0.000453
0.000453
0.000453
0.000452
0.000452
0.000452
0.000452
0.000452
0.000451
0.000451
0.000451
0.000451
0.000451
0.000450
0.000450
0.000450
0.000450
0.000449
0.000449
0.000448
0.000448
0.000447
0.000446
0.000445
0.000444
0.000443
0.000441
0.000440
0.000438
