0.380969
0.195502
0.118294
0.074296
0.047760
0.023918
0.007576
0.004571
0.003772
0.003217
0.002863
0.002629
0.002536
0.002483
0.002424
0.002368
0.002317
0.002267
0.002215
0.002162
0.002113
0.002067
0.002025
0.001992
0.001961
0.001932
0.001903
0.001874
0.001844
0.001815
0.001791
0.001770
0.001752
0.001732
0.001709
0.001683
0.001660
0.001639
0.001619
0.001600
0.001581
0.001564
0.001548
0.001528
0.001510
0.001495
0.001481
0.001465
0.001448
0.001433
0.001421
0.001410
0.001401
0.001391
0.001382
0.001374
0.001366
0.001357
0.001349
0.001341
0.001334
0.001325
0.001317
0.001310
0.001304
0.001300
0.001295
0.001292
0.001288
0.001284
0.001280
0.001277
0.001274
0.001271
0.001269
0.001268
0.001265
0.001263
0.001260
0.001257
0.001254
0.001252
0.001251
0.001249
0.001246
0.001244
0.001243
0.001241
0.001239
0.001237
0.001234
0.001232
0.001229
0.001226
0.001222
0.001220
0.001217
0.001213
0.001210
0.001207
0.001113
0.001065
0.001067
0.001065
0.001067
0.001065
0.001063
0.001062
0.001060
0.001059
0.001058
0.001057
0.001056
0.001055
0.001054
0.001053
0.001052
0.001052
0.001051
0.001051
0.001050
0.001049
0.001049
0.001048
0.001048
0.001047
0.001047
0.001046
0.001046
0.001045
0.001045
0.001044
0.001043
0.001042
0.001041
0.001040
0.001039
0.001039
0.001038
0.001037
0.001036
0.001035
0.001035
0.001034
0.001034
0.001033
0.001033
0.001032
0.001032
0.001031
0.001031
0.001031
0.001030
0.001030
0.001030
0.001030
0.001030
0.001029
0.001029
0.001029
0.001029
0.001029
0.001029
0.001030
0.001029
0.001030
0.001030
0.001030
0.001030
0.001030
0.001031
0.001031
0.001031
0.001031
0.001032
0.001032
0.001032
0.001033
0.001033
0.001033
0.001033
0.001033
0.001032
0.001033
0.001033
0.001033
0.001033
0.001034
0.001033
0.001033
0.001033
0.001033
0.001033
0.001034
0.001034
0.001034
0.001034
0.001034
0.001034
0.001034
0.000996
0.001001
0.001003
0.001003
0.001003
0.001002
0.001002
0.001002
0.001002
0.001002
0.001002
0.001001
0.001001
0.001001
0.001000
0.001000
0.001000
0.000999
0.000999
0.000998
0.000998
0.000997
0.000997
0.000996
0.000996
0.000995
0.000994
0.000994
0.000993
0.000992
0.000992
0.000991
0.000990
0.000990
0.000989
0.000988
0.000988
0.000987
0.000987
0.000986
0.000986
0.000985
0.000985
0.000984
0.000984
0.000984
0.000983
0.000983
0.000982
0.000982
0.000982
0.000981
0.000981
0.000980
0.000980
0.000980
0.000979
0.000979
0.000978
0.000978
0.000977
0.000977
0.000977
0.000976
0.000975
0.000975
0.000974
0.000974
0.000973
0.000973
0.000972
0.000972
0.000971
0.000971
0.000970
0.000970
0.000970
0.000969
0.000969
0.000968
0.000968
0.000968
0.000967
0.000967
0.000967
0.000966
0.000966
0.000966
0.000965
0.000965
0.000965
0.000965
0.000964
0.000964
0.000964
0.000963
0.000963
0.000963
0.000963
0.000962
0.000958
0.000964
0.000960
0.000960
0.000961
0.000961
0.000961
0.000961
0.000961
0.000961
0.000961
0.000960
0.000960
0.000960
0.000960
0.000960
0.000960
0.000960
0.000960
0.000959
0.000959
0.000959
0.000959
0.000959
0.000959
0.000959
0.000959
0.000959
0.000959
0.000958
0.000958
0.000958
0.000958
0.000958
0.000958
0.000958
0.000958
0.000958
0.000958
0.000958
0.000958
0.000958
0.000957
0.000957
0.000957
0.000957
0.000957
0.000957
0.000957
0.000957
0.000957
0.000957
0.000957
0.000957
0.000957
0.000957
0.000957
0.000957
0.000956
0.000956
0.000956
0.000956
0.000956
0.000956
0.000956
0.000955
0.000955
0.000955
0.000955
0.000955
0.000955
0.000955
0.000955
0.000954
0.000954
0.000954
0.000954
0.000954
0.000954
0.000953
0.000953
0.000953
0.000953
0.000953
0.000953
0.000952
0.000952
0.000952
0.000952
0.000952
0.000952
0.000951
0.000951
0.000951
0.000951
0.000951
0.000950
0.000950
0.000950
0.000950
0.000948
0.000947
0.000944
0.000941
0.000939
0.000939
0.000939
0.000939
0.000938
0.000938
0.000938
0.000938
0.000938
0.000937
0.000937
0.000937
0.000937
0.000937
0.000936
0.000936
0.000936
0.000936
0.000936
0.000936
0.000936
0.000935
0.000935
0.000935
0.000935
0.000935
0.000935
0.000935
0.000935
0.000934
0.000934
0.000934
0.000934
0.000934
0.000934
0.000934
0.000934
0.000933
0.000933
0.000933
0.000933
0.000933
0.000933
0.000933
0.000933
0.000933
0.000932
0.000932
0.000932
0.000932
0.000932
0.000932
0.000932
0.000932
0.000931
0.000931
0.000931
0.000931
0.000931
0.000931
0.000931
0.000931
0.000930
0.000930
0.000930
0.000930
0.000930
0.000930
0.000930
0.000930
0.000929
0.000929
0.000929
0.000929
0.000929
0.000929
0.000929
0.000929
0.000928
0.000928
0.000928
0.000928
0.000928
0.000928
0.000928
0.000928
0.000927
0.000927
0.000927
0.000927
0.000927
0.000927
0.000927
0.000927
0.000926
0.000926
