0.361727
0.177673
0.047484
0.027290
0.014625
0.007654
0.004873
0.003498
0.002933
0.002711
0.002545
0.002425
0.002330
0.002252
0.002186
0.002127
0.002074
0.002022
0.001976
0.001934
0.001894
0.001855
0.001818
0.001785
0.001756
0.001731
0.001706
0.001682
0.001663
0.001643
0.001622
0.001600
0.001573
0.001546
0.001518
0.001491
0.001468
0.001446
0.001426
0.001408
0.001394
0.001383
0.001374
0.001364
0.001355
0.001342
0.001327
0.001310
0.001295
0.001280
0.001264
0.001251
0.001239
0.001228
0.001218
0.001209
0.001201
0.001193
0.001184
0.001175
0.001165
0.001152
0.001140
0.001129
0.001118
0.001107
0.001097
0.001088
0.001081
0.001072
0.001065
0.001057
0.001050
0.001042
0.001035
0.001028
0.001021
0.001015
0.001009
0.001003
0.000998
0.000993
0.000988
0.000984
0.000981
0.000979
0.000975
0.000973
0.000970
0.000969
0.000967
0.000967
0.000965
0.000964
0.000963
0.000960
0.000961
0.000958
0.000957
0.000956
0.000949
0.000940
0.000925
0.000923
0.000923
0.000921
0.000921
0.000920
0.000919
0.000918
0.000917
0.000917
0.000916
0.000915
0.000915
0.000914
0.000914
0.000913
0.000912
0.000912
0.000912
0.000911
0.000911
0.000910
0.000910
0.000910
0.000910
0.000910
0.000910
0.000910
0.000910
0.000910
0.000910
0.000910
0.000910
0.000910
0.000910
0.000911
0.000911
0.000911
0.000911
0.000911
0.000912
0.000912
0.000913
0.000913
0.000913
0.000913
0.000914
0.000914
0.000914
0.000914
0.000914
0.000914
0.000915
0.000914
0.000914
0.000914
0.000914
0.000914
0.000913
0.000913
0.000913
0.000913
0.000913
0.000913
0.000913
0.000912
0.000912
0.000912
0.000911
0.000911
0.000911
0.000910
0.000910
0.000910
0.000909
0.000909
0.000908
0.000908
0.000908
0.000907
0.000907
0.000907
0.000906
0.000906
0.000906
0.000906
0.000905
0.000905
0.000905
0.000905
0.000905
0.000904
0.000903
0.000903
0.000903
0.000902
0.000902
0.000902
0.000870
0.000878
0.000885
0.000886
0.000885
0.000883
0.000882
0.000881
0.000881
0.000881
0.000880
0.000880
0.000880
0.000879
0.000879
0.000878
0.000878
0.000878
0.000877
0.000877
0.000876
0.000876
0.000875
0.000875
0.000874
0.000873
0.000873
0.000872
0.000872
0.000871
0.000871
0.000870
0.000869
0.000869
0.000868
0.000868
0.000867
0.000867
0.000866
0.000866
0.000865
0.000865
0.000864
0.000864
0.000863
0.000863
0.000863
0.000862
0.000862
0.000862
0.000861
0.000861
0.000861
0.000860
0.000860
0.000859
0.000859
0.000859
0.000859
0.000858
0.000858
0.000857
0.000857
0.000857
0.000856
0.000856
0.000856
0.000856
0.000856
0.000855
0.000855
0.000855
0.000855
0.000854
0.000854
0.000854
0.000854
0.000854
0.000853
0.000853
0.000853
0.000852
0.000852
0.000852
0.000852
0.000851
0.000851
0.000851
0.000850
0.000850
0.000850
0.000850
0.000850
0.000850
0.000849
0.000849
0.000849
0.000849
0.000848
0.000848
0.000846
0.000857
0.000865
0.000871
0.000873
0.000873
0.000871
0.000868
0.000865
0.000862
0.000860
0.000858
0.000856
0.000855
0.000854
0.000853
0.000853
0.000852
0.000852
0.000851
0.000851
0.000851
0.000850
0.000850
0.000850
0.000849
0.000849
0.000849
0.000849
0.000848
0.000848
0.000848
0.000848
0.000848
0.000847
0.000847
0.000847
0.000847
0.000847
0.000847
0.000847
0.000847
0.000846
0.000846
0.000846
0.000846
0.000846
0.000846
0.000846
0.000846
0.000846
0.000846
0.000845
0.000845
0.000845
0.000845
0.000845
0.000845
0.000845
0.000845
0.000845
0.000845
0.000845
0.000844
0.000844
0.000844
0.000844
0.000844
0.000844
0.000844
0.000844
0.000844
0.000843
0.000843
0.000843
0.000843
0.000843
0.000843
0.000843
0.000843
0.000843
0.000843
0.000842
0.000842
0.000842
0.000842
0.000842
0.000842
0.000841
0.000841
0.000841
0.000841
0.000841
0.000841
0.000841
0.000841
0.000840
0.000840
0.000840
0.000840
0.000826
0.000820
0.000816
0.000817
0.000817
0.000817
0.000817
0.000817
0.000817
0.000816
0.000816
0.000816
0.000816
0.000816
0.000816
0.000816
0.000816
0.000816
0.000816
0.000816
0.000816
0.000816
0.000816
0.000816
0.000815
0.000815
0.000815
0.000815
0.000815
0.000815
0.000815
0.000815
0.000815
0.000815
0.000815
0.000815
0.000815
0.000815
0.000815
0.000815
0.000815
0.000815
0.000814
0.000814
0.000814
0.000814
0.000814
0.000814
0.000814
0.000814
0.000814
0.000814
0.000814
0.000814
0.000814
0.000814
0.000814
0.000814
0.000814
0.000814
0.000814
0.000814
0.000814
0.000814
0.000814
0.000814
0.000814
0.000814
0.000814
0.000813
0.000813
0.000813
0.000813
0.000813
0.000813
0.000813
0.000813
0.000813
0.000813
0.000813
0.000813
0.000813
0.000813
0.000813
0.000813
0.000813
0.000813
0.000813
0.000813
0.000813
0.000813
0.000813
0.000813
0.000813
0.000813
0.000813
0.000813
0.000813
0.000813
0.000813
