0.426282
0.212926
0.066041
0.020150
0.009079
0.006999
0.006101
0.005601
0.005166
0.004829
0.004524
0.004259
0.004026
0.003821
0.003645
0.003493
0.003361
0.003238
0.003131
0.003025
0.002930
0.002841
0.002760
0.002684
0.002607
0.002536
0.002472
0.002413
0.002358
0.002308
0.002259
0.002211
0.002169
0.002128
0.002089
0.002053
0.002021
0.001991
0.001961
0.001933
0.001903
0.001877
0.001852
0.001830
0.001809
0.001791
0.001777
0.001766
0.001753
0.001738
0.001723
0.001710
0.001696
0.001686
0.001675
0.001665
0.001653
0.001640
0.001629
0.001616
0.001605
0.001596
0.001587
0.001578
0.001568
0.001558
0.001549
0.001539
0.001530
0.001522
0.001514
0.001507
0.001500
0.001494
0.001488
0.001481
0.001474
0.001466
0.001458
0.001450
0.001442
0.001434
0.001425
0.001417
0.001407
0.001398
0.001389
0.001381
0.001376
0.001370
0.001365
0.001356
0.001352
0.001343
0.001338
0.001330
0.001325
0.001316
0.001310
0.001304
0.001235
0.001217
0.001210
0.001209
0.001209
0.001206
0.001203
0.001201
0.001200
0.001197
0.001196
0.001194
0.001192
0.001191
0.001190
0.001188
0.001187
0.001185
0.001184
0.001182
0.001181
0.001179
0.001179
0.001177
0.001176
0.001175
0.001173
0.001172
0.001171
0.001169
0.001168
0.001167
0.001166
0.001165
0.001164
0.001163
0.001161
0.001160
0.001159
0.001158
0.001157
0.001156
0.001155
0.001153
0.001152
0.001152
0.001150
0.001149
0.001149
0.001147
0.001146
0.001146
0.001144
0.001143
0.001142
0.001142
0.001140
0.001139
0.001138
0.001137
0.001136
0.001136
0.001135
0.001135
0.001134
0.001133
0.001132
0.001131
0.001131
0.001130
0.001129
0.001129
0.001128
0.001128
0.001127
0.001126
0.001126
0.001125
0.001125
0.001124
0.001124
0.001123
0.001122
0.001122
0.001121
0.001120
0.001119
0.001118
0.001117
0.001116
0.001115
0.001115
0.001114
0.001113
0.001112
0.001111
0.001110
0.001110
0.001109
0.001108
0.001084
0.001093
0.001097
0.001097
0.001098
0.001098
0.001099
0.001099
0.001099
0.001099
0.001099
0.001099
0.001099
0.001099
0.001098
0.001097
0.001097
0.001096
0.001095
0.001094
0.001092
0.001092
0.001091
0.001090
0.001089
0.001088
0.001087
0.001086
0.001085
0.001085
0.001084
0.001083
0.001083
0.001082
0.001082
0.001081
0.001080
0.001080
0.001079
0.001079
0.001078
0.001078
0.001078
0.001077
0.001077
0.001076
0.001076
0.001075
0.001075
0.001075
0.001074
0.001073
0.001073
0.001072
0.001072
0.001072
0.001071
0.001071
0.001070
0.001070
0.001069
0.001069
0.001069
0.001068
0.001068
0.001067
0.001067
0.001067
0.001066
0.001066
0.001066
0.001065
0.001065
0.001064
0.001064
0.001063
0.001063
0.001062
0.001062
0.001061
0.001060
0.001060
0.001059
0.001059
0.001058
0.001058
0.001058
0.001057
0.001057
0.001056
0.001056
0.001056
0.001056
0.001055
0.001054
0.001053
0.001053
0.001052
0.001051
0.001050
0.001037
0.001011
0.001008
0.001009
0.001007
0.001007
0.001007
0.001007
0.001006
0.001006
0.001006
0.001005
0.001005
0.001005
0.001005
0.001004
0.001004
0.001004
0.001003
0.001003
0.001003
0.001002
0.001002
0.001002
0.001002
0.001001
0.001001
0.001001
0.001000
0.001000
0.001000
0.000999
0.000999
0.000999
0.000998
0.000998
0.000998
0.000997
0.000997
0.000997
0.000996
0.000996
0.000996
0.000995
0.000995
0.000995
0.000994
0.000994
0.000993
0.000993
0.000993
0.000992
0.000992
0.000992
0.000991
0.000991
0.000991
0.000990
0.000990
0.000990
0.000989
0.000989
0.000989
0.000988
0.000988
0.000988
0.000988
0.000987
0.000987
0.000987
0.000986
0.000986
0.000986
0.000986
0.000985
0.000985
0.000985
0.000984
0.000984
0.000983
0.000983
0.000983
0.000982
0.000982
0.000981
0.000981
0.000981
0.000980
0.000980
0.000980
0.000979
0.000979
0.000978
0.000978
0.000978
0.000977
0.000977
0.000976
0.000976
0.000976
0.000970
0.000968
0.000967
0.000966
0.000966
0.000965
0.000965
0.000965
0.000965
0.000964
0.000964
0.000964
0.000964
0.000963
0.000963
0.000963
0.000963
0.000963
0.000962
0.000962
0.000962
0.000962
0.000961
0.000961
0.000961
0.000961
0.000960
0.000960
0.000960
0.000960
0.000959
0.000959
0.000959
0.000959
0.000959
0.000958
0.000958
0.000958
0.000958
0.000957
0.000957
0.000957
0.000957
0.000957
0.000956
0.000956
0.000956
0.000956
0.000955
0.000955
0.000955
0.000955
0.000955
0.000954
0.000954
0.000954
0.000954
0.000954
0.000953
0.000953
0.000953
0.000953
0.000952
0.000952
0.000952
0.000952
0.000952
0.000951
0.000951
0.000951
0.000951
0.000950
0.000950
0.000950
0.000950
0.000950
0.000949
0.000949
0.000949
0.000949
0.000948
0.000948
0.000948
0.000948
0.000948
0.000947
0.000947
0.000947
0.000947
0.000946
0.000946
0.000946
0.000946
0.000945
0.000945
0.000945
0.000945
0.000944
0.000944
0.000944
