0.329845
0.065127
0.032049
0.016644
0.009920
0.006182
0.004212
0.003475
0.003211
0.002982
0.002786
0.002625
0.002487
0.002362
0.002254
0.002160
0.002080
0.002009
0.001947
0.001893
0.001841
0.001795
0.001753
0.001714
0.001679
0.001646
0.001615
0.001585
0.001556
0.001529
0.001503
0.001477
0.001454
0.001431
0.001411
0.001395
0.001383
0.001372
0.001362
0.001354
0.001346
0.001337
0.001329
0.001322
0.001314
0.001305
0.001296
0.001288
0.001281
0.001273
0.001265
0.001258
0.001251
0.001243
0.001236
0.001229
0.001221
0.001214
0.001209
0.001205
0.001203
0.001202
0.001201
0.001200
0.001200
0.001199
0.001198
0.001196
0.001193
0.001189
0.001186
0.001183
0.001180
0.001176
0.001172
0.001168
0.001164
0.001162
0.001159
0.001156
0.001153
0.001150
0.001149
0.001147
0.001144
0.001140
0.001138
0.001136
0.001134
0.001131
0.001128
0.001125
0.001124
0.001123
0.001123
0.001123
0.001122
0.001122
0.001121
0.001119
0.001053
0.001044
0.001021
0.001021
0.001019
0.001017
0.001016
0.001015
0.001014
0.001014
0.001013
0.001012
0.001012
0.001011
0.001011
0.001011
0.001011
0.001010
0.001010
0.001010
0.001011
0.001011
0.001011
0.001011
0.001012
0.001012
0.001013
0.001013
0.001013
0.001014
0.001014
0.001015
0.001015
0.001015
0.001015
0.001015
0.001015
0.001015
0.001015
0.001015
0.001015
0.001014
0.001014
0.001014
0.001013
0.001013
0.001013
0.001013
0.001012
0.001012
0.001012
0.001011
0.001010
0.001010
0.001009
0.001009
0.001008
0.001008
0.001008
0.001007
0.001006
0.001006
0.001005
0.001005
0.001005
0.001004
0.001004
0.001004
0.001003
0.001002
0.001002
0.001001
0.001000
0.000999
0.000998
0.000998
0.000998
0.000997
0.000997
0.000996
0.000995
0.000994
0.000993
0.000992
0.000991
0.000991
0.000990
0.000989
0.000988
0.000986
0.000985
0.000984
0.000983
0.000982
0.000981
0.000980
0.000979
0.000977
0.000976
0.000975
0.000937
0.000945
0.000952
0.000954
0.000956
0.000957
0.000957
0.000956
0.000956
0.000956
0.000956
0.000955
0.000955
0.000954
0.000954
0.000953
0.000953
0.000953
0.000952
0.000952
0.000951
0.000951
0.000950
0.000950
0.000949
0.000949
0.000948
0.000948
0.000947
0.000946
0.000946
0.000946
0.000945
0.000945
0.000944
0.000943
0.000943
0.000942
0.000941
0.000941
0.000940
0.000940
0.000939
0.000938
0.000938
0.000937
0.000937
0.000936
0.000936
0.000935
0.000935
0.000934
0.000934
0.000933
0.000933
0.000932
0.000932
0.000931
0.000930
0.000930
0.000929
0.000929
0.000928
0.000928
0.000927
0.000927
0.000926
0.000926
0.000926
0.000925
0.000925
0.000924
0.000924
0.000923
0.000923
0.000923
0.000922
0.000922
0.000921
0.000921
0.000921
0.000920
0.000920
0.000920
0.000919
0.000919
0.000918
0.000918
0.000918
0.000917
0.000917
0.000917
0.000916
0.000916
0.000916
0.000915
0.000915
0.000915
0.000914
0.000914
0.000914
0.000915
0.000913
0.000917
0.000919
0.000920
0.000920
0.000920
0.000920
0.000919
0.000919
0.000918
0.000918
0.000917
0.000916
0.000916
0.000915
0.000915
0.000914
0.000914
0.000913
0.000913
0.000912
0.000912
0.000912
0.000911
0.000911
0.000911
0.000910
0.000910
0.000910
0.000910
0.000910
0.000909
0.000909
0.000909
0.000909
0.000909
0.000909
0.000908
0.000908
0.000908
0.000908
0.000908
0.000908
0.000908
0.000908
0.000908
0.000907
0.000907
0.000907
0.000907
0.000907
0.000907
0.000907
0.000907
0.000907
0.000906
0.000906
0.000906
0.000906
0.000906
0.000906
0.000906
0.000906
0.000906
0.000905
0.000905
0.000905
0.000905
0.000905
0.000905
0.000905
0.000905
0.000905
0.000905
0.000905
0.000905
0.000905
0.000904
0.000904
0.000904
0.000904
0.000904
0.000904
0.000904
0.000904
0.000904
0.000904
0.000903
0.000903
0.000903
0.000903
0.000903
0.000903
0.000903
0.000903
0.000903
0.000902
0.000902
0.000884
0.000878
0.000875
0.000875
0.000875
0.000875
0.000875
0.000875
0.000875
0.000875
0.000875
0.000875
0.000875
0.000875
0.000875
0.000875
0.000875
0.000875
0.000874
0.000874
0.000874
0.000874
0.000874
0.000874
0.000874
0.000874
0.000874
0.000874
0.000874
0.000874
0.000874
0.000874
0.000874
0.000874
0.000874
0.000874
0.000874
0.000874
0.000874
0.000874
0.000873
0.000873
0.000873
0.000873
0.000873
0.000873
0.000873
0.000873
0.000873
0.000873
0.000873
0.000873
0.000873
0.000873
0.000873
0.000873
0.000873
0.000873
0.000873
0.000873
0.000873
0.000873
0.000873
0.000873
0.000872
0.000872
0.000872
0.000872
0.000872
0.000872
0.000872
0.000872
0.000872
0.000872
0.000872
0.000872
0.000872
0.000872
0.000872
0.000872
0.000872
0.000872
0.000872
0.000872
0.000872
0.000872
0.000872
0.000872
0.000872
0.000871
0.000871
0.000871
0.000871
0.000871
0.000871
0.000871
0.000871
0.000871
0.000871
0.000871
