0.422424
0.215734
0.063604
0.025844
0.010055
0.006633
0.005801
0.005442
0.005134
0.004788
0.004274
0.003704
0.003193
0.002777
0.002461
0.002237
0.002079
0.001970
0.001885
0.001816
0.001762
0.001715
0.001677
0.001640
0.001606
0.001577
0.001551
0.001527
0.001505
0.001483
0.001463
0.001445
0.001427
0.001411
0.001395
0.001382
0.001369
0.001357
0.001345
0.001334
0.001324
0.001314
0.001303
0.001293
0.001284
0.001276
0.001268
0.001260
0.001253
0.001246
0.001239
0.001233
0.001225
0.001216
0.001209
0.001201
0.001194
0.001188
0.001182
0.001175
0.001167
0.001160
0.001153
0.001147
0.001142
0.001137
0.001132
0.001127
0.001121
0.001116
0.001109
0.001102
0.001094
0.001088
0.001081
0.001075
0.001070
0.001066
0.001061
0.001054
0.001048
0.001042
0.001036
0.001030
0.001023
0.001016
0.001008
0.001001
0.000996
0.000989
0.000983
0.000976
0.000968
0.000962
0.000956
0.000950
0.000944
0.000939
0.000934
0.000928
0.000884
0.000876
0.000880
0.000881
0.000879
0.000876
0.000873
0.000869
0.000865
0.000862
0.000859
0.000856
0.000852
0.000849
0.000846
0.000844
0.000841
0.000838
0.000834
0.000831
0.000828
0.000825
0.000822
0.000820
0.000817
0.000814
0.000811
0.000808
0.000805
0.000802
0.000800
0.000796
0.000794
0.000791
0.000788
0.000786
0.000783
0.000781
0.000778
0.000776
0.000773
0.000771
0.000768
0.000766
0.000764
0.000762
0.000759
0.000757
0.000755
0.000753
0.000751
0.000749
0.000747
0.000745
0.000742
0.000740
0.000739
0.000737
0.000735
0.000733
0.000731
0.000729
0.000727
0.000726
0.000724
0.000722
0.000720
0.000718
0.000717
0.000715
0.000713
0.000712
0.000710
0.000709
0.000706
0.000705
0.000704
0.000702
0.000701
0.000699
0.000698
0.000697
0.000695
0.000694
0.000693
0.000692
0.000690
0.000689
0.000688
0.000687
0.000686
0.000685
0.000684
0.000682
0.000681
0.000680
0.000679
0.000678
0.000677
0.000676
0.000669
0.000672
0.000672
0.000670
0.000669
0.000669
0.000669
0.000668
0.000668
0.000667
0.000667
0.000666
0.000665
0.000665
0.000664
0.000664
0.000663
0.000663
0.000663
0.000662
0.000662
0.000661
0.000661
0.000660
0.000660
0.000659
0.000659
0.000658
0.000658
0.000658
0.000657
0.000657
0.000656
0.000656
0.000656
0.000655
0.000655
0.000654
0.000654
0.000654
0.000653
0.000653
0.000653
0.000652
0.000652
0.000651
0.000651
0.000651
0.000650
0.000650
0.000650
0.000649
0.000649
0.000648
0.000648
0.000648
0.000647
0.000647
0.000647
0.000647
0.000646
0.000646
0.000646
0.000645
0.000645
0.000644
0.000644
0.000644
0.000643
0.000643
0.000642
0.000642
0.000642
0.000641
0.000641
0.000641
0.000640
0.000640
0.000639
0.000639
0.000638
0.000638
0.000637
0.000637
0.000637
0.000636
0.000636
0.000636
0.000635
0.000635
0.000634
0.000634
0.000633
0.000633
0.000632
0.000632
0.000632
0.000631
0.000631
0.000630
0.000626
0.000623
0.000622
0.000622
0.000622
0.000622
0.000622
0.000622
0.000622
0.000622
0.000621
0.000621
0.000621
0.000621
0.000621
0.000621
0.000621
0.000621
0.000621
0.000620
0.000620
0.000620
0.000620
0.000620
0.000620
0.000620
0.000620
0.000620
0.000620
0.000619
0.000619
0.000619
0.000619
0.000619
0.000619
0.000619
0.000619
0.000619
0.000619
0.000619
0.000618
0.000619
0.000618
0.000618
0.000618
0.000618
0.000618
0.000618
0.000618
0.000618
0.000618
0.000618
0.000617
0.000617
0.000617
0.000617
0.000617
0.000617
0.000617
0.000617
0.000616
0.000616
0.000616
0.000616
0.000616
0.000616
0.000616
0.000616
0.000616
0.000616
0.000615
0.000615
0.000615
0.000615
0.000615
0.000615
0.000615
0.000615
0.000615
0.000614
0.000614
0.000614
0.000614
0.000614
0.000614
0.000614
0.000614
0.000613
0.000613
0.000613
0.000613
0.000613
0.000613
0.000613
0.000613
0.000613
0.000612
0.000611
0.000609
0.000607
0.000603
0.000600
0.000599
0.000598
0.000598
0.000597
0.000597
0.000596
0.000596
0.000596
0.000595
0.000595
0.000595
0.000594
0.000594
0.000594
0.000594
0.000593
0.000593
0.000593
0.000593
0.000592
0.000592
0.000592
0.000592
0.000592
0.000591
0.000591
0.000591
0.000591
0.000591
0.000591
0.000590
0.000590
0.000590
0.000590
0.000590
0.000590
0.000589
0.000589
0.000589
0.000589
0.000589
0.000589
0.000589
0.000588
0.000588
0.000588
0.000588
0.000588
0.000588
0.000587
0.000587
0.000587
0.000587
0.000587
0.000587
0.000587
0.000587
0.000586
0.000586
0.000586
0.000586
0.000586
0.000586
0.000586
0.000586
0.000585
0.000585
0.000585
0.000585
0.000585
0.000585
0.000585
0.000585
0.000585
0.000585
0.000584
0.000584
0.000584
0.000584
0.000584
0.000584
0.000584
0.000584
0.000584
0.000583
0.000583
0.000583
0.000583
0.000583
0.000583
0.000583
0.000583
0.000583
0.000583
0.000583
0.000582
0.000582
0.000582
