0.476151
0.299545
0.181714
0.047967
0.019031
0.011381
0.008146
0.006993
0.006323
0.005858
0.005581
0.005416
0.005285
0.005164
0.005046
0.004926
0.004802
0.004676
0.004547
0.004422
0.004302
0.004187
0.004079
0.003974
0.003869
0.003763
0.003656
0.003550
0.003448
0.003352
0.003263
0.003183
0.003107
0.003035
0.002967
0.002902
0.002840
0.002782
0.002728
0.002676
0.002625
0.002577
0.002524
0.002480
0.002436
0.002395
0.002364
0.002332
0.002302
0.002271
0.002247
0.002221
0.002193
0.002167
0.002138
0.002111
0.002088
0.002068
0.002046
0.002022
0.001999
0.001979
0.001960
0.001941
0.001923
0.001907
0.001891
0.001877
0.001862
0.001848
0.001835
0.001822
0.001810
0.001799
0.001788
0.001776
0.001765
0.001754
0.001746
0.001736
0.001727
0.001719
0.001711
0.001704
0.001698
0.001693
0.001687
0.001680
0.001673
0.001667
0.001661
0.001653
0.001646
0.001641
0.001635
0.001630
0.001625
0.001620
0.001615
0.001609
0.001497
0.001477
0.001470
0.001465
0.001462
0.001458
0.001455
0.001452
0.001449
0.001445
0.001441
0.001437
0.001433
0.001428
0.001423
0.001418
0.001413
0.001408
0.001404
0.001399
0.001394
0.001390
0.001386
0.001382
0.001377
0.001373
0.001370
0.001366
0.001362
0.001359
0.001356
0.001352
0.001349
0.001346
0.001343
0.001341
0.001338
0.001335
0.001333
0.001330
0.001328
0.001325
0.001322
0.001320
0.001317
0.001314
0.001311
0.001309
0.001307
0.001304
0.001302
0.001300
0.001298
0.001295
0.001292
0.001289
0.001286
0.001283
0.001280
0.001278
0.001275
0.001272
0.001269
0.001267
0.001265
0.001263
0.001260
0.001257
0.001255
0.001253
0.001251
0.001249
0.001246
0.001244
0.001241
0.001239
0.001236
0.001234
0.001232
0.001230
0.001228
0.001225
0.001223
0.001221
0.001218
0.001216
0.001214
0.001212
0.001210
0.001209
0.001207
0.001205
0.001204
0.001202
0.001201
0.001199
0.001197
0.001196
0.001195
0.001193
0.001138
0.001140
0.001144
0.001146
0.001145
0.001144
0.001144
0.001143
0.001142
0.001141
0.001140
0.001139
0.001139
0.001138
0.001137
0.001137
0.001136
0.001135
0.001135
0.001134
0.001133
0.001133
0.001131
0.001131
0.001131
0.001130
0.001129
0.001128
0.001128
0.001127
0.001126
0.001126
0.001125
0.001124
0.001123
0.001123
0.001122
0.001121
0.001120
0.001119
0.001118
0.001118
0.001117
0.001116
0.001115
0.001115
0.001114
0.001113
0.001113
0.001112
0.001111
0.001111
0.001110
0.001110
0.001109
0.001108
0.001107
0.001107
0.001106
0.001106
0.001106
0.001105
0.001105
0.001104
0.001104
0.001104
0.001103
0.001103
0.001102
0.001102
0.001102
0.001101
0.001101
0.001101
0.001101
0.001100
0.001100
0.001100
0.001099
0.001099
0.001099
0.001098
0.001098
0.001098
0.001098
0.001097
0.001097
0.001097
0.001097
0.001096
0.001096
0.001096
0.001096
0.001095
0.001095
0.001095
0.001095
0.001094
0.001094
0.001094
0.001083
0.001072
0.001069
0.001070
0.001069
0.001068
0.001069
0.001069
0.001069
0.001069
0.001068
0.001068
0.001068
0.001068
0.001068
0.001068
0.001068
0.001068
0.001068
0.001068
0.001068
0.001068
0.001068
0.001068
0.001068
0.001068
0.001068
0.001068
0.001068
0.001068
0.001068
0.001067
0.001067
0.001067
0.001067
0.001067
0.001067
0.001067
0.001067
0.001067
0.001067
0.001067
0.001067
0.001067
0.001066
0.001066
0.001066
0.001066
0.001066
0.001066
0.001066
0.001066
0.001066
0.001066
0.001065
0.001065
0.001065
0.001065
0.001065
0.001065
0.001065
0.001064
0.001064
0.001064
0.001064
0.001064
0.001064
0.001064
0.001064
0.001063
0.001063
0.001063
0.001063
0.001063
0.001063
0.001063
0.001062
0.001062
0.001062
0.001062
0.001062
0.001062
0.001061
0.001061
0.001061
0.001061
0.001061
0.001061
0.001060
0.001060
0.001060
0.001060
0.001060
0.001060
0.001060
0.001060
0.001059
0.001059
0.001059
0.001059
0.001052
0.001044
0.001042
0.001041
0.001042
0.001041
0.001041
0.001041
0.001041
0.001041
0.001041
0.001041
0.001041
0.001040
0.001040
0.001040
0.001040
0.001040
0.001040
0.001040
0.001040
0.001040
0.001039
0.001039
0.001039
0.001039
0.001039
0.001039
0.001039
0.001039
0.001039
0.001038
0.001038
0.001038
0.001038
0.001038
0.001038
0.001038
0.001038
0.001038
0.001038
0.001037
0.001037
0.001037
0.001037
0.001037
0.001037
0.001037
0.001037
0.001037
0.001037
0.001036
0.001036
0.001036
0.001036
0.001036
0.001036
0.001036
0.001036
0.001036
0.001036
0.001035
0.001035
0.001035
0.001035
0.001035
0.001035
0.001035
0.001035
0.001035
0.001035
0.001034
0.001034
0.001034
0.001034
0.001034
0.001034
0.001034
0.001034
0.001034
0.001034
0.001034
0.001033
0.001033
0.001033
0.001033
0.001033
0.001033
0.001033
0.001033
0.001033
0.001033
0.001032
0.001032
0.001032
0.001032
0.001032
0.001032
0.001032
0.001032
