0.508732
0.453098
0.381891
0.290009
0.239707
0.192314
0.133007
0.098105
0.070030
0.049259
0.034841
0.024168
0.018126
0.014386
0.011892
0.010242
0.009195
0.008569
0.008158
0.007874
0.007685
0.007554
0.007437
0.007336
0.007257
0.007188
0.007123
0.007062
0.007004
0.006945
0.006894
0.006843
0.006779
0.006714
0.006646
0.006575
0.006501
0.006423
0.006345
0.006257
0.006178
0.006102
0.006030
0.005953
0.005878
0.005787
0.005703
0.005621
0.005540
0.005465
0.005386
0.005308
0.005230
0.005155
0.005081
0.005011
0.004940
0.004868
0.004797
0.004715
0.004625
0.004551
0.004493
0.004441
0.004396
0.004358
0.004319
0.004287
0.004260
0.004234
0.004213
0.004188
0.004159
0.004124
0.004081
0.004026
0.003962
0.003897
0.003826
0.003762
0.003708
0.003658
0.003609
0.003560
0.003509
0.003457
0.003405
0.003354
0.003307
0.003259
0.003205
0.003154
0.003100
0.003051
0.003002
0.002953
0.002902
0.002851
0.002801
0.002750
0.002664
0.002608
0.002581
0.002556
0.002535
0.002515
0.002493
0.002471
0.002450
0.002429
0.002409
0.002389
0.002370
0.002351
0.002333
0.002316
0.002299
0.002281
0.002265
0.002251
0.002237
0.002224
0.002212
0.002201
0.002190
0.002181
0.002173
0.002165
0.002157
0.002151
0.002145
0.002140
0.002136
0.002131
0.002128
0.002124
0.002120
0.002117
0.002115
0.002112
0.002109
0.002107
0.002104
0.002102
0.002100
0.002098
0.002096
0.002094
0.002093
0.002091
0.002089
0.002088
0.002086
0.002084
0.002083
0.002082
0.002080
0.002079
0.002078
0.002076
0.002075
0.002074
0.002073
0.002072
0.002071
0.002070
0.002069
0.002069
0.002068
0.002067
0.002066
0.002065
0.002064
0.002063
0.002062
0.002061
0.002060
0.002059
0.002058
0.002057
0.002056
0.002055
0.002054
0.002053
0.002052
0.002051
0.002051
0.002049
0.002049
0.002048
0.002047
0.002046
0.002046
0.002045
0.002044
0.002043
0.002043
0.002041
0.002041
0.002040
0.002024
0.002012
0.002012
0.002009
0.002009
0.002009
0.002008
0.002008
0.002007
0.002007
0.002007
0.002006
0.002006
0.002005
0.002005
0.002004
0.002004
0.002003
0.002003
0.002002
0.002002
0.002001
0.002001
0.002000
0.002000
0.001999
0.001999
0.001999
0.001998
0.001998
0.001997
0.001997
0.001996
0.001996
0.001995
0.001995
0.001994
0.001994
0.001993
0.001993
0.001992
0.001992
0.001991
0.001991
0.001990
0.001990
0.001989
0.001989
0.001988
0.001988
0.001987
0.001987
0.001986
0.001986
0.001985
0.001985
0.001984
0.001984
0.001983
0.001983
0.001982
0.001981
0.001981
0.001981
0.001980
0.001980
0.001979
0.001978
0.001978
0.001977
0.001977
0.001976
0.001976
0.001975
0.001975
0.001974
0.001973
0.001973
0.001972
0.001972
0.001971
0.001970
0.001970
0.001969
0.001969
0.001968
0.001968
0.001967
0.001966
0.001966
0.001965
0.001964
0.001964
0.001963
0.001963
0.001962
0.001961
0.001961
0.001961
0.001960
0.001953
0.001951
0.001949
0.001948
0.001948
0.001947
0.001947
0.001946
0.001946
0.001946
0.001945
0.001945
0.001944
0.001944
0.001944
0.001943
0.001943
0.001942
0.001942
0.001942
0.001941
0.001941
0.001940
0.001940
0.001939
0.001939
0.001939
0.001938
0.001937
0.001937
0.001936
0.001936
0.001935
0.001935
0.001934
0.001934
0.001933
0.001933
0.001932
0.001932
0.001931
0.001931
0.001930
0.001930
0.001929
0.001929
0.001928
0.001927
0.001927
0.001926
0.001926
0.001925
0.001925
0.001924
0.001923
0.001923
0.001922
0.001922
0.001921
0.001921
0.001920
0.001919
0.001919
0.001918
0.001918
0.001917
0.001916
0.001916
0.001915
0.001915
0.001914
0.001913
0.001913
0.001912
0.001911
0.001911
0.001910
0.001910
0.001909
0.001908
0.001908
0.001907
0.001906
0.001906
0.001905
0.001904
0.001904
0.001903
0.001902
0.001902
0.001901
0.001900
0.001899
0.001899
0.001898
0.001897
0.001897
0.001896
0.001895
0.001894
0.001891
0.001899
0.001903
0.001905
0.001905
0.001904
0.001904
0.001903
0.001902
0.001901
0.001901
0.001900
0.001899
0.001899
0.001898
0.001898
0.001897
0.001897
0.001896
0.001895
0.001895
0.001894
0.001894
0.001893
0.001893
0.001892
0.001892
0.001891
0.001891
0.001891
0.001890
0.001890
0.001889
0.001889
0.001888
0.001888
0.001888
0.001887
0.001887
0.001886
0.001886
0.001886
0.001885
0.001885
0.001885
0.001885
0.001884
0.001884
0.001883
0.001883
0.001883
0.001882
0.001882
0.001881
0.001881
0.001881
0.001880
0.001880
0.001879
0.001879
0.001879
0.001878
0.001878
0.001878
0.001877
0.001877
0.001877
0.001876
0.001876
0.001876
0.001875
0.001875
0.001875
0.001874
0.001874
0.001874
0.001873
0.001873
0.001873
0.001872
0.001872
0.001872
0.001871
0.001871
0.001870
0.001870
0.001870
0.001869
0.001869
0.001869
0.001868
0.001868
0.001868
0.001867
0.001867
0.001867
0.001866
0.001866
0.001866
0.001865
