0.549048
0.414497
0.309097
0.212669
0.158073
0.124465
0.100067
0.078995
0.055868
0.032668
0.021060
0.015682
0.011851
0.009490
0.008296
0.007798
0.007573
0.007431
0.007306
0.007182
0.007066
0.006956
0.006852
0.006749
0.006647
0.006549
0.006454
0.006362
0.006276
0.006195
0.006120
0.006050
0.005987
0.005931
0.005883
0.005837
0.005795
0.005756
0.005720
0.005687
0.005655
0.005626
0.005598
0.005572
0.005547
0.005523
0.005502
0.005481
0.005461
0.005442
0.005424
0.005406
0.005389
0.005374
0.005359
0.005345
0.005331
0.005317
0.005304
0.005292
0.005279
0.005267
0.005255
0.005243
0.005231
0.005218
0.005206
0.005193
0.005182
0.005169
0.005156
0.005143
0.005131
0.005117
0.005103
0.005087
0.005071
0.005054
0.005035
0.005017
0.004997
0.004976
0.004955
0.004931
0.004905
0.004877
0.004847
0.004815
0.004773
0.004726
0.004677
0.004620
0.004564
0.004505
0.004445
0.004387
0.004329
0.004275
0.004223
0.004174
0.004099
0.004102
0.004074
0.004051
0.004035
0.004012
0.003988
0.003965
0.003942
0.003920
0.003898
0.003878
0.003858
0.003838
0.003820
0.003802
0.003784
0.003767
0.003752
0.003737
0.003722
0.003708
0.003694
0.003682
0.003669
0.003656
0.003643
0.003632
0.003620
0.003609
0.003597
0.003586
0.003576
0.003565
0.003555
0.003545
0.003535
0.003525
0.003516
0.003506
0.003496
0.003487
0.003478
0.003470
0.003461
0.003453
0.003444
0.003435
0.003425
0.003415
0.003404
0.003393
0.003381
0.003370
0.003358
0.003347
0.003335
0.003323
0.003312
0.003300
0.003288
0.003277
0.003265
0.003254
0.003242
0.003230
0.003218
0.003207
0.003195
0.003183
0.003171
0.003158
0.003146
0.003133
0.003122
0.003110
0.003096
0.003082
0.003070
0.003059
0.003049
0.003040
0.003030
0.003022
0.003014
0.003006
0.002999
0.002992
0.002986
0.002979
0.002973
0.002966
0.002961
0.002955
0.002949
0.002944
0.002938
0.002933
0.002927
0.002922
0.002858
0.002834
0.002825
0.002825
0.002822
0.002819
0.002817
0.002815
0.002813
0.002811
0.002808
0.002806
0.002804
0.002802
0.002800
0.002798
0.002795
0.002793
0.002791
0.002789
0.002787
0.002785
0.002783
0.002781
0.002779
0.002777
0.002775
0.002773
0.002772
0.002770
0.002768
0.002766
0.002764
0.002763
0.002761
0.002760
0.002758
0.002756
0.002755
0.002753
0.002752
0.002750
0.002749
0.002748
0.002746
0.002745
0.002743
0.002742
0.002741
0.002739
0.002738
0.002737
0.002735
0.002734
0.002733
0.002732
0.002730
0.002729
0.002728
0.002727
0.002726
0.002724
0.002723
0.002722
0.002721
0.002720
0.002718
0.002717
0.002716
0.002715
0.002714
0.002713
0.002712
0.002710
0.002710
0.002708
0.002707
0.002706
0.002705
0.002704
0.002703
0.002702
0.002701
0.002700
0.002699
0.002698
0.002697
0.002696
0.002695
0.002694
0.002693
0.002692
0.002692
0.002691
0.002690
0.002689
0.002688
0.002687
0.002686
0.002685
0.002666
0.002658
0.002653
0.002653
0.002653
0.002652
0.002652
0.002651
0.002651
0.002650
0.002650
0.002649
0.002649
0.002648
0.002648
0.002647
0.002647
0.002646
0.002646
0.002645
0.002645
0.002644
0.002644
0.002643
0.002643
0.002642
0.002642
0.002641
0.002641
0.002640
0.002640
0.002639
0.002639
0.002639
0.002638
0.002638
0.002637
0.002637
0.002636
0.002636
0.002635
0.002635
0.002635
0.002634
0.002634
0.002633
0.002633
0.002632
0.002632
0.002631
0.002631
0.002631
0.002630
0.002630
0.002629
0.002629
0.002628
0.002628
0.002628
0.002627
0.002627
0.002626
0.002626
0.002625
0.002625
0.002625
0.002624
0.002624
0.002623
0.002623
0.002623
0.002622
0.002622
0.002621
0.002621
0.002620
0.002620
0.002620
0.002619
0.002619
0.002618
0.002618
0.002617
0.002617
0.002617
0.002616
0.002616
0.002615
0.002615
0.002614
0.002614
0.002613
0.002613
0.002613
0.002612
0.002612
0.002611
0.002611
0.002610
0.002610
0.002603
0.002609
0.002613
0.002615
0.002615
0.002616
0.002616
0.002616
0.002616
0.002615
0.002615
0.002615
0.002615
0.002615
0.002614
0.002614
0.002614
0.002614
0.002613
0.002613
0.002613
0.002613
0.002612
0.002612
0.002612
0.002612
0.002611
0.002611
0.002611
0.002610
0.002610
0.002610
0.002610
0.002609
0.002609
0.002609
0.002608
0.002608
0.002608
0.002608
0.002607
0.002607
0.002607
0.002606
0.002606
0.002606
0.002605
0.002605
0.002605
0.002605
0.002604
0.002604
0.002604
0.002603
0.002603
0.002603
0.002603
0.002602
0.002602
0.002602
0.002601
0.002601
0.002601
0.002601
0.002600
0.002600
0.002600
0.002599
0.002599
0.002599
0.002599
0.002598
0.002598
0.002598
0.002598
0.002597
0.002597
0.002597
0.002596
0.002596
0.002596
0.002596
0.002595
0.002595
0.002595
0.002595
0.002594
0.002594
0.002594
0.002594
0.002593
0.002593
0.002593
0.002593
0.002592
0.002592
0.002592
0.002592
0.002591
0.002591
