0.445910
0.294213
0.152914
0.058153
0.041654
0.032859
0.026034
0.020604
0.016302
0.013055
0.010570
0.008705
0.007381
0.006484
0.005890
0.005492
0.005207
0.004988
0.004811
0.004658
0.004518
0.004388
0.004262
0.004135
0.004007
0.003867
0.003671
0.003439
0.003318
0.003222
0.003133
0.003049
0.002971
0.002899
0.002830
0.002764
0.002702
0.002643
0.002587
0.002535
0.002486
0.002442
0.002402
0.002367
0.002336
0.002306
0.002278
0.002253
0.002230
0.002208
0.002189
0.002170
0.002153
0.002137
0.002122
0.002107
0.002094
0.002081
0.002069
0.002057
0.002045
0.002035
0.002022
0.002010
0.001999
0.001987
0.001976
0.001965
0.001952
0.001938
0.001927
0.001915
0.001904
0.001892
0.001881
0.001870
0.001859
0.001848
0.001837
0.001827
0.001818
0.001808
0.001798
0.001788
0.001777
0.001765
0.001755
0.001745
0.001735
0.001726
0.001717
0.001709
0.001699
0.001691
0.001683
0.001674
0.001666
0.001657
0.001648
0.001638
0.001630
0.001652
0.001665
0.001667
0.001662
0.001655
0.001648
0.001642
0.001638
0.001633
0.001628
0.001624
0.001621
0.001617
0.001612
0.001609
0.001606
0.001602
0.001598
0.001594
0.001591
0.001587
0.001584
0.001581
0.001577
0.001574
0.001570
0.001567
0.001564
0.001561
0.001558
0.001554
0.001550
0.001547
0.001544
0.001540
0.001535
0.001532
0.001528
0.001525
0.001522
0.001519
0.001516
0.001513
0.001511
0.001508
0.001505
0.001502
0.001500
0.001497
0.001494
0.001490
0.001487
0.001485
0.001482
0.001480
0.001477
0.001474
0.001471
0.001468
0.001465
0.001462
0.001459
0.001457
0.001454
0.001450
0.001447
0.001444
0.001441
0.001438
0.001435
0.001433
0.001430
0.001427
0.001423
0.001420
0.001418
0.001415
0.001412
0.001409
0.001406
0.001404
0.001402
0.001400
0.001398
0.001396
0.001394
0.001391
0.001388
0.001386
0.001384
0.001382
0.001380
0.001378
0.001377
0.001375
0.001372
0.001370
0.001367
0.001365
0.001345
0.001318
0.001308
0.001307
0.001304
0.001303
0.001303
0.001303
0.001302
0.001301
0.001300
0.001299
0.001299
0.001298
0.001298
0.001297
0.001297
0.001296
0.001295
0.001295
0.001294
0.001294
0.001293
0.001293
0.001292
0.001292
0.001291
0.001290
0.001290
0.001289
0.001288
0.001288
0.001287
0.001287
0.001286
0.001286
0.001285
0.001284
0.001283
0.001283
0.001282
0.001282
0.001281
0.001281
0.001280
0.001280
0.001280
0.001279
0.001279
0.001278
0.001278
0.001277
0.001277
0.001276
0.001276
0.001275
0.001275
0.001274
0.001274
0.001274
0.001273
0.001273
0.001272
0.001272
0.001271
0.001271
0.001271
0.001270
0.001270
0.001269
0.001269
0.001269
0.001269
0.001268
0.001268
0.001268
0.001267
0.001267
0.001267
0.001266
0.001266
0.001265
0.001265
0.001265
0.001265
0.001264
0.001264
0.001264
0.001263
0.001263
0.001262
0.001262
0.001262
0.001261
0.001261
0.001261
0.001260
0.001260
0.001260
0.001259
0.001242
0.001238
0.001237
0.001235
0.001235
0.001235
0.001235
0.001234
0.001234
0.001234
0.001234
0.001233
0.001233
0.001233
0.001233
0.001232
0.001232
0.001232
0.001232
0.001232
0.001231
0.001231
0.001231
0.001231
0.001231
0.001230
0.001230
0.001230
0.001230
0.001230
0.001229
0.001229
0.001229
0.001229
0.001229
0.001228
0.001228
0.001228
0.001228
0.001228
0.001227
0.001227
0.001227
0.001227
0.001227
0.001226
0.001226
0.001226
0.001226
0.001226
0.001225
0.001225
0.001225
0.001225
0.001225
0.001225
0.001224
0.001224
0.001224
0.001224
0.001224
0.001223
0.001223
0.001223
0.001223
0.001223
0.001223
0.001222
0.001222
0.001222
0.001222
0.001222
0.001222
0.001221
0.001221
0.001221
0.001221
0.001221
0.001221
0.001220
0.001220
0.001220
0.001220
0.001220
0.001219
0.001219
0.001219
0.001219
0.001219
0.001219
0.001218
0.001218
0.001218
0.001218
0.001218
0.001218
0.001217
0.001217
0.001217
0.001217
0.001212
0.001214
0.001216
0.001217
0.001217
0.001217
0.001217
0.001217
0.001217
0.001217
0.001217
0.001216
0.001216
0.001216
0.001216
0.001216
0.001216
0.001216
0.001216
0.001215
0.001215
0.001215
0.001215
0.001215
0.001215
0.001215
0.001215
0.001215
0.001214
0.001214
0.001214
0.001214
0.001214
0.001214
0.001214
0.001214
0.001213
0.001213
0.001213
0.001213
0.001213
0.001213
0.001213
0.001213
0.001213
0.001212
0.001212
0.001212
0.001212
0.001212
0.001212
0.001212
0.001212
0.001211
0.001211
0.001211
0.001211
0.001211
0.001211
0.001211
0.001211
0.001211
0.001210
0.001210
0.001210
0.001210
0.001210
0.001210
0.001210
0.001210
0.001210
0.001209
0.001209
0.001209
0.001209
0.001209
0.001209
0.001209
0.001209
0.001209
0.001209
0.001208
0.001208
0.001208
0.001208
0.001208
0.001208
0.001208
0.001208
0.001208
0.001207
0.001207
0.001207
0.001207
0.001207
0.001207
0.001207
0.001207
0.001207
0.001206
