0.445537
0.235130
0.064452
0.034446
0.020590
0.014465
0.010816
0.008624
0.007143
0.005838
0.004757
0.003898
0.003364
0.003111
0.002924
0.002771
0.002645
0.002538
0.002444
0.002363
0.002289
0.002223
0.002165
0.002110
0.002063
0.002022
0.001984
0.001948
0.001917
0.001888
0.001857
0.001831
0.001810
0.001791
0.001772
0.001754
0.001734
0.001717
0.001704
0.001693
0.001682
0.001674
0.001665
0.001654
0.001643
0.001634
0.001624
0.001614
0.001605
0.001597
0.001589
0.001583
0.001575
0.001567
0.001559
0.001553
0.001548
0.001543
0.001537
0.001531
0.001525
0.001520
0.001514
0.001508
0.001502
0.001497
0.001494
0.001490
0.001484
0.001479
0.001475
0.001472
0.001469
0.001466
0.001461
0.001457
0.001453
0.001449
0.001444
0.001439
0.001433
0.001427
0.001423
0.001418
0.001415
0.001413
0.001409
0.001405
0.001400
0.001394
0.001388
0.001382
0.001374
0.001368
0.001362
0.001357
0.001352
0.001348
0.001344
0.001339
0.001232
0.001253
0.001262
0.001267
0.001272
0.001274
0.001273
0.001271
0.001269
0.001265
0.001261
0.001257
0.001254
0.001250
0.001246
0.001242
0.001237
0.001233
0.001228
0.001223
0.001218
0.001213
0.001209
0.001204
0.001200
0.001195
0.001191
0.001187
0.001183
0.001180
0.001177
0.001174
0.001171
0.001168
0.001165
0.001162
0.001159
0.001157
0.001155
0.001153
0.001151
0.001150
0.001149
0.001147
0.001145
0.001144
0.001142
0.001140
0.001139
0.001137
0.001136
0.001135
0.001133
0.001131
0.001130
0.001128
0.001127
0.001126
0.001125
0.001124
0.001123
0.001122
0.001121
0.001119
0.001118
0.001117
0.001116
0.001116
0.001115
0.001114
0.001113
0.001112
0.001111
0.001111
0.001110
0.001109
0.001108
0.001108
0.001107
0.001106
0.001106
0.001105
0.001104
0.001104
0.001103
0.001103
0.001102
0.001102
0.001101
0.001100
0.001100
0.001100
0.001099
0.001099
0.001099
0.001098
0.001097
0.001097
0.001097
0.001096
0.001092
0.001088
0.001081
0.001080
0.001082
0.001082
0.001082
0.001082
0.001081
0.001081
0.001080
0.001080
0.001079
0.001079
0.001078
0.001078
0.001077
0.001076
0.001076
0.001075
0.001075
0.001074
0.001073
0.001073
0.001072
0.001072
0.001071
0.001071
0.001070
0.001070
0.001069
0.001069
0.001068
0.001068
0.001067
0.001067
0.001067
0.001066
0.001066
0.001066
0.001065
0.001065
0.001065
0.001064
0.001064
0.001064
0.001064
0.001063
0.001063
0.001063
0.001063
0.001062
0.001062
0.001062
0.001062
0.001062
0.001062
0.001061
0.001061
0.001061
0.001061
0.001061
0.001061
0.001060
0.001060
0.001060
0.001059
0.001059
0.001059
0.001059
0.001059
0.001058
0.001058
0.001058
0.001058
0.001057
0.001057
0.001057
0.001057
0.001056
0.001056
0.001056
0.001056
0.001055
0.001055
0.001055
0.001055
0.001054
0.001054
0.001054
0.001053
0.001053
0.001053
0.001053
0.001053
0.001052
0.001052
0.001051
0.001051
0.001051
0.001045
0.001022
0.001016
0.001017
0.001016
0.001017
0.001016
0.001016
0.001016
0.001016
0.001016
0.001016
0.001016
0.001016
0.001016
0.001016
0.001016
0.001016
0.001016
0.001016
0.001016
0.001016
0.001016
0.001016
0.001016
0.001016
0.001016
0.001016
0.001016
0.001016
0.001016
0.001016
0.001016
0.001016
0.001016
0.001016
0.001016
0.001016
0.001016
0.001016
0.001016
0.001016
0.001016
0.001016
0.001016
0.001016
0.001016
0.001016
0.001016
0.001016
0.001016
0.001016
0.001016
0.001016
0.001016
0.001016
0.001016
0.001016
0.001016
0.001016
0.001016
0.001016
0.001015
0.001016
0.001016
0.001015
0.001015
0.001015
0.001015
0.001015
0.001015
0.001015
0.001015
0.001015
0.001015
0.001015
0.001015
0.001015
0.001015
0.001015
0.001014
0.001014
0.001014
0.001014
0.001014
0.001014
0.001014
0.001014
0.001013
0.001013
0.001013
0.001013
0.001013
0.001013
0.001013
0.001013
0.001013
0.001013
0.001013
0.001012
0.001001
0.001002
0.000999
0.000998
0.000998
0.000998
0.000998
0.000998
0.000997
0.000997
0.000997
0.000997
0.000997
0.000997
0.000997
0.000997
0.000996
0.000996
0.000996
0.000996
0.000996
0.000996
0.000996
0.000996
0.000996
0.000995
0.000995
0.000995
0.000995
0.000995
0.000995
0.000995
0.000995
0.000995
0.000995
0.000995
0.000994
0.000994
0.000994
0.000994
0.000994
0.000994
0.000994
0.000994
0.000994
0.000994
0.000994
0.000993
0.000993
0.000993
0.000993
0.000993
0.000993
0.000993
0.000993
0.000993
0.000993
0.000993
0.000993
0.000993
0.000992
0.000992
0.000992
0.000992
0.000992
0.000992
0.000992
0.000992
0.000992
0.000992
0.000992
0.000992
0.000992
0.000991
0.000991
0.000991
0.000991
0.000991
0.000991
0.000991
0.000991
0.000991
0.000991
0.000991
0.000991
0.000991
0.000990
0.000990
0.000990
0.000990
0.000990
0.000990
0.000990
0.000990
0.000990
0.000990
0.000990
0.000990
0.000990
0.000990
