0.384515
0.122963
0.042572
0.024383
0.012282
0.006490
0.004379
0.003382
0.002838
0.002513
0.002317
0.002191
0.002103
0.002037
0.001981
0.001933
0.001895
0.001859
0.001826
0.001793
0.001760
0.001728
0.001696
0.001666
0.001637
0.001608
0.001580
0.001555
0.001532
0.001510
0.001490
0.001471
0.001453
0.001438
0.001422
0.001410
0.001397
0.001385
0.001374
0.001365
0.001352
0.001342
0.001332
0.001323
0.001315
0.001308
0.001301
0.001295
0.001288
0.001282
0.001275
0.001270
0.001262
0.001257
0.001251
0.001245
0.001240
0.001236
0.001231
0.001226
0.001223
0.001221
0.001216
0.001209
0.001200
0.001195
0.001190
0.001185
0.001182
0.001177
0.001173
0.001168
0.001164
0.001162
0.001154
0.001152
0.001148
0.001142
0.001139
0.001137
0.001137
0.001134
0.001136
0.001142
0.001144
0.001152
0.001168
0.001186
0.001204
0.001203
0.001160
0.001095
0.001060
0.001051
0.001052
0.001052
0.001050
0.001048
0.001047
0.001044
0.000994
0.001012
0.000981
0.000976
0.000981
0.000978
0.000977
0.000978
0.000977
0.000977
0.000977
0.000977
0.000977
0.000977
0.000977
0.000977
0.000977
0.000977
0.000977
0.000976
0.000976
0.000976
0.000976
0.000975
0.000975
0.000975
0.000974
0.000974
0.000973
0.000973
0.000972
0.000972
0.000971
0.000971
0.000970
0.000970
0.000969
0.000968
0.000967
0.000966
0.000965
0.000965
0.000963
0.000962
0.000961
0.000959
0.000959
0.000957
0.000956
0.000954
0.000953
0.000952
0.000951
0.000950
0.000949
0.000949
0.000948
0.000947
0.000946
0.000945
0.000945
0.000944
0.000942
0.000942
0.000940
0.000939
0.000938
0.000937
0.000936
0.000935
0.000934
0.000933
0.000932
0.000932
0.000931
0.000930
0.000930
0.000929
0.000929
0.000927
0.000928
0.000926
0.000926
0.000926
0.000924
0.000924
0.000923
0.000922
0.000922
0.000922
0.000921
0.000920
0.000921
0.000920
0.000919
0.000919
0.000918
0.000917
0.000918
0.000917
0.000882
0.000888
0.000887
0.000889
0.000889
0.000889
0.000889
0.000889
0.000888
0.000888
0.000888
0.000887
0.000887
0.000886
0.000885
0.000885
0.000884
0.000883
0.000882
0.000882
0.000881
0.000880
0.000879
0.000878
0.000878
0.000877
0.000876
0.000875
0.000874
0.000874
0.000873
0.000872
0.000871
0.000870
0.000870
0.000869
0.000868
0.000868
0.000867
0.000867
0.000866
0.000866
0.000865
0.000865
0.000865
0.000864
0.000864
0.000863
0.000863
0.000863
0.000863
0.000862
0.000862
0.000862
0.000862
0.000861
0.000861
0.000861
0.000861
0.000861
0.000861
0.000860
0.000860
0.000860
0.000860
0.000860
0.000860
0.000860
0.000859
0.000859
0.000859
0.000859
0.000859
0.000859
0.000858
0.000858
0.000858
0.000858
0.000858
0.000858
0.000857
0.000857
0.000857
0.000857
0.000857
0.000856
0.000856
0.000856
0.000856
0.000856
0.000855
0.000855
0.000855
0.000855
0.000854
0.000854
0.000854
0.000854
0.000854
0.000853
0.000849
0.000860
0.000863
0.000863
0.000864
0.000865
0.000865
0.000864
0.000864
0.000864
0.000863
0.000863
0.000862
0.000862
0.000861
0.000861
0.000860
0.000860
0.000859
0.000859
0.000859
0.000858
0.000858
0.000858
0.000857
0.000857
0.000857
0.000857
0.000857
0.000856
0.000856
0.000856
0.000856
0.000856
0.000856
0.000855
0.000855
0.000855
0.000855
0.000855
0.000855
0.000855
0.000854
0.000854
0.000854
0.000854
0.000854
0.000854
0.000854
0.000854
0.000854
0.000854
0.000854
0.000853
0.000853
0.000853
0.000853
0.000853
0.000853
0.000853
0.000853
0.000853
0.000853
0.000853
0.000853
0.000853
0.000852
0.000852
0.000852
0.000852
0.000852
0.000852
0.000852
0.000852
0.000852
0.000852
0.000852
0.000852
0.000852
0.000851
0.000851
0.000851
0.000851
0.000851
0.000851
0.000851
0.000851
0.000851
0.000851
0.000850
0.000850
0.000850
0.000850
0.000850
0.000850
0.000850
0.000850
0.000850
0.000850
0.000849
0.000838
0.000826
0.000822
0.000824
0.000824
0.000823
0.000824
0.000823
0.000823
0.000823
0.000823
0.000823
0.000823
0.000823
0.000823
0.000823
0.000823
0.000823
0.000823
0.000823
0.000823
0.000823
0.000823
0.000823
0.000823
0.000823
0.000823
0.000823
0.000823
0.000823
0.000823
0.000823
0.000823
0.000823
0.000823
0.000823
0.000823
0.000823
0.000823
0.000823
0.000823
0.000823
0.000823
0.000823
0.000823
0.000823
0.000822
0.000823
0.000822
0.000822
0.000822
0.000822
0.000822
0.000822
0.000822
0.000822
0.000822
0.000822
0.000822
0.000822
0.000822
0.000822
0.000822
0.000822
0.000822
0.000822
0.000822
0.000822
0.000822
0.000822
0.000822
0.000822
0.000822
0.000822
0.000822
0.000822
0.000822
0.000822
0.000822
0.000822
0.000822
0.000822
0.000822
0.000822
0.000822
0.000822
0.000822
0.000822
0.000822
0.000822
0.000822
0.000822
0.000822
0.000822
0.000822
0.000822
0.000822
0.000822
0.000822
0.000822
