0.390548
0.144861
0.044994
0.029617
0.021556
0.015493
0.010961
0.007847
0.005826
0.004559
0.003756
0.003218
0.002841
0.002584
0.002409
0.002271
0.002165
0.002080
0.002009
0.001950
0.001900
0.001857
0.001821
0.001787
0.001757
0.001729
0.001701
0.001675
0.001652
0.001627
0.001600
0.001575
0.001548
0.001522
0.001496
0.001472
0.001451
0.001431
0.001411
0.001391
0.001374
0.001359
0.001346
0.001333
0.001321
0.001308
0.001295
0.001284
0.001273
0.001262
0.001251
0.001241
0.001232
0.001225
0.001220
0.001215
0.001210
0.001205
0.001199
0.001193
0.001188
0.001182
0.001177
0.001174
0.001171
0.001170
0.001169
0.001167
0.001166
0.001164
0.001161
0.001158
0.001156
0.001154
0.001152
0.001149
0.001148
0.001146
0.001144
0.001143
0.001141
0.001139
0.001137
0.001136
0.001135
0.001134
0.001133
0.001132
0.001131
0.001130
0.001129
0.001128
0.001127
0.001126
0.001125
0.001124
0.001122
0.001121
0.001120
0.001120
0.001067
0.001074
0.001074
0.001075
0.001073
0.001073
0.001072
0.001071
0.001070
0.001068
0.001067
0.001066
0.001064
0.001062
0.001061
0.001059
0.001057
0.001056
0.001055
0.001053
0.001052
0.001050
0.001049
0.001048
0.001047
0.001046
0.001045
0.001044
0.001043
0.001043
0.001042
0.001041
0.001041
0.001040
0.001040
0.001039
0.001039
0.001039
0.001038
0.001038
0.001037
0.001037
0.001036
0.001036
0.001036
0.001036
0.001036
0.001035
0.001035
0.001035
0.001034
0.001034
0.001034
0.001034
0.001034
0.001034
0.001033
0.001033
0.001032
0.001032
0.001030
0.001030
0.001029
0.001029
0.001028
0.001028
0.001027
0.001027
0.001026
0.001026
0.001026
0.001025
0.001025
0.001024
0.001024
0.001023
0.001023
0.001022
0.001022
0.001021
0.001021
0.001020
0.001020
0.001020
0.001019
0.001019
0.001018
0.001018
0.001017
0.001017
0.001016
0.001016
0.001015
0.001014
0.001014
0.001013
0.001013
0.001012
0.001012
0.001012
0.001013
0.001029
0.001031
0.001030
0.001030
0.001030
0.001031
0.001031
0.001032
0.001033
0.001034
0.001035
0.001035
0.001036
0.001037
0.001038
0.001039
0.001040
0.001041
0.001041
0.001042
0.001042
0.001042
0.001042
0.001042
0.001041
0.001040
0.001039
0.001038
0.001036
0.001035
0.001033
0.001032
0.001031
0.001030
0.001029
0.001028
0.001027
0.001026
0.001026
0.001025
0.001024
0.001024
0.001023
0.001023
0.001022
0.001022
0.001021
0.001021
0.001020
0.001020
0.001020
0.001020
0.001019
0.001019
0.001019
0.001018
0.001018
0.001018
0.001018
0.001017
0.001017
0.001017
0.001017
0.001017
0.001016
0.001016
0.001016
0.001016
0.001016
0.001015
0.001015
0.001015
0.001014
0.001014
0.001014
0.001014
0.001014
0.001014
0.001013
0.001013
0.001013
0.001013
0.001012
0.001012
0.001012
0.001011
0.001011
0.001011
0.001011
0.001011
0.001010
0.001010
0.001010
0.001009
0.001009
0.001009
0.001009
0.001009
0.001008
0.000983
0.000968
0.000962
0.000964
0.000963
0.000963
0.000963
0.000963
0.000962
0.000962
0.000962
0.000962
0.000962
0.000962
0.000962
0.000962
0.000961
0.000961
0.000961
0.000961
0.000961
0.000961
0.000961
0.000961
0.000961
0.000960
0.000960
0.000960
0.000960
0.000960
0.000960
0.000960
0.000960
0.000960
0.000960
0.000960
0.000960
0.000959
0.000959
0.000959
0.000959
0.000959
0.000959
0.000959
0.000959
0.000959
0.000959
0.000959
0.000959
0.000958
0.000958
0.000958
0.000958
0.000958
0.000958
0.000958
0.000958
0.000958
0.000958
0.000958
0.000958
0.000958
0.000957
0.000957
0.000957
0.000957
0.000957
0.000957
0.000957
0.000957
0.000957
0.000957
0.000957
0.000957
0.000957
0.000957
0.000957
0.000957
0.000956
0.000956
0.000956
0.000956
0.000956
0.000956
0.000956
0.000956
0.000956
0.000956
0.000956
0.000956
0.000956
0.000956
0.000956
0.000956
0.000956
0.000955
0.000955
0.000955
0.000955
0.000955
0.000948
0.000951
0.000953
0.000951
0.000951
0.000950
0.000950
0.000950
0.000950
0.000950
0.000950
0.000950
0.000950
0.000950
0.000950
0.000949
0.000949
0.000949
0.000949
0.000949
0.000949
0.000949
0.000949
0.000949
0.000948
0.000948
0.000948
0.000948
0.000948
0.000948
0.000948
0.000948
0.000948
0.000947
0.000947
0.000947
0.000947
0.000947
0.000947
0.000947
0.000947
0.000947
0.000946
0.000946
0.000946
0.000946
0.000946
0.000946
0.000946
0.000946
0.000946
0.000945
0.000945
0.000945
0.000945
0.000945
0.000945
0.000945
0.000945
0.000945
0.000944
0.000944
0.000944
0.000944
0.000944
0.000944
0.000944
0.000944
0.000944
0.000943
0.000943
0.000943
0.000943
0.000943
0.000943
0.000943
0.000943
0.000943
0.000943
0.000942
0.000942
0.000942
0.000942
0.000942
0.000942
0.000942
0.000942
0.000942
0.000942
0.000941
0.000941
0.000941
0.000941
0.000941
0.000941
0.000941
0.000941
0.000941
0.000941
0.000940
