0.443269
0.299196
0.126320
0.049278
0.030812
0.020562
0.014698
0.010831
0.008343
0.006876
0.006035
0.005511
0.005141
0.004863
0.004635
0.004435
0.004247
0.004067
0.003892
0.003724
0.003561
0.003408
0.003269
0.003145
0.003035
0.002934
0.002849
0.002771
0.002699
0.002633
0.002574
0.002518
0.002465
0.002415
0.002368
0.002322
0.002276
0.002234
0.002200
0.002170
0.002142
0.002114
0.002088
0.002063
0.002041
0.002024
0.002006
0.001988
0.001970
0.001952
0.001936
0.001920
0.001906
0.001890
0.001876
0.001862
0.001850
0.001838
0.001825
0.001813
0.001800
0.001789
0.001780
0.001771
0.001764
0.001754
0.001746
0.001738
0.001729
0.001721
0.001714
0.001707
0.001700
0.001692
0.001684
0.001680
0.001674
0.001664
0.001658
0.001651
0.001645
0.001639
0.001633
0.001629
0.001623
0.001618
0.001613
0.001607
0.001602
0.001597
0.001592
0.001588
0.001584
0.001579
0.001574
0.001571
0.001566
0.001562
0.001557
0.001551
0.001457
0.001453
0.001464
0.001470
0.001472
0.001471
0.001469
0.001467
0.001465
0.001462
0.001459
0.001456
0.001452
0.001449
0.001445
0.001440
0.001436
0.001432
0.001428
0.001424
0.001420
0.001416
0.001411
0.001407
0.001403
0.001400
0.001396
0.001392
0.001388
0.001384
0.001380
0.001375
0.001371
0.001366
0.001362
0.001358
0.001354
0.001350
0.001346
0.001342
0.001339
0.001334
0.001330
0.001326
0.001322
0.001319
0.001314
0.001310
0.001306
0.001302
0.001298
0.001294
0.001290
0.001286
0.001281
0.001277
0.001272
0.001266
0.001261
0.001256
0.001251
0.001247
0.001243
0.001239
0.001235
0.001232
0.001228
0.001225
0.001222
0.001218
0.001215
0.001212
0.001209
0.001206
0.001203
0.001200
0.001197
0.001194
0.001191
0.001188
0.001186
0.001184
0.001181
0.001179
0.001177
0.001175
0.001173
0.001171
0.001169
0.001168
0.001166
0.001164
0.001162
0.001161
0.001159
0.001158
0.001156
0.001155
0.001153
0.001152
0.001138
0.001154
0.001157
0.001155
0.001154
0.001152
0.001151
0.001150
0.001150
0.001149
0.001149
0.001148
0.001148
0.001147
0.001147
0.001146
0.001146
0.001145
0.001145
0.001145
0.001144
0.001144
0.001144
0.001143
0.001143
0.001142
0.001142
0.001141
0.001141
0.001140
0.001140
0.001139
0.001139
0.001138
0.001138
0.001138
0.001137
0.001137
0.001136
0.001136
0.001135
0.001135
0.001134
0.001134
0.001134
0.001133
0.001133
0.001132
0.001132
0.001131
0.001131
0.001130
0.001130
0.001129
0.001129
0.001128
0.001128
0.001127
0.001127
0.001126
0.001126
0.001125
0.001125
0.001124
0.001124
0.001124
0.001123
0.001123
0.001122
0.001122
0.001121
0.001121
0.001121
0.001120
0.001120
0.001120
0.001119
0.001119
0.001118
0.001118
0.001118
0.001117
0.001117
0.001117
0.001117
0.001116
0.001116
0.001115
0.001115
0.001115
0.001114
0.001114
0.001114
0.001113
0.001113
0.001112
0.001112
0.001112
0.001111
0.001111
0.001106
0.001080
0.001082
0.001082
0.001080
0.001080
0.001080
0.001080
0.001080
0.001080
0.001080
0.001079
0.001079
0.001079
0.001079
0.001079
0.001079
0.001078
0.001078
0.001078
0.001078
0.001078
0.001078
0.001077
0.001077
0.001077
0.001077
0.001077
0.001077
0.001077
0.001076
0.001076
0.001076
0.001076
0.001076
0.001076
0.001076
0.001075
0.001075
0.001075
0.001075
0.001075
0.001075
0.001075
0.001074
0.001074
0.001074
0.001074
0.001074
0.001074
0.001074
0.001074
0.001073
0.001073
0.001073
0.001073
0.001073
0.001073
0.001073
0.001072
0.001072
0.001072
0.001072
0.001072
0.001072
0.001072
0.001072
0.001071
0.001071
0.001071
0.001071
0.001071
0.001071
0.001071
0.001071
0.001070
0.001070
0.001070
0.001070
0.001070
0.001070
0.001070
0.001070
0.001069
0.001069
0.001069
0.001069
0.001069
0.001069
0.001069
0.001069
0.001068
0.001068
0.001068
0.001068
0.001068
0.001068
0.001068
0.001067
0.001067
0.001059
0.001054
0.001054
0.001053
0.001052
0.001052
0.001052
0.001052
0.001052
0.001052
0.001052
0.001051
0.001051
0.001051
0.001051
0.001051
0.001051
0.001051
0.001051
0.001050
0.001050
0.001050
0.001050
0.001050
0.001050
0.001050
0.001050
0.001050
0.001049
0.001049
0.001049
0.001049
0.001049
0.001049
0.001049
0.001049
0.001049
0.001048
0.001048
0.001048
0.001048
0.001048
0.001048
0.001048
0.001048
0.001048
0.001048
0.001047
0.001047
0.001047
0.001047
0.001047
0.001047
0.001047
0.001047
0.001047
0.001047
0.001046
0.001046
0.001046
0.001046
0.001046
0.001046
0.001046
0.001046
0.001046
0.001046
0.001045
0.001045
0.001045
0.001045
0.001045
0.001045
0.001045
0.001045
0.001045
0.001045
0.001044
0.001044
0.001044
0.001044
0.001044
0.001044
0.001044
0.001044
0.001044
0.001044
0.001044
0.001043
0.001043
0.001043
0.001043
0.001043
0.001043
0.001043
0.001043
0.001043
0.001043
0.001043
0.001042
