0.527010
0.470422
0.393321
0.289899
0.234643
0.084103
0.029756
0.017055
0.011619
0.009005
0.007740
0.007147
0.006866
0.006733
0.006664
0.006620
0.006585
0.006555
0.006529
0.006507
0.006487
0.006469
0.006452
0.006436
0.006421
0.006407
0.006394
0.006383
0.006371
0.006360
0.006349
0.006339
0.006330
0.006321
0.006313
0.006306
0.006299
0.006293
0.006287
0.006281
0.006276
0.006272
0.006267
0.006264
0.006260
0.006257
0.006254
0.006252
0.006250
0.006247
0.006246
0.006244
0.006242
0.006240
0.006239
0.006238
0.006237
0.006236
0.006236
0.006235
0.006234
0.006234
0.006233
0.006232
0.006231
0.006231
0.006231
0.006230
0.006230
0.006230
0.006230
0.006229
0.006229
0.006229
0.006228
0.006227
0.006227
0.006227
0.006226
0.006226
0.006226
0.006226
0.006225
0.006225
0.006225
0.006225
0.006224
0.006223
0.006223
0.006223
0.006223
0.006223
0.006222
0.006222
0.006221
0.006221
0.006220
0.006219
0.006219
0.006219
0.006094
0.006030
0.006026
0.006022
0.006023
0.006025
0.006024
0.006024
0.006025
0.006025
0.006025
0.006026
0.006026
0.006026
0.006026
0.006027
0.006027
0.006027
0.006028
0.006028
0.006028
0.006029
0.006029
0.006029
0.006030
0.006030
0.006030
0.006031
0.006031
0.006031
0.006032
0.006032
0.006032
0.006033
0.006033
0.006033
0.006033
0.006033
0.006034
0.006034
0.006033
0.006031
0.006028
0.006026
0.006022
0.006018
0.006014
0.006009
0.006006
0.006002
0.005999
0.005993
0.005983
0.005966
0.005942
0.005879
0.005743
0.005589
0.005469
0.005369
0.005282
0.005218
0.005167
0.005129
0.005096
0.005068
0.005042
0.005019
0.005000
0.004983
0.004967
0.004953
0.004940
0.004927
0.004915
0.004906
0.004896
0.004886
0.004878
0.004869
0.004861
0.004854
0.004846
0.004839
0.004831
0.004826
0.004819
0.004814
0.004808
0.004803
0.004797
0.004793
0.004788
0.004784
0.004779
0.004775
0.004771
0.004768
0.004764
0.004760
0.004730
0.004725
0.004706
0.004704
0.004696
0.004694
0.004693
0.004691
0.004690
0.004688
0.004687
0.004685
0.004684
0.004682
0.004681
0.004680
0.004679
0.004678
0.004676
0.004675
0.004674
0.004673
0.004672
0.004671
0.004670
0.004669
0.004668
0.004667
0.004666
0.004665
0.004664
0.004663
0.004662
0.004661
0.004660
0.004659
0.004658
0.004657
0.004656
0.004656
0.004655
0.004654
0.004653
0.004652
0.004651
0.004650
0.004649
0.004648
0.004647
0.004646
0.004645
0.004645
0.004644
0.004643
0.004642
0.004641
0.004640
0.004640
0.004639
0.004638
0.004637
0.004636
0.004636
0.004635
0.004634
0.004633
0.004633
0.004632
0.004631
0.004630
0.004630
0.004629
0.004628
0.004627
0.004626
0.004626
0.004625
0.004624
0.004623
0.004622
0.004621
0.004620
0.004620
0.004619
0.004618
0.004617
0.004616
0.004615
0.004614
0.004613
0.004613
0.004612
0.004611
0.004610
0.004609
0.004608
0.004607
0.004606
0.004606
0.004605
0.004576
0.004570
0.004571
0.004570
0.004569
0.004569
0.004569
0.004569
0.004568
0.004568
0.004567
0.004567
0.004566
0.004566
0.004566
0.004565
0.004565
0.004564
0.004564
0.004563
0.004563
0.004562
0.004562
0.004561
0.004561
0.004560
0.004560
0.004559
0.004559
0.004558
0.004558
0.004557
0.004557
0.004556
0.004555
0.004555
0.004554
0.004554
0.004553
0.004552
0.004552
0.004551
0.004550
0.004550
0.004549
0.004549
0.004548
0.004547
0.004547
0.004546
0.004546
0.004545
0.004544
0.004544
0.004543
0.004542
0.004542
0.004541
0.004540
0.004540
0.004539
0.004538
0.004537
0.004537
0.004536
0.004535
0.004534
0.004533
0.004533
0.004532
0.004531
0.004530
0.004529
0.004529
0.004528
0.004527
0.004526
0.004526
0.004525
0.004524
0.004524
0.004523
0.004522
0.004521
0.004520
0.004520
0.004519
0.004518
0.004517
0.004516
0.004516
0.004515
0.004514
0.004513
0.004512
0.004511
0.004510
0.004509
0.004508
0.004507
0.004494
0.004489
0.004488
0.004489
0.004489
0.004488
0.004487
0.004486
0.004486
0.004485
0.004485
0.004484
0.004483
0.004483
0.004482
0.004482
0.004481
0.004480
0.004479
0.004479
0.004478
0.004477
0.004477
0.004476
0.004475
0.004475
0.004474
0.004473
0.004472
0.004471
0.004471
0.004470
0.004469
0.004468
0.004467
0.004467
0.004466
0.004465
0.004464
0.004463
0.004462
0.004461
0.004461
0.004460
0.004459
0.004458
0.004457
0.004456
0.004455
0.004455
0.004454
0.004453
0.004452
0.004451
0.004450
0.004449
0.004448
0.004447
0.004446
0.004446
0.004445
0.004444
0.004443
0.004442
0.004441
0.004440
0.004439
0.004438
0.004437
0.004436
0.004435
0.004434
0.004433
0.004432
0.004431
0.004430
0.004429
0.004428
0.004427
0.004426
0.004425
0.004423
0.004422
0.004421
0.004420
0.004419
0.004417
0.004416
0.004415
0.004413
0.004412
0.004410
0.004409
0.004407
0.004406
0.004404
0.004403
0.004401
0.004399
0.004398
