0.419805
0.130437
0.038189
0.021423
0.013403
0.008751
0.006045
0.004728
0.004012
0.003584
0.003314
0.003122
0.002969
0.002836
0.002713
0.002600
0.002499
0.002406
0.002321
0.002242
0.002170
0.002102
0.002041
0.001982
0.001927
0.001874
0.001825
0.001778
0.001732
0.001689
0.001647
0.001609
0.001576
0.001542
0.001511
0.001482
0.001455
0.001429
0.001405
0.001383
0.001363
0.001344
0.001328
0.001313
0.001300
0.001287
0.001276
0.001266
0.001255
0.001248
0.001240
0.001234
0.001227
0.001222
0.001216
0.001211
0.001208
0.001204
0.001200
0.001195
0.001192
0.001188
0.001180
0.001174
0.001170
0.001166
0.001163
0.001160
0.001156
0.001151
0.001144
0.001138
0.001135
0.001132
0.001130
0.001128
0.001124
0.001120
0.001114
0.001108
0.001104
0.001101
0.001097
0.001094
0.001091
0.001088
0.001085
0.001080
0.001074
0.001067
0.001060
0.001054
0.001050
0.001047
0.001043
0.001040
0.001036
0.001031
0.001027
0.001022
0.000983
0.000974
0.000980
0.000973
0.000972
0.000972
0.000971
0.000971
0.000971
0.000971
0.000971
0.000970
0.000970
0.000970
0.000970
0.000970
0.000969
0.000969
0.000968
0.000968
0.000967
0.000966
0.000965
0.000965
0.000964
0.000963
0.000963
0.000962
0.000962
0.000961
0.000960
0.000959
0.000959
0.000958
0.000958
0.000957
0.000957
0.000957
0.000957
0.000956
0.000955
0.000954
0.000954
0.000953
0.000952
0.000952
0.000952
0.000951
0.000951
0.000950
0.000949
0.000948
0.000947
0.000947
0.000947
0.000946
0.000944
0.000944
0.000943
0.000942
0.000942
0.000941
0.000941
0.000940
0.000940
0.000940
0.000939
0.000938
0.000937
0.000937
0.000937
0.000936
0.000936
0.000936
0.000935
0.000935
0.000934
0.000933
0.000933
0.000932
0.000932
0.000932
0.000931
0.000931
0.000930
0.000930
0.000929
0.000929
0.000929
0.000928
0.000928
0.000927
0.000927
0.000926
0.000926
0.000925
0.000925
0.000924
0.000923
0.000923
0.000892
0.000891
0.000889
0.000889
0.000889
0.000889
0.000888
0.000888
0.000887
0.000887
0.000886
0.000886
0.000885
0.000885
0.000884
0.000883
0.000883
0.000882
0.000882
0.000881
0.000880
0.000879
0.000879
0.000878
0.000877
0.000877
0.000876
0.000876
0.000875
0.000875
0.000874
0.000874
0.000873
0.000873
0.000872
0.000872
0.000872
0.000871
0.000871
0.000871
0.000870
0.000870
0.000870
0.000869
0.000869
0.000869
0.000868
0.000868
0.000868
0.000868
0.000867
0.000867
0.000867
0.000866
0.000866
0.000866
0.000866
0.000865
0.000865
0.000865
0.000864
0.000864
0.000864
0.000863
0.000863
0.000863
0.000862
0.000862
0.000862
0.000862
0.000861
0.000861
0.000861
0.000860
0.000860
0.000860
0.000859
0.000859
0.000859
0.000859
0.000858
0.000858
0.000858
0.000858
0.000858
0.000857
0.000857
0.000857
0.000856
0.000856
0.000856
0.000856
0.000856
0.000856
0.000855
0.000855
0.000855
0.000855
0.000855
0.000854
0.000856
0.000864
0.000865
0.000865
0.000866
0.000867
0.000868
0.000868
0.000868
0.000868
0.000868
0.000867
0.000867
0.000866
0.000866
0.000865
0.000864
0.000863
0.000862
0.000862
0.000861
0.000861
0.000860
0.000859
0.000859
0.000859
0.000858
0.000858
0.000858
0.000857
0.000857
0.000857
0.000857
0.000856
0.000856
0.000856
0.000856
0.000856
0.000856
0.000855
0.000855
0.000855
0.000855
0.000855
0.000855
0.000855
0.000855
0.000855
0.000855
0.000855
0.000855
0.000855
0.000855
0.000855
0.000855
0.000855
0.000855
0.000855
0.000855
0.000854
0.000854
0.000854
0.000854
0.000854
0.000854
0.000854
0.000854
0.000854
0.000854
0.000854
0.000854
0.000853
0.000853
0.000853
0.000853
0.000853
0.000853
0.000853
0.000853
0.000853
0.000853
0.000853
0.000853
0.000853
0.000853
0.000853
0.000852
0.000852
0.000852
0.000852
0.000852
0.000852
0.000852
0.000852
0.000852
0.000852
0.000852
0.000852
0.000852
0.000852
0.000840
0.000831
0.000828
0.000828
0.000827
0.000828
0.000827
0.000827
0.000827
0.000827
0.000827
0.000827
0.000827
0.000827
0.000827
0.000827
0.000827
0.000827
0.000827
0.000827
0.000827
0.000827
0.000827
0.000827
0.000827
0.000827
0.000827
0.000827
0.000827
0.000827
0.000827
0.000827
0.000827
0.000827
0.000827
0.000827
0.000827
0.000827
0.000827
0.000827
0.000827
0.000827
0.000827
0.000827
0.000827
0.000827
0.000827
0.000827
0.000827
0.000827
0.000827
0.000827
0.000827
0.000827
0.000827
0.000827
0.000827
0.000827
0.000827
0.000827
0.000827
0.000827
0.000827
0.000827
0.000827
0.000826
0.000826
0.000827
0.000826
0.000826
0.000826
0.000826
0.000826
0.000826
0.000826
0.000826
0.000826
0.000826
0.000826
0.000826
0.000826
0.000826
0.000826
0.000826
0.000826
0.000826
0.000826
0.000826
0.000826
0.000826
0.000826
0.000826
0.000826
0.000826
0.000826
0.000826
0.000826
0.000826
0.000826
0.000826
