0.371000
0.084827
0.021959
0.008952
0.007165
0.006200
0.005587
0.005151
0.004731
0.004345
0.004001
0.003694
0.003430
0.003208
0.003026
0.002873
0.002739
0.002620
0.002512
0.002412
0.002317
0.002227
0.002144
0.002069
0.001997
0.001931
0.001869
0.001812
0.001759
0.001711
0.001667
0.001625
0.001585
0.001549
0.001515
0.001482
0.001449
0.001418
0.001388
0.001358
0.001329
0.001302
0.001274
0.001248
0.001221
0.001195
0.001169
0.001145
0.001121
0.001098
0.001077
0.001057
0.001039
0.001021
0.001004
0.000988
0.000972
0.000958
0.000944
0.000931
0.000918
0.000906
0.000895
0.000884
0.000873
0.000864
0.000854
0.000844
0.000835
0.000825
0.000815
0.000805
0.000795
0.000785
0.000773
0.000762
0.000752
0.000742
0.000733
0.000725
0.000717
0.000711
0.000704
0.000697
0.000692
0.000686
0.000679
0.000673
0.000666
0.000660
0.000655
0.000649
0.000643
0.000639
0.000634
0.000629
0.000624
0.000618
0.000613
0.000608
0.000571
0.000563
0.000559
0.000556
0.000554
0.000552
0.000550
0.000548
0.000546
0.000544
0.000542
0.000540
0.000538
0.000536
0.000534
0.000532
0.000531
0.000529
0.000528
0.000526
0.000525
0.000523
0.000522
0.000521
0.000519
0.000518
0.000517
0.000515
0.000514
0.000512
0.000511
0.000509
0.000507
0.000506
0.000504
0.000502
0.000500
0.000498
0.000497
0.000495
0.000494
0.000492
0.000491
0.000490
0.000488
0.000487
0.000486
0.000485
0.000484
0.000483
0.000482
0.000481
0.000480
0.000479
0.000478
0.000477
0.000476
0.000475
0.000474
0.000473
0.000473
0.000472
0.000472
0.000471
0.000470
0.000469
0.000469
0.000468
0.000467
0.000467
0.000466
0.000465
0.000465
0.000464
0.000464
0.000463
0.000463
0.000462
0.000462
0.000462
0.000461
0.000461
0.000460
0.000459
0.000459
0.000459
0.000459
0.000459
0.000459
0.000458
0.000458
0.000458
0.000458
0.000457
0.000457
0.000457
0.000457
0.000457
0.000457
0.000457
0.000445
0.000444
0.000442
0.000441
0.000441
0.000441
0.000441
0.000440
0.000440
0.000440
0.000440
0.000440
0.000439
0.000439
0.000439
0.000439
0.000439
0.000439
0.000439
0.000438
0.000438
0.000438
0.000438
0.000438
0.000438
0.000438
0.000438
0.000438
0.000438
0.000438
0.000438
0.000438
0.000438
0.000437
0.000437
0.000437
0.000437
0.000437
0.000437
0.000437
0.000437
0.000437
0.000437
0.000436
0.000436
0.000436
0.000436
0.000436
0.000436
0.000435
0.000435
0.000435
0.000435
0.000435
0.000434
0.000434
0.000434
0.000434
0.000434
0.000434
0.000434
0.000434
0.000433
0.000433
0.000433
0.000433
0.000433
0.000432
0.000432
0.000432
0.000432
0.000432
0.000432
0.000431
0.000431
0.000431
0.000431
0.000431
0.000431
0.000430
0.000430
0.000430
0.000430
0.000430
0.000430
0.000430
0.000429
0.000429
0.000429
0.000429
0.000429
0.000429
0.000429
0.000428
0.000428
0.000428
0.000428
0.000428
0.000428
0.000428
0.000424
0.000422
0.000424
0.000425
0.000425
0.000425
0.000425
0.000425
0.000425
0.000425
0.000424
0.000424
0.000424
0.000424
0.000424
0.000424
0.000423
0.000423
0.000423
0.000423
0.000423
0.000422
0.000422
0.000422
0.000422
0.000422
0.000422
0.000421
0.000421
0.000421
0.000421
0.000421
0.000420
0.000420
0.000420
0.000420
0.000420
0.000420
0.000419
0.000419
0.000419
0.000419
0.000419
0.000419
0.000419
0.000418
0.000418
0.000418
0.000418
0.000418
0.000418
0.000418
0.000417
0.000417
0.000417
0.000417
0.000417
0.000417
0.000417
0.000416
0.000416
0.000416
0.000416
0.000416
0.000416
0.000416
0.000416
0.000415
0.000415
0.000415
0.000415
0.000415
0.000415
0.000415
0.000415
0.000414
0.000414
0.000414
0.000414
0.000414
0.000414
0.000414
0.000414
0.000413
0.000413
0.000413
0.000413
0.000413
0.000413
0.000413
0.000413
0.000413
0.000412
0.000412
0.000412
0.000412
0.000412
0.000412
0.000412
0.000412
0.000411
0.000413
0.000412
0.000411
0.000411
0.000411
0.000411
0.000411
0.000411
0.000411
0.000411
0.000411
0.000411
0.000411
0.000410
0.000410
0.000410
0.000410
0.000410
0.000410
0.000410
0.000410
0.000410
0.000410
0.000410
0.000410
0.000410
0.000410
0.000410
0.000410
0.000410
0.000410
0.000410
0.000410
0.000410
0.000410
0.000410
0.000410
0.000409
0.000409
0.000409
0.000409
0.000409
0.000409
0.000409
0.000409
0.000409
0.000409
0.000409
0.000409
0.000409
0.000409
0.000409
0.000409
0.000409
0.000409
0.000409
0.000409
0.000409
0.000409
0.000409
0.000409
0.000409
0.000409
0.000408
0.000408
0.000408
0.000408
0.000408
0.000408
0.000408
0.000408
0.000408
0.000408
0.000408
0.000408
0.000408
0.000408
0.000408
0.000408
0.000408
0.000408
0.000408
0.000408
0.000408
0.000408
0.000408
0.000408
0.000408
0.000407
0.000407
0.000407
0.000407
0.000407
0.000407
0.000407
0.000407
0.000407
0.000407
0.000407
