0.521599
0.431948
0.326653
0.155945
0.062278
0.047715
0.039120
0.032394
0.025967
0.019671
0.014760
0.011110
0.008397
0.006493
0.005405
0.004809
0.004402
0.004114
0.003913
0.003760
0.003635
0.003524
0.003422
0.003325
0.003233
0.003143
0.003056
0.002969
0.002885
0.002803
0.002725
0.002650
0.002580
0.002516
0.002455
0.002398
0.002342
0.002285
0.002231
0.002177
0.002126
0.002078
0.002031
0.001988
0.001946
0.001909
0.001874
0.001841
0.001812
0.001784
0.001759
0.001735
0.001713
0.001692
0.001673
0.001655
0.001638
0.001621
0.001606
0.001591
0.001576
0.001563
0.001549
0.001537
0.001526
0.001515
0.001506
0.001496
0.001487
0.001479
0.001472
0.001465
0.001458
0.001452
0.001446
0.001440
0.001433
0.001427
0.001421
0.001416
0.001410
0.001405
0.001401
0.001396
0.001393
0.001389
0.001385
0.001380
0.001377
0.001372
0.001368
0.001365
0.001361
0.001357
0.001351
0.001347
0.001344
0.001340
0.001336
0.001333
0.001305
0.001336
0.001358
0.001366
0.001367
0.001363
0.001359
0.001354
0.001350
0.001347
0.001343
0.001340
0.001338
0.001336
0.001334
0.001333
0.001332
0.001330
0.001329
0.001327
0.001324
0.001322
0.001319
0.001318
0.001316
0.001315
0.001313
0.001312
0.001311
0.001309
0.001308
0.001308
0.001307
0.001306
0.001305
0.001304
0.001303
0.001301
0.001300
0.001298
0.001295
0.001295
0.001294
0.001293
0.001291
0.001289
0.001288
0.001286
0.001286
0.001284
0.001282
0.001281
0.001280
0.001278
0.001276
0.001275
0.001274
0.001273
0.001273
0.001271
0.001270
0.001269
0.001267
0.001265
0.001264
0.001263
0.001262
0.001261
0.001261
0.001260
0.001258
0.001257
0.001257
0.001256
0.001256
0.001254
0.001254
0.001253
0.001252
0.001251
0.001249
0.001249
0.001248
0.001247
0.001247
0.001246
0.001245
0.001244
0.001243
0.001243
0.001242
0.001242
0.001241
0.001240
0.001239
0.001239
0.001238
0.001238
0.001237
0.001236
0.001194
0.001153
0.001146
0.001149
0.001147
0.001147
0.001147
0.001146
0.001146
0.001145
0.001145
0.001145
0.001144
0.001144
0.001144
0.001143
0.001143
0.001143
0.001142
0.001142
0.001142
0.001141
0.001141
0.001141
0.001141
0.001140
0.001140
0.001140
0.001140
0.001139
0.001139
0.001139
0.001138
0.001138
0.001138
0.001138
0.001138
0.001137
0.001137
0.001137
0.001137
0.001137
0.001137
0.001136
0.001136
0.001136
0.001136
0.001136
0.001135
0.001135
0.001135
0.001135
0.001135
0.001134
0.001134
0.001134
0.001134
0.001134
0.001134
0.001133
0.001133
0.001133
0.001133
0.001133
0.001133
0.001132
0.001133
0.001132
0.001132
0.001132
0.001132
0.001132
0.001132
0.001131
0.001131
0.001131
0.001131
0.001130
0.001130
0.001130
0.001130
0.001130
0.001130
0.001130
0.001129
0.001129
0.001129
0.001128
0.001128
0.001128
0.001128
0.001127
0.001127
0.001127
0.001127
0.001127
0.001126
0.001126
0.001125
0.001125
0.001109
0.001104
0.001101
0.001100
0.001100
0.001100
0.001099
0.001099
0.001099
0.001099
0.001098
0.001098
0.001098
0.001097
0.001097
0.001097
0.001097
0.001097
0.001096
0.001096
0.001096
0.001096
0.001095
0.001095
0.001095
0.001095
0.001094
0.001094
0.001094
0.001094
0.001094
0.001093
0.001093
0.001093
0.001093
0.001093
0.001092
0.001092
0.001092
0.001091
0.001091
0.001091
0.001091
0.001090
0.001090
0.001090
0.001090
0.001090
0.001089
0.001089
0.001089
0.001089
0.001088
0.001088
0.001088
0.001088
0.001087
0.001087
0.001087
0.001087
0.001086
0.001086
0.001086
0.001086
0.001086
0.001086
0.001085
0.001085
0.001085
0.001084
0.001084
0.001084
0.001084
0.001084
0.001084
0.001083
0.001083
0.001083
0.001083
0.001083
0.001082
0.001082
0.001082
0.001082
0.001082
0.001081
0.001081
0.001081
0.001081
0.001081
0.001080
0.001080
0.001080
0.001080
0.001080
0.001080
0.001079
0.001079
0.001079
0.001079
0.001074
0.001079
0.001083
0.001084
0.001085
0.001085
0.001086
0.001086
0.001085
0.001085
0.001085
0.001085
0.001085
0.001085
0.001085
0.001085
0.001084
0.001084
0.001084
0.001084
0.001084
0.001084
0.001083
0.001083
0.001083
0.001083
0.001083
0.001083
0.001082
0.001082
0.001082
0.001082
0.001082
0.001081
0.001081
0.001081
0.001081
0.001081
0.001081
0.001080
0.001080
0.001080
0.001080
0.001080
0.001080
0.001079
0.001079
0.001079
0.001079
0.001079
0.001079
0.001079
0.001078
0.001078
0.001078
0.001078
0.001078
0.001078
0.001078
0.001077
0.001077
0.001077
0.001077
0.001077
0.001077
0.001077
0.001077
0.001076
0.001076
0.001076
0.001076
0.001076
0.001076
0.001076
0.001076
0.001075
0.001075
0.001075
0.001075
0.001075
0.001075
0.001075
0.001075
0.001074
0.001074
0.001074
0.001074
0.001074
0.001074
0.001074
0.001074
0.001074
0.001073
0.001073
0.001073
0.001073
0.001073
0.001073
0.001073
0.001073
