0.464230
0.351262
0.221663
0.108596
0.069119
0.048350
0.036213
0.027909
0.021727
0.017231
0.013936
0.011523
0.009809
0.008713
0.008119
0.007845
0.007707
0.007617
0.007550
0.007495
0.007442
0.007392
0.007343
0.007293
0.007242
0.007187
0.007130
0.007068
0.007004
0.006941
0.006873
0.006800
0.006720
0.006634
0.006537
0.006425
0.006308
0.006192
0.006085
0.005991
0.005910
0.005842
0.005781
0.005726
0.005673
0.005621
0.005571
0.005524
0.005479
0.005436
0.005394
0.005354
0.005315
0.005278
0.005243
0.005208
0.005175
0.005142
0.005111
0.005081
0.005052
0.005025
0.004998
0.004973
0.004950
0.004928
0.004906
0.004887
0.004868
0.004851
0.004835
0.004820
0.004805
0.004792
0.004779
0.004767
0.004755
0.004744
0.004734
0.004724
0.004715
0.004705
0.004697
0.004688
0.004680
0.004672
0.004664
0.004656
0.004648
0.004641
0.004633
0.004626
0.004618
0.004610
0.004602
0.004594
0.004586
0.004578
0.004570
0.004561
0.004512
0.004484
0.004483
0.004476
0.004471
0.004467
0.004461
0.004453
0.004445
0.004435
0.004426
0.004415
0.004404
0.004393
0.004379
0.004366
0.004350
0.004334
0.004318
0.004301
0.004285
0.004268
0.004251
0.004236
0.004224
0.004210
0.004195
0.004183
0.004171
0.004160
0.004149
0.004139
0.004129
0.004121
0.004113
0.004105
0.004098
0.004091
0.004084
0.004079
0.004074
0.004070
0.004065
0.004061
0.004057
0.004055
0.004052
0.004049
0.004046
0.004044
0.004041
0.004039
0.004038
0.004036
0.004035
0.004033
0.004031
0.004029
0.004027
0.004026
0.004024
0.004023
0.004022
0.004021
0.004020
0.004019
0.004018
0.004017
0.004017
0.004016
0.004015
0.004014
0.004013
0.004012
0.004011
0.004011
0.004010
0.004009
0.004009
0.004008
0.004008
0.004006
0.004007
0.004006
0.004005
0.004005
0.004003
0.004004
0.004003
0.004002
0.004002
0.004001
0.004001
0.004001
0.004000
0.003999
0.003999
0.003999
0.003998
0.003998
0.003967
0.003919
0.003917
0.003918
0.003916
0.003916
0.003916
0.003916
0.003916
0.003916
0.003916
0.003915
0.003915
0.003915
0.003915
0.003915
0.003915
0.003914
0.003914
0.003914
0.003914
0.003914
0.003914
0.003914
0.003914
0.003914
0.003913
0.003914
0.003913
0.003913
0.003913
0.003913
0.003913
0.003913
0.003913
0.003913
0.003912
0.003912
0.003912
0.003912
0.003912
0.003912
0.003912
0.003912
0.003912
0.003912
0.003911
0.003912
0.003912
0.003911
0.003911
0.003911
0.003911
0.003911
0.003910
0.003911
0.003911
0.003910
0.003911
0.003910
0.003911
0.003910
0.003910
0.003910
0.003910
0.003910
0.003910
0.003910
0.003910
0.003910
0.003910
0.003910
0.003910
0.003910
0.003910
0.003910
0.003910
0.003910
0.003910
0.003910
0.003910
0.003910
0.003910
0.003910
0.003910
0.003910
0.003910
0.003910
0.003910
0.003910
0.003910
0.003910
0.003910
0.003910
0.003910
0.003910
0.003910
0.003910
0.003910
0.003910
0.003896
0.003900
0.003905
0.003906
0.003907
0.003907
0.003907
0.003907
0.003907
0.003907
0.003908
0.003907
0.003907
0.003908
0.003907
0.003907
0.003907
0.003907
0.003907
0.003907
0.003907
0.003907
0.003907
0.003907
0.003907
0.003907
0.003907
0.003907
0.003907
0.003907
0.003907
0.003907
0.003907
0.003907
0.003907
0.003907
0.003907
0.003907
0.003907
0.003907
0.003907
0.003907
0.003907
0.003907
0.003907
0.003907
0.003907
0.003906
0.003907
0.003906
0.003906
0.003906
0.003906
0.003906
0.003906
0.003906
0.003906
0.003906
0.003906
0.003906
0.003906
0.003906
0.003906
0.003906
0.003906
0.003906
0.003906
0.003906
0.003906
0.003906
0.003906
0.003906
0.003906
0.003906
0.003906
0.003906
0.003906
0.003906
0.003906
0.003906
0.003906
0.003906
0.003906
0.003906
0.003906
0.003906
0.003906
0.003906
0.003906
0.003906
0.003906
0.003906
0.003906
0.003906
0.003906
0.003906
0.003906
0.003906
0.003905
0.003906
0.003901
0.003889
0.003888
0.003890
0.003889
0.003889
0.003889
0.003889
0.003889
0.003889
0.003889
0.003889
0.003889
0.003889
0.003889
0.003889
0.003889
0.003889
0.003889
0.003889
0.003889
0.003889
0.003889
0.003889
0.003889
0.003889
0.003889
0.003889
0.003889
0.003889
0.003889
0.003889
0.003889
0.003889
0.003889
0.003889
0.003890
0.003889
0.003889
0.003890
0.003889
0.003890
0.003890
0.003890
0.003890
0.003890
0.003890
0.003890
0.003890
0.003890
0.003890
0.003890
0.003890
0.003890
0.003890
0.003890
0.003890
0.003890
0.003890
0.003890
0.003890
0.003890
0.003890
0.003890
0.003890
0.003890
0.003890
0.003890
0.003890
0.003890
0.003890
0.003890
0.003890
0.003890
0.003890
0.003890
0.003890
0.003890
0.003890
0.003890
0.003890
0.003890
0.003890
0.003890
0.003890
0.003890
0.003890
0.003890
0.003890
0.003890
0.003890
0.003890
0.003890
0.003890
0.003890
0.003890
0.003890
0.003890
0.003890
0.003890
