0.390689
0.146703
0.055336
0.034690
0.021161
0.012911
0.009157
0.007623
0.006972
0.006548
0.006190
0.005881
0.005612
0.005378
0.005185
0.005017
0.004863
0.004718
0.004579
0.004443
0.004309
0.004171
0.004032
0.003897
0.003764
0.003638
0.003524
0.003418
0.003322
0.003235
0.003154
0.003078
0.003006
0.002936
0.002868
0.002802
0.002741
0.002683
0.002627
0.002573
0.002522
0.002472
0.002425
0.002382
0.002340
0.002300
0.002262
0.002223
0.002185
0.002147
0.002111
0.002074
0.002037
0.002002
0.001965
0.001930
0.001896
0.001865
0.001835
0.001805
0.001777
0.001750
0.001725
0.001700
0.001677
0.001655
0.001633
0.001613
0.001593
0.001575
0.001558
0.001543
0.001529
0.001517
0.001506
0.001496
0.001486
0.001477
0.001468
0.001460
0.001452
0.001444
0.001436
0.001429
0.001422
0.001414
0.001409
0.001404
0.001398
0.001392
0.001386
0.001381
0.001375
0.001372
0.001368
0.001365
0.001362
0.001358
0.001355
0.001350
0.001300
0.001310
0.001308
0.001308
0.001308
0.001306
0.001304
0.001302
0.001300
0.001297
0.001295
0.001294
0.001292
0.001290
0.001288
0.001286
0.001284
0.001282
0.001280
0.001278
0.001276
0.001274
0.001272
0.001270
0.001268
0.001266
0.001264
0.001262
0.001260
0.001257
0.001255
0.001253
0.001251
0.001249
0.001247
0.001245
0.001243
0.001240
0.001238
0.001236
0.001233
0.001231
0.001229
0.001226
0.001224
0.001222
0.001219
0.001217
0.001215
0.001213
0.001211
0.001209
0.001207
0.001204
0.001202
0.001199
0.001197
0.001195
0.001193
0.001191
0.001189
0.001187
0.001185
0.001183
0.001180
0.001179
0.001177
0.001175
0.001173
0.001171
0.001168
0.001166
0.001164
0.001161
0.001158
0.001156
0.001153
0.001150
0.001147
0.001145
0.001142
0.001140
0.001137
0.001135
0.001132
0.001130
0.001128
0.001125
0.001123
0.001121
0.001119
0.001117
0.001115
0.001113
0.001111
0.001109
0.001108
0.001106
0.001104
0.001102
0.001082
0.001092
0.001101
0.001104
0.001105
0.001105
0.001104
0.001103
0.001103
0.001102
0.001101
0.001101
0.001100
0.001100
0.001100
0.001099
0.001098
0.001098
0.001097
0.001096
0.001095
0.001094
0.001094
0.001093
0.001091
0.001090
0.001089
0.001088
0.001087
0.001085
0.001084
0.001083
0.001082
0.001081
0.001080
0.001079
0.001078
0.001077
0.001076
0.001075
0.001073
0.001072
0.001071
0.001071
0.001070
0.001069
0.001068
0.001067
0.001066
0.001066
0.001065
0.001064
0.001063
0.001062
0.001062
0.001061
0.001060
0.001059
0.001058
0.001057
0.001056
0.001055
0.001055
0.001054
0.001054
0.001053
0.001052
0.001051
0.001051
0.001050
0.001049
0.001048
0.001047
0.001046
0.001044
0.001043
0.001043
0.001042
0.001041
0.001040
0.001039
0.001037
0.001036
0.001034
0.001033
0.001032
0.001031
0.001029
0.001028
0.001027
0.001026
0.001026
0.001025
0.001024
0.001024
0.001023
0.001022
0.001022
0.001021
0.001021
0.001006
0.000982
0.000977
0.000975
0.000974
0.000974
0.000974
0.000974
0.000973
0.000973
0.000972
0.000972
0.000972
0.000971
0.000971
0.000971
0.000971
0.000970
0.000970
0.000970
0.000970
0.000969
0.000969
0.000969
0.000968
0.000968
0.000968
0.000967
0.000967
0.000967
0.000966
0.000966
0.000966
0.000965
0.000965
0.000965
0.000965
0.000964
0.000964
0.000964
0.000963
0.000963
0.000963
0.000962
0.000962
0.000962
0.000962
0.000961
0.000961
0.000961
0.000960
0.000960
0.000960
0.000960
0.000959
0.000959
0.000959
0.000958
0.000958
0.000958
0.000958
0.000957
0.000957
0.000957
0.000957
0.000956
0.000956
0.000956
0.000956
0.000956
0.000955
0.000955
0.000955
0.000955
0.000955
0.000954
0.000954
0.000954
0.000954
0.000954
0.000953
0.000953
0.000953
0.000953
0.000953
0.000952
0.000952
0.000952
0.000952
0.000952
0.000951
0.000951
0.000951
0.000951
0.000951
0.000950
0.000950
0.000950
0.000950
0.000949
0.000941
0.000937
0.000936
0.000936
0.000935
0.000935
0.000935
0.000935
0.000935
0.000935
0.000935
0.000935
0.000934
0.000934
0.000934
0.000934
0.000934
0.000934
0.000934
0.000933
0.000933
0.000933
0.000933
0.000933
0.000933
0.000933
0.000932
0.000932
0.000932
0.000932
0.000932
0.000932
0.000931
0.000931
0.000931
0.000931
0.000931
0.000931
0.000931
0.000930
0.000930
0.000930
0.000930
0.000930
0.000930
0.000930
0.000930
0.000929
0.000929
0.000929
0.000929
0.000929
0.000929
0.000929
0.000929
0.000929
0.000929
0.000928
0.000928
0.000928
0.000928
0.000928
0.000928
0.000928
0.000928
0.000928
0.000927
0.000927
0.000927
0.000927
0.000927
0.000927
0.000927
0.000927
0.000927
0.000927
0.000927
0.000926
0.000926
0.000926
0.000926
0.000926
0.000926
0.000926
0.000926
0.000926
0.000926
0.000926
0.000926
0.000925
0.000925
0.000925
0.000925
0.000925
0.000925
0.000925
0.000925
0.000925
0.000925
0.000925
