0.538282
0.384910
0.229956
0.085960
0.042502
0.030184
0.021474
0.014219
0.009295
0.006747
0.004922
0.003815
0.003266
0.002930
0.002701
0.002527
0.002381
0.002271
0.002202
0.002141
0.002096
0.002065
0.002039
0.002010
0.001986
0.001961
0.001939
0.001918
0.001899
0.001877
0.001854
0.001834
0.001817
0.001801
0.001783
0.001766
0.001751
0.001737
0.001724
0.001714
0.001702
0.001690
0.001680
0.001670
0.001660
0.001650
0.001641
0.001634
0.001625
0.001615
0.001607
0.001599
0.001591
0.001582
0.001575
0.001568
0.001564
0.001558
0.001552
0.001545
0.001540
0.001534
0.001530
0.001524
0.001518
0.001512
0.001508
0.001504
0.001499
0.001493
0.001488
0.001484
0.001481
0.001476
0.001471
0.001466
0.001461
0.001456
0.001451
0.001447
0.001442
0.001436
0.001432
0.001428
0.001424
0.001421
0.001417
0.001414
0.001411
0.001407
0.001404
0.001402
0.001399
0.001397
0.001394
0.001392
0.001388
0.001386
0.001381
0.001379
0.001277
0.001230
0.001221
0.001220
0.001219
0.001217
0.001214
0.001211
0.001207
0.001204
0.001200
0.001196
0.001193
0.001190
0.001187
0.001184
0.001181
0.001178
0.001176
0.001173
0.001171
0.001169
0.001166
0.001164
0.001163
0.001160
0.001158
0.001157
0.001155
0.001153
0.001151
0.001150
0.001148
0.001147
0.001145
0.001144
0.001142
0.001141
0.001139
0.001138
0.001137
0.001135
0.001134
0.001133
0.001132
0.001130
0.001129
0.001128
0.001127
0.001126
0.001125
0.001124
0.001123
0.001122
0.001121
0.001120
0.001120
0.001119
0.001119
0.001118
0.001117
0.001117
0.001116
0.001116
0.001116
0.001115
0.001115
0.001114
0.001114
0.001114
0.001113
0.001113
0.001112
0.001112
0.001111
0.001111
0.001111
0.001111
0.001110
0.001110
0.001110
0.001110
0.001110
0.001109
0.001109
0.001108
0.001108
0.001108
0.001107
0.001106
0.001106
0.001106
0.001105
0.001104
0.001104
0.001103
0.001103
0.001102
0.001101
0.001100
0.001078
0.001081
0.001085
0.001084
0.001083
0.001082
0.001081
0.001081
0.001081
0.001080
0.001080
0.001080
0.001079
0.001079
0.001078
0.001077
0.001077
0.001077
0.001076
0.001075
0.001075
0.001074
0.001074
0.001073
0.001072
0.001072
0.001071
0.001070
0.001070
0.001069
0.001068
0.001067
0.001067
0.001066
0.001066
0.001065
0.001064
0.001064
0.001063
0.001063
0.001063
0.001062
0.001061
0.001061
0.001061
0.001060
0.001060
0.001059
0.001059
0.001058
0.001058
0.001057
0.001057
0.001056
0.001056
0.001055
0.001055
0.001054
0.001054
0.001053
0.001053
0.001052
0.001051
0.001051
0.001050
0.001049
0.001049
0.001048
0.001047
0.001047
0.001046
0.001045
0.001045
0.001044
0.001043
0.001043
0.001042
0.001041
0.001041
0.001040
0.001039
0.001039
0.001038
0.001037
0.001037
0.001036
0.001035
0.001034
0.001034
0.001033
0.001032
0.001032
0.001031
0.001030
0.001029
0.001028
0.001028
0.001027
0.001026
0.001026
0.001023
0.001005
0.001002
0.001000
0.001001
0.001000
0.001000
0.001000
0.001000
0.001000
0.001000
0.001000
0.001000
0.001000
0.001000
0.001000
0.001000
0.001000
0.001000
0.000999
0.000999
0.000999
0.000999
0.000999
0.000999
0.000999
0.000999
0.000999
0.000999
0.000999
0.000999
0.000999
0.000999
0.000999
0.000999
0.000999
0.000999
0.000999
0.000999
0.000999
0.000999
0.000999
0.000999
0.000999
0.000999
0.000999
0.000998
0.000999
0.000998
0.000999
0.000998
0.000998
0.000998
0.000998
0.000998
0.000998
0.000998
0.000998
0.000998
0.000998
0.000998
0.000998
0.000998
0.000998
0.000998
0.000998
0.000998
0.000998
0.000998
0.000997
0.000997
0.000997
0.000997
0.000997
0.000997
0.000997
0.000997
0.000997
0.000997
0.000997
0.000997
0.000996
0.000996
0.000996
0.000996
0.000996
0.000996
0.000996
0.000996
0.000996
0.000995
0.000995
0.000995
0.000995
0.000995
0.000995
0.000995
0.000995
0.000994
0.000994
0.000982
0.000979
0.000976
0.000976
0.000977
0.000976
0.000976
0.000976
0.000976
0.000976
0.000976
0.000976
0.000976
0.000976
0.000976
0.000976
0.000975
0.000975
0.000975
0.000975
0.000975
0.000975
0.000975
0.000975
0.000975
0.000975
0.000975
0.000975
0.000975
0.000974
0.000974
0.000974
0.000974
0.000974
0.000974
0.000974
0.000974
0.000974
0.000974
0.000974
0.000974
0.000974
0.000973
0.000973
0.000973
0.000973
0.000973
0.000973
0.000973
0.000973
0.000973
0.000973
0.000973
0.000973
0.000973
0.000972
0.000972
0.000972
0.000972
0.000972
0.000972
0.000972
0.000972
0.000972
0.000972
0.000972
0.000972
0.000972
0.000972
0.000971
0.000971
0.000971
0.000971
0.000971
0.000971
0.000971
0.000971
0.000971
0.000971
0.000971
0.000971
0.000971
0.000970
0.000970
0.000970
0.000970
0.000970
0.000970
0.000970
0.000970
0.000970
0.000970
0.000970
0.000970
0.000970
0.000969
0.000969
0.000969
0.000969
0.000969
