0.508957
0.396523
0.275664
0.147939
0.096767
0.069737
0.046372
0.029916
0.020527
0.014330
0.010462
0.008346
0.007186
0.006602
0.006280
0.006074
0.005908
0.005755
0.005598
0.005434
0.005269
0.005116
0.004977
0.004845
0.004716
0.004577
0.004437
0.004297
0.004150
0.004005
0.003862
0.003716
0.003578
0.003447
0.003322
0.003208
0.003105
0.003007
0.002920
0.002842
0.002774
0.002717
0.002668
0.002626
0.002587
0.002551
0.002516
0.002484
0.002454
0.002428
0.002405
0.002384
0.002365
0.002348
0.002329
0.002309
0.002292
0.002276
0.002261
0.002246
0.002231
0.002217
0.002203
0.002187
0.002171
0.002154
0.002136
0.002119
0.002104
0.002090
0.002078
0.002069
0.002061
0.002052
0.002043
0.002034
0.002024
0.002015
0.002006
0.001997
0.001987
0.001976
0.001964
0.001952
0.001941
0.001930
0.001920
0.001910
0.001899
0.001887
0.001874
0.001864
0.001851
0.001841
0.001827
0.001814
0.001795
0.001773
0.001744
0.001704
0.001613
0.001594
0.001585
0.001573
0.001561
0.001549
0.001539
0.001529
0.001520
0.001512
0.001504
0.001496
0.001490
0.001483
0.001478
0.001472
0.001466
0.001461
0.001456
0.001452
0.001447
0.001443
0.001439
0.001435
0.001431
0.001427
0.001423
0.001420
0.001417
0.001414
0.001411
0.001408
0.001405
0.001402
0.001400
0.001397
0.001395
0.001392
0.001390
0.001388
0.001386
0.001384
0.001382
0.001379
0.001377
0.001374
0.001372
0.001370
0.001368
0.001366
0.001364
0.001362
0.001359
0.001356
0.001354
0.001352
0.001350
0.001348
0.001345
0.001343
0.001343
0.001341
0.001339
0.001337
0.001335
0.001333
0.001330
0.001328
0.001324
0.001322
0.001321
0.001321
0.001319
0.001317
0.001315
0.001313
0.001311
0.001309
0.001308
0.001306
0.001304
0.001303
0.001302
0.001300
0.001299
0.001298
0.001296
0.001296
0.001295
0.001294
0.001293
0.001291
0.001290
0.001289
0.001288
0.001287
0.001285
0.001285
0.001283
0.001282
0.001263
0.001257
0.001249
0.001247
0.001248
0.001249
0.001248
0.001248
0.001247
0.001246
0.001246
0.001245
0.001244
0.001243
0.001243
0.001242
0.001241
0.001241
0.001241
0.001240
0.001240
0.001239
0.001239
0.001238
0.001238
0.001237
0.001237
0.001236
0.001236
0.001235
0.001235
0.001235
0.001234
0.001234
0.001234
0.001233
0.001233
0.001232
0.001232
0.001232
0.001231
0.001231
0.001231
0.001230
0.001230
0.001229
0.001229
0.001228
0.001228
0.001228
0.001227
0.001227
0.001226
0.001226
0.001225
0.001225
0.001224
0.001223
0.001223
0.001223
0.001222
0.001222
0.001221
0.001220
0.001220
0.001219
0.001219
0.001219
0.001218
0.001218
0.001217
0.001217
0.001216
0.001215
0.001215
0.001214
0.001213
0.001213
0.001213
0.001212
0.001211
0.001211
0.001210
0.001209
0.001209
0.001208
0.001207
0.001207
0.001207
0.001206
0.001205
0.001204
0.001204
0.001203
0.001202
0.001202
0.001201
0.001200
0.001199
0.001198
0.001189
0.001179
0.001176
0.001175
0.001174
0.001173
0.001173
0.001173
0.001173
0.001172
0.001172
0.001171
0.001171
0.001170
0.001170
0.001170
0.001170
0.001169
0.001169
0.001169
0.001168
0.001168
0.001168
0.001167
0.001167
0.001167
0.001166
0.001166
0.001166
0.001166
0.001165
0.001165
0.001165
0.001165
0.001164
0.001164
0.001164
0.001163
0.001163
0.001163
0.001162
0.001162
0.001162
0.001162
0.001161
0.001161
0.001161
0.001161
0.001160
0.001160
0.001160
0.001160
0.001159
0.001159
0.001159
0.001158
0.001158
0.001158
0.001157
0.001157
0.001157
0.001157
0.001157
0.001156
0.001156
0.001156
0.001155
0.001155
0.001155
0.001155
0.001154
0.001154
0.001154
0.001154
0.001153
0.001153
0.001153
0.001153
0.001152
0.001152
0.001152
0.001152
0.001152
0.001151
0.001151
0.001151
0.001151
0.001151
0.001150
0.001150
0.001150
0.001150
0.001149
0.001149
0.001149
0.001149
0.001149
0.001148
0.001148
0.001148
0.001138
0.001137
0.001138
0.001139
0.001138
0.001138
0.001138
0.001138
0.001137
0.001137
0.001137
0.001137
0.001137
0.001137
0.001137
0.001136
0.001136
0.001136
0.001136
0.001136
0.001136
0.001136
0.001135
0.001135
0.001135
0.001135
0.001135
0.001135
0.001135
0.001134
0.001134
0.001134
0.001134
0.001134
0.001134
0.001134
0.001133
0.001133
0.001133
0.001133
0.001133
0.001133
0.001133
0.001132
0.001132
0.001132
0.001132
0.001132
0.001132
0.001132
0.001131
0.001131
0.001131
0.001131
0.001131
0.001131
0.001131
0.001131
0.001130
0.001130
0.001130
0.001130
0.001130
0.001130
0.001130
0.001130
0.001129
0.001129
0.001129
0.001129
0.001129
0.001129
0.001129
0.001129
0.001128
0.001128
0.001128
0.001128
0.001128
0.001128
0.001128
0.001128
0.001128
0.001127
0.001127
0.001127
0.001127
0.001127
0.001127
0.001127
0.001127
0.001126
0.001126
0.001126
0.001126
0.001126
0.001126
0.001126
0.001126
0.001126
