0.472472
0.338401
0.156625
0.043376
0.021823
0.012073
0.008982
0.008055
0.007605
0.007249
0.006945
0.006690
0.006479
0.006294
0.006125
0.005973
0.005834
0.005707
0.005593
0.005487
0.005388
0.005299
0.005216
0.005138
0.005065
0.004996
0.004932
0.004873
0.004818
0.004766
0.004718
0.004672
0.004630
0.004592
0.004557
0.004525
0.004494
0.004466
0.004439
0.004413
0.004388
0.004365
0.004342
0.004318
0.004296
0.004274
0.004250
0.004226
0.004203
0.004178
0.004154
0.004127
0.004099
0.004070
0.004039
0.004005
0.003968
0.003927
0.003878
0.003825
0.003764
0.003709
0.003654
0.003601
0.003548
0.003489
0.003432
0.003384
0.003341
0.003293
0.003245
0.003186
0.003119
0.003054
0.002994
0.002938
0.002890
0.002841
0.002799
0.002757
0.002715
0.002675
0.002636
0.002602
0.002568
0.002536
0.002505
0.002473
0.002443
0.002413
0.002387
0.002363
0.002340
0.002319
0.002299
0.002280
0.002261
0.002241
0.002222
0.002201
0.002130
0.002106
0.002088
0.002079
0.002073
0.002067
0.002062
0.002058
0.002053
0.002049
0.002045
0.002041
0.002037
0.002033
0.002030
0.002026
0.002023
0.002020
0.002017
0.002014
0.002010
0.002007
0.002005
0.002002
0.001999
0.001996
0.001992
0.001990
0.001987
0.001984
0.001981
0.001978
0.001975
0.001972
0.001969
0.001967
0.001964
0.001961
0.001959
0.001956
0.001953
0.001950
0.001947
0.001945
0.001943
0.001940
0.001938
0.001935
0.001933
0.001931
0.001929
0.001926
0.001924
0.001922
0.001920
0.001918
0.001915
0.001914
0.001911
0.001909
0.001907
0.001905
0.001903
0.001901
0.001898
0.001896
0.001894
0.001892
0.001890
0.001888
0.001887
0.001884
0.001882
0.001880
0.001878
0.001876
0.001874
0.001872
0.001871
0.001869
0.001867
0.001865
0.001863
0.001861
0.001859
0.001857
0.001855
0.001853
0.001851
0.001849
0.001848
0.001846
0.001844
0.001842
0.001841
0.001839
0.001837
0.001836
0.001834
0.001832
0.001813
0.001804
0.001797
0.001798
0.001797
0.001796
0.001796
0.001795
0.001794
0.001793
0.001792
0.001791
0.001790
0.001790
0.001789
0.001788
0.001787
0.001786
0.001785
0.001784
0.001783
0.001782
0.001781
0.001780
0.001779
0.001778
0.001777
0.001775
0.001774
0.001773
0.001772
0.001771
0.001770
0.001769
0.001768
0.001767
0.001766
0.001765
0.001764
0.001763
0.001762
0.001761
0.001760
0.001759
0.001758
0.001757
0.001756
0.001755
0.001754
0.001753
0.001752
0.001751
0.001750
0.001750
0.001749
0.001748
0.001747
0.001746
0.001745
0.001744
0.001743
0.001742
0.001741
0.001740
0.001739
0.001738
0.001737
0.001736
0.001735
0.001734
0.001733
0.001732
0.001731
0.001731
0.001730
0.001729
0.001728
0.001727
0.001726
0.001725
0.001724
0.001723
0.001722
0.001721
0.001720
0.001719
0.001718
0.001717
0.001716
0.001715
0.001714
0.001713
0.001712
0.001711
0.001710
0.001709
0.001708
0.001707
0.001706
0.001705
0.001690
0.001687
0.001686
0.001686
0.001685
0.001685
0.001684
0.001683
0.001683
0.001682
0.001682
0.001681
0.001681
0.001680
0.001679
0.001679
0.001678
0.001678
0.001677
0.001677
0.001676
0.001675
0.001675
0.001674
0.001674
0.001673
0.001673
0.001672
0.001671
0.001671
0.001670
0.001669
0.001669
0.001668
0.001668
0.001667
0.001667
0.001666
0.001665
0.001665
0.001664
0.001663
0.001663
0.001662
0.001661
0.001661
0.001660
0.001660
0.001659
0.001658
0.001657
0.001657
0.001656
0.001656
0.001655
0.001654
0.001653
0.001653
0.001652
0.001651
0.001651
0.001650
0.001649
0.001649
0.001648
0.001647
0.001646
0.001646
0.001645
0.001644
0.001643
0.001642
0.001641
0.001641
0.001640
0.001639
0.001638
0.001637
0.001636
0.001635
0.001634
0.001633
0.001632
0.001630
0.001629
0.001628
0.001627
0.001625
0.001624
0.001622
0.001621
0.001619
0.001618
0.001616
0.001615
0.001613
0.001611
0.001610
0.001608
0.001606
0.001603
0.001610
0.001616
0.001619
0.001620
0.001620
0.001619
0.001618
0.001617
0.001615
0.001613
0.001612
0.001610
0.001608
0.001606
0.001604
0.001602
0.001600
0.001598
0.001596
0.001594
0.001593
0.001591
0.001589
0.001587
0.001585
0.001584
0.001582
0.001580
0.001578
0.001576
0.001574
0.001573
0.001571
0.001569
0.001568
0.001566
0.001564
0.001563
0.001561
0.001558
0.001556
0.001554
0.001552
0.001550
0.001547
0.001545
0.001543
0.001541
0.001538
0.001536
0.001534
0.001532
0.001530
0.001528
0.001525
0.001523
0.001521
0.001518
0.001516
0.001513
0.001511
0.001508
0.001506
0.001503
0.001501
0.001498
0.001495
0.001493
0.001490
0.001487
0.001484
0.001481
0.001478
0.001476
0.001473
0.001470
0.001467
0.001464
0.001460
0.001457
0.001454
0.001450
0.001447
0.001444
0.001440
0.001436
0.001433
0.001429
0.001425
0.001422
0.001418
0.001414
0.001410
0.001407
0.001403
0.001399
0.001396
0.001392
0.001389
