0.608332
0.443489
0.271059
0.079652
0.029860
0.015055
0.009958
0.008433
0.007698
0.007252
0.006839
0.006485
0.006195
0.005935
0.005705
0.005499
0.005311
0.005142
0.004986
0.004843
0.004710
0.004585
0.004469
0.004361
0.004258
0.004160
0.004065
0.003976
0.003893
0.003812
0.003736
0.003666
0.003599
0.003534
0.003473
0.003415
0.003361
0.003310
0.003261
0.003217
0.003173
0.003130
0.003089
0.003050
0.003012
0.002975
0.002939
0.002904
0.002871
0.002837
0.002805
0.002773
0.002742
0.002706
0.002675
0.002645
0.002613
0.002582
0.002551
0.002521
0.002490
0.002463
0.002434
0.002405
0.002376
0.002347
0.002319
0.002288
0.002259
0.002230
0.002202
0.002172
0.002142
0.002110
0.002078
0.002044
0.002010
0.001977
0.001942
0.001910
0.001878
0.001845
0.001812
0.001782
0.001755
0.001727
0.001704
0.001681
0.001659
0.001636
0.001613
0.001569
0.001513
0.001465
0.001437
0.001413
0.001397
0.001383
0.001371
0.001360
0.001350
0.001370
0.001363
0.001351
0.001347
0.001345
0.001341
0.001336
0.001332
0.001329
0.001325
0.001322
0.001319
0.001316
0.001312
0.001309
0.001307
0.001304
0.001302
0.001299
0.001298
0.001295
0.001293
0.001290
0.001288
0.001285
0.001283
0.001281
0.001279
0.001277
0.001276
0.001274
0.001272
0.001271
0.001269
0.001268
0.001266
0.001265
0.001264
0.001262
0.001261
0.001259
0.001258
0.001256
0.001255
0.001252
0.001250
0.001249
0.001247
0.001246
0.001245
0.001244
0.001244
0.001242
0.001241
0.001239
0.001238
0.001237
0.001235
0.001234
0.001233
0.001232
0.001231
0.001230
0.001228
0.001226
0.001224
0.001222
0.001220
0.001219
0.001217
0.001215
0.001213
0.001211
0.001210
0.001208
0.001206
0.001204
0.001202
0.001201
0.001200
0.001198
0.001196
0.001194
0.001193
0.001192
0.001190
0.001190
0.001188
0.001186
0.001185
0.001183
0.001181
0.001180
0.001179
0.001177
0.001175
0.001174
0.001172
0.001171
0.001137
0.001124
0.001120
0.001120
0.001119
0.001119
0.001118
0.001117
0.001116
0.001115
0.001114
0.001113
0.001112
0.001111
0.001110
0.001109
0.001108
0.001108
0.001107
0.001106
0.001105
0.001103
0.001102
0.001101
0.001100
0.001099
0.001098
0.001097
0.001096
0.001095
0.001094
0.001093
0.001092
0.001091
0.001090
0.001089
0.001088
0.001087
0.001086
0.001085
0.001084
0.001082
0.001081
0.001080
0.001079
0.001078
0.001076
0.001075
0.001074
0.001073
0.001072
0.001071
0.001070
0.001068
0.001067
0.001066
0.001065
0.001064
0.001062
0.001061
0.001060
0.001059
0.001058
0.001056
0.001055
0.001054
0.001053
0.001052
0.001050
0.001049
0.001048
0.001047
0.001045
0.001044
0.001043
0.001041
0.001040
0.001039
0.001038
0.001036
0.001035
0.001034
0.001033
0.001031
0.001030
0.001029
0.001027
0.001026
0.001025
0.001024
0.001022
0.001021
0.001019
0.001018
0.001017
0.001015
0.001014
0.001013
0.001012
0.001010
0.001000
0.000998
0.000996
0.000994
0.000993
0.000993
0.000992
0.000991
0.000991
0.000990
0.000989
0.000989
0.000988
0.000988
0.000987
0.000986
0.000986
0.000985
0.000984
0.000984
0.000983
0.000983
0.000982
0.000981
0.000981
0.000980
0.000980
0.000979
0.000978
0.000978
0.000977
0.000976
0.000976
0.000975
0.000975
0.000974
0.000973
0.000973
0.000972
0.000972
0.000971
0.000971
0.000970
0.000969
0.000969
0.000968
0.000968
0.000967
0.000967
0.000966
0.000965
0.000965
0.000964
0.000963
0.000963
0.000962
0.000961
0.000960
0.000960
0.000959
0.000958
0.000958
0.000957
0.000957
0.000956
0.000955
0.000955
0.000954
0.000953
0.000952
0.000952
0.000951
0.000950
0.000950
0.000949
0.000948
0.000947
0.000947
0.000946
0.000945
0.000944
0.000944
0.000943
0.000942
0.000942
0.000941
0.000940
0.000939
0.000939
0.000938
0.000937
0.000937
0.000936
0.000935
0.000934
0.000933
0.000932
0.000932
0.000931
0.000930
0.000924
0.000924
0.000925
0.000926
0.000926
0.000925
0.000925
0.000924
0.000924
0.000923
0.000923
0.000922
0.000922
0.000921
0.000921
0.000921
0.000920
0.000920
0.000919
0.000919
0.000918
0.000918
0.000918
0.000917
0.000917
0.000916
0.000916
0.000915
0.000915
0.000914
0.000914
0.000913
0.000913
0.000912
0.000912
0.000911
0.000911
0.000911
0.000910
0.000910
0.000909
0.000909
0.000908
0.000908
0.000907
0.000907
0.000906
0.000906
0.000905
0.000905
0.000904
0.000904
0.000903
0.000903
0.000902
0.000902
0.000901
0.000901
0.000900
0.000900
0.000899
0.000899
0.000898
0.000898
0.000897
0.000897
0.000896
0.000896
0.000896
0.000895
0.000895
0.000894
0.000894
0.000893
0.000892
0.000892
0.000891
0.000891
0.000890
0.000890
0.000889
0.000888
0.000888
0.000887
0.000887
0.000887
0.000886
0.000886
0.000885
0.000885
0.000884
0.000884
0.000883
0.000883
0.000882
0.000882
0.000881
0.000881
0.000880
0.000880
