0.513987
0.423797
0.295020
0.185892
0.125018
0.093973
0.077762
0.066306
0.057128
0.049681
0.043721
0.038998
0.035223
0.032138
0.029519
0.027259
0.025343
0.023682
0.022210
0.020896
0.019706
0.018615
0.017623
0.016706
0.015854
0.015072
0.014340
0.013667
0.013048
0.012471
0.011916
0.011398
0.010932
0.010504
0.010100
0.009740
0.009410
0.009114
0.008853
0.008609
0.008402
0.008204
0.008023
0.007864
0.007721
0.007611
0.007502
0.007404
0.007323
0.007241
0.007177
0.007125
0.007085
0.007033
0.006990
0.006950
0.006919
0.006892
0.006869
0.006848
0.006821
0.006798
0.006784
0.006773
0.006760
0.006746
0.006734
0.006725
0.006716
0.006708
0.006704
0.006695
0.006683
0.006674
0.006659
0.006648
0.006642
0.006631
0.006623
0.006610
0.006601
0.006595
0.006593
0.006592
0.006586
0.006580
0.006582
0.006579
0.006572
0.006568
0.006564
0.006562
0.006562
0.006558
0.006555
0.006556
0.006555
0.006554
0.006552
0.006550
0.006427
0.006333
0.006326
0.006341
0.006336
0.006337
0.006338
0.006339
0.006340
0.006342
0.006343
0.006345
0.006346
0.006348
0.006351
0.006353
0.006353
0.006354
0.006355
0.006356
0.006358
0.006359
0.006360
0.006361
0.006363
0.006365
0.006364
0.006365
0.006366
0.006367
0.006368
0.006369
0.006370
0.006370
0.006371
0.006371
0.006372
0.006373
0.006373
0.006373
0.006374
0.006375
0.006375
0.006375
0.006376
0.006376
0.006377
0.006377
0.006377
0.006378
0.006378
0.006379
0.006379
0.006379
0.006380
0.006380
0.006381
0.006381
0.006381
0.006382
0.006382
0.006382
0.006383
0.006383
0.006383
0.006384
0.006384
0.006386
0.006386
0.006387
0.006387
0.006388
0.006388
0.006389
0.006389
0.006389
0.006390
0.006390
0.006391
0.006391
0.006392
0.006392
0.006393
0.006393
0.006394
0.006394
0.006394
0.006395
0.006395
0.006396
0.006396
0.006397
0.006397
0.006398
0.006398
0.006398
0.006399
0.006399
0.006400
0.006400
0.006325
0.006269
0.006265
0.006260
0.006260
0.006261
0.006260
0.006260
0.006260
0.006260
0.006260
0.006260
0.006260
0.006260
0.006260
0.006260
0.006260
0.006260
0.006260
0.006260
0.006260
0.006260
0.006260
0.006260
0.006260
0.006260
0.006260
0.006260
0.006260
0.006260
0.006260
0.006260
0.006260
0.006260
0.006260
0.006260
0.006261
0.006261
0.006261
0.006261
0.006261
0.006261
0.006261
0.006261
0.006261
0.006261
0.006261
0.006261
0.006261
0.006262
0.006262
0.006262
0.006262
0.006262
0.006262
0.006262
0.006262
0.006262
0.006262
0.006262
0.006263
0.006263
0.006263
0.006264
0.006264
0.006264
0.006264
0.006264
0.006264
0.006264
0.006264
0.006265
0.006265
0.006265
0.006265
0.006265
0.006265
0.006265
0.006265
0.006266
0.006266
0.006266
0.006266
0.006266
0.006266
0.006266
0.006266
0.006266
0.006267
0.006267
0.006267
0.006267
0.006267
0.006267
0.006267
0.006267
0.006267
0.006268
0.006268
0.006268
0.006242
0.006254
0.006262
0.006266
0.006267
0.006268
0.006268
0.006269
0.006269
0.006269
0.006269
0.006269
0.006270
0.006270
0.006270
0.006270
0.006270
0.006271
0.006271
0.006271
0.006271
0.006271
0.006272
0.006272
0.006272
0.006272
0.006272
0.006272
0.006273
0.006273
0.006273
0.006273
0.006273
0.006273
0.006273
0.006273
0.006274
0.006274
0.006274
0.006274
0.006274
0.006274
0.006274
0.006274
0.006274
0.006274
0.006275
0.006275
0.006275
0.006275
0.006275
0.006275
0.006275
0.006275
0.006276
0.006276
0.006276
0.006276
0.006277
0.006276
0.006277
0.006276
0.006277
0.006277
0.006278
0.006278
0.006278
0.006278
0.006278
0.006278
0.006278
0.006278
0.006278
0.006278
0.006278
0.006278
0.006278
0.006278
0.006278
0.006278
0.006278
0.006278
0.006278
0.006278
0.006278
0.006278
0.006278
0.006278
0.006278
0.006278
0.006278
0.006278
0.006278
0.006277
0.006277
0.006277
0.006277
0.006277
0.006277
0.006277
0.006250
0.006237
0.006230
0.006234
0.006233
0.006232
0.006232
0.006233
0.006233
0.006233
0.006233
0.006233
0.006233
0.006233
0.006233
0.006233
0.006233
0.006233
0.006233
0.006233
0.006233
0.006233
0.006233
0.006233
0.006233
0.006233
0.006233
0.006234
0.006234
0.006234
0.006234
0.006234
0.006234
0.006234
0.006234
0.006234
0.006234
0.006234
0.006234
0.006234
0.006234
0.006234
0.006234
0.006234
0.006234
0.006234
0.006234
0.006234
0.006234
0.006234
0.006234
0.006234
0.006234
0.006234
0.006234
0.006234
0.006234
0.006234
0.006235
0.006235
0.006234
0.006235
0.006235
0.006234
0.006235
0.006235
0.006235
0.006235
0.006235
0.006235
0.006235
0.006235
0.006235
0.006235
0.006235
0.006235
0.006235
0.006235
0.006235
0.006235
0.006235
0.006235
0.006235
0.006235
0.006235
0.006235
0.006235
0.006235
0.006235
0.006235
0.006235
0.006235
0.006235
0.006235
0.006235
0.006235
0.006235
0.006235
0.006235
0.006235
