0.428566
0.301261
0.183677
0.076534
0.030356
0.012167
0.008126
0.006754
0.006296
0.006060
0.005885
0.005737
0.005609
0.005492
0.005380
0.005269
0.005162
0.005056
0.004946
0.004836
0.004722
0.004606
0.004485
0.004360
0.004231
0.004100
0.003970
0.003842
0.003715
0.003589
0.003463
0.003336
0.003210
0.003084
0.002959
0.002839
0.002726
0.002619
0.002518
0.002425
0.002338
0.002259
0.002188
0.002124
0.002067
0.002017
0.001973
0.001933
0.001897
0.001863
0.001833
0.001806
0.001782
0.001760
0.001740
0.001720
0.001704
0.001689
0.001675
0.001661
0.001650
0.001639
0.001629
0.001621
0.001614
0.001606
0.001600
0.001594
0.001588
0.001582
0.001577
0.001573
0.001568
0.001562
0.001558
0.001555
0.001551
0.001547
0.001543
0.001539
0.001535
0.001532
0.001528
0.001524
0.001520
0.001517
0.001513
0.001509
0.001506
0.001503
0.001501
0.001499
0.001496
0.001493
0.001490
0.001488
0.001487
0.001484
0.001481
0.001479
0.001397
0.001396
0.001403
0.001405
0.001408
0.001407
0.001407
0.001405
0.001404
0.001403
0.001401
0.001400
0.001398
0.001397
0.001396
0.001394
0.001392
0.001391
0.001389
0.001388
0.001386
0.001385
0.001383
0.001382
0.001381
0.001379
0.001378
0.001377
0.001376
0.001375
0.001373
0.001372
0.001371
0.001370
0.001369
0.001369
0.001368
0.001367
0.001366
0.001365
0.001364
0.001363
0.001363
0.001362
0.001361
0.001360
0.001359
0.001358
0.001357
0.001355
0.001354
0.001353
0.001352
0.001351
0.001350
0.001349
0.001348
0.001346
0.001345
0.001344
0.001342
0.001341
0.001339
0.001338
0.001336
0.001335
0.001333
0.001332
0.001331
0.001329
0.001327
0.001326
0.001325
0.001323
0.001322
0.001320
0.001319
0.001317
0.001316
0.001314
0.001313
0.001311
0.001310
0.001308
0.001306
0.001304
0.001303
0.001301
0.001299
0.001298
0.001296
0.001294
0.001292
0.001291
0.001289
0.001287
0.001285
0.001283
0.001281
0.001279
0.001271
0.001287
0.001285
0.001278
0.001275
0.001274
0.001273
0.001271
0.001270
0.001269
0.001268
0.001267
0.001265
0.001264
0.001263
0.001261
0.001260
0.001258
0.001257
0.001255
0.001254
0.001252
0.001251
0.001249
0.001247
0.001246
0.001244
0.001242
0.001240
0.001239
0.001237
0.001235
0.001233
0.001232
0.001230
0.001228
0.001227
0.001225
0.001224
0.001222
0.001220
0.001219
0.001217
0.001215
0.001214
0.001212
0.001211
0.001209
0.001207
0.001205
0.001203
0.001202
0.001200
0.001198
0.001196
0.001195
0.001193
0.001192
0.001190
0.001188
0.001187
0.001185
0.001183
0.001182
0.001181
0.001179
0.001177
0.001176
0.001174
0.001173
0.001171
0.001170
0.001169
0.001167
0.001166
0.001165
0.001164
0.001162
0.001161
0.001160
0.001158
0.001157
0.001156
0.001155
0.001154
0.001152
0.001151
0.001150
0.001149
0.001148
0.001147
0.001146
0.001144
0.001143
0.001142
0.001141
0.001140
0.001139
0.001138
0.001136
0.001119
0.001121
0.001123
0.001125
0.001125
0.001124
0.001123
0.001122
0.001121
0.001120
0.001120
0.001119
0.001118
0.001117
0.001117
0.001116
0.001115
0.001114
0.001114
0.001113
0.001112
0.001112
0.001111
0.001110
0.001110
0.001109
0.001108
0.001108
0.001107
0.001106
0.001106
0.001105
0.001105
0.001104
0.001104
0.001103
0.001102
0.001102
0.001101
0.001101
0.001100
0.001100
0.001099
0.001099
0.001098
0.001098
0.001097
0.001096
0.001096
0.001095
0.001095
0.001094
0.001094
0.001093
0.001093
0.001092
0.001092
0.001091
0.001091
0.001090
0.001090
0.001089
0.001089
0.001088
0.001088
0.001087
0.001087
0.001086
0.001086
0.001085
0.001085
0.001085
0.001084
0.001083
0.001083
0.001083
0.001082
0.001082
0.001081
0.001081
0.001080
0.001080
0.001079
0.001079
0.001078
0.001078
0.001078
0.001077
0.001077
0.001076
0.001075
0.001075
0.001074
0.001074
0.001073
0.001073
0.001072
0.001072
0.001071
0.001071
0.001059
0.001054
0.001054
0.001054
0.001053
0.001053
0.001052
0.001052
0.001052
0.001052
0.001051
0.001051
0.001051
0.001051
0.001050
0.001050
0.001050
0.001050
0.001049
0.001049
0.001049
0.001049
0.001048
0.001048
0.001048
0.001048
0.001047
0.001047
0.001047
0.001047
0.001046
0.001046
0.001046
0.001046
0.001045
0.001045
0.001045
0.001045
0.001044
0.001044
0.001044
0.001044
0.001044
0.001043
0.001043
0.001043
0.001043
0.001042
0.001042
0.001042
0.001041
0.001041
0.001041
0.001041
0.001040
0.001040
0.001040
0.001040
0.001039
0.001039
0.001039
0.001039
0.001038
0.001038
0.001038
0.001038
0.001038
0.001037
0.001037
0.001037
0.001037
0.001036
0.001036
0.001036
0.001036
0.001036
0.001035
0.001035
0.001035
0.001035
0.001034
0.001034
0.001034
0.001034
0.001033
0.001033
0.001033
0.001033
0.001033
0.001032
0.001032
0.001032
0.001032
0.001032
0.001031
0.001031
0.001031
0.001031
0.001030
0.001030
