0.398061
0.205238
0.074930
0.024496
0.012159
0.009642
0.008234
0.007452
0.006836
0.006293
0.005847
0.005469
0.005168
0.004916
0.004694
0.004498
0.004322
0.004161
0.004014
0.003880
0.003755
0.003640
0.003532
0.003431
0.003337
0.003247
0.003160
0.003078
0.003000
0.002925
0.002855
0.002786
0.002717
0.002649
0.002582
0.002515
0.002449
0.002383
0.002318
0.002255
0.002193
0.002134
0.002077
0.002023
0.001970
0.001920
0.001870
0.001821
0.001774
0.001728
0.001682
0.001639
0.001597
0.001557
0.001520
0.001484
0.001450
0.001419
0.001389
0.001361
0.001334
0.001310
0.001284
0.001260
0.001237
0.001216
0.001195
0.001176
0.001159
0.001142
0.001126
0.001111
0.001097
0.001084
0.001071
0.001058
0.001046
0.001035
0.001025
0.001016
0.001006
0.000996
0.000985
0.000975
0.000966
0.000957
0.000947
0.000939
0.000931
0.000923
0.000916
0.000909
0.000902
0.000896
0.000889
0.000883
0.000877
0.000872
0.000867
0.000864
0.000794
0.000792
0.000787
0.000782
0.000779
0.000776
0.000773
0.000771
0.000768
0.000765
0.000763
0.000760
0.000758
0.000756
0.000753
0.000751
0.000749
0.000747
0.000745
0.000743
0.000741
0.000739
0.000737
0.000735
0.000733
0.000731
0.000729
0.000727
0.000726
0.000724
0.000723
0.000721
0.000719
0.000718
0.000716
0.000715
0.000714
0.000712
0.000711
0.000710
0.000709
0.000707
0.000706
0.000705
0.000704
0.000703
0.000702
0.000701
0.000700
0.000699
0.000698
0.000697
0.000696
0.000695
0.000694
0.000693
0.000692
0.000692
0.000691
0.000690
0.000689
0.000688
0.000687
0.000686
0.000684
0.000683
0.000682
0.000680
0.000679
0.000678
0.000677
0.000676
0.000674
0.000673
0.000672
0.000671
0.000669
0.000668
0.000667
0.000666
0.000665
0.000664
0.000662
0.000661
0.000660
0.000659
0.000658
0.000657
0.000655
0.000654
0.000652
0.000651
0.000650
0.000649
0.000648
0.000646
0.000645
0.000644
0.000643
0.000642
0.000621
0.000622
0.000624
0.000625
0.000625
0.000624
0.000624
0.000624
0.000623
0.000622
0.000622
0.000621
0.000620
0.000620
0.000619
0.000618
0.000618
0.000617
0.000616
0.000615
0.000614
0.000614
0.000613
0.000612
0.000611
0.000610
0.000609
0.000608
0.000608
0.000607
0.000606
0.000605
0.000604
0.000603
0.000602
0.000601
0.000600
0.000599
0.000598
0.000597
0.000596
0.000595
0.000594
0.000593
0.000592
0.000591
0.000590
0.000589
0.000587
0.000586
0.000585
0.000585
0.000583
0.000582
0.000581
0.000581
0.000580
0.000579
0.000578
0.000577
0.000576
0.000575
0.000574
0.000574
0.000573
0.000572
0.000571
0.000570
0.000569
0.000569
0.000568
0.000567
0.000566
0.000566
0.000565
0.000564
0.000563
0.000563
0.000562
0.000561
0.000560
0.000560
0.000559
0.000558
0.000557
0.000556
0.000556
0.000555
0.000554
0.000553
0.000553
0.000552
0.000551
0.000550
0.000550
0.000549
0.000548
0.000548
0.000547
0.000546
0.000539
0.000541
0.000540
0.000540
0.000539
0.000539
0.000539
0.000538
0.000538
0.000538
0.000538
0.000537
0.000537
0.000537
0.000536
0.000536
0.000536
0.000535
0.000535
0.000534
0.000534
0.000534
0.000533
0.000533
0.000533
0.000532
0.000532
0.000532
0.000531
0.000531
0.000531
0.000530
0.000530
0.000530
0.000529
0.000529
0.000529
0.000528
0.000528
0.000528
0.000527
0.000527
0.000526
0.000526
0.000525
0.000525
0.000524
0.000524
0.000524
0.000523
0.000523
0.000522
0.000522
0.000521
0.000521
0.000520
0.000520
0.000520
0.000519
0.000519
0.000518
0.000518
0.000518
0.000517
0.000517
0.000516
0.000516
0.000516
0.000515
0.000515
0.000515
0.000514
0.000514
0.000513
0.000513
0.000513
0.000512
0.000512
0.000512
0.000512
0.000511
0.000511
0.000511
0.000510
0.000510
0.000509
0.000509
0.000509
0.000508
0.000508
0.000508
0.000507
0.000507
0.000507
0.000506
0.000506
0.000506
0.000505
0.000505
0.000505
0.000500
0.000497
0.000495
0.000495
0.000495
0.000495
0.000495
0.000494
0.000494
0.000494
0.000494
0.000494
0.000494
0.000493
0.000493
0.000493
0.000493
0.000493
0.000493
0.000493
0.000492
0.000492
0.000492
0.000492
0.000492
0.000492
0.000492
0.000491
0.000491
0.000491
0.000491
0.000491
0.000491
0.000491
0.000490
0.000490
0.000490
0.000490
0.000490
0.000490
0.000489
0.000489
0.000489
0.000489
0.000489
0.000489
0.000489
0.000488
0.000488
0.000488
0.000488
0.000488
0.000488
0.000488
0.000487
0.000487
0.000487
0.000487
0.000487
0.000487
0.000487
0.000486
0.000486
0.000486
0.000486
0.000486
0.000486
0.000486
0.000485
0.000485
0.000485
0.000485
0.000485
0.000485
0.000485
0.000484
0.000484
0.000484
0.000484
0.000484
0.000484
0.000484
0.000483
0.000483
0.000483
0.000483
0.000483
0.000483
0.000483
0.000482
0.000482
0.000482
0.000482
0.000482
0.000482
0.000482
0.000481
0.000481
0.000481
0.000481
