0.485443
0.303239
0.153229
0.093215
0.055744
0.034724
0.026126
0.020929
0.016528
0.013118
0.010462
0.008430
0.006953
0.005946
0.005293
0.004874
0.004609
0.004425
0.004273
0.004143
0.004023
0.003909
0.003795
0.003680
0.003567
0.003453
0.003336
0.003223
0.003118
0.003018
0.002930
0.002852
0.002784
0.002723
0.002663
0.002607
0.002555
0.002508
0.002465
0.002427
0.002393
0.002362
0.002333
0.002309
0.002286
0.002265
0.002247
0.002230
0.002213
0.002199
0.002187
0.002176
0.002164
0.002155
0.002145
0.002136
0.002128
0.002120
0.002111
0.002105
0.002098
0.002092
0.002086
0.002080
0.002075
0.002070
0.002065
0.002060
0.002056
0.002051
0.002045
0.002040
0.002035
0.002028
0.002023
0.002016
0.002011
0.002006
0.002000
0.001995
0.001989
0.001984
0.001979
0.001974
0.001970
0.001964
0.001957
0.001949
0.001940
0.001932
0.001922
0.001912
0.001903
0.001894
0.001883
0.001870
0.001857
0.001844
0.001833
0.001821
0.001735
0.001727
0.001724
0.001722
0.001719
0.001716
0.001711
0.001706
0.001700
0.001695
0.001690
0.001686
0.001681
0.001675
0.001670
0.001665
0.001659
0.001654
0.001648
0.001643
0.001637
0.001631
0.001626
0.001620
0.001614
0.001609
0.001604
0.001599
0.001594
0.001589
0.001583
0.001578
0.001574
0.001569
0.001565
0.001560
0.001556
0.001552
0.001548
0.001544
0.001540
0.001536
0.001531
0.001528
0.001523
0.001519
0.001515
0.001510
0.001506
0.001501
0.001496
0.001490
0.001484
0.001478
0.001471
0.001463
0.001455
0.001446
0.001436
0.001425
0.001414
0.001403
0.001390
0.001376
0.001363
0.001349
0.001337
0.001326
0.001315
0.001306
0.001298
0.001292
0.001287
0.001283
0.001280
0.001277
0.001275
0.001273
0.001272
0.001270
0.001269
0.001267
0.001266
0.001265
0.001264
0.001263
0.001262
0.001261
0.001260
0.001259
0.001258
0.001258
0.001257
0.001257
0.001256
0.001255
0.001255
0.001254
0.001254
0.001253
0.001242
0.001244
0.001242
0.001239
0.001237
0.001236
0.001236
0.001237
0.001237
0.001237
0.001237
0.001237
0.001237
0.001237
0.001237
0.001237
0.001237
0.001237
0.001237
0.001237
0.001236
0.001236
0.001236
0.001236
0.001236
0.001236
0.001237
0.001236
0.001236
0.001236
0.001236
0.001236
0.001236
0.001236
0.001236
0.001236
0.001236
0.001236
0.001236
0.001235
0.001235
0.001235
0.001235
0.001235
0.001235
0.001235
0.001235
0.001234
0.001234
0.001234
0.001234
0.001234
0.001234
0.001233
0.001233
0.001233
0.001232
0.001232
0.001232
0.001232
0.001231
0.001231
0.001231
0.001231
0.001231
0.001230
0.001230
0.001230
0.001229
0.001229
0.001229
0.001229
0.001229
0.001228
0.001228
0.001228
0.001228
0.001227
0.001227
0.001227
0.001227
0.001226
0.001226
0.001226
0.001226
0.001226
0.001225
0.001225
0.001225
0.001225
0.001225
0.001225
0.001224
0.001224
0.001224
0.001224
0.001224
0.001223
0.001223
0.001223
0.001210
0.001191
0.001189
0.001190
0.001189
0.001189
0.001189
0.001189
0.001189
0.001189
0.001188
0.001188
0.001188
0.001188
0.001188
0.001188
0.001188
0.001188
0.001188
0.001188
0.001187
0.001187
0.001187
0.001187
0.001187
0.001187
0.001187
0.001187
0.001187
0.001187
0.001187
0.001187
0.001186
0.001186
0.001186
0.001186
0.001186
0.001186
0.001186
0.001186
0.001186
0.001186
0.001186
0.001186
0.001185
0.001185
0.001185
0.001185
0.001185
0.001185
0.001185
0.001185
0.001185
0.001185
0.001185
0.001185
0.001184
0.001184
0.001184
0.001184
0.001184
0.001184
0.001184
0.001184
0.001184
0.001184
0.001184
0.001184
0.001184
0.001184
0.001183
0.001183
0.001183
0.001183
0.001183
0.001183
0.001183
0.001183
0.001183
0.001183
0.001183
0.001183
0.001183
0.001183
0.001183
0.001182
0.001182
0.001182
0.001182
0.001182
0.001182
0.001182
0.001182
0.001182
0.001182
0.001182
0.001182
0.001181
0.001181
0.001181
0.001176
0.001177
0.001176
0.001175
0.001175
0.001175
0.001175
0.001175
0.001175
0.001175
0.001175
0.001175
0.001175
0.001174
0.001174
0.001174
0.001174
0.001174
0.001174
0.001174
0.001174
0.001174
0.001174
0.001174
0.001174
0.001173
0.001173
0.001173
0.001173
0.001173
0.001173
0.001173
0.001173
0.001173
0.001173
0.001173
0.001172
0.001172
0.001172
0.001172
0.001172
0.001172
0.001172
0.001172
0.001172
0.001172
0.001172
0.001172
0.001171
0.001171
0.001171
0.001171
0.001171
0.001171
0.001171
0.001171
0.001171
0.001171
0.001171
0.001171
0.001171
0.001170
0.001170
0.001170
0.001170
0.001170
0.001170
0.001170
0.001170
0.001170
0.001170
0.001170
0.001170
0.001169
0.001169
0.001169
0.001169
0.001169
0.001169
0.001169
0.001169
0.001169
0.001169
0.001169
0.001169
0.001169
0.001168
0.001168
0.001168
0.001168
0.001168
0.001168
0.001168
0.001168
0.001168
0.001168
0.001168
0.001168
0.001168
0.001167
