0.439589
0.237591
0.134808
0.092480
0.063722
0.039068
0.016251
0.007501
0.004688
0.003875
0.003475
0.003135
0.002916
0.002765
0.002646
0.002539
0.002447
0.002369
0.002300
0.002236
0.002179
0.002128
0.002081
0.002037
0.001994
0.001953
0.001914
0.001879
0.001848
0.001821
0.001795
0.001773
0.001752
0.001732
0.001713
0.001695
0.001675
0.001660
0.001643
0.001628
0.001613
0.001598
0.001584
0.001573
0.001561
0.001552
0.001543
0.001534
0.001527
0.001519
0.001512
0.001505
0.001497
0.001488
0.001481
0.001474
0.001466
0.001458
0.001450
0.001443
0.001435
0.001427
0.001418
0.001407
0.001394
0.001381
0.001367
0.001352
0.001333
0.001313
0.001294
0.001275
0.001258
0.001245
0.001233
0.001224
0.001216
0.001208
0.001201
0.001195
0.001189
0.001183
0.001179
0.001174
0.001170
0.001167
0.001163
0.001159
0.001154
0.001149
0.001141
0.001134
0.001127
0.001123
0.001118
0.001114
0.001111
0.001109
0.001107
0.001106
0.001037
0.001048
0.001043
0.001045
0.001045
0.001044
0.001044
0.001043
0.001042
0.001042
0.001041
0.001041
0.001040
0.001040
0.001039
0.001038
0.001037
0.001036
0.001035
0.001034
0.001033
0.001032
0.001031
0.001030
0.001028
0.001027
0.001027
0.001026
0.001025
0.001024
0.001024
0.001023
0.001023
0.001022
0.001022
0.001021
0.001021
0.001021
0.001021
0.001020
0.001020
0.001020
0.001020
0.001020
0.001020
0.001020
0.001020
0.001020
0.001019
0.001019
0.001018
0.001018
0.001018
0.001017
0.001017
0.001017
0.001016
0.001016
0.001015
0.001014
0.001014
0.001013
0.001012
0.001011
0.001011
0.001010
0.001009
0.001008
0.001008
0.001007
0.001006
0.001005
0.001005
0.001004
0.001003
0.001002
0.001001
0.001000
0.001000
0.000999
0.000998
0.000997
0.000996
0.000996
0.000995
0.000994
0.000993
0.000993
0.000992
0.000992
0.000991
0.000990
0.000990
0.000990
0.000989
0.000989
0.000988
0.000988
0.000988
0.000987
0.000985
0.000990
0.000992
0.000988
0.000989
0.000989
0.000988
0.000988
0.000988
0.000987
0.000987
0.000987
0.000987
0.000986
0.000986
0.000986
0.000986
0.000986
0.000985
0.000985
0.000985
0.000985
0.000984
0.000984
0.000984
0.000984
0.000984
0.000984
0.000983
0.000983
0.000983
0.000983
0.000983
0.000983
0.000983
0.000982
0.000982
0.000982
0.000982
0.000982
0.000982
0.000981
0.000981
0.000981
0.000981
0.000981
0.000981
0.000980
0.000980
0.000980
0.000980
0.000979
0.000979
0.000979
0.000979
0.000978
0.000978
0.000978
0.000978
0.000977
0.000977
0.000977
0.000977
0.000976
0.000976
0.000976
0.000976
0.000975
0.000975
0.000975
0.000974
0.000974
0.000974
0.000974
0.000973
0.000973
0.000973
0.000972
0.000972
0.000972
0.000972
0.000972
0.000971
0.000971
0.000971
0.000971
0.000970
0.000970
0.000970
0.000969
0.000969
0.000969
0.000969
0.000968
0.000968
0.000968
0.000968
0.000968
0.000967
0.000967
0.000962
0.000984
0.000994
0.000994
0.000992
0.000991
0.000991
0.000992
0.000994
0.000996
0.000998
0.000999
0.000999
0.000999
0.000997
0.000993
0.000990
0.000986
0.000983
0.000980
0.000978
0.000977
0.000976
0.000975
0.000975
0.000974
0.000974
0.000973
0.000973
0.000972
0.000972
0.000972
0.000971
0.000971
0.000971
0.000971
0.000971
0.000970
0.000970
0.000970
0.000970
0.000970
0.000970
0.000969
0.000969
0.000969
0.000969
0.000969
0.000969
0.000969
0.000969
0.000969
0.000968
0.000968
0.000968
0.000968
0.000968
0.000968
0.000968
0.000968
0.000968
0.000968
0.000968
0.000967
0.000967
0.000967
0.000967
0.000967
0.000967
0.000967
0.000967
0.000967
0.000967
0.000967
0.000967
0.000966
0.000966
0.000966
0.000966
0.000966
0.000966
0.000966
0.000966
0.000966
0.000966
0.000966
0.000966
0.000966
0.000966
0.000965
0.000965
0.000965
0.000965
0.000965
0.000965
0.000965
0.000965
0.000965
0.000965
0.000964
0.000948
0.000941
0.000938
0.000938
0.000939
0.000939
0.000939
0.000938
0.000938
0.000938
0.000938
0.000938
0.000938
0.000938
0.000938
0.000938
0.000938
0.000938
0.000938
0.000938
0.000938
0.000938
0.000938
0.000938
0.000938
0.000938
0.000938
0.000938
0.000938
0.000938
0.000938
0.000938
0.000938
0.000938
0.000938
0.000938
0.000938
0.000938
0.000938
0.000938
0.000938
0.000938
0.000938
0.000938
0.000938
0.000938
0.000938
0.000938
0.000938
0.000938
0.000938
0.000938
0.000938
0.000938
0.000938
0.000938
0.000938
0.000938
0.000938
0.000938
0.000938
0.000938
0.000938
0.000938
0.000938
0.000938
0.000938
0.000938
0.000938
0.000938
0.000938
0.000938
0.000938
0.000938
0.000938
0.000938
0.000938
0.000938
0.000938
0.000938
0.000938
0.000938
0.000938
0.000938
0.000938
0.000938
0.000938
0.000938
0.000938
0.000938
0.000938
0.000938
0.000938
0.000938
0.000938
0.000938
0.000938
0.000938
0.000938
0.000938
