0.484466
0.370470
0.265055
0.182498
0.093324
0.048191
0.041258
0.034281
0.028842
0.024312
0.020339
0.016920
0.014038
0.011693
0.009870
0.008510
0.007527
0.006825
0.006324
0.005957
0.005667
0.005421
0.005195
0.004987
0.004792
0.004622
0.004481
0.004365
0.004265
0.004180
0.004106
0.004039
0.003976
0.003916
0.003861
0.003813
0.003770
0.003732
0.003700
0.003671
0.003644
0.003618
0.003595
0.003575
0.003555
0.003538
0.003522
0.003508
0.003495
0.003482
0.003469
0.003458
0.003444
0.003431
0.003421
0.003410
0.003401
0.003390
0.003381
0.003374
0.003365
0.003357
0.003349
0.003341
0.003334
0.003326
0.003320
0.003315
0.003311
0.003305
0.003300
0.003295
0.003292
0.003288
0.003283
0.003279
0.003276
0.003272
0.003269
0.003265
0.003261
0.003257
0.003254
0.003250
0.003248
0.003245
0.003243
0.003240
0.003237
0.003234
0.003232
0.003229
0.003227
0.003225
0.003224
0.003220
0.003218
0.003216
0.003215
0.003212
0.003171
0.003178
0.003174
0.003174
0.003168
0.003166
0.003165
0.003165
0.003164
0.003164
0.003164
0.003163
0.003163
0.003162
0.003161
0.003161
0.003160
0.003159
0.003158
0.003158
0.003157
0.003156
0.003155
0.003155
0.003155
0.003154
0.003153
0.003152
0.003152
0.003151
0.003150
0.003149
0.003148
0.003148
0.003148
0.003147
0.003147
0.003147
0.003147
0.003146
0.003145
0.003144
0.003144
0.003143
0.003142
0.003140
0.003139
0.003138
0.003136
0.003136
0.003136
0.003135
0.003135
0.003134
0.003133
0.003131
0.003130
0.003128
0.003126
0.003125
0.003124
0.003122
0.003120
0.003118
0.003116
0.003115
0.003113
0.003110
0.003107
0.003104
0.003101
0.003097
0.003093
0.003089
0.003083
0.003076
0.003067
0.003058
0.003047
0.003036
0.003024
0.003010
0.002997
0.002984
0.002972
0.002958
0.002942
0.002925
0.002908
0.002889
0.002869
0.002848
0.002824
0.002793
0.002756
0.002714
0.002674
0.002637
0.002607
0.002582
0.002531
0.002485
0.002461
0.002455
0.002444
0.002434
0.002424
0.002416
0.002407
0.002399
0.002392
0.002385
0.002378
0.002371
0.002365
0.002359
0.002353
0.002348
0.002343
0.002337
0.002332
0.002327
0.002323
0.002318
0.002314
0.002309
0.002305
0.002301
0.002297
0.002293
0.002290
0.002287
0.002283
0.002280
0.002277
0.002275
0.002271
0.002269
0.002266
0.002264
0.002261
0.002258
0.002256
0.002253
0.002251
0.002248
0.002245
0.002243
0.002241
0.002238
0.002236
0.002234
0.002232
0.002229
0.002227
0.002225
0.002223
0.002220
0.002218
0.002216
0.002214
0.002212
0.002210
0.002208
0.002205
0.002203
0.002201
0.002199
0.002197
0.002194
0.002192
0.002190
0.002188
0.002186
0.002184
0.002182
0.002181
0.002179
0.002177
0.002175
0.002173
0.002171
0.002170
0.002168
0.002167
0.002165
0.002163
0.002161
0.002160
0.002158
0.002157
0.002155
0.002154
0.002152
0.002151
0.002150
0.002149
0.002147
0.002146
0.002145
0.002132
0.002131
0.002130
0.002127
0.002126
0.002125
0.002124
0.002123
0.002123
0.002122
0.002121
0.002120
0.002120
0.002119
0.002118
0.002117
0.002117
0.002116
0.002115
0.002114
0.002114
0.002113
0.002112
0.002111
0.002111
0.002110
0.002109
0.002108
0.002108
0.002107
0.002106
0.002105
0.002104
0.002104
0.002103
0.002102
0.002102
0.002101
0.002100
0.002099
0.002099
0.002098
0.002098
0.002096
0.002096
0.002095
0.002094
0.002093
0.002093
0.002092
0.002091
0.002090
0.002089
0.002089
0.002088
0.002087
0.002086
0.002085
0.002085
0.002084
0.002083
0.002082
0.002081
0.002080
0.002079
0.002078
0.002077
0.002076
0.002075
0.002074
0.002073
0.002071
0.002070
0.002069
0.002067
0.002066
0.002064
0.002063
0.002061
0.002059
0.002058
0.002055
0.002054
0.002052
0.002050
0.002048
0.002046
0.002044
0.002042
0.002040
0.002038
0.002036
0.002033
0.002031
0.002029
0.002027
0.002025
0.002022
0.002020
0.002018
0.002013
0.002024
0.002030
0.002031
0.002029
0.002028
0.002026
0.002025
0.002023
0.002022
0.002021
0.002020
0.002019
0.002018
0.002017
0.002016
0.002015
0.002014
0.002013
0.002011
0.002011
0.002010
0.002008
0.002007
0.002006
0.002005
0.002004
0.002003
0.002002
0.002001
0.002000
0.001999
0.001998
0.001997
0.001996
0.001995
0.001994
0.001993
0.001993
0.001992
0.001991
0.001990
0.001989
0.001988
0.001987
0.001987
0.001986
0.001985
0.001985
0.001984
0.001983
0.001982
0.001982
0.001981
0.001980
0.001979
0.001979
0.001978
0.001977
0.001976
0.001976
0.001975
0.001974
0.001974
0.001973
0.001972
0.001972
0.001971
0.001971
0.001970
0.001969
0.001969
0.001968
0.001968
0.001967
0.001966
0.001966
0.001965
0.001964
0.001964
0.001963
0.001963
0.001962
0.001962
0.001961
0.001961
0.001960
0.001960
0.001959
0.001958
0.001958
0.001957
0.001957
0.001956
0.001956
0.001955
0.001955
0.001955
0.001954
0.001954
