0.485483
0.330689
0.228146
0.117319
0.046055
0.032328
0.022287
0.016173
0.011945
0.009287
0.008060
0.007618
0.007460
0.007372
0.007293
0.007211
0.007124
0.007027
0.006912
0.006774
0.006615
0.006432
0.006240
0.006051
0.005865
0.005679
0.005492
0.005314
0.005149
0.005000
0.004867
0.004752
0.004653
0.004568
0.004496
0.004436
0.004384
0.004338
0.004295
0.004257
0.004220
0.004185
0.004149
0.004115
0.004077
0.004031
0.003975
0.003912
0.003843
0.003768
0.003686
0.003605
0.003532
0.003466
0.003405
0.003349
0.003294
0.003239
0.003184
0.003129
0.003073
0.003018
0.002963
0.002908
0.002853
0.002798
0.002743
0.002687
0.002631
0.002575
0.002518
0.002460
0.002404
0.002348
0.002294
0.002242
0.002193
0.002146
0.002102
0.002059
0.002020
0.001984
0.001950
0.001920
0.001892
0.001866
0.001843
0.001821
0.001802
0.001784
0.001767
0.001753
0.001739
0.001727
0.001716
0.001705
0.001695
0.001686
0.001678
0.001670
0.001617
0.001618
0.001607
0.001603
0.001599
0.001597
0.001594
0.001591
0.001588
0.001586
0.001583
0.001581
0.001579
0.001576
0.001574
0.001572
0.001570
0.001568
0.001566
0.001564
0.001561
0.001559
0.001558
0.001556
0.001554
0.001552
0.001550
0.001548
0.001546
0.001544
0.001543
0.001541
0.001539
0.001537
0.001536
0.001534
0.001532
0.001531
0.001529
0.001527
0.001526
0.001524
0.001523
0.001521
0.001520
0.001518
0.001517
0.001515
0.001514
0.001513
0.001511
0.001510
0.001509
0.001507
0.001506
0.001505
0.001504
0.001502
0.001501
0.001500
0.001499
0.001497
0.001496
0.001495
0.001494
0.001493
0.001492
0.001491
0.001490
0.001489
0.001488
0.001487
0.001486
0.001485
0.001484
0.001483
0.001483
0.001482
0.001481
0.001480
0.001479
0.001478
0.001478
0.001477
0.001476
0.001475
0.001474
0.001473
0.001472
0.001472
0.001471
0.001470
0.001469
0.001469
0.001468
0.001467
0.001467
0.001466
0.001465
0.001464
0.001455
0.001471
0.001481
0.001486
0.001486
0.001487
0.001486
0.001485
0.001483
0.001481
0.001479
0.001477
0.001475
0.001473
0.001472
0.001470
0.001469
0.001468
0.001467
0.001466
0.001466
0.001465
0.001464
0.001464
0.001463
0.001463
0.001462
0.001462
0.001461
0.001461
0.001460
0.001460
0.001459
0.001459
0.001459
0.001458
0.001458
0.001458
0.001457
0.001457
0.001457
0.001456
0.001456
0.001456
0.001455
0.001455
0.001455
0.001454
0.001454
0.001454
0.001454
0.001453
0.001453
0.001453
0.001453
0.001452
0.001452
0.001452
0.001452
0.001452
0.001452
0.001451
0.001451
0.001451
0.001451
0.001450
0.001450
0.001450
0.001450
0.001450
0.001449
0.001449
0.001449
0.001449
0.001448
0.001448
0.001448
0.001448
0.001448
0.001447
0.001447
0.001447
0.001447
0.001446
0.001446
0.001446
0.001446
0.001445
0.001445
0.001445
0.001445
0.001445
0.001445
0.001444
0.001444
0.001444
0.001444
0.001444
0.001444
0.001444
0.001430
0.001424
0.001417
0.001416
0.001415
0.001415
0.001415
0.001415
0.001415
0.001415
0.001415
0.001415
0.001415
0.001415
0.001415
0.001415
0.001415
0.001414
0.001414
0.001414
0.001414
0.001414
0.001414
0.001414
0.001414
0.001414
0.001414
0.001414
0.001414
0.001414
0.001414
0.001414
0.001414
0.001414
0.001413
0.001413
0.001413
0.001413
0.001413
0.001413
0.001413
0.001413
0.001413
0.001413
0.001413
0.001413
0.001413
0.001413
0.001413
0.001413
0.001413
0.001413
0.001413
0.001412
0.001412
0.001412
0.001412
0.001412
0.001412
0.001412
0.001412
0.001412
0.001412
0.001412
0.001412
0.001412
0.001412
0.001412
0.001412
0.001412
0.001412
0.001412
0.001412
0.001412
0.001412
0.001411
0.001411
0.001411
0.001411
0.001411
0.001411
0.001411
0.001411
0.001411
0.001411
0.001411
0.001411
0.001411
0.001411
0.001411
0.001411
0.001411
0.001410
0.001410
0.001410
0.001410
0.001410
0.001410
0.001410
0.001410
0.001403
0.001404
0.001408
0.001409
0.001410
0.001410
0.001410
0.001410
0.001410
0.001410
0.001410
0.001410
0.001410
0.001410
0.001410
0.001410
0.001409
0.001409
0.001409
0.001409
0.001409
0.001409
0.001409
0.001409
0.001409
0.001408
0.001408
0.001408
0.001408
0.001408
0.001408
0.001408
0.001408
0.001408
0.001408
0.001407
0.001407
0.001407
0.001407
0.001407
0.001407
0.001407
0.001407
0.001407
0.001407
0.001407
0.001407
0.001406
0.001406
0.001406
0.001406
0.001406
0.001406
0.001406
0.001406
0.001406
0.001406
0.001406
0.001406
0.001406
0.001406
0.001406
0.001406
0.001405
0.001405
0.001405
0.001405
0.001405
0.001405
0.001405
0.001405
0.001405
0.001405
0.001405
0.001405
0.001405
0.001405
0.001405
0.001405
0.001405
0.001405
0.001405
0.001405
0.001405
0.001405
0.001405
0.001404
0.001404
0.001404
0.001404
0.001404
0.001404
0.001404
0.001404
0.001404
0.001404
0.001404
0.001404
0.001404
0.001404
