0.368684
0.135502
0.057228
0.021422
0.012568
0.009628
0.008098
0.007124
0.006360
0.005859
0.005486
0.005078
0.004642
0.004316
0.004083
0.003910
0.003780
0.003664
0.003559
0.003467
0.003387
0.003309
0.003236
0.003166
0.003100
0.003035
0.002971
0.002901
0.002829
0.002753
0.002673
0.002586
0.002496
0.002402
0.002305
0.002210
0.002127
0.002053
0.001981
0.001916
0.001856
0.001803
0.001754
0.001711
0.001672
0.001637
0.001603
0.001571
0.001540
0.001511
0.001484
0.001458
0.001433
0.001412
0.001392
0.001373
0.001355
0.001339
0.001324
0.001310
0.001296
0.001282
0.001269
0.001257
0.001245
0.001231
0.001216
0.001201
0.001186
0.001171
0.001160
0.001151
0.001141
0.001132
0.001119
0.001105
0.001093
0.001081
0.001068
0.001056
0.001044
0.001033
0.001021
0.001012
0.001004
0.000995
0.000984
0.000973
0.000962
0.000953
0.000942
0.000931
0.000923
0.000914
0.000903
0.000893
0.000882
0.000873
0.000864
0.000854
0.000784
0.000758
0.000742
0.000732
0.000731
0.000728
0.000725
0.000722
0.000720
0.000717
0.000715
0.000712
0.000709
0.000707
0.000705
0.000703
0.000701
0.000699
0.000698
0.000696
0.000694
0.000693
0.000691
0.000690
0.000689
0.000687
0.000685
0.000684
0.000682
0.000680
0.000678
0.000677
0.000675
0.000673
0.000670
0.000668
0.000666
0.000663
0.000660
0.000657
0.000654
0.000651
0.000648
0.000645
0.000642
0.000640
0.000638
0.000635
0.000632
0.000629
0.000627
0.000624
0.000622
0.000619
0.000617
0.000615
0.000612
0.000609
0.000607
0.000605
0.000603
0.000601
0.000599
0.000597
0.000595
0.000593
0.000591
0.000589
0.000587
0.000585
0.000582
0.000580
0.000578
0.000577
0.000574
0.000572
0.000571
0.000569
0.000568
0.000566
0.000564
0.000563
0.000562
0.000561
0.000559
0.000557
0.000555
0.000554
0.000553
0.000552
0.000552
0.000551
0.000550
0.000549
0.000547
0.000546
0.000544
0.000543
0.000541
0.000539
0.000510
0.000506
0.000496
0.000494
0.000493
0.000492
0.000492
0.000491
0.000490
0.000489
0.000488
0.000487
0.000487
0.000486
0.000485
0.000484
0.000483
0.000483
0.000482
0.000481
0.000480
0.000480
0.000479
0.000478
0.000478
0.000477
0.000476
0.000475
0.000475
0.000474
0.000474
0.000473
0.000472
0.000472
0.000471
0.000471
0.000470
0.000469
0.000469
0.000468
0.000468
0.000467
0.000466
0.000466
0.000465
0.000465
0.000464
0.000464
0.000463
0.000463
0.000462
0.000461
0.000461
0.000460
0.000460
0.000459
0.000459
0.000458
0.000458
0.000457
0.000457
0.000456
0.000456
0.000455
0.000455
0.000454
0.000453
0.000453
0.000452
0.000452
0.000451
0.000450
0.000450
0.000449
0.000449
0.000448
0.000448
0.000448
0.000447
0.000446
0.000446
0.000445
0.000445
0.000444
0.000444
0.000443
0.000442
0.000442
0.000441
0.000441
0.000440
0.000440
0.000439
0.000439
0.000438
0.000438
0.000438
0.000437
0.000437
0.000436
0.000424
0.000424
0.000424
0.000425
0.000425
0.000424
0.000424
0.000423
0.000423
0.000422
0.000422
0.000422
0.000421
0.000421
0.000421
0.000420
0.000420
0.000420
0.000420
0.000419
0.000419
0.000419
0.000419
0.000418
0.000418
0.000418
0.000418
0.000417
0.000417
0.000417
0.000416
0.000416
0.000416
0.000416
0.000415
0.000415
0.000415
0.000415
0.000415
0.000414
0.000414
0.000414
0.000414
0.000414
0.000413
0.000413
0.000413
0.000413
0.000412
0.000412
0.000412
0.000412
0.000411
0.000411
0.000411
0.000411
0.000410
0.000410
0.000410
0.000410
0.000410
0.000409
0.000409
0.000409
0.000409
0.000408
0.000408
0.000408
0.000408
0.000408
0.000407
0.000407
0.000407
0.000407
0.000406
0.000406
0.000406
0.000406
0.000406
0.000405
0.000405
0.000405
0.000405
0.000404
0.000404
0.000404
0.000404
0.000404
0.000403
0.000403
0.000403
0.000403
0.000402
0.000402
0.000402
0.000402
0.000401
0.000401
0.000401
0.000401
0.000398
0.000398
0.000399
0.000399
0.000399
0.000399
0.000399
0.000399
0.000399
0.000399
0.000399
0.000399
0.000399
0.000399
0.000399
0.000399
0.000399
0.000399
0.000399
0.000399
0.000399
0.000399
0.000398
0.000398
0.000398
0.000398
0.000398
0.000398
0.000398
0.000398
0.000398
0.000398
0.000398
0.000398
0.000398
0.000398
0.000398
0.000397
0.000397
0.000397
0.000397
0.000397
0.000397
0.000397
0.000397
0.000397
0.000397
0.000397
0.000396
0.000396
0.000396
0.000396
0.000396
0.000396
0.000396
0.000396
0.000396
0.000395
0.000395
0.000395
0.000395
0.000395
0.000395
0.000395
0.000395
0.000395
0.000395
0.000394
0.000394
0.000394
0.000394
0.000394
0.000394
0.000394
0.000394
0.000394
0.000393
0.000393
0.000393
0.000393
0.000393
0.000393
0.000393
0.000393
0.000393
0.000392
0.000392
0.000392
0.000392
0.000392
0.000392
0.000392
0.000392
0.000392
0.000392
0.000391
0.000391
0.000391
0.000391
0.000391
