0.461979
0.320103
0.174685
0.098878
0.068145
0.041684
0.021768
0.012129
0.008003
0.006632
0.006078
0.005701
0.005432
0.005182
0.004938
0.004721
0.004535
0.004382
0.004248
0.004124
0.004007
0.003898
0.003797
0.003700
0.003610
0.003524
0.003439
0.003358
0.003280
0.003204
0.003131
0.003058
0.002986
0.002916
0.002849
0.002785
0.002722
0.002659
0.002596
0.002535
0.002475
0.002417
0.002363
0.002310
0.002259
0.002210
0.002162
0.002118
0.002076
0.002039
0.002003
0.001976
0.001933
0.001901
0.001867
0.001833
0.001805
0.001777
0.001750
0.001726
0.001702
0.001679
0.001656
0.001633
0.001612
0.001593
0.001577
0.001562
0.001550
0.001540
0.001531
0.001522
0.001515
0.001508
0.001503
0.001497
0.001492
0.001487
0.001483
0.001480
0.001476
0.001473
0.001470
0.001468
0.001466
0.001463
0.001461
0.001457
0.001453
0.001451
0.001449
0.001446
0.001443
0.001441
0.001440
0.001440
0.001440
0.001440
0.001440
0.001439
0.001382
0.001391
0.001378
0.001374
0.001373
0.001373
0.001374
0.001374
0.001374
0.001375
0.001375
0.001375
0.001376
0.001376
0.001376
0.001376
0.001377
0.001377
0.001377
0.001377
0.001377
0.001377
0.001377
0.001377
0.001378
0.001378
0.001377
0.001377
0.001378
0.001377
0.001377
0.001377
0.001377
0.001376
0.001376
0.001376
0.001376
0.001375
0.001375
0.001374
0.001374
0.001374
0.001374
0.001373
0.001372
0.001372
0.001373
0.001372
0.001371
0.001371
0.001371
0.001371
0.001371
0.001371
0.001370
0.001370
0.001370
0.001370
0.001370
0.001369
0.001369
0.001369
0.001369
0.001369
0.001369
0.001368
0.001368
0.001368
0.001367
0.001367
0.001367
0.001367
0.001367
0.001366
0.001366
0.001366
0.001366
0.001366
0.001366
0.001366
0.001366
0.001366
0.001366
0.001366
0.001366
0.001366
0.001366
0.001366
0.001366
0.001366
0.001366
0.001366
0.001366
0.001365
0.001365
0.001365
0.001365
0.001365
0.001365
0.001365
0.001333
0.001334
0.001339
0.001337
0.001336
0.001335
0.001335
0.001335
0.001335
0.001335
0.001335
0.001334
0.001334
0.001334
0.001334
0.001334
0.001333
0.001333
0.001333
0.001332
0.001332
0.001331
0.001331
0.001330
0.001330
0.001329
0.001329
0.001328
0.001328
0.001327
0.001326
0.001326
0.001325
0.001325
0.001324
0.001324
0.001323
0.001323
0.001322
0.001322
0.001321
0.001321
0.001320
0.001320
0.001319
0.001319
0.001319
0.001319
0.001318
0.001318
0.001318
0.001317
0.001317
0.001317
0.001317
0.001317
0.001316
0.001316
0.001316
0.001316
0.001316
0.001316
0.001316
0.001316
0.001315
0.001315
0.001315
0.001315
0.001315
0.001315
0.001315
0.001315
0.001315
0.001315
0.001315
0.001315
0.001315
0.001315
0.001315
0.001315
0.001315
0.001315
0.001315
0.001315
0.001315
0.001315
0.001316
0.001316
0.001316
0.001316
0.001316
0.001316
0.001316
0.001316
0.001316
0.001316
0.001316
0.001316
0.001317
0.001317
0.001318
0.001327
0.001328
0.001327
0.001325
0.001323
0.001322
0.001321
0.001320
0.001320
0.001320
0.001319
0.001319
0.001319
0.001319
0.001319
0.001319
0.001319
0.001318
0.001318
0.001318
0.001318
0.001318
0.001318
0.001318
0.001318
0.001318
0.001318
0.001318
0.001318
0.001318
0.001318
0.001318
0.001318
0.001319
0.001319
0.001319
0.001319
0.001319
0.001319
0.001319
0.001319
0.001319
0.001319
0.001319
0.001319
0.001319
0.001319
0.001319
0.001319
0.001319
0.001319
0.001319
0.001319
0.001319
0.001319
0.001319
0.001319
0.001319
0.001319
0.001319
0.001319
0.001319
0.001319
0.001320
0.001320
0.001319
0.001319
0.001319
0.001319
0.001319
0.001320
0.001320
0.001319
0.001320
0.001320
0.001320
0.001320
0.001320
0.001320
0.001320
0.001320
0.001320
0.001320
0.001320
0.001320
0.001320
0.001320
0.001320
0.001320
0.001320
0.001320
0.001320
0.001320
0.001320
0.001320
0.001320
0.001320
0.001320
0.001320
0.001308
0.001304
0.001300
0.001300
0.001300
0.001300
0.001300
0.001300
0.001300
0.001300
0.001300
0.001300
0.001300
0.001300
0.001300
0.001300
0.001300
0.001300
0.001300
0.001300
0.001300
0.001300
0.001300
0.001300
0.001300
0.001300
0.001300
0.001300
0.001300
0.001300
0.001300
0.001300
0.001300
0.001300
0.001300
0.001300
0.001300
0.001300
0.001300
0.001300
0.001300
0.001300
0.001300
0.001300
0.001300
0.001300
0.001301
0.001301
0.001301
0.001301
0.001301
0.001301
0.001301
0.001301
0.001301
0.001301
0.001301
0.001301
0.001301
0.001301
0.001301
0.001301
0.001301
0.001301
0.001301
0.001301
0.001301
0.001301
0.001301
0.001301
0.001301
0.001301
0.001301
0.001301
0.001301
0.001301
0.001301
0.001301
0.001301
0.001301
0.001301
0.001301
0.001301
0.001301
0.001301
0.001301
0.001301
0.001301
0.001301
0.001302
0.001302
0.001302
0.001302
0.001302
0.001302
0.001302
0.001302
0.001302
0.001302
0.001302
