0.389493
0.112555
0.041020
0.021464
0.010428
0.005381
0.003615
0.003116
0.002819
0.002602
0.002421
0.002278
0.002164
0.002068
0.001984
0.001908
0.001839
0.001780
0.001725
0.001668
0.001611
0.001556
0.001504
0.001461
0.001429
0.001405
0.001384
0.001368
0.001354
0.001343
0.001334
0.001326
0.001319
0.001311
0.001304
0.001298
0.001294
0.001295
0.001299
0.001305
0.001310
0.001309
0.001305
0.001298
0.001290
0.001283
0.001276
0.001271
0.001267
0.001262
0.001258
0.001254
0.001247
0.001242
0.001236
0.001230
0.001227
0.001226
0.001223
0.001218
0.001213
0.001208
0.001203
0.001199
0.001198
0.001196
0.001191
0.001187
0.001183
0.001180
0.001178
0.001175
0.001172
0.001168
0.001165
0.001159
0.001152
0.001149
0.001147
0.001145
0.001145
0.001144
0.001141
0.001139
0.001136
0.001132
0.001130
0.001128
0.001126
0.001124
0.001122
0.001117
0.001114
0.001114
0.001112
0.001111
0.001112
0.001113
0.001112
0.001111
0.001026
0.001014
0.001019
0.001009
0.001010
0.001011
0.001009
0.001008
0.001008
0.001008
0.001007
0.001007
0.001007
0.001007
0.001008
0.001008
0.001008
0.001009
0.001009
0.001010
0.001010
0.001011
0.001012
0.001013
0.001013
0.001013
0.001014
0.001015
0.001015
0.001016
0.001016
0.001016
0.001017
0.001017
0.001017
0.001017
0.001017
0.001016
0.001016
0.001015
0.001015
0.001014
0.001014
0.001013
0.001013
0.001013
0.001012
0.001011
0.001011
0.001010
0.001009
0.001008
0.001008
0.001007
0.001006
0.001006
0.001006
0.001005
0.001005
0.001004
0.001004
0.001003
0.001002
0.001001
0.001001
0.001000
0.000999
0.000999
0.000998
0.000998
0.000998
0.000997
0.000997
0.000996
0.000996
0.000995
0.000995
0.000995
0.000994
0.000994
0.000993
0.000992
0.000992
0.000991
0.000991
0.000991
0.000990
0.000990
0.000989
0.000989
0.000989
0.000989
0.000988
0.000988
0.000988
0.000988
0.000987
0.000987
0.000986
0.000985
0.000940
0.000945
0.000946
0.000949
0.000950
0.000950
0.000950
0.000949
0.000948
0.000946
0.000945
0.000944
0.000943
0.000942
0.000941
0.000940
0.000939
0.000938
0.000937
0.000936
0.000935
0.000934
0.000933
0.000933
0.000932
0.000932
0.000931
0.000931
0.000930
0.000930
0.000929
0.000929
0.000929
0.000928
0.000928
0.000927
0.000927
0.000927
0.000927
0.000926
0.000926
0.000926
0.000925
0.000925
0.000925
0.000925
0.000924
0.000924
0.000924
0.000923
0.000923
0.000923
0.000923
0.000922
0.000922
0.000921
0.000921
0.000921
0.000921
0.000920
0.000920
0.000920
0.000920
0.000919
0.000919
0.000919
0.000918
0.000918
0.000918
0.000918
0.000917
0.000917
0.000916
0.000916
0.000916
0.000915
0.000915
0.000915
0.000915
0.000914
0.000914
0.000914
0.000914
0.000914
0.000914
0.000914
0.000913
0.000913
0.000913
0.000913
0.000913
0.000912
0.000912
0.000912
0.000912
0.000912
0.000911
0.000911
0.000911
0.000911
0.000896
0.000908
0.000913
0.000917
0.000920
0.000920
0.000921
0.000920
0.000920
0.000919
0.000919
0.000918
0.000917
0.000916
0.000916
0.000915
0.000915
0.000914
0.000914
0.000913
0.000913
0.000913
0.000913
0.000912
0.000912
0.000912
0.000912
0.000911
0.000911
0.000911
0.000911
0.000911
0.000911
0.000911
0.000911
0.000911
0.000911
0.000910
0.000910
0.000910
0.000910
0.000910
0.000910
0.000910
0.000910
0.000910
0.000910
0.000910
0.000910
0.000910
0.000910
0.000910
0.000910
0.000910
0.000910
0.000910
0.000910
0.000910
0.000910
0.000910
0.000909
0.000909
0.000909
0.000909
0.000909
0.000909
0.000909
0.000909
0.000908
0.000908
0.000908
0.000908
0.000908
0.000908
0.000908
0.000908
0.000908
0.000908
0.000908
0.000907
0.000907
0.000907
0.000907
0.000907
0.000907
0.000907
0.000907
0.000907
0.000907
0.000907
0.000906
0.000906
0.000906
0.000906
0.000906
0.000906
0.000906
0.000906
0.000906
0.000906
0.000890
0.000874
0.000872
0.000873
0.000872
0.000872
0.000872
0.000872
0.000872
0.000872
0.000872
0.000872
0.000872
0.000872
0.000872
0.000872
0.000872
0.000872
0.000872
0.000872
0.000872
0.000872
0.000872
0.000872
0.000872
0.000872
0.000872
0.000872
0.000872
0.000872
0.000872
0.000871
0.000872
0.000871
0.000871
0.000871
0.000871
0.000871
0.000871
0.000871
0.000871
0.000871
0.000871
0.000871
0.000871
0.000871
0.000871
0.000871
0.000871
0.000871
0.000871
0.000871
0.000871
0.000871
0.000871
0.000871
0.000871
0.000871
0.000871
0.000871
0.000871
0.000871
0.000872
0.000872
0.000872
0.000872
0.000872
0.000872
0.000872
0.000872
0.000872
0.000872
0.000872
0.000872
0.000872
0.000872
0.000872
0.000872
0.000872
0.000872
0.000872
0.000872
0.000872
0.000872
0.000872
0.000872
0.000872
0.000872
0.000872
0.000872
0.000872
0.000872
0.000872
0.000872
0.000872
0.000872
0.000872
0.000872
0.000872
0.000872
