0.481620
0.351235
0.175844
0.071014
0.046193
0.033557
0.025313
0.016610
0.009213
0.006395
0.006000
0.005752
0.005616
0.005492
0.005386
0.005272
0.005168
0.005076
0.004988
0.004894
0.004809
0.004682
0.004484
0.004230
0.003964
0.003653
0.003428
0.003267
0.003102
0.002962
0.002833
0.002726
0.002642
0.002565
0.002498
0.002441
0.002396
0.002359
0.002330
0.002306
0.002285
0.002267
0.002253
0.002239
0.002226
0.002213
0.002203
0.002190
0.002179
0.002170
0.002161
0.002151
0.002140
0.002129
0.002116
0.002105
0.002092
0.002082
0.002075
0.002069
0.002062
0.002054
0.002041
0.002030
0.002021
0.002014
0.002005
0.001996
0.001986
0.001980
0.001974
0.001968
0.001960
0.001954
0.001946
0.001937
0.001928
0.001920
0.001911
0.001903
0.001895
0.001888
0.001880
0.001873
0.001865
0.001857
0.001850
0.001843
0.001836
0.001829
0.001823
0.001816
0.001809
0.001801
0.001791
0.001781
0.001772
0.001762
0.001752
0.001742
0.001689
0.001690
0.001685
0.001686
0.001685
0.001683
0.001679
0.001676
0.001672
0.001668
0.001663
0.001659
0.001655
0.001651
0.001646
0.001642
0.001638
0.001633
0.001629
0.001625
0.001620
0.001615
0.001610
0.001605
0.001601
0.001597
0.001592
0.001587
0.001583
0.001578
0.001574
0.001569
0.001564
0.001560
0.001555
0.001551
0.001547
0.001543
0.001539
0.001535
0.001531
0.001528
0.001524
0.001521
0.001517
0.001513
0.001510
0.001506
0.001503
0.001500
0.001497
0.001494
0.001491
0.001488
0.001484
0.001482
0.001478
0.001475
0.001472
0.001469
0.001466
0.001463
0.001459
0.001456
0.001453
0.001449
0.001445
0.001442
0.001438
0.001434
0.001431
0.001427
0.001423
0.001420
0.001416
0.001413
0.001409
0.001406
0.001403
0.001399
0.001396
0.001393
0.001389
0.001386
0.001383
0.001380
0.001377
0.001374
0.001372
0.001369
0.001366
0.001363
0.001360
0.001357
0.001353
0.001350
0.001347
0.001343
0.001340
0.001337
0.001309
0.001308
0.001297
0.001295
0.001293
0.001290
0.001288
0.001287
0.001285
0.001284
0.001283
0.001282
0.001281
0.001280
0.001279
0.001278
0.001277
0.001276
0.001275
0.001273
0.001272
0.001271
0.001270
0.001268
0.001267
0.001265
0.001263
0.001262
0.001260
0.001258
0.001256
0.001254
0.001252
0.001250
0.001248
0.001246
0.001244
0.001242
0.001240
0.001238
0.001235
0.001233
0.001231
0.001228
0.001226
0.001223
0.001221
0.001218
0.001216
0.001213
0.001211
0.001208
0.001205
0.001203
0.001200
0.001197
0.001193
0.001190
0.001187
0.001184
0.001180
0.001177
0.001175
0.001172
0.001170
0.001167
0.001165
0.001162
0.001160
0.001158
0.001156
0.001154
0.001152
0.001151
0.001149
0.001147
0.001146
0.001144
0.001143
0.001141
0.001139
0.001138
0.001136
0.001135
0.001133
0.001132
0.001130
0.001128
0.001127
0.001125
0.001124
0.001123
0.001122
0.001121
0.001120
0.001119
0.001118
0.001116
0.001115
0.001114
0.001102
0.001078
0.001074
0.001074
0.001073
0.001072
0.001072
0.001072
0.001071
0.001071
0.001070
0.001070
0.001070
0.001069
0.001069
0.001068
0.001068
0.001068
0.001067
0.001067
0.001066
0.001066
0.001066
0.001065
0.001065
0.001065
0.001064
0.001064
0.001064
0.001063
0.001063
0.001063
0.001062
0.001062
0.001062
0.001062
0.001061
0.001061
0.001061
0.001061
0.001060
0.001060
0.001060
0.001060
0.001059
0.001059
0.001059
0.001059
0.001058
0.001058
0.001058
0.001058
0.001057
0.001057
0.001057
0.001057
0.001057
0.001056
0.001056
0.001056
0.001056
0.001056
0.001055
0.001055
0.001055
0.001055
0.001055
0.001055
0.001055
0.001054
0.001054
0.001054
0.001054
0.001054
0.001054
0.001053
0.001053
0.001053
0.001053
0.001053
0.001053
0.001052
0.001052
0.001052
0.001052
0.001052
0.001051
0.001051
0.001051
0.001051
0.001051
0.001051
0.001050
0.001050
0.001050
0.001050
0.001050
0.001050
0.001049
0.001049
0.001040
0.001037
0.001037
0.001036
0.001036
0.001035
0.001035
0.001035
0.001035
0.001035
0.001035
0.001034
0.001034
0.001034
0.001034
0.001034
0.001034
0.001033
0.001033
0.001033
0.001033
0.001033
0.001033
0.001032
0.001032
0.001032
0.001032
0.001032
0.001032
0.001032
0.001031
0.001031
0.001031
0.001031
0.001031
0.001031
0.001031
0.001030
0.001030
0.001030
0.001030
0.001030
0.001030
0.001030
0.001029
0.001029
0.001029
0.001029
0.001029
0.001029
0.001029
0.001028
0.001028
0.001028
0.001028
0.001028
0.001028
0.001028
0.001028
0.001027
0.001027
0.001027
0.001027
0.001027
0.001027
0.001027
0.001027
0.001026
0.001026
0.001026
0.001026
0.001026
0.001026
0.001026
0.001026
0.001025
0.001025
0.001025
0.001025
0.001025
0.001025
0.001025
0.001025
0.001025
0.001024
0.001024
0.001024
0.001024
0.001024
0.001024
0.001024
0.001024
0.001024
0.001023
0.001023
0.001023
0.001023
0.001023
0.001023
0.001023
