0.416989
0.216441
0.068576
0.032159
0.018055
0.011430
0.007527
0.005025
0.003771
0.003159
0.002807
0.002559
0.002386
0.002253
0.002145
0.002055
0.001981
0.001919
0.001864
0.001814
0.001767
0.001729
0.001701
0.001676
0.001653
0.001633
0.001607
0.001574
0.001544
0.001513
0.001487
0.001466
0.001445
0.001422
0.001398
0.001377
0.001357
0.001337
0.001317
0.001297
0.001279
0.001259
0.001240
0.001220
0.001203
0.001189
0.001175
0.001161
0.001149
0.001137
0.001128
0.001121
0.001115
0.001109
0.001105
0.001102
0.001097
0.001094
0.001091
0.001089
0.001088
0.001086
0.001086
0.001085
0.001086
0.001088
0.001085
0.001085
0.001087
0.001087
0.001084
0.001084
0.001085
0.001084
0.001083
0.001079
0.001075
0.001072
0.001070
0.001067
0.001066
0.001063
0.001062
0.001061
0.001062
0.001060
0.001058
0.001051
0.001044
0.001041
0.001042
0.001042
0.001039
0.001037
0.001036
0.001034
0.001033
0.001030
0.001027
0.001025
0.000962
0.000954
0.000941
0.000942
0.000940
0.000938
0.000938
0.000937
0.000936
0.000936
0.000935
0.000935
0.000935
0.000935
0.000934
0.000934
0.000934
0.000935
0.000935
0.000935
0.000935
0.000935
0.000936
0.000936
0.000936
0.000937
0.000938
0.000938
0.000939
0.000940
0.000940
0.000941
0.000941
0.000942
0.000942
0.000943
0.000943
0.000943
0.000943
0.000944
0.000944
0.000944
0.000944
0.000944
0.000944
0.000944
0.000944
0.000944
0.000944
0.000944
0.000944
0.000944
0.000944
0.000943
0.000943
0.000943
0.000943
0.000942
0.000942
0.000941
0.000941
0.000941
0.000940
0.000940
0.000940
0.000940
0.000940
0.000939
0.000939
0.000938
0.000938
0.000938
0.000937
0.000936
0.000936
0.000936
0.000935
0.000935
0.000934
0.000934
0.000934
0.000933
0.000933
0.000933
0.000932
0.000931
0.000931
0.000931
0.000931
0.000930
0.000930
0.000931
0.000931
0.000930
0.000930
0.000930
0.000930
0.000929
0.000929
0.000930
0.000886
0.000887
0.000896
0.000903
0.000906
0.000908
0.000908
0.000908
0.000908
0.000907
0.000906
0.000906
0.000905
0.000904
0.000903
0.000903
0.000902
0.000902
0.000901
0.000900
0.000899
0.000898
0.000897
0.000896
0.000895
0.000894
0.000894
0.000893
0.000892
0.000891
0.000890
0.000889
0.000889
0.000888
0.000887
0.000886
0.000885
0.000885
0.000884
0.000883
0.000882
0.000882
0.000881
0.000881
0.000880
0.000879
0.000878
0.000878
0.000877
0.000876
0.000875
0.000875
0.000874
0.000874
0.000873
0.000872
0.000872
0.000871
0.000870
0.000870
0.000869
0.000869
0.000868
0.000868
0.000867
0.000867
0.000866
0.000866
0.000865
0.000865
0.000865
0.000864
0.000864
0.000864
0.000863
0.000863
0.000863
0.000862
0.000862
0.000862
0.000861
0.000861
0.000861
0.000860
0.000860
0.000860
0.000860
0.000859
0.000859
0.000859
0.000859
0.000858
0.000858
0.000858
0.000858
0.000858
0.000857
0.000857
0.000857
0.000857
0.000855
0.000863
0.000855
0.000853
0.000853
0.000853
0.000853
0.000853
0.000853
0.000853
0.000853
0.000853
0.000853
0.000853
0.000853
0.000854
0.000854
0.000854
0.000854
0.000854
0.000854
0.000854
0.000854
0.000854
0.000854
0.000854
0.000854
0.000854
0.000854
0.000854
0.000854
0.000854
0.000854
0.000854
0.000855
0.000855
0.000855
0.000855
0.000855
0.000855
0.000855
0.000855
0.000855
0.000855
0.000855
0.000855
0.000855
0.000855
0.000855
0.000855
0.000855
0.000855
0.000855
0.000854
0.000854
0.000854
0.000854
0.000854
0.000854
0.000854
0.000854
0.000854
0.000854
0.000854
0.000854
0.000854
0.000854
0.000854
0.000854
0.000854
0.000854
0.000854
0.000854
0.000853
0.000853
0.000853
0.000853
0.000853
0.000853
0.000853
0.000853
0.000853
0.000853
0.000853
0.000853
0.000853
0.000852
0.000852
0.000852
0.000852
0.000852
0.000852
0.000852
0.000852
0.000852
0.000852
0.000852
0.000852
0.000852
0.000852
0.000852
0.000852
0.000849
0.000845
0.000842
0.000842
0.000842
0.000842
0.000841
0.000841
0.000841
0.000841
0.000840
0.000840
0.000840
0.000840
0.000840
0.000840
0.000840
0.000839
0.000839
0.000839
0.000839
0.000839
0.000839
0.000839
0.000839
0.000839
0.000839
0.000839
0.000839
0.000839
0.000839
0.000838
0.000838
0.000838
0.000838
0.000838
0.000838
0.000838
0.000838
0.000838
0.000838
0.000838
0.000838
0.000838
0.000838
0.000838
0.000838
0.000838
0.000838
0.000838
0.000838
0.000838
0.000837
0.000837
0.000837
0.000837
0.000837
0.000837
0.000837
0.000837
0.000837
0.000837
0.000837
0.000837
0.000837
0.000837
0.000837
0.000837
0.000837
0.000837
0.000837
0.000837
0.000837
0.000837
0.000837
0.000837
0.000837
0.000837
0.000837
0.000836
0.000836
0.000836
0.000836
0.000836
0.000836
0.000836
0.000836
0.000836
0.000836
0.000836
0.000836
0.000836
0.000836
0.000836
0.000836
0.000836
0.000836
0.000836
