0.461873
0.238146
0.123346
0.060699
0.038915
0.024864
0.016274
0.011546
0.008642
0.006981
0.006141
0.005610
0.005190
0.004851
0.004577
0.004343
0.004139
0.003957
0.003793
0.003643
0.003505
0.003378
0.003261
0.003153
0.003054
0.002962
0.002875
0.002793
0.002715
0.002638
0.002564
0.002495
0.002428
0.002364
0.002302
0.002243
0.002187
0.002134
0.002084
0.002037
0.001993
0.001951
0.001914
0.001879
0.001848
0.001817
0.001790
0.001764
0.001741
0.001719
0.001699
0.001680
0.001663
0.001646
0.001632
0.001618
0.001605
0.001593
0.001581
0.001569
0.001559
0.001548
0.001538
0.001530
0.001520
0.001512
0.001503
0.001495
0.001487
0.001481
0.001474
0.001468
0.001462
0.001457
0.001451
0.001447
0.001442
0.001439
0.001435
0.001431
0.001427
0.001424
0.001421
0.001418
0.001415
0.001412
0.001409
0.001406
0.001404
0.001402
0.001399
0.001396
0.001393
0.001391
0.001388
0.001386
0.001385
0.001383
0.001380
0.001379
0.001309
0.001326
0.001338
0.001346
0.001349
0.001351
0.001351
0.001351
0.001351
0.001350
0.001349
0.001349
0.001348
0.001348
0.001347
0.001347
0.001346
0.001345
0.001344
0.001343
0.001343
0.001342
0.001341
0.001341
0.001340
0.001339
0.001338
0.001337
0.001336
0.001335
0.001334
0.001332
0.001330
0.001329
0.001326
0.001324
0.001323
0.001321
0.001320
0.001318
0.001316
0.001314
0.001312
0.001311
0.001309
0.001308
0.001306
0.001305
0.001304
0.001303
0.001302
0.001301
0.001299
0.001298
0.001296
0.001295
0.001293
0.001292
0.001291
0.001289
0.001288
0.001287
0.001285
0.001284
0.001282
0.001281
0.001279
0.001278
0.001276
0.001275
0.001273
0.001271
0.001270
0.001268
0.001267
0.001265
0.001263
0.001262
0.001260
0.001258
0.001256
0.001254
0.001252
0.001250
0.001248
0.001246
0.001244
0.001243
0.001241
0.001239
0.001237
0.001236
0.001234
0.001232
0.001230
0.001229
0.001227
0.001225
0.001224
0.001222
0.001220
0.001214
0.001217
0.001220
0.001219
0.001219
0.001218
0.001218
0.001217
0.001217
0.001217
0.001216
0.001216
0.001216
0.001215
0.001215
0.001215
0.001214
0.001214
0.001214
0.001214
0.001213
0.001213
0.001212
0.001212
0.001212
0.001212
0.001211
0.001211
0.001211
0.001210
0.001210
0.001210
0.001210
0.001209
0.001209
0.001209
0.001209
0.001208
0.001208
0.001208
0.001208
0.001208
0.001207
0.001207
0.001207
0.001207
0.001207
0.001207
0.001207
0.001207
0.001206
0.001206
0.001206
0.001206
0.001206
0.001206
0.001206
0.001206
0.001206
0.001206
0.001206
0.001206
0.001206
0.001207
0.001207
0.001207
0.001208
0.001208
0.001208
0.001208
0.001208
0.001208
0.001209
0.001209
0.001209
0.001208
0.001208
0.001208
0.001208
0.001208
0.001207
0.001207
0.001206
0.001206
0.001205
0.001204
0.001203
0.001201
0.001200
0.001199
0.001198
0.001197
0.001195
0.001194
0.001192
0.001191
0.001190
0.001189
0.001188
0.001160
0.001150
0.001142
0.001143
0.001142
0.001141
0.001141
0.001141
0.001140
0.001140
0.001140
0.001140
0.001139
0.001139
0.001139
0.001138
0.001138
0.001138
0.001137
0.001137
0.001137
0.001136
0.001136
0.001136
0.001135
0.001135
0.001135
0.001134
0.001134
0.001134
0.001133
0.001133
0.001133
0.001133
0.001132
0.001132
0.001132
0.001131
0.001131
0.001130
0.001130
0.001130
0.001129
0.001129
0.001128
0.001128
0.001128
0.001127
0.001127
0.001126
0.001126
0.001126
0.001125
0.001125
0.001124
0.001124
0.001123
0.001123
0.001123
0.001122
0.001122
0.001121
0.001121
0.001120
0.001120
0.001119
0.001119
0.001118
0.001118
0.001117
0.001116
0.001116
0.001115
0.001115
0.001114
0.001113
0.001113
0.001112
0.001111
0.001111
0.001110
0.001110
0.001109
0.001108
0.001108
0.001107
0.001106
0.001106
0.001105
0.001105
0.001104
0.001104
0.001103
0.001102
0.001102
0.001101
0.001101
0.001100
0.001099
0.001099
0.001091
0.001090
0.001090
0.001088
0.001087
0.001087
0.001087
0.001086
0.001086
0.001086
0.001085
0.001085
0.001085
0.001084
0.001084
0.001084
0.001083
0.001083
0.001082
0.001082
0.001082
0.001081
0.001081
0.001081
0.001080
0.001080
0.001079
0.001079
0.001079
0.001078
0.001078
0.001078
0.001077
0.001077
0.001076
0.001076
0.001076
0.001075
0.001075
0.001075
0.001074
0.001074
0.001074
0.001073
0.001073
0.001073
0.001072
0.001072
0.001072
0.001071
0.001071
0.001070
0.001070
0.001070
0.001069
0.001069
0.001069
0.001068
0.001068
0.001068
0.001067
0.001067
0.001067
0.001066
0.001066
0.001066
0.001065
0.001065
0.001065
0.001064
0.001064
0.001064
0.001063
0.001063
0.001063
0.001062
0.001062
0.001062
0.001061
0.001061
0.001060
0.001060
0.001060
0.001059
0.001059
0.001059
0.001058
0.001058
0.001058
0.001057
0.001057
0.001057
0.001056
0.001056
0.001055
0.001055
0.001055
0.001054
0.001054
0.001054
