0.373868
0.210290
0.077294
0.045904
0.036936
0.031251
0.026455
0.022073
0.018248
0.014923
0.012079
0.009736
0.007972
0.006764
0.006013
0.005584
0.005327
0.005138
0.004981
0.004836
0.004701
0.004568
0.004438
0.004311
0.004198
0.004096
0.004005
0.003922
0.003843
0.003770
0.003698
0.003630
0.003568
0.003505
0.003454
0.003402
0.003350
0.003309
0.003270
0.003229
0.003193
0.003158
0.003124
0.003093
0.003062
0.003036
0.003010
0.002986
0.002962
0.002940
0.002917
0.002897
0.002879
0.002861
0.002843
0.002826
0.002810
0.002797
0.002783
0.002770
0.002758
0.002747
0.002736
0.002723
0.002710
0.002693
0.002671
0.002646
0.002621
0.002599
0.002581
0.002563
0.002545
0.002531
0.002519
0.002506
0.002494
0.002482
0.002469
0.002458
0.002449
0.002437
0.002426
0.002415
0.002406
0.002396
0.002386
0.002378
0.002368
0.002358
0.002348
0.002338
0.002327
0.002316
0.002305
0.002295
0.002285
0.002274
0.002264
0.002254
0.002157
0.002154
0.002161
0.002162
0.002161
0.002159
0.002156
0.002152
0.002148
0.002144
0.002141
0.002136
0.002132
0.002127
0.002123
0.002118
0.002114
0.002110
0.002106
0.002102
0.002098
0.002094
0.002090
0.002087
0.002083
0.002079
0.002076
0.002072
0.002068
0.002064
0.002060
0.002057
0.002054
0.002050
0.002047
0.002043
0.002039
0.002036
0.002032
0.002028
0.002024
0.002019
0.002015
0.002012
0.002007
0.002004
0.002001
0.001997
0.001993
0.001990
0.001986
0.001982
0.001978
0.001975
0.001971
0.001966
0.001963
0.001959
0.001955
0.001951
0.001947
0.001943
0.001938
0.001934
0.001930
0.001927
0.001923
0.001919
0.001915
0.001911
0.001907
0.001903
0.001899
0.001895
0.001891
0.001887
0.001883
0.001879
0.001875
0.001871
0.001866
0.001862
0.001857
0.001853
0.001848
0.001844
0.001839
0.001835
0.001830
0.001826
0.001821
0.001817
0.001812
0.001808
0.001804
0.001800
0.001795
0.001791
0.001787
0.001784
0.001758
0.001740
0.001737
0.001734
0.001732
0.001732
0.001731
0.001730
0.001729
0.001728
0.001727
0.001726
0.001725
0.001724
0.001723
0.001722
0.001722
0.001721
0.001719
0.001718
0.001717
0.001716
0.001715
0.001714
0.001713
0.001712
0.001711
0.001710
0.001709
0.001707
0.001707
0.001705
0.001704
0.001703
0.001702
0.001701
0.001700
0.001700
0.001699
0.001698
0.001697
0.001696
0.001695
0.001695
0.001694
0.001693
0.001693
0.001692
0.001691
0.001691
0.001690
0.001689
0.001688
0.001688
0.001687
0.001687
0.001686
0.001685
0.001685
0.001684
0.001683
0.001683
0.001682
0.001681
0.001681
0.001680
0.001679
0.001679
0.001678
0.001677
0.001676
0.001676
0.001675
0.001674
0.001674
0.001673
0.001673
0.001672
0.001671
0.001671
0.001670
0.001669
0.001669
0.001669
0.001668
0.001667
0.001666
0.001666
0.001665
0.001664
0.001664
0.001663
0.001662
0.001661
0.001661
0.001660
0.001659
0.001659
0.001658
0.001657
0.001642
0.001621
0.001613
0.001614
0.001614
0.001613
0.001613
0.001613
0.001612
0.001612
0.001611
0.001611
0.001610
0.001610
0.001610
0.001609
0.001609
0.001608
0.001608
0.001607
0.001607
0.001607
0.001606
0.001606
0.001606
0.001605
0.001605
0.001604
0.001604
0.001604
0.001603
0.001603
0.001603
0.001602
0.001602
0.001602
0.001601
0.001601
0.001601
0.001600
0.001600
0.001600
0.001599
0.001599
0.001599
0.001599
0.001598
0.001598
0.001598
0.001597
0.001597
0.001597
0.001596
0.001596
0.001596
0.001595
0.001595
0.001595
0.001594
0.001594
0.001594
0.001593
0.001593
0.001592
0.001592
0.001591
0.001591
0.001591
0.001590
0.001590
0.001590
0.001589
0.001589
0.001589
0.001588
0.001588
0.001587
0.001587
0.001586
0.001586
0.001586
0.001585
0.001585
0.001585
0.001584
0.001584
0.001584
0.001583
0.001583
0.001582
0.001582
0.001582
0.001581
0.001581
0.001581
0.001580
0.001580
0.001580
0.001579
0.001579
0.001571
0.001571
0.001572
0.001571
0.001571
0.001570
0.001570
0.001570
0.001570
0.001569
0.001569
0.001569
0.001569
0.001568
0.001568
0.001568
0.001568
0.001567
0.001567
0.001567
0.001567
0.001566
0.001566
0.001566
0.001566
0.001566
0.001565
0.001565
0.001565
0.001565
0.001564
0.001564
0.001564
0.001564
0.001563
0.001563
0.001563
0.001563
0.001562
0.001562
0.001562
0.001562
0.001561
0.001561
0.001561
0.001561
0.001560
0.001560
0.001560
0.001560
0.001560
0.001559
0.001559
0.001559
0.001559
0.001558
0.001558
0.001558
0.001558
0.001557
0.001557
0.001557
0.001557
0.001556
0.001556
0.001556
0.001556
0.001555
0.001555
0.001555
0.001555
0.001555
0.001554
0.001554
0.001554
0.001554
0.001553
0.001553
0.001553
0.001553
0.001553
0.001552
0.001552
0.001552
0.001552
0.001551
0.001551
0.001551
0.001551
0.001551
0.001550
0.001550
0.001550
0.001550
0.001550
0.001549
0.001549
0.001549
0.001549
0.001548
