0.490536
0.353358
0.249152
0.173643
0.118884
0.089814
0.055638
0.024462
0.014978
0.009963
0.007038
0.005689
0.005169
0.004841
0.004550
0.004269
0.003983
0.003710
0.003450
0.003213
0.003004
0.002821
0.002655
0.002504
0.002382
0.002281
0.002195
0.002121
0.002056
0.001999
0.001949
0.001906
0.001868
0.001834
0.001805
0.001782
0.001763
0.001742
0.001725
0.001710
0.001696
0.001685
0.001675
0.001665
0.001656
0.001649
0.001643
0.001637
0.001630
0.001624
0.001618
0.001611
0.001604
0.001598
0.001592
0.001586
0.001579
0.001573
0.001568
0.001561
0.001555
0.001549
0.001544
0.001539
0.001534
0.001528
0.001522
0.001516
0.001511
0.001506
0.001501
0.001495
0.001491
0.001486
0.001482
0.001477
0.001472
0.001468
0.001463
0.001459
0.001453
0.001448
0.001444
0.001439
0.001434
0.001429
0.001424
0.001418
0.001412
0.001406
0.001400
0.001395
0.001390
0.001386
0.001382
0.001378
0.001374
0.001371
0.001368
0.001364
0.001283
0.001284
0.001276
0.001279
0.001272
0.001271
0.001269
0.001268
0.001267
0.001265
0.001264
0.001263
0.001262
0.001261
0.001260
0.001259
0.001258
0.001257
0.001256
0.001256
0.001254
0.001253
0.001252
0.001251
0.001250
0.001250
0.001249
0.001249
0.001248
0.001248
0.001248
0.001248
0.001247
0.001247
0.001247
0.001247
0.001247
0.001246
0.001246
0.001246
0.001245
0.001245
0.001244
0.001244
0.001243
0.001243
0.001242
0.001241
0.001241
0.001240
0.001239
0.001238
0.001237
0.001236
0.001235
0.001234
0.001233
0.001232
0.001231
0.001230
0.001229
0.001228
0.001227
0.001225
0.001224
0.001223
0.001222
0.001220
0.001219
0.001218
0.001216
0.001215
0.001214
0.001212
0.001211
0.001209
0.001209
0.001208
0.001206
0.001204
0.001203
0.001203
0.001201
0.001199
0.001199
0.001198
0.001196
0.001195
0.001194
0.001193
0.001192
0.001190
0.001189
0.001188
0.001187
0.001186
0.001185
0.001184
0.001183
0.001181
0.001149
0.001153
0.001162
0.001163
0.001162
0.001162
0.001161
0.001161
0.001160
0.001160
0.001159
0.001158
0.001157
0.001157
0.001156
0.001155
0.001154
0.001153
0.001153
0.001152
0.001151
0.001150
0.001149
0.001148
0.001147
0.001147
0.001146
0.001145
0.001144
0.001143
0.001143
0.001142
0.001141
0.001140
0.001139
0.001139
0.001138
0.001137
0.001137
0.001136
0.001135
0.001135
0.001134
0.001133
0.001132
0.001132
0.001131
0.001131
0.001130
0.001130
0.001129
0.001128
0.001128
0.001127
0.001127
0.001126
0.001126
0.001125
0.001125
0.001124
0.001124
0.001124
0.001123
0.001123
0.001122
0.001122
0.001122
0.001121
0.001121
0.001120
0.001120
0.001120
0.001119
0.001119
0.001119
0.001118
0.001118
0.001117
0.001117
0.001117
0.001116
0.001116
0.001116
0.001115
0.001115
0.001115
0.001114
0.001114
0.001114
0.001113
0.001113
0.001113
0.001112
0.001112
0.001112
0.001111
0.001111
0.001111
0.001110
0.001110
0.001106
0.001119
0.001118
0.001115
0.001115
0.001115
0.001115
0.001114
0.001114
0.001113
0.001113
0.001112
0.001112
0.001111
0.001111
0.001111
0.001110
0.001110
0.001110
0.001109
0.001109
0.001109
0.001108
0.001108
0.001108
0.001108
0.001107
0.001107
0.001107
0.001106
0.001106
0.001106
0.001106
0.001105
0.001105
0.001105
0.001105
0.001105
0.001104
0.001104
0.001104
0.001104
0.001104
0.001103
0.001103
0.001103
0.001103
0.001103
0.001102
0.001102
0.001102
0.001102
0.001101
0.001101
0.001101
0.001101
0.001101
0.001100
0.001100
0.001100
0.001100
0.001100
0.001099
0.001099
0.001099
0.001099
0.001099
0.001099
0.001098
0.001098
0.001098
0.001098
0.001098
0.001098
0.001097
0.001097
0.001097
0.001097
0.001097
0.001097
0.001097
0.001096
0.001096
0.001096
0.001096
0.001096
0.001096
0.001095
0.001095
0.001095
0.001095
0.001095
0.001095
0.001094
0.001094
0.001094
0.001094
0.001094
0.001094
0.001093
0.001078
0.001072
0.001068
0.001068
0.001068
0.001068
0.001068
0.001068
0.001068
0.001068
0.001068
0.001068
0.001067
0.001067
0.001067
0.001067
0.001067
0.001067
0.001067
0.001067
0.001067
0.001067
0.001067
0.001067
0.001067
0.001066
0.001066
0.001066
0.001066
0.001066
0.001066
0.001066
0.001066
0.001066
0.001066
0.001066
0.001066
0.001066
0.001066
0.001066
0.001065
0.001065
0.001065
0.001065
0.001065
0.001065
0.001065
0.001065
0.001065
0.001065
0.001065
0.001065
0.001065
0.001065
0.001065
0.001065
0.001065
0.001064
0.001064
0.001064
0.001064
0.001064
0.001064
0.001064
0.001064
0.001064
0.001064
0.001064
0.001064
0.001064
0.001064
0.001064
0.001064
0.001064
0.001064
0.001064
0.001063
0.001063
0.001063
0.001063
0.001063
0.001063
0.001063
0.001063
0.001063
0.001063
0.001063
0.001063
0.001063
0.001063
0.001063
0.001063
0.001063
0.001063
0.001062
0.001062
0.001062
0.001062
0.001062
0.001062
