0.438567
0.277858
0.126087
0.064713
0.037432
0.023610
0.015140
0.010621
0.008813
0.008042
0.007621
0.007332
0.007127
0.006967
0.006845
0.006755
0.006686
0.006630
0.006584
0.006543
0.006508
0.006476
0.006449
0.006423
0.006400
0.006379
0.006359
0.006342
0.006325
0.006308
0.006292
0.006277
0.006262
0.006247
0.006234
0.006222
0.006209
0.006196
0.006184
0.006171
0.006159
0.006147
0.006135
0.006122
0.006110
0.006098
0.006087
0.006076
0.006065
0.006051
0.006040
0.006028
0.006015
0.006002
0.005988
0.005973
0.005955
0.005934
0.005910
0.005881
0.005843
0.005788
0.005709
0.005596
0.005465
0.005370
0.005305
0.005250
0.005206
0.005164
0.005122
0.005081
0.005039
0.004997
0.004957
0.004919
0.004881
0.004844
0.004808
0.004775
0.004741
0.004709
0.004678
0.004649
0.004620
0.004591
0.004564
0.004538
0.004513
0.004488
0.004463
0.004440
0.004418
0.004397
0.004376
0.004355
0.004333
0.004311
0.004289
0.004268
0.004104
0.004054
0.004076
0.004074
0.004073
0.004067
0.004059
0.004049
0.004038
0.004027
0.004016
0.004006
0.003996
0.003986
0.003976
0.003966
0.003956
0.003947
0.003937
0.003927
0.003917
0.003907
0.003898
0.003889
0.003879
0.003870
0.003860
0.003851
0.003843
0.003834
0.003826
0.003817
0.003809
0.003800
0.003792
0.003784
0.003776
0.003768
0.003760
0.003753
0.003746
0.003739
0.003733
0.003727
0.003721
0.003715
0.003710
0.003705
0.003699
0.003694
0.003689
0.003684
0.003679
0.003674
0.003670
0.003665
0.003661
0.003656
0.003652
0.003649
0.003645
0.003642
0.003639
0.003636
0.003632
0.003629
0.003625
0.003622
0.003619
0.003616
0.003612
0.003610
0.003607
0.003604
0.003601
0.003598
0.003596
0.003593
0.003590
0.003587
0.003585
0.003582
0.003580
0.003577
0.003575
0.003572
0.003570
0.003568
0.003565
0.003563
0.003561
0.003559
0.003556
0.003554
0.003551
0.003549
0.003546
0.003543
0.003540
0.003538
0.003495
0.003494
0.003483
0.003479
0.003477
0.003474
0.003473
0.003472
0.003471
0.003470
0.003468
0.003467
0.003466
0.003464
0.003463
0.003462
0.003460
0.003459
0.003458
0.003456
0.003455
0.003453
0.003452
0.003450
0.003449
0.003447
0.003445
0.003443
0.003442
0.003440
0.003438
0.003436
0.003435
0.003433
0.003431
0.003429
0.003428
0.003426
0.003424
0.003422
0.003420
0.003418
0.003416
0.003414
0.003412
0.003410
0.003408
0.003406
0.003404
0.003402
0.003400
0.003397
0.003395
0.003393
0.003391
0.003389
0.003387
0.003385
0.003383
0.003381
0.003379
0.003378
0.003376
0.003374
0.003372
0.003370
0.003368
0.003366
0.003364
0.003362
0.003360
0.003358
0.003356
0.003354
0.003353
0.003351
0.003349
0.003348
0.003346
0.003344
0.003343
0.003341
0.003339
0.003338
0.003336
0.003334
0.003333
0.003331
0.003330
0.003328
0.003326
0.003324
0.003323
0.003321
0.003320
0.003318
0.003316
0.003315
0.003313
0.003312
0.003290
0.003279
0.003280
0.003281
0.003279
0.003277
0.003276
0.003275
0.003274
0.003273
0.003273
0.003272
0.003271
0.003270
0.003269
0.003268
0.003267
0.003266
0.003266
0.003265
0.003264
0.003263
0.003262
0.003261
0.003260
0.003259
0.003259
0.003258
0.003257
0.003256
0.003255
0.003254
0.003253
0.003253
0.003252
0.003251
0.003250
0.003249
0.003248
0.003248
0.003247
0.003246
0.003245
0.003244
0.003243
0.003242
0.003241
0.003240
0.003239
0.003237
0.003235
0.003232
0.003228
0.003223
0.003215
0.003202
0.003169
0.003123
0.003077
0.003038
0.003002
0.002968
0.002940
0.002913
0.002890
0.002869
0.002850
0.002832
0.002815
0.002800
0.002785
0.002770
0.002757
0.002744
0.002732
0.002720
0.002708
0.002697
0.002687
0.002676
0.002666
0.002656
0.002646
0.002637
0.002628
0.002619
0.002610
0.002601
0.002593
0.002585
0.002577
0.002569
0.002561
0.002553
0.002544
0.002536
0.002527
0.002516
0.002505
0.002495
0.002478
0.002477
0.002475
0.002470
0.002464
0.002458
0.002452
0.002446
0.002441
0.002435
0.002430
0.002424
0.002418
0.002412
0.002406
0.002400
0.002394
0.002388
0.002382
0.002375
0.002369
0.002362
0.002356
0.002350
0.002343
0.002336
0.002330
0.002323
0.002316
0.002309
0.002302
0.002295
0.002288
0.002282
0.002275
0.002268
0.002261
0.002254
0.002247
0.002241
0.002234
0.002227
0.002220
0.002214
0.002208
0.002202
0.002196
0.002190
0.002185
0.002180
0.002175
0.002170
0.002165
0.002160
0.002156
0.002151
0.002147
0.002143
0.002139
0.002136
0.002132
0.002128
0.002125
0.002121
0.002117
0.002114
0.002110
0.002107
0.002104
0.002100
0.002097
0.002094
0.002091
0.002088
0.002085
0.002082
0.002079
0.002075
0.002073
0.002070
0.002067
0.002064
0.002061
0.002058
0.002056
0.002053
0.002050
0.002047
0.002044
0.002042
0.002039
0.002036
0.002034
0.002031
0.002029
0.002026
0.002023
0.002021
0.002018
0.002016
