0.448567
0.224227
0.065349
0.046945
0.034636
0.025647
0.018011
0.012065
0.008096
0.005613
0.004458
0.004010
0.003784
0.003638
0.003499
0.003376
0.003263
0.003160
0.003067
0.002986
0.002915
0.002852
0.002793
0.002737
0.002681
0.002629
0.002578
0.002529
0.002476
0.002424
0.002371
0.002320
0.002271
0.002225
0.002181
0.002141
0.002102
0.002066
0.002031
0.001998
0.001967
0.001939
0.001911
0.001885
0.001861
0.001839
0.001819
0.001800
0.001781
0.001764
0.001747
0.001732
0.001718
0.001704
0.001691
0.001679
0.001668
0.001657
0.001648
0.001638
0.001629
0.001620
0.001610
0.001601
0.001592
0.001582
0.001574
0.001566
0.001558
0.001550
0.001543
0.001536
0.001529
0.001522
0.001516
0.001509
0.001503
0.001497
0.001491
0.001485
0.001478
0.001472
0.001466
0.001461
0.001455
0.001450
0.001444
0.001439
0.001434
0.001429
0.001424
0.001420
0.001415
0.001411
0.001407
0.001402
0.001398
0.001394
0.001390
0.001386
0.001340
0.001333
0.001318
0.001311
0.001311
0.001311
0.001309
0.001306
0.001304
0.001303
0.001301
0.001299
0.001297
0.001296
0.001294
0.001293
0.001291
0.001290
0.001289
0.001287
0.001286
0.001285
0.001284
0.001282
0.001281
0.001280
0.001278
0.001277
0.001276
0.001275
0.001274
0.001273
0.001272
0.001271
0.001269
0.001268
0.001267
0.001266
0.001265
0.001264
0.001263
0.001261
0.001260
0.001260
0.001258
0.001257
0.001256
0.001255
0.001254
0.001253
0.001252
0.001252
0.001251
0.001250
0.001249
0.001247
0.001247
0.001246
0.001245
0.001244
0.001243
0.001242
0.001242
0.001241
0.001240
0.001239
0.001239
0.001238
0.001237
0.001236
0.001236
0.001235
0.001234
0.001233
0.001233
0.001231
0.001231
0.001230
0.001229
0.001229
0.001228
0.001227
0.001227
0.001226
0.001225
0.001225
0.001225
0.001224
0.001223
0.001222
0.001221
0.001221
0.001220
0.001220
0.001219
0.001219
0.001218
0.001218
0.001217
0.001216
0.001186
0.001201
0.001205
0.001204
0.001204
0.001204
0.001204
0.001204
0.001204
0.001203
0.001203
0.001203
0.001203
0.001203
0.001203
0.001203
0.001202
0.001202
0.001202
0.001202
0.001201
0.001201
0.001201
0.001201
0.001200
0.001200
0.001200
0.001200
0.001199
0.001199
0.001199
0.001199
0.001198
0.001198
0.001198
0.001197
0.001196
0.001196
0.001195
0.001195
0.001194
0.001194
0.001193
0.001193
0.001192
0.001192
0.001191
0.001191
0.001191
0.001190
0.001190
0.001189
0.001189
0.001188
0.001187
0.001187
0.001186
0.001185
0.001185
0.001184
0.001183
0.001183
0.001182
0.001181
0.001180
0.001179
0.001179
0.001178
0.001177
0.001177
0.001176
0.001175
0.001174
0.001173
0.001173
0.001172
0.001171
0.001171
0.001170
0.001170
0.001169
0.001169
0.001168
0.001167
0.001166
0.001166
0.001165
0.001165
0.001164
0.001164
0.001163
0.001162
0.001162
0.001161
0.001160
0.001160
0.001160
0.001159
0.001158
0.001158
0.001135
0.001101
0.001095
0.001098
0.001096
0.001096
0.001095
0.001095
0.001095
0.001094
0.001094
0.001094
0.001093
0.001093
0.001093
0.001092
0.001092
0.001092
0.001091
0.001091
0.001091
0.001090
0.001090
0.001090
0.001090
0.001089
0.001089
0.001089
0.001088
0.001088
0.001088
0.001088
0.001087
0.001087
0.001087
0.001087
0.001086
0.001086
0.001086
0.001086
0.001085
0.001085
0.001085
0.001085
0.001085
0.001084
0.001084
0.001084
0.001084
0.001084
0.001083
0.001083
0.001083
0.001083
0.001083
0.001082
0.001082
0.001082
0.001082
0.001082
0.001082
0.001082
0.001081
0.001081
0.001081
0.001081
0.001081
0.001081
0.001080
0.001080
0.001080
0.001080
0.001080
0.001080
0.001080
0.001080
0.001079
0.001079
0.001079
0.001079
0.001079
0.001079
0.001079
0.001078
0.001078
0.001078
0.001078
0.001078
0.001078
0.001078
0.001078
0.001078
0.001077
0.001077
0.001077
0.001077
0.001077
0.001077
0.001077
0.001076
0.001067
0.001070
0.001067
0.001066
0.001065
0.001065
0.001065
0.001065
0.001065
0.001065
0.001065
0.001064
0.001064
0.001064
0.001064
0.001064
0.001064
0.001063
0.001063
0.001063
0.001063
0.001063
0.001063
0.001062
0.001062
0.001062
0.001062
0.001062
0.001062
0.001061
0.001061
0.001061
0.001061
0.001061
0.001061
0.001060
0.001060
0.001060
0.001060
0.001060
0.001060
0.001060
0.001059
0.001059
0.001059
0.001059
0.001059
0.001059
0.001059
0.001058
0.001058
0.001058
0.001058
0.001058
0.001058
0.001058
0.001058
0.001057
0.001057
0.001057
0.001057
0.001057
0.001057
0.001057
0.001056
0.001056
0.001056
0.001056
0.001056
0.001056
0.001056
0.001055
0.001055
0.001055
0.001055
0.001055
0.001055
0.001055
0.001055
0.001054
0.001054
0.001054
0.001054
0.001054
0.001054
0.001054
0.001054
0.001053
0.001053
0.001053
0.001053
0.001053
0.001053
0.001053
0.001052
0.001052
0.001052
0.001052
0.001052
0.001052
