0.361382
0.094864
0.038808
0.017816
0.009873
0.007462
0.006770
0.006382
0.006069
0.005794
0.005541
0.005311
0.005097
0.004883
0.004664
0.004449
0.004251
0.004069
0.003901
0.003740
0.003589
0.003440
0.003286
0.003127
0.002970
0.002826
0.002704
0.002606
0.002518
0.002436
0.002359
0.002288
0.002222
0.002161
0.002102
0.002049
0.002001
0.001954
0.001910
0.001870
0.001832
0.001798
0.001766
0.001735
0.001705
0.001679
0.001653
0.001631
0.001609
0.001589
0.001570
0.001553
0.001537
0.001522
0.001509
0.001497
0.001486
0.001476
0.001465
0.001456
0.001446
0.001439
0.001432
0.001426
0.001420
0.001415
0.001410
0.001404
0.001399
0.001394
0.001388
0.001384
0.001380
0.001376
0.001374
0.001371
0.001368
0.001366
0.001364
0.001362
0.001359
0.001357
0.001354
0.001350
0.001346
0.001341
0.001336
0.001332
0.001328
0.001324
0.001320
0.001316
0.001311
0.001306
0.001301
0.001296
0.001292
0.001287
0.001283
0.001278
0.001183
0.001167
0.001174
0.001184
0.001184
0.001182
0.001179
0.001174
0.001169
0.001162
0.001155
0.001150
0.001145
0.001141
0.001138
0.001135
0.001132
0.001129
0.001125
0.001122
0.001120
0.001117
0.001115
0.001112
0.001109
0.001107
0.001105
0.001103
0.001101
0.001098
0.001097
0.001095
0.001093
0.001091
0.001089
0.001087
0.001086
0.001084
0.001082
0.001080
0.001078
0.001076
0.001075
0.001073
0.001071
0.001069
0.001067
0.001065
0.001063
0.001062
0.001060
0.001058
0.001056
0.001055
0.001053
0.001052
0.001050
0.001049
0.001047
0.001046
0.001044
0.001042
0.001041
0.001039
0.001038
0.001037
0.001036
0.001034
0.001033
0.001031
0.001030
0.001029
0.001028
0.001026
0.001025
0.001023
0.001022
0.001021
0.001019
0.001018
0.001016
0.001015
0.001014
0.001012
0.001010
0.001009
0.001007
0.001006
0.001004
0.001002
0.001001
0.001000
0.000999
0.000997
0.000996
0.000995
0.000993
0.000992
0.000991
0.000990
0.000971
0.000986
0.000996
0.000999
0.000998
0.000998
0.000997
0.000997
0.000995
0.000994
0.000993
0.000992
0.000991
0.000990
0.000988
0.000987
0.000986
0.000985
0.000984
0.000983
0.000982
0.000981
0.000980
0.000979
0.000978
0.000977
0.000976
0.000975
0.000974
0.000973
0.000972
0.000971
0.000971
0.000970
0.000969
0.000968
0.000967
0.000967
0.000966
0.000965
0.000964
0.000963
0.000963
0.000962
0.000961
0.000960
0.000959
0.000959
0.000958
0.000957
0.000957
0.000956
0.000955
0.000955
0.000954
0.000953
0.000953
0.000952
0.000951
0.000951
0.000950
0.000950
0.000949
0.000948
0.000947
0.000947
0.000946
0.000945
0.000945
0.000944
0.000943
0.000942
0.000941
0.000941
0.000940
0.000939
0.000939
0.000938
0.000937
0.000937
0.000936
0.000935
0.000934
0.000933
0.000933
0.000932
0.000931
0.000930
0.000930
0.000929
0.000928
0.000928
0.000927
0.000927
0.000926
0.000925
0.000925
0.000924
0.000923
0.000923
0.000924
0.000908
0.000911
0.000906
0.000905
0.000906
0.000906
0.000906
0.000906
0.000905
0.000905
0.000905
0.000905
0.000905
0.000905
0.000905
0.000905
0.000905
0.000905
0.000905
0.000904
0.000904
0.000904
0.000904
0.000904
0.000904
0.000904
0.000904
0.000904
0.000903
0.000903
0.000903
0.000903
0.000903
0.000903
0.000903
0.000903
0.000902
0.000902
0.000902
0.000902
0.000902
0.000902
0.000902
0.000902
0.000902
0.000902
0.000902
0.000901
0.000901
0.000901
0.000901
0.000901
0.000901
0.000901
0.000900
0.000900
0.000900
0.000900
0.000900
0.000900
0.000900
0.000900
0.000900
0.000899
0.000899
0.000899
0.000899
0.000899
0.000899
0.000899
0.000899
0.000899
0.000898
0.000898
0.000898
0.000898
0.000898
0.000898
0.000898
0.000898
0.000898
0.000897
0.000897
0.000897
0.000897
0.000897
0.000897
0.000897
0.000897
0.000897
0.000897
0.000897
0.000896
0.000896
0.000896
0.000896
0.000896
0.000896
0.000896
0.000883
0.000878
0.000874
0.000874
0.000874
0.000874
0.000874
0.000874
0.000874
0.000874
0.000874
0.000874
0.000873
0.000873
0.000873
0.000873
0.000873
0.000873
0.000873
0.000873
0.000873
0.000873
0.000873
0.000873
0.000873
0.000873
0.000873
0.000873
0.000873
0.000873
0.000873
0.000873
0.000873
0.000873
0.000873
0.000872
0.000872
0.000872
0.000872
0.000872
0.000872
0.000872
0.000872
0.000872
0.000872
0.000872
0.000872
0.000872
0.000872
0.000872
0.000872
0.000872
0.000872
0.000872
0.000872
0.000872
0.000872
0.000872
0.000872
0.000872
0.000872
0.000872
0.000872
0.000872
0.000871
0.000871
0.000871
0.000871
0.000871
0.000871
0.000871
0.000871
0.000871
0.000871
0.000871
0.000871
0.000871
0.000871
0.000871
0.000871
0.000871
0.000871
0.000871
0.000871
0.000871
0.000871
0.000871
0.000871
0.000871
0.000871
0.000871
0.000871
0.000871
0.000870
0.000870
0.000870
0.000870
0.000870
0.000870
0.000870
