0.426238
0.217398
0.061470
0.023864
0.016783
0.012532
0.010041
0.008700
0.007886
0.007431
0.007162
0.006991
0.006872
0.006765
0.006660
0.006553
0.006446
0.006340
0.006236
0.006128
0.006018
0.005905
0.005800
0.005708
0.005621
0.005549
0.005483
0.005426
0.005374
0.005325
0.005278
0.005233
0.005188
0.005146
0.005107
0.005064
0.005019
0.004977
0.004933
0.004888
0.004845
0.004799
0.004752
0.004707
0.004661
0.004619
0.004578
0.004532
0.004485
0.004441
0.004398
0.004353
0.004307
0.004261
0.004217
0.004167
0.004122
0.004083
0.004046
0.004008
0.003967
0.003931
0.003892
0.003853
0.003815
0.003779
0.003741
0.003699
0.003657
0.003618
0.003581
0.003546
0.003510
0.003476
0.003437
0.003402
0.003369
0.003334
0.003294
0.003254
0.003220
0.003184
0.003152
0.003121
0.003094
0.003068
0.003042
0.003017
0.002993
0.002970
0.002947
0.002924
0.002903
0.002884
0.002867
0.002853
0.002837
0.002822
0.002807
0.002793
0.002691
0.002654
0.002646
0.002641
0.002637
0.002631
0.002625
0.002618
0.002612
0.002605
0.002598
0.002592
0.002586
0.002579
0.002573
0.002567
0.002560
0.002553
0.002546
0.002540
0.002535
0.002528
0.002522
0.002516
0.002510
0.002504
0.002497
0.002492
0.002486
0.002481
0.002474
0.002469
0.002463
0.002458
0.002452
0.002447
0.002441
0.002435
0.002430
0.002425
0.002418
0.002413
0.002407
0.002401
0.002396
0.002390
0.002385
0.002379
0.002376
0.002369
0.002366
0.002359
0.002357
0.002351
0.002347
0.002343
0.002339
0.002334
0.002330
0.002326
0.002322
0.002320
0.002314
0.002310
0.002308
0.002304
0.002298
0.002294
0.002289
0.002284
0.002278
0.002275
0.002269
0.002266
0.002260
0.002255
0.002248
0.002244
0.002240
0.002235
0.002228
0.002223
0.002218
0.002213
0.002207
0.002202
0.002196
0.002191
0.002186
0.002180
0.002174
0.002168
0.002162
0.002156
0.002150
0.002144
0.002138
0.002132
0.002126
0.002120
0.002084
0.002080
0.002082
0.002076
0.002072
0.002068
0.002064
0.002062
0.002059
0.002057
0.002054
0.002052
0.002049
0.002046
0.002043
0.002040
0.002037
0.002034
0.002031
0.002028
0.002025
0.002022
0.002019
0.002016
0.002013
0.002010
0.002007
0.002004
0.002001
0.001998
0.001995
0.001992
0.001989
0.001987
0.001984
0.001981
0.001978
0.001976
0.001973
0.001970
0.001967
0.001964
0.001961
0.001958
0.001955
0.001952
0.001949
0.001946
0.001943
0.001940
0.001937
0.001933
0.001930
0.001927
0.001925
0.001922
0.001919
0.001916
0.001914
0.001911
0.001908
0.001906
0.001904
0.001901
0.001899
0.001897
0.001894
0.001892
0.001889
0.001887
0.001884
0.001882
0.001879
0.001877
0.001875
0.001873
0.001870
0.001868
0.001866
0.001864
0.001862
0.001860
0.001858
0.001855
0.001853
0.001851
0.001849
0.001847
0.001845
0.001843
0.001841
0.001839
0.001836
0.001834
0.001832
0.001829
0.001827
0.001825
0.001823
0.001821
0.001805
0.001783
0.001781
0.001781
0.001778
0.001778
0.001777
0.001776
0.001775
0.001774
0.001773
0.001772
0.001771
0.001770
0.001769
0.001768
0.001767
0.001766
0.001765
0.001764
0.001763
0.001762
0.001761
0.001760
0.001759
0.001758
0.001758
0.001756
0.001755
0.001755
0.001754
0.001753
0.001752
0.001751
0.001750
0.001749
0.001748
0.001747
0.001747
0.001746
0.001745
0.001744
0.001743
0.001742
0.001741
0.001740
0.001739
0.001739
0.001738
0.001737
0.001736
0.001735
0.001734
0.001733
0.001733
0.001732
0.001731
0.001730
0.001729
0.001728
0.001727
0.001727
0.001726
0.001725
0.001724
0.001723
0.001722
0.001722
0.001721
0.001720
0.001719
0.001718
0.001717
0.001717
0.001716
0.001715
0.001714
0.001713
0.001713
0.001712
0.001711
0.001710
0.001710
0.001709
0.001708
0.001707
0.001706
0.001706
0.001705
0.001704
0.001703
0.001703
0.001702
0.001701
0.001700
0.001699
0.001699
0.001698
0.001697
0.001696
0.001691
0.001703
0.001708
0.001708
0.001706
0.001705
0.001705
0.001704
0.001704
0.001704
0.001703
0.001703
0.001703
0.001703
0.001702
0.001702
0.001702
0.001702
0.001701
0.001701
0.001701
0.001701
0.001701
0.001700
0.001700
0.001700
0.001700
0.001700
0.001700
0.001699
0.001699
0.001699
0.001699
0.001699
0.001699
0.001698
0.001698
0.001698
0.001698
0.001698
0.001697
0.001697
0.001697
0.001697
0.001697
0.001697
0.001697
0.001697
0.001696
0.001696
0.001696
0.001696
0.001696
0.001696
0.001695
0.001695
0.001695
0.001695
0.001695
0.001695
0.001695
0.001695
0.001694
0.001694
0.001694
0.001694
0.001694
0.001693
0.001694
0.001693
0.001693
0.001693
0.001693
0.001692
0.001692
0.001691
0.001691
0.001691
0.001691
0.001691
0.001691
0.001690
0.001690
0.001690
0.001690
0.001689
0.001689
0.001689
0.001688
0.001688
0.001688
0.001687
0.001687
0.001687
0.001686
0.001686
0.001686
0.001685
0.001685
0.001685
