0.563447
0.468078
0.361894
0.272827
0.231765
0.183918
0.144156
0.114849
0.093720
0.077523
0.064564
0.053902
0.045182
0.038219
0.032735
0.028370
0.024874
0.022119
0.019928
0.018160
0.016741
0.015591
0.014630
0.013756
0.012558
0.011148
0.010174
0.009507
0.008969
0.008555
0.008230
0.007968
0.007742
0.007547
0.007374
0.007216
0.007076
0.006950
0.006839
0.006734
0.006638
0.006543
0.006460
0.006384
0.006324
0.006265
0.006208
0.006161
0.006114
0.006072
0.006033
0.006012
0.005989
0.005958
0.005933
0.005906
0.005889
0.005860
0.005832
0.005814
0.005795
0.005777
0.005757
0.005746
0.005738
0.005730
0.005716
0.005703
0.005691
0.005680
0.005666
0.005652
0.005640
0.005638
0.005633
0.005617
0.005601
0.005581
0.005568
0.005560
0.005559
0.005553
0.005547
0.005537
0.005528
0.005523
0.005511
0.005501
0.005496
0.005493
0.005483
0.005480
0.005471
0.005472
0.005466
0.005469
0.005462
0.005453
0.005434
0.005435
0.005240
0.005165
0.005158
0.005162
0.005154
0.005155
0.005153
0.005151
0.005149
0.005147
0.005146
0.005144
0.005142
0.005141
0.005141
0.005140
0.005139
0.005137
0.005136
0.005136
0.005135
0.005134
0.005132
0.005132
0.005131
0.005130
0.005129
0.005128
0.005128
0.005127
0.005126
0.005125
0.005124
0.005124
0.005123
0.005124
0.005124
0.005123
0.005123
0.005122
0.005122
0.005121
0.005121
0.005120
0.005120
0.005120
0.005122
0.005121
0.005121
0.005121
0.005120
0.005119
0.005119
0.005119
0.005119
0.005118
0.005118
0.005117
0.005118
0.005118
0.005117
0.005117
0.005116
0.005115
0.005114
0.005114
0.005114
0.005113
0.005113
0.005113
0.005113
0.005113
0.005112
0.005111
0.005111
0.005110
0.005110
0.005109
0.005108
0.005108
0.005105
0.005105
0.005104
0.005103
0.005103
0.005102
0.005101
0.005101
0.005100
0.005100
0.005099
0.005098
0.005098
0.005097
0.005096
0.005096
0.005095
0.005095
0.005094
0.005093
0.005027
0.005040
0.005060
0.005067
0.005072
0.005074
0.005076
0.005076
0.005076
0.005074
0.005073
0.005071
0.005069
0.005066
0.005063
0.005060
0.005057
0.005055
0.005053
0.005051
0.005049
0.005047
0.005045
0.005044
0.005042
0.005041
0.005040
0.005039
0.005038
0.005037
0.005036
0.005035
0.005034
0.005034
0.005033
0.005032
0.005032
0.005032
0.005031
0.005031
0.005030
0.005029
0.005029
0.005028
0.005027
0.005027
0.005026
0.005025
0.005025
0.005024
0.005024
0.005023
0.005023
0.005023
0.005022
0.005022
0.005021
0.005021
0.005020
0.005020
0.005019
0.005019
0.005019
0.005018
0.005018
0.005018
0.005018
0.005018
0.005017
0.005017
0.005016
0.005015
0.005015
0.005015
0.005014
0.005012
0.005012
0.005011
0.005011
0.005011
0.005011
0.005010
0.005010
0.005009
0.005009
0.005009
0.005008
0.005007
0.005006
0.005006
0.005005
0.005005
0.005004
0.005004
0.005003
0.005003
0.005002
0.005003
0.005002
0.005001
0.004967
0.004961
0.004956
0.004957
0.004956
0.004956
0.004956
0.004956
0.004956
0.004956
0.004955
0.004955
0.004955
0.004955
0.004955
0.004955
0.004955
0.004955
0.004955
0.004954
0.004954
0.004954
0.004954
0.004954
0.004954
0.004954
0.004954
0.004954
0.004953
0.004953
0.004953
0.004953
0.004953
0.004953
0.004953
0.004953
0.004952
0.004952
0.004952
0.004952
0.004952
0.004952
0.004951
0.004952
0.004951
0.004951
0.004951
0.004950
0.004950
0.004950
0.004950
0.004950
0.004950
0.004950
0.004949
0.004949
0.004949
0.004949
0.004949
0.004949
0.004949
0.004948
0.004948
0.004948
0.004948
0.004948
0.004948
0.004948
0.004947
0.004947
0.004947
0.004947
0.004947
0.004947
0.004946
0.004946
0.004946
0.004946
0.004946
0.004946
0.004945
0.004945
0.004945
0.004945
0.004945
0.004945
0.004944
0.004944
0.004944
0.004944
0.004944
0.004944
0.004943
0.004943
0.004943
0.004943
0.004943
0.004943
0.004942
0.004942
0.004932
0.004934
0.004933
0.004933
0.004932
0.004932
0.004931
0.004931
0.004931
0.004931
0.004931
0.004931
0.004931
0.004930
0.004930
0.004930
0.004930
0.004930
0.004930
0.004930
0.004930
0.004929
0.004929
0.004929
0.004929
0.004929
0.004929
0.004928
0.004929
0.004928
0.004928
0.004928
0.004928
0.004928
0.004927
0.004928
0.004927
0.004927
0.004927
0.004927
0.004927
0.004927
0.004926
0.004927
0.004926
0.004926
0.004926
0.004926
0.004926
0.004926
0.004926
0.004926
0.004925
0.004925
0.004925
0.004925
0.004925
0.004925
0.004925
0.004925
0.004925
0.004924
0.004924
0.004924
0.004924
0.004924
0.004924
0.004924
0.004924
0.004924
0.004923
0.004923
0.004923
0.004923
0.004923
0.004923
0.004923
0.004922
0.004922
0.004922
0.004922
0.004922
0.004922
0.004922
0.004922
0.004922
0.004921
0.004921
0.004921
0.004921
0.004921
0.004921
0.004921
0.004921
0.004920
0.004920
0.004920
0.004920
0.004920
0.004920
