0.465315
0.240297
0.083905
0.036999
0.024064
0.015978
0.011796
0.009230
0.007418
0.006174
0.005348
0.004830
0.004475
0.004197
0.003974
0.003778
0.003593
0.003420
0.003257
0.003114
0.002991
0.002889
0.002807
0.002740
0.002686
0.002639
0.002600
0.002566
0.002534
0.002502
0.002472
0.002440
0.002409
0.002380
0.002352
0.002324
0.002299
0.002273
0.002249
0.002226
0.002203
0.002182
0.002161
0.002141
0.002121
0.002103
0.002083
0.002066
0.002049
0.002030
0.002012
0.001994
0.001976
0.001959
0.001943
0.001926
0.001910
0.001894
0.001874
0.001857
0.001840
0.001823
0.001806
0.001792
0.001778
0.001766
0.001752
0.001738
0.001725
0.001711
0.001698
0.001684
0.001672
0.001661
0.001649
0.001639
0.001627
0.001615
0.001601
0.001591
0.001578
0.001566
0.001554
0.001541
0.001527
0.001513
0.001500
0.001487
0.001472
0.001458
0.001445
0.001432
0.001419
0.001408
0.001399
0.001390
0.001383
0.001374
0.001365
0.001356
0.001327
0.001329
0.001330
0.001328
0.001328
0.001323
0.001317
0.001311
0.001307
0.001302
0.001298
0.001294
0.001290
0.001286
0.001283
0.001279
0.001275
0.001272
0.001269
0.001266
0.001263
0.001260
0.001257
0.001255
0.001252
0.001250
0.001247
0.001245
0.001243
0.001240
0.001238
0.001236
0.001234
0.001232
0.001230
0.001228
0.001226
0.001224
0.001223
0.001221
0.001219
0.001217
0.001217
0.001215
0.001213
0.001211
0.001209
0.001208
0.001206
0.001205
0.001204
0.001203
0.001201
0.001200
0.001198
0.001197
0.001196
0.001195
0.001193
0.001192
0.001191
0.001189
0.001188
0.001186
0.001185
0.001183
0.001181
0.001179
0.001177
0.001175
0.001172
0.001170
0.001168
0.001167
0.001165
0.001163
0.001161
0.001159
0.001157
0.001155
0.001154
0.001152
0.001150
0.001149
0.001147
0.001147
0.001145
0.001144
0.001143
0.001141
0.001140
0.001139
0.001139
0.001138
0.001137
0.001136
0.001135
0.001134
0.001133
0.001131
0.001118
0.001138
0.001149
0.001157
0.001158
0.001157
0.001155
0.001152
0.001149
0.001146
0.001142
0.001139
0.001136
0.001134
0.001131
0.001129
0.001127
0.001125
0.001124
0.001122
0.001120
0.001119
0.001118
0.001116
0.001115
0.001113
0.001112
0.001109
0.001108
0.001106
0.001104
0.001103
0.001101
0.001100
0.001098
0.001096
0.001095
0.001094
0.001092
0.001091
0.001090
0.001089
0.001088
0.001086
0.001085
0.001084
0.001083
0.001081
0.001080
0.001079
0.001078
0.001077
0.001076
0.001075
0.001074
0.001073
0.001072
0.001071
0.001070
0.001069
0.001067
0.001066
0.001065
0.001064
0.001063
0.001062
0.001061
0.001060
0.001059
0.001058
0.001057
0.001056
0.001055
0.001054
0.001053
0.001052
0.001051
0.001051
0.001050
0.001049
0.001048
0.001047
0.001047
0.001046
0.001045
0.001044
0.001043
0.001043
0.001042
0.001042
0.001041
0.001041
0.001040
0.001039
0.001039
0.001038
0.001038
0.001037
0.001036
0.001036
0.001030
0.001017
0.001011
0.001010
0.001007
0.001006
0.001006
0.001005
0.001005
0.001005
0.001004
0.001004
0.001004
0.001004
0.001003
0.001003
0.001003
0.001002
0.001002
0.001002
0.001002
0.001001
0.001001
0.001001
0.001001
0.001001
0.001000
0.001000
0.001000
0.001000
0.001000
0.000999
0.000999
0.000999
0.000999
0.000998
0.000998
0.000998
0.000998
0.000998
0.000997
0.000997
0.000997
0.000997
0.000996
0.000996
0.000996
0.000996
0.000996
0.000996
0.000995
0.000995
0.000995
0.000995
0.000995
0.000995
0.000994
0.000994
0.000994
0.000994
0.000993
0.000993
0.000993
0.000993
0.000993
0.000992
0.000992
0.000992
0.000992
0.000992
0.000991
0.000991
0.000991
0.000991
0.000991
0.000991
0.000990
0.000990
0.000990
0.000990
0.000990
0.000990
0.000990
0.000990
0.000990
0.000990
0.000989
0.000989
0.000989
0.000989
0.000989
0.000989
0.000989
0.000989
0.000989
0.000988
0.000988
0.000988
0.000988
0.000988
0.000976
0.000979
0.000977
0.000975
0.000975
0.000975
0.000975
0.000975
0.000975
0.000975
0.000974
0.000974
0.000974
0.000974
0.000974
0.000974
0.000974
0.000974
0.000974
0.000973
0.000973
0.000973
0.000973
0.000973
0.000973
0.000973
0.000973
0.000973
0.000973
0.000973
0.000972
0.000972
0.000972
0.000972
0.000972
0.000972
0.000972
0.000972
0.000972
0.000972
0.000972
0.000971
0.000971
0.000971
0.000971
0.000971
0.000971
0.000971
0.000971
0.000971
0.000971
0.000971
0.000971
0.000971
0.000971
0.000971
0.000970
0.000970
0.000970
0.000970
0.000970
0.000970
0.000970
0.000970
0.000970
0.000970
0.000970
0.000970
0.000970
0.000970
0.000970
0.000970
0.000970
0.000970
0.000969
0.000969
0.000969
0.000969
0.000969
0.000969
0.000969
0.000969
0.000969
0.000969
0.000969
0.000969
0.000969
0.000969
0.000969
0.000969
0.000969
0.000969
0.000969
0.000969
0.000969
0.000968
0.000968
0.000968
0.000968
0.000968
