0.432528
0.318229
0.228929
0.170288
0.118038
0.070425
0.042810
0.030258
0.023338
0.018048
0.013883
0.010631
0.008275
0.006792
0.006021
0.005692
0.005553
0.005484
0.005431
0.005374
0.005322
0.005269
0.005210
0.005154
0.005090
0.005024
0.004957
0.004891
0.004819
0.004746
0.004676
0.004605
0.004538
0.004473
0.004412
0.004351
0.004295
0.004237
0.004183
0.004129
0.004075
0.004025
0.003976
0.003930
0.003883
0.003839
0.003796
0.003755
0.003714
0.003673
0.003632
0.003594
0.003557
0.003521
0.003485
0.003450
0.003414
0.003380
0.003346
0.003309
0.003273
0.003239
0.003203
0.003171
0.003138
0.003102
0.003069
0.003037
0.003003
0.002973
0.002944
0.002915
0.002889
0.002864
0.002842
0.002821
0.002800
0.002779
0.002755
0.002734
0.002714
0.002696
0.002677
0.002659
0.002641
0.002624
0.002607
0.002593
0.002579
0.002566
0.002553
0.002538
0.002525
0.002511
0.002499
0.002487
0.002476
0.002468
0.002456
0.002447
0.002408
0.002418
0.002414
0.002410
0.002405
0.002400
0.002395
0.002390
0.002385
0.002381
0.002376
0.002371
0.002367
0.002362
0.002358
0.002355
0.002350
0.002346
0.002342
0.002338
0.002334
0.002330
0.002326
0.002322
0.002319
0.002314
0.002290
0.002260
0.002245
0.002232
0.002222
0.002214
0.002207
0.002200
0.002194
0.002188
0.002182
0.002177
0.002172
0.002168
0.002164
0.002160
0.002157
0.002153
0.002149
0.002146
0.002143
0.002140
0.002137
0.002134
0.002131
0.002128
0.002126
0.002123
0.002120
0.002118
0.002115
0.002113
0.002110
0.002108
0.002105
0.002103
0.002101
0.002098
0.002096
0.002093
0.002091
0.002088
0.002085
0.002083
0.002081
0.002078
0.002076
0.002074
0.002072
0.002069
0.002067
0.002064
0.002062
0.002059
0.002057
0.002054
0.002051
0.002048
0.002046
0.002043
0.002041
0.002039
0.002036
0.002034
0.002031
0.002028
0.002026
0.002024
0.002021
0.002019
0.002017
0.002014
0.002012
0.002010
0.001997
0.001988
0.001983
0.001979
0.001980
0.001979
0.001978
0.001977
0.001976
0.001976
0.001975
0.001974
0.001973
0.001972
0.001971
0.001970
0.001970
0.001969
0.001968
0.001967
0.001966
0.001966
0.001965
0.001964
0.001963
0.001962
0.001962
0.001961
0.001960
0.001959
0.001958
0.001957
0.001957
0.001956
0.001955
0.001954
0.001953
0.001953
0.001952
0.001951
0.001950
0.001950
0.001949
0.001948
0.001947
0.001946
0.001945
0.001945
0.001944
0.001943
0.001942
0.001941
0.001940
0.001939
0.001939
0.001938
0.001937
0.001936
0.001935
0.001934
0.001933
0.001933
0.001931
0.001930
0.001930
0.001929
0.001928
0.001927
0.001926
0.001925
0.001924
0.001923
0.001922
0.001921
0.001920
0.001919
0.001919
0.001917
0.001917
0.001915
0.001915
0.001914
0.001913
0.001912
0.001911
0.001910
0.001909
0.001908
0.001908
0.001907
0.001906
0.001905
0.001904
0.001903
0.001902
0.001901
0.001900
0.001899
0.001898
0.001897
0.001877
0.001873
0.001872
0.001870
0.001870
0.001870
0.001869
0.001869
0.001868
0.001868
0.001867
0.001867
0.001867
0.001866
0.001866
0.001865
0.001865
0.001864
0.001864
0.001864
0.001863
0.001863
0.001862
0.001862
0.001861
0.001861
0.001860
0.001860
0.001860
0.001859
0.001859
0.001858
0.001858
0.001857
0.001857
0.001857
0.001856
0.001856
0.001855
0.001855
0.001854
0.001854
0.001853
0.001853
0.001852
0.001852
0.001852
0.001851
0.001851
0.001850
0.001850
0.001849
0.001849
0.001848
0.001848
0.001848
0.001847
0.001847
0.001846
0.001846
0.001845
0.001845
0.001845
0.001844
0.001844
0.001843
0.001843
0.001842
0.001842
0.001842
0.001841
0.001841
0.001840
0.001840
0.001839
0.001839
0.001839
0.001838
0.001838
0.001837
0.001837
0.001837
0.001836
0.001836
0.001835
0.001835
0.001834
0.001834
0.001833
0.001833
0.001833
0.001832
0.001832
0.001831
0.001831
0.001830
0.001830
0.001830
0.001829
0.001829
0.001823
0.001824
0.001825
0.001825
0.001825
0.001825
0.001825
0.001825
0.001825
0.001824
0.001824
0.001824
0.001824
0.001823
0.001823
0.001823
0.001823
0.001823
0.001822
0.001822
0.001822
0.001822
0.001821
0.001821
0.001821
0.001821
0.001820
0.001820
0.001820
0.001820
0.001819
0.001819
0.001819
0.001819
0.001818
0.001818
0.001818
0.001818
0.001818
0.001817
0.001817
0.001817
0.001817
0.001816
0.001816
0.001816
0.001816
0.001815
0.001815
0.001815
0.001815
0.001814
0.001814
0.001814
0.001814
0.001814
0.001813
0.001813
0.001813
0.001813
0.001812
0.001812
0.001812
0.001812
0.001811
0.001811
0.001811
0.001811
0.001810
0.001810
0.001810
0.001810
0.001809
0.001809
0.001809
0.001809
0.001809
0.001808
0.001808
0.001808
0.001808
0.001807
0.001807
0.001807
0.001807
0.001806
0.001806
0.001806
0.001805
0.001805
0.001805
0.001804
0.001804
0.001804
0.001804
0.001803
0.001803
0.001802
0.001802
0.001801
