0.453768
0.317939
0.186134
0.074613
0.037687
0.016010
0.009256
0.007408
0.006856
0.006559
0.006328
0.006133
0.005961
0.005814
0.005683
0.005564
0.005452
0.005344
0.005237
0.005136
0.005035
0.004940
0.004847
0.004754
0.004659
0.004562
0.004464
0.004361
0.004252
0.004135
0.004020
0.003910
0.003809
0.003718
0.003637
0.003562
0.003494
0.003429
0.003367
0.003308
0.003250
0.003195
0.003141
0.003087
0.003035
0.002985
0.002936
0.002888
0.002842
0.002798
0.002755
0.002714
0.002673
0.002634
0.002597
0.002560
0.002525
0.002491
0.002457
0.002424
0.002392
0.002360
0.002330
0.002299
0.002270
0.002243
0.002215
0.002188
0.002163
0.002138
0.002112
0.002088
0.002064
0.002041
0.002017
0.001995
0.001970
0.001944
0.001917
0.001892
0.001866
0.001840
0.001815
0.001787
0.001761
0.001737
0.001713
0.001690
0.001667
0.001646
0.001628
0.001610
0.001593
0.001578
0.001564
0.001551
0.001538
0.001526
0.001516
0.001507
0.001454
0.001451
0.001455
0.001457
0.001451
0.001445
0.001440
0.001436
0.001432
0.001429
0.001425
0.001422
0.001419
0.001416
0.001414
0.001411
0.001409
0.001407
0.001404
0.001402
0.001400
0.001398
0.001396
0.001395
0.001393
0.001392
0.001390
0.001389
0.001387
0.001385
0.001384
0.001383
0.001381
0.001380
0.001379
0.001378
0.001377
0.001375
0.001375
0.001374
0.001373
0.001373
0.001372
0.001371
0.001371
0.001370
0.001369
0.001369
0.001368
0.001367
0.001367
0.001366
0.001366
0.001365
0.001365
0.001364
0.001364
0.001363
0.001363
0.001362
0.001362
0.001361
0.001361
0.001361
0.001360
0.001360
0.001360
0.001360
0.001359
0.001359
0.001359
0.001358
0.001358
0.001357
0.001357
0.001357
0.001357
0.001356
0.001356
0.001356
0.001355
0.001355
0.001355
0.001355
0.001354
0.001354
0.001353
0.001353
0.001353
0.001352
0.001352
0.001352
0.001351
0.001351
0.001351
0.001350
0.001350
0.001350
0.001349
0.001349
0.001340
0.001360
0.001365
0.001364
0.001365
0.001367
0.001367
0.001367
0.001366
0.001365
0.001364
0.001363
0.001361
0.001359
0.001358
0.001356
0.001355
0.001354
0.001353
0.001352
0.001351
0.001351
0.001350
0.001350
0.001349
0.001349
0.001349
0.001348
0.001348
0.001348
0.001347
0.001347
0.001347
0.001347
0.001347
0.001347
0.001347
0.001347
0.001346
0.001346
0.001346
0.001346
0.001346
0.001346
0.001346
0.001346
0.001345
0.001345
0.001345
0.001346
0.001345
0.001345
0.001345
0.001345
0.001345
0.001345
0.001345
0.001345
0.001345
0.001345
0.001345
0.001345
0.001345
0.001345
0.001345
0.001345
0.001345
0.001345
0.001345
0.001345
0.001345
0.001344
0.001344
0.001344
0.001344
0.001344
0.001344
0.001344
0.001344
0.001344
0.001344
0.001344
0.001344
0.001344
0.001344
0.001344
0.001344
0.001344
0.001344
0.001344
0.001344
0.001344
0.001344
0.001343
0.001344
0.001344
0.001344
0.001344
0.001344
0.001344
0.001321
0.001306
0.001301
0.001303
0.001302
0.001302
0.001302
0.001302
0.001302
0.001302
0.001302
0.001302
0.001302
0.001302
0.001302
0.001302
0.001302
0.001302
0.001302
0.001302
0.001302
0.001302
0.001302
0.001302
0.001302
0.001302
0.001303
0.001303
0.001303
0.001303
0.001303
0.001303
0.001303
0.001303
0.001303
0.001303
0.001303
0.001303
0.001303
0.001303
0.001303
0.001303
0.001303
0.001303
0.001303
0.001303
0.001303
0.001303
0.001303
0.001303
0.001304
0.001304
0.001304
0.001304
0.001304
0.001304
0.001304
0.001304
0.001304
0.001304
0.001304
0.001304
0.001304
0.001304
0.001304
0.001304
0.001304
0.001304
0.001304
0.001305
0.001305
0.001305
0.001305
0.001305
0.001305
0.001305
0.001305
0.001305
0.001305
0.001305
0.001305
0.001305
0.001305
0.001305
0.001305
0.001305
0.001305
0.001305
0.001306
0.001306
0.001306
0.001306
0.001306
0.001306
0.001306
0.001306
0.001306
0.001306
0.001306
0.001306
0.001298
0.001299
0.001299
0.001298
0.001298
0.001298
0.001298
0.001298
0.001298
0.001298
0.001298
0.001298
0.001298
0.001298
0.001297
0.001297
0.001297
0.001297
0.001297
0.001297
0.001297
0.001297
0.001297
0.001297
0.001297
0.001297
0.001297
0.001297
0.001297
0.001297
0.001297
0.001297
0.001297
0.001297
0.001297
0.001297
0.001297
0.001297
0.001297
0.001297
0.001297
0.001297
0.001297
0.001297
0.001297
0.001297
0.001297
0.001297
0.001297
0.001297
0.001297
0.001297
0.001297
0.001297
0.001296
0.001296
0.001296
0.001296
0.001296
0.001296
0.001296
0.001296
0.001296
0.001296
0.001296
0.001296
0.001296
0.001296
0.001296
0.001296
0.001296
0.001296
0.001296
0.001296
0.001296
0.001296
0.001296
0.001296
0.001296
0.001296
0.001296
0.001296
0.001296
0.001296
0.001296
0.001296
0.001296
0.001296
0.001296
0.001296
0.001296
0.001296
0.001296
0.001296
0.001296
0.001296
0.001296
0.001296
0.001296
0.001296
