0.393681
0.120928
0.051614
0.029470
0.014737
0.007849
0.005854
0.005105
0.004618
0.004210
0.003874
0.003601
0.003378
0.003187
0.003008
0.002841
0.002688
0.002551
0.002432
0.002321
0.002213
0.002113
0.002024
0.001945
0.001872
0.001811
0.001760
0.001716
0.001673
0.001632
0.001594
0.001562
0.001532
0.001505
0.001482
0.001460
0.001440
0.001424
0.001408
0.001395
0.001382
0.001371
0.001361
0.001348
0.001335
0.001322
0.001311
0.001299
0.001289
0.001280
0.001268
0.001257
0.001245
0.001236
0.001229
0.001223
0.001219
0.001217
0.001215
0.001213
0.001208
0.001202
0.001199
0.001197
0.001193
0.001189
0.001187
0.001182
0.001180
0.001178
0.001174
0.001172
0.001170
0.001167
0.001164
0.001163
0.001163
0.001161
0.001160
0.001157
0.001155
0.001153
0.001150
0.001149
0.001146
0.001144
0.001142
0.001140
0.001139
0.001138
0.001137
0.001137
0.001135
0.001134
0.001132
0.001131
0.001129
0.001127
0.001126
0.001125
0.001045
0.001066
0.001097
0.001116
0.001124
0.001124
0.001118
0.001108
0.001098
0.001089
0.001084
0.001081
0.001078
0.001076
0.001074
0.001073
0.001071
0.001068
0.001067
0.001065
0.001064
0.001062
0.001060
0.001058
0.001057
0.001055
0.001054
0.001052
0.001051
0.001049
0.001048
0.001047
0.001046
0.001044
0.001043
0.001043
0.001042
0.001041
0.001040
0.001039
0.001037
0.001037
0.001036
0.001035
0.001034
0.001033
0.001032
0.001031
0.001030
0.001030
0.001029
0.001028
0.001028
0.001027
0.001027
0.001027
0.001026
0.001025
0.001025
0.001024
0.001024
0.001023
0.001023
0.001023
0.001022
0.001022
0.001022
0.001021
0.001021
0.001020
0.001020
0.001019
0.001019
0.001019
0.001018
0.001017
0.001017
0.001016
0.001016
0.001015
0.001014
0.001014
0.001013
0.001013
0.001012
0.001011
0.001011
0.001010
0.001009
0.001008
0.001008
0.001007
0.001008
0.001007
0.001007
0.001006
0.001006
0.001005
0.001004
0.001004
0.000988
0.001003
0.001006
0.001005
0.001005
0.001006
0.001007
0.001006
0.001006
0.001006
0.001006
0.001005
0.001005
0.001005
0.001005
0.001004
0.001005
0.001004
0.001004
0.001004
0.001004
0.001003
0.001003
0.001003
0.001003
0.001003
0.001003
0.001002
0.001002
0.001002
0.001002
0.001002
0.001002
0.001002
0.001001
0.001001
0.001001
0.001001
0.001001
0.001000
0.001000
0.001000
0.001000
0.000999
0.000999
0.000999
0.000999
0.000999
0.000999
0.000999
0.000999
0.000999
0.000999
0.000999
0.000998
0.000998
0.000998
0.000998
0.000998
0.000998
0.000998
0.000998
0.000998
0.000998
0.000997
0.000997
0.000997
0.000997
0.000997
0.000997
0.000996
0.000996
0.000996
0.000995
0.000995
0.000995
0.000995
0.000994
0.000994
0.000994
0.000993
0.000993
0.000992
0.000992
0.000992
0.000991
0.000991
0.000991
0.000990
0.000990
0.000989
0.000989
0.000988
0.000988
0.000988
0.000987
0.000987
0.000987
0.000986
0.000986
0.000955
0.000931
0.000924
0.000925
0.000924
0.000924
0.000924
0.000924
0.000924
0.000924
0.000924
0.000923
0.000923
0.000923
0.000923
0.000923
0.000923
0.000923
0.000923
0.000923
0.000923
0.000923
0.000923
0.000923
0.000923
0.000923
0.000923
0.000923
0.000923
0.000923
0.000923
0.000923
0.000923
0.000923
0.000923
0.000923
0.000923
0.000923
0.000923
0.000923
0.000923
0.000923
0.000923
0.000922
0.000923
0.000922
0.000922
0.000922
0.000922
0.000922
0.000922
0.000922
0.000922
0.000922
0.000922
0.000922
0.000922
0.000922
0.000922
0.000922
0.000922
0.000922
0.000922
0.000922
0.000922
0.000922
0.000922
0.000922
0.000922
0.000922
0.000922
0.000922
0.000922
0.000922
0.000922
0.000922
0.000922
0.000922
0.000922
0.000922
0.000922
0.000922
0.000922
0.000922
0.000922
0.000922
0.000922
0.000922
0.000922
0.000922
0.000922
0.000922
0.000922
0.000922
0.000922
0.000922
0.000922
0.000922
0.000921
0.000921
0.000910
0.000907
0.000905
0.000904
0.000904
0.000904
0.000904
0.000904
0.000904
0.000904
0.000903
0.000903
0.000903
0.000903
0.000903
0.000903
0.000903
0.000903
0.000902
0.000902
0.000902
0.000902
0.000902
0.000902
0.000902
0.000902
0.000901
0.000901
0.000901
0.000901
0.000901
0.000901
0.000901
0.000901
0.000900
0.000900
0.000900
0.000900
0.000900
0.000900
0.000900
0.000899
0.000899
0.000899
0.000899
0.000899
0.000899
0.000899
0.000899
0.000898
0.000898
0.000898
0.000898
0.000898
0.000898
0.000898
0.000898
0.000898
0.000897
0.000897
0.000897
0.000897
0.000897
0.000897
0.000897
0.000897
0.000897
0.000896
0.000896
0.000896
0.000896
0.000896
0.000896
0.000896
0.000896
0.000895
0.000895
0.000895
0.000895
0.000895
0.000895
0.000895
0.000895
0.000895
0.000895
0.000894
0.000894
0.000894
0.000894
0.000894
0.000894
0.000894
0.000894
0.000893
0.000893
0.000893
0.000893
0.000893
0.000893
0.000893
