0.399304
0.124637
0.040382
0.020506
0.011051
0.006194
0.004102
0.003154
0.002763
0.002494
0.002308
0.002156
0.002035
0.001941
0.001863
0.001800
0.001748
0.001703
0.001663
0.001627
0.001594
0.001565
0.001539
0.001516
0.001494
0.001473
0.001454
0.001435
0.001417
0.001400
0.001383
0.001367
0.001352
0.001337
0.001323
0.001309
0.001295
0.001283
0.001272
0.001262
0.001252
0.001242
0.001234
0.001226
0.001219
0.001212
0.001205
0.001199
0.001193
0.001187
0.001181
0.001176
0.001170
0.001166
0.001160
0.001156
0.001151
0.001147
0.001143
0.001139
0.001134
0.001130
0.001127
0.001123
0.001119
0.001115
0.001111
0.001108
0.001105
0.001102
0.001099
0.001095
0.001091
0.001088
0.001085
0.001082
0.001079
0.001076
0.001073
0.001070
0.001066
0.001062
0.001059
0.001056
0.001054
0.001052
0.001049
0.001048
0.001046
0.001043
0.001040
0.001038
0.001036
0.001033
0.001031
0.001028
0.001025
0.001023
0.001020
0.001016
0.000980
0.000978
0.000977
0.000974
0.000973
0.000970
0.000968
0.000966
0.000966
0.000964
0.000963
0.000962
0.000961
0.000960
0.000960
0.000959
0.000958
0.000957
0.000957
0.000955
0.000955
0.000954
0.000954
0.000953
0.000953
0.000952
0.000952
0.000952
0.000951
0.000951
0.000950
0.000950
0.000950
0.000950
0.000949
0.000949
0.000948
0.000948
0.000948
0.000947
0.000947
0.000946
0.000945
0.000945
0.000944
0.000943
0.000943
0.000943
0.000942
0.000942
0.000942
0.000941
0.000941
0.000940
0.000940
0.000939
0.000939
0.000938
0.000937
0.000937
0.000936
0.000936
0.000936
0.000935
0.000934
0.000934
0.000933
0.000932
0.000931
0.000931
0.000930
0.000930
0.000929
0.000929
0.000928
0.000928
0.000927
0.000926
0.000926
0.000925
0.000924
0.000924
0.000923
0.000923
0.000923
0.000922
0.000922
0.000922
0.000921
0.000920
0.000920
0.000919
0.000919
0.000918
0.000917
0.000917
0.000916
0.000915
0.000915
0.000915
0.000893
0.000903
0.000907
0.000905
0.000904
0.000903
0.000903
0.000902
0.000902
0.000901
0.000900
0.000900
0.000899
0.000898
0.000897
0.000897
0.000896
0.000895
0.000895
0.000894
0.000894
0.000893
0.000892
0.000892
0.000891
0.000890
0.000890
0.000889
0.000889
0.000888
0.000887
0.000887
0.000886
0.000885
0.000885
0.000884
0.000883
0.000883
0.000882
0.000881
0.000880
0.000880
0.000879
0.000879
0.000878
0.000877
0.000877
0.000876
0.000876
0.000875
0.000874
0.000874
0.000873
0.000873
0.000873
0.000872
0.000872
0.000871
0.000871
0.000870
0.000869
0.000869
0.000869
0.000868
0.000868
0.000867
0.000867
0.000866
0.000866
0.000866
0.000865
0.000865
0.000864
0.000864
0.000864
0.000864
0.000863
0.000863
0.000863
0.000862
0.000862
0.000862
0.000862
0.000861
0.000861
0.000861
0.000860
0.000860
0.000860
0.000859
0.000859
0.000859
0.000859
0.000858
0.000858
0.000858
0.000857
0.000857
0.000857
0.000857
0.000850
0.000866
0.000876
0.000883
0.000887
0.000887
0.000887
0.000885
0.000883
0.000880
0.000878
0.000876
0.000874
0.000872
0.000871
0.000870
0.000870
0.000869
0.000869
0.000868
0.000867
0.000867
0.000867
0.000866
0.000866
0.000866
0.000865
0.000865
0.000865
0.000864
0.000864
0.000864
0.000863
0.000863
0.000863
0.000863
0.000863
0.000862
0.000862
0.000862
0.000862
0.000862
0.000862
0.000861
0.000861
0.000861
0.000861
0.000861
0.000861
0.000861
0.000861
0.000860
0.000860
0.000860
0.000860
0.000860
0.000860
0.000860
0.000859
0.000859
0.000859
0.000859
0.000859
0.000859
0.000859
0.000859
0.000859
0.000858
0.000858
0.000858
0.000858
0.000858
0.000858
0.000858
0.000858
0.000858
0.000857
0.000857
0.000857
0.000857
0.000857
0.000857
0.000857
0.000857
0.000857
0.000857
0.000856
0.000856
0.000856
0.000856
0.000856
0.000856
0.000856
0.000856
0.000856
0.000856
0.000856
0.000855
0.000855
0.000855
0.000840
0.000834
0.000831
0.000831
0.000831
0.000831
0.000831
0.000831
0.000831
0.000831
0.000831
0.000831
0.000830
0.000830
0.000830
0.000830
0.000830
0.000830
0.000830
0.000830
0.000830
0.000830
0.000830
0.000830
0.000830
0.000830
0.000830
0.000830
0.000830
0.000830
0.000830
0.000830
0.000830
0.000830
0.000830
0.000830
0.000830
0.000830
0.000830
0.000830
0.000830
0.000830
0.000830
0.000830
0.000830
0.000830
0.000830
0.000830
0.000830
0.000830
0.000830
0.000830
0.000830
0.000830
0.000830
0.000830
0.000830
0.000830
0.000830
0.000830
0.000830
0.000830
0.000830
0.000830
0.000830
0.000830
0.000830
0.000830
0.000830
0.000830
0.000830
0.000830
0.000830
0.000829
0.000829
0.000829
0.000829
0.000829
0.000829
0.000829
0.000829
0.000829
0.000829
0.000829
0.000829
0.000829
0.000829
0.000829
0.000829
0.000829
0.000829
0.000829
0.000829
0.000829
0.000829
0.000829
0.000829
0.000829
0.000829
0.000829
