0.454748
0.336620
0.240418
0.125770
0.069238
0.028902
0.010763
0.007523
0.006164
0.005519
0.005029
0.004730
0.004540
0.004359
0.004191
0.004038
0.003899
0.003768
0.003649
0.003545
0.003449
0.003362
0.003283
0.003208
0.003137
0.003070
0.003008
0.002948
0.002892
0.002836
0.002781
0.002728
0.002677
0.002627
0.002580
0.002534
0.002494
0.002454
0.002417
0.002382
0.002348
0.002313
0.002276
0.002240
0.002213
0.002190
0.002167
0.002143
0.002116
0.002089
0.002062
0.002036
0.002011
0.001984
0.001958
0.001932
0.001904
0.001878
0.001852
0.001826
0.001802
0.001780
0.001758
0.001737
0.001717
0.001697
0.001677
0.001658
0.001639
0.001620
0.001602
0.001584
0.001566
0.001549
0.001532
0.001517
0.001501
0.001487
0.001473
0.001460
0.001447
0.001435
0.001424
0.001414
0.001404
0.001394
0.001386
0.001377
0.001370
0.001362
0.001355
0.001348
0.001342
0.001336
0.001330
0.001324
0.001318
0.001313
0.001307
0.001301
0.001280
0.001278
0.001271
0.001265
0.001262
0.001258
0.001254
0.001251
0.001247
0.001243
0.001240
0.001237
0.001233
0.001230
0.001227
0.001224
0.001221
0.001218
0.001216
0.001214
0.001211
0.001209
0.001207
0.001205
0.001203
0.001202
0.001200
0.001199
0.001197
0.001196
0.001195
0.001193
0.001192
0.001191
0.001189
0.001188
0.001187
0.001186
0.001185
0.001184
0.001182
0.001181
0.001180
0.001179
0.001178
0.001177
0.001176
0.001175
0.001174
0.001173
0.001172
0.001171
0.001170
0.001169
0.001167
0.001166
0.001165
0.001165
0.001163
0.001162
0.001162
0.001161
0.001160
0.001159
0.001158
0.001158
0.001157
0.001156
0.001155
0.001155
0.001154
0.001153
0.001152
0.001152
0.001151
0.001150
0.001149
0.001149
0.001147
0.001147
0.001146
0.001145
0.001145
0.001144
0.001143
0.001142
0.001142
0.001141
0.001140
0.001140
0.001139
0.001138
0.001138
0.001137
0.001137
0.001136
0.001135
0.001135
0.001134
0.001134
0.001110
0.001117
0.001131
0.001137
0.001138
0.001137
0.001136
0.001135
0.001134
0.001134
0.001133
0.001133
0.001132
0.001131
0.001131
0.001130
0.001130
0.001129
0.001128
0.001128
0.001127
0.001127
0.001126
0.001126
0.001125
0.001125
0.001124
0.001124
0.001123
0.001123
0.001122
0.001122
0.001121
0.001121
0.001120
0.001120
0.001120
0.001119
0.001119
0.001118
0.001118
0.001117
0.001117
0.001116
0.001116
0.001115
0.001115
0.001114
0.001114
0.001114
0.001113
0.001112
0.001112
0.001112
0.001111
0.001111
0.001110
0.001110
0.001109
0.001108
0.001108
0.001107
0.001107
0.001106
0.001106
0.001105
0.001105
0.001104
0.001104
0.001103
0.001103
0.001102
0.001102
0.001101
0.001100
0.001100
0.001099
0.001099
0.001098
0.001098
0.001097
0.001096
0.001096
0.001095
0.001095
0.001094
0.001094
0.001093
0.001093
0.001092
0.001092
0.001091
0.001091
0.001090
0.001090
0.001090
0.001089
0.001089
0.001088
0.001088
0.001086
0.001081
0.001072
0.001071
0.001071
0.001072
0.001071
0.001071
0.001071
0.001072
0.001072
0.001072
0.001072
0.001072
0.001072
0.001072
0.001072
0.001072
0.001072
0.001072
0.001072
0.001072
0.001072
0.001072
0.001072
0.001072
0.001072
0.001072
0.001072
0.001072
0.001072
0.001072
0.001073
0.001073
0.001073
0.001073
0.001073
0.001073
0.001073
0.001073
0.001073
0.001073
0.001073
0.001073
0.001073
0.001073
0.001073
0.001073
0.001073
0.001073
0.001073
0.001073
0.001073
0.001073
0.001073
0.001073
0.001073
0.001073
0.001073
0.001073
0.001073
0.001073
0.001073
0.001073
0.001073
0.001073
0.001073
0.001073
0.001073
0.001073
0.001073
0.001073
0.001073
0.001073
0.001073
0.001073
0.001072
0.001072
0.001072
0.001072
0.001072
0.001072
0.001072
0.001072
0.001072
0.001072
0.001072
0.001072
0.001072
0.001072
0.001072
0.001072
0.001072
0.001071
0.001071
0.001071
0.001071
0.001071
0.001071
0.001071
0.001059
0.001054
0.001053
0.001052
0.001052
0.001052
0.001052
0.001052
0.001052
0.001052
0.001052
0.001052
0.001052
0.001052
0.001052
0.001052
0.001052
0.001052
0.001051
0.001051
0.001051
0.001051
0.001051
0.001051
0.001051
0.001051
0.001051
0.001051
0.001051
0.001051
0.001051
0.001051
0.001051
0.001051
0.001051
0.001050
0.001050
0.001050
0.001050
0.001050
0.001050
0.001050
0.001050
0.001050
0.001050
0.001050
0.001050
0.001050
0.001050
0.001050
0.001050
0.001050
0.001050
0.001050
0.001049
0.001049
0.001049
0.001049
0.001049
0.001049
0.001049
0.001049
0.001049
0.001049
0.001049
0.001049
0.001049
0.001049
0.001049
0.001049
0.001049
0.001049
0.001048
0.001048
0.001048
0.001048
0.001048
0.001048
0.001048
0.001048
0.001048
0.001048
0.001048
0.001048
0.001048
0.001048
0.001048
0.001048
0.001048
0.001048
0.001047
0.001047
0.001047
0.001047
0.001047
0.001047
0.001047
0.001047
0.001047
0.001047
