0.458567
0.267618
0.085254
0.044414
0.030966
0.022487
0.017924
0.014982
0.012550
0.010489
0.008755
0.007319
0.006160
0.005264
0.004626
0.004197
0.003895
0.003685
0.003529
0.003403
0.003302
0.003212
0.003133
0.003061
0.002993
0.002933
0.002878
0.002826
0.002772
0.002723
0.002675
0.002633
0.002592
0.002555
0.002517
0.002481
0.002445
0.002410
0.002377
0.002347
0.002316
0.002282
0.002247
0.002217
0.002187
0.002160
0.002135
0.002111
0.002088
0.002064
0.002040
0.002013
0.001990
0.001967
0.001946
0.001929
0.001911
0.001894
0.001879
0.001865
0.001848
0.001833
0.001818
0.001803
0.001791
0.001780
0.001770
0.001760
0.001749
0.001740
0.001731
0.001720
0.001710
0.001702
0.001694
0.001687
0.001679
0.001673
0.001665
0.001660
0.001653
0.001647
0.001639
0.001633
0.001626
0.001621
0.001616
0.001611
0.001604
0.001599
0.001595
0.001589
0.001583
0.001575
0.001570
0.001566
0.001560
0.001555
0.001549
0.001543
0.001484
0.001477
0.001481
0.001477
0.001477
0.001474
0.001471
0.001468
0.001464
0.001461
0.001457
0.001453
0.001450
0.001446
0.001442
0.001438
0.001435
0.001431
0.001427
0.001424
0.001420
0.001417
0.001414
0.001411
0.001408
0.001406
0.001403
0.001400
0.001397
0.001394
0.001391
0.001389
0.001386
0.001384
0.001382
0.001379
0.001377
0.001375
0.001373
0.001371
0.001368
0.001367
0.001365
0.001363
0.001361
0.001359
0.001358
0.001356
0.001355
0.001353
0.001351
0.001349
0.001346
0.001344
0.001342
0.001340
0.001338
0.001336
0.001334
0.001332
0.001330
0.001328
0.001325
0.001323
0.001321
0.001319
0.001318
0.001316
0.001314
0.001311
0.001309
0.001308
0.001306
0.001304
0.001302
0.001300
0.001298
0.001297
0.001294
0.001292
0.001291
0.001289
0.001287
0.001285
0.001283
0.001282
0.001280
0.001278
0.001276
0.001275
0.001273
0.001272
0.001270
0.001269
0.001268
0.001267
0.001266
0.001265
0.001264
0.001263
0.001237
0.001255
0.001271
0.001277
0.001278
0.001279
0.001279
0.001280
0.001280
0.001281
0.001282
0.001283
0.001283
0.001284
0.001284
0.001284
0.001284
0.001284
0.001284
0.001283
0.001282
0.001282
0.001281
0.001280
0.001279
0.001277
0.001276
0.001274
0.001273
0.001271
0.001270
0.001269
0.001267
0.001266
0.001265
0.001264
0.001263
0.001262
0.001261
0.001260
0.001259
0.001259
0.001258
0.001257
0.001256
0.001256
0.001255
0.001254
0.001254
0.001254
0.001253
0.001253
0.001252
0.001252
0.001252
0.001251
0.001251
0.001251
0.001250
0.001250
0.001249
0.001249
0.001249
0.001248
0.001248
0.001248
0.001247
0.001247
0.001247
0.001246
0.001246
0.001245
0.001245
0.001245
0.001244
0.001244
0.001244
0.001244
0.001243
0.001243
0.001243
0.001242
0.001242
0.001242
0.001241
0.001241
0.001241
0.001240
0.001240
0.001240
0.001239
0.001239
0.001238
0.001238
0.001237
0.001237
0.001237
0.001237
0.001237
0.001236
0.001208
0.001187
0.001180
0.001183
0.001182
0.001181
0.001182
0.001181
0.001181
0.001181
0.001181
0.001181
0.001181
0.001180
0.001180
0.001180
0.001180
0.001180
0.001180
0.001180
0.001179
0.001179
0.001179
0.001179
0.001179
0.001179
0.001179
0.001178
0.001178
0.001178
0.001178
0.001178
0.001178
0.001178
0.001178
0.001177
0.001177
0.001177
0.001177
0.001177
0.001177
0.001177
0.001177
0.001176
0.001176
0.001176
0.001176
0.001176
0.001176
0.001176
0.001176
0.001176
0.001175
0.001175
0.001175
0.001175
0.001175
0.001175
0.001175
0.001175
0.001175
0.001175
0.001174
0.001174
0.001174
0.001174
0.001174
0.001174
0.001174
0.001174
0.001174
0.001174
0.001174
0.001174
0.001174
0.001173
0.001173
0.001173
0.001173
0.001173
0.001173
0.001173
0.001173
0.001173
0.001173
0.001173
0.001173
0.001173
0.001172
0.001172
0.001172
0.001172
0.001172
0.001172
0.001172
0.001172
0.001172
0.001172
0.001171
0.001171
0.001162
0.001166
0.001166
0.001164
0.001164
0.001163
0.001163
0.001163
0.001163
0.001163
0.001163
0.001163
0.001163
0.001162
0.001162
0.001162
0.001162
0.001162
0.001162
0.001162
0.001161
0.001161
0.001161
0.001161
0.001161
0.001161
0.001161
0.001160
0.001160
0.001160
0.001160
0.001160
0.001160
0.001160
0.001159
0.001159
0.001159
0.001159
0.001159
0.001159
0.001159
0.001159
0.001158
0.001158
0.001158
0.001158
0.001158
0.001158
0.001158
0.001158
0.001157
0.001157
0.001157
0.001157
0.001157
0.001157
0.001157
0.001157
0.001156
0.001156
0.001156
0.001156
0.001156
0.001156
0.001156
0.001156
0.001156
0.001155
0.001155
0.001155
0.001155
0.001155
0.001155
0.001155
0.001155
0.001154
0.001154
0.001154
0.001154
0.001154
0.001154
0.001154
0.001154
0.001154
0.001154
0.001153
0.001153
0.001153
0.001153
0.001153
0.001153
0.001153
0.001153
0.001153
0.001152
0.001152
0.001152
0.001152
0.001152
0.001152
