0.591322
0.374508
0.185587
0.134257
0.104071
0.081147
0.063689
0.051828
0.043647
0.037322
0.032261
0.027903
0.023695
0.018789
0.013139
0.009054
0.007328
0.006457
0.005903
0.005472
0.005161
0.004935
0.004756
0.004605
0.004475
0.004360
0.004249
0.004146
0.004049
0.003958
0.003874
0.003793
0.003716
0.003641
0.003568
0.003496
0.003424
0.003351
0.003280
0.003210
0.003141
0.003074
0.003012
0.002951
0.002891
0.002834
0.002778
0.002725
0.002674
0.002623
0.002576
0.002530
0.002487
0.002446
0.002408
0.002371
0.002336
0.002302
0.002268
0.002236
0.002207
0.002179
0.002154
0.002130
0.002107
0.002085
0.002063
0.002042
0.002021
0.002000
0.001980
0.001962
0.001943
0.001924
0.001906
0.001889
0.001874
0.001859
0.001842
0.001826
0.001812
0.001798
0.001786
0.001773
0.001760
0.001749
0.001737
0.001725
0.001717
0.001709
0.001700
0.001691
0.001679
0.001673
0.001666
0.001656
0.001647
0.001638
0.001631
0.001624
0.001542
0.001540
0.001541
0.001539
0.001536
0.001532
0.001528
0.001525
0.001522
0.001518
0.001515
0.001511
0.001507
0.001503
0.001499
0.001495
0.001491
0.001487
0.001483
0.001479
0.001475
0.001471
0.001469
0.001465
0.001460
0.001456
0.001453
0.001449
0.001445
0.001441
0.001438
0.001435
0.001431
0.001428
0.001424
0.001421
0.001418
0.001416
0.001413
0.001410
0.001407
0.001404
0.001403
0.001399
0.001396
0.001394
0.001391
0.001388
0.001386
0.001383
0.001381
0.001378
0.001376
0.001373
0.001371
0.001369
0.001366
0.001364
0.001362
0.001360
0.001358
0.001356
0.001354
0.001352
0.001350
0.001348
0.001346
0.001344
0.001343
0.001341
0.001339
0.001338
0.001336
0.001335
0.001333
0.001332
0.001330
0.001329
0.001327
0.001326
0.001323
0.001321
0.001319
0.001317
0.001316
0.001313
0.001312
0.001311
0.001310
0.001309
0.001308
0.001307
0.001306
0.001305
0.001305
0.001303
0.001302
0.001302
0.001302
0.001300
0.001281
0.001292
0.001293
0.001292
0.001290
0.001288
0.001287
0.001287
0.001286
0.001286
0.001286
0.001285
0.001285
0.001285
0.001284
0.001284
0.001283
0.001283
0.001282
0.001282
0.001282
0.001281
0.001281
0.001280
0.001280
0.001280
0.001279
0.001279
0.001278
0.001278
0.001278
0.001277
0.001277
0.001277
0.001276
0.001276
0.001275
0.001275
0.001275
0.001274
0.001274
0.001273
0.001273
0.001273
0.001272
0.001272
0.001271
0.001271
0.001271
0.001270
0.001270
0.001269
0.001269
0.001269
0.001269
0.001268
0.001268
0.001268
0.001268
0.001267
0.001267
0.001266
0.001266
0.001266
0.001265
0.001265
0.001265
0.001264
0.001264
0.001264
0.001264
0.001263
0.001263
0.001263
0.001263
0.001263
0.001262
0.001262
0.001261
0.001261
0.001261
0.001261
0.001260
0.001260
0.001260
0.001260
0.001259
0.001259
0.001259
0.001258
0.001258
0.001258
0.001258
0.001257
0.001257
0.001257
0.001257
0.001257
0.001256
0.001256
0.001254
0.001250
0.001254
0.001255
0.001252
0.001250
0.001249
0.001248
0.001247
0.001247
0.001246
0.001246
0.001246
0.001245
0.001245
0.001245
0.001244
0.001244
0.001244
0.001244
0.001244
0.001243
0.001243
0.001243
0.001243
0.001243
0.001242
0.001242
0.001242
0.001242
0.001242
0.001242
0.001242
0.001242
0.001241
0.001241
0.001241
0.001241
0.001241
0.001241
0.001241
0.001241
0.001240
0.001240
0.001240
0.001240
0.001240
0.001240
0.001240
0.001240
0.001240
0.001239
0.001239
0.001239
0.001239
0.001239
0.001239
0.001239
0.001239
0.001239
0.001238
0.001238
0.001238
0.001238
0.001238
0.001238
0.001238
0.001238
0.001238
0.001238
0.001237
0.001237
0.001237
0.001237
0.001237
0.001237
0.001237
0.001237
0.001237
0.001237
0.001237
0.001237
0.001236
0.001236
0.001236
0.001236
0.001236
0.001236
0.001236
0.001236
0.001236
0.001236
0.001235
0.001235
0.001235
0.001235
0.001235
0.001235
0.001235
0.001235
0.001225
0.001221
0.001220
0.001219
0.001219
0.001219
0.001219
0.001219
0.001219
0.001219
0.001219
0.001219
0.001219
0.001218
0.001218
0.001218
0.001218
0.001218
0.001218
0.001218
0.001218
0.001218
0.001218
0.001218
0.001218
0.001218
0.001218
0.001217
0.001217
0.001217
0.001217
0.001217
0.001217
0.001217
0.001217
0.001217
0.001217
0.001217
0.001217
0.001217
0.001217
0.001217
0.001217
0.001217
0.001216
0.001216
0.001216
0.001216
0.001216
0.001216
0.001216
0.001216
0.001216
0.001216
0.001216
0.001216
0.001216
0.001216
0.001216
0.001216
0.001216
0.001215
0.001215
0.001215
0.001215
0.001215
0.001215
0.001215
0.001215
0.001215
0.001215
0.001215
0.001215
0.001215
0.001215
0.001215
0.001215
0.001215
0.001215
0.001215
0.001215
0.001214
0.001214
0.001214
0.001214
0.001214
0.001214
0.001214
0.001214
0.001214
0.001214
0.001214
0.001214
0.001214
0.001214
0.001214
0.001214
0.001214
0.001214
0.001214
