0.386476
0.210173
0.099177
0.045003
0.026536
0.016376
0.010912
0.008261
0.007293
0.006944
0.006713
0.006508
0.006339
0.006188
0.006046
0.005906
0.005755
0.005582
0.005398
0.005248
0.005129
0.005024
0.004920
0.004811
0.004689
0.004560
0.004434
0.004316
0.004216
0.004122
0.004039
0.003963
0.003893
0.003829
0.003772
0.003719
0.003670
0.003625
0.003582
0.003542
0.003504
0.003466
0.003436
0.003404
0.003372
0.003343
0.003315
0.003287
0.003262
0.003236
0.003211
0.003186
0.003158
0.003130
0.003103
0.003075
0.003048
0.003018
0.002987
0.002954
0.002922
0.002887
0.002854
0.002819
0.002787
0.002754
0.002721
0.002686
0.002649
0.002611
0.002573
0.002533
0.002493
0.002452
0.002411
0.002371
0.002332
0.002294
0.002257
0.002218
0.002180
0.002140
0.002100
0.002062
0.002022
0.001985
0.001951
0.001920
0.001889
0.001859
0.001831
0.001801
0.001771
0.001743
0.001716
0.001692
0.001671
0.001651
0.001632
0.001616
0.001565
0.001575
0.001581
0.001577
0.001570
0.001565
0.001559
0.001554
0.001549
0.001543
0.001538
0.001532
0.001527
0.001522
0.001517
0.001511
0.001506
0.001500
0.001495
0.001489
0.001484
0.001478
0.001473
0.001468
0.001462
0.001457
0.001452
0.001447
0.001443
0.001439
0.001435
0.001431
0.001428
0.001424
0.001421
0.001417
0.001414
0.001411
0.001409
0.001406
0.001403
0.001401
0.001398
0.001395
0.001393
0.001391
0.001389
0.001387
0.001384
0.001382
0.001380
0.001378
0.001376
0.001374
0.001372
0.001370
0.001368
0.001366
0.001364
0.001362
0.001360
0.001358
0.001356
0.001355
0.001353
0.001351
0.001349
0.001348
0.001346
0.001344
0.001343
0.001341
0.001340
0.001339
0.001337
0.001336
0.001335
0.001334
0.001332
0.001331
0.001330
0.001328
0.001327
0.001326
0.001324
0.001323
0.001321
0.001319
0.001318
0.001317
0.001316
0.001315
0.001314
0.001312
0.001311
0.001310
0.001309
0.001308
0.001307
0.001306
0.001302
0.001332
0.001354
0.001364
0.001368
0.001367
0.001364
0.001361
0.001357
0.001353
0.001350
0.001347
0.001344
0.001341
0.001338
0.001336
0.001334
0.001332
0.001331
0.001329
0.001328
0.001327
0.001326
0.001325
0.001324
0.001323
0.001322
0.001321
0.001320
0.001319
0.001319
0.001318
0.001317
0.001316
0.001315
0.001314
0.001313
0.001312
0.001311
0.001311
0.001310
0.001309
0.001309
0.001308
0.001308
0.001307
0.001307
0.001306
0.001305
0.001305
0.001305
0.001304
0.001304
0.001303
0.001303
0.001302
0.001302
0.001301
0.001301
0.001300
0.001300
0.001299
0.001299
0.001298
0.001298
0.001297
0.001296
0.001296
0.001296
0.001296
0.001295
0.001294
0.001294
0.001293
0.001292
0.001292
0.001291
0.001290
0.001290
0.001289
0.001288
0.001288
0.001287
0.001286
0.001285
0.001284
0.001284
0.001283
0.001283
0.001282
0.001281
0.001281
0.001281
0.001280
0.001280
0.001278
0.001278
0.001277
0.001276
0.001275
0.001249
0.001228
0.001222
0.001224
0.001223
0.001222
0.001222
0.001222
0.001222
0.001221
0.001221
0.001221
0.001221
0.001220
0.001220
0.001220
0.001220
0.001219
0.001219
0.001219
0.001219
0.001218
0.001218
0.001218
0.001218
0.001217
0.001217
0.001217
0.001217
0.001216
0.001216
0.001216
0.001216
0.001216
0.001215
0.001215
0.001215
0.001215
0.001214
0.001214
0.001214
0.001214
0.001214
0.001213
0.001213
0.001213
0.001213
0.001213
0.001213
0.001212
0.001212
0.001212
0.001212
0.001212
0.001211
0.001211
0.001211
0.001211
0.001211
0.001211
0.001210
0.001210
0.001210
0.001210
0.001210
0.001209
0.001209
0.001209
0.001209
0.001209
0.001208
0.001208
0.001208
0.001208
0.001208
0.001208
0.001207
0.001207
0.001207
0.001207
0.001207
0.001207
0.001206
0.001206
0.001206
0.001206
0.001206
0.001206
0.001206
0.001206
0.001205
0.001205
0.001205
0.001205
0.001205
0.001205
0.001204
0.001204
0.001204
0.001204
0.001196
0.001194
0.001194
0.001193
0.001193
0.001193
0.001193
0.001193
0.001192
0.001192
0.001192
0.001192
0.001192
0.001192
0.001192
0.001191
0.001191
0.001191
0.001191
0.001191
0.001191
0.001191
0.001190
0.001190
0.001190
0.001190
0.001190
0.001190
0.001190
0.001190
0.001189
0.001189
0.001189
0.001189
0.001189
0.001189
0.001189
0.001188
0.001188
0.001188
0.001188
0.001188
0.001188
0.001188
0.001187
0.001187
0.001187
0.001187
0.001187
0.001187
0.001187
0.001186
0.001186
0.001186
0.001186
0.001186
0.001186
0.001186
0.001186
0.001185
0.001185
0.001185
0.001185
0.001185
0.001185
0.001185
0.001185
0.001184
0.001184
0.001184
0.001184
0.001184
0.001184
0.001184
0.001184
0.001183
0.001183
0.001183
0.001183
0.001183
0.001183
0.001183
0.001183
0.001182
0.001182
0.001182
0.001182
0.001182
0.001182
0.001182
0.001182
0.001182
0.001181
0.001181
0.001181
0.001181
0.001181
0.001181
0.001181
0.001181
