0.354083
0.058721
0.025732
0.010984
0.004850
0.002977
0.002455
0.002217
0.002093
0.002022
0.001953
0.001880
0.001808
0.001747
0.001691
0.001639
0.001592
0.001555
0.001520
0.001485
0.001450
0.001414
0.001381
0.001354
0.001331
0.001314
0.001298
0.001284
0.001271
0.001261
0.001251
0.001243
0.001235
0.001228
0.001223
0.001218
0.001213
0.001210
0.001208
0.001206
0.001204
0.001203
0.001203
0.001204
0.001202
0.001197
0.001196
0.001193
0.001192
0.001187
0.001183
0.001178
0.001176
0.001173
0.001170
0.001167
0.001162
0.001158
0.001155
0.001154
0.001150
0.001147
0.001144
0.001139
0.001132
0.001127
0.001125
0.001124
0.001121
0.001118
0.001116
0.001113
0.001110
0.001108
0.001103
0.001098
0.001095
0.001093
0.001092
0.001088
0.001082
0.001078
0.001074
0.001070
0.001067
0.001066
0.001067
0.001069
0.001069
0.001069
0.001068
0.001066
0.001065
0.001063
0.001061
0.001059
0.001054
0.001052
0.001049
0.001047
0.001009
0.001015
0.000973
0.000957
0.000955
0.000950
0.000950
0.000950
0.000950
0.000949
0.000949
0.000949
0.000948
0.000949
0.000949
0.000949
0.000950
0.000950
0.000951
0.000951
0.000951
0.000951
0.000952
0.000952
0.000952
0.000952
0.000952
0.000953
0.000953
0.000953
0.000953
0.000952
0.000952
0.000953
0.000953
0.000954
0.000953
0.000952
0.000952
0.000952
0.000952
0.000951
0.000951
0.000950
0.000950
0.000949
0.000949
0.000949
0.000948
0.000948
0.000947
0.000946
0.000945
0.000944
0.000944
0.000943
0.000942
0.000941
0.000941
0.000940
0.000940
0.000939
0.000939
0.000938
0.000938
0.000937
0.000936
0.000936
0.000935
0.000934
0.000934
0.000933
0.000934
0.000933
0.000934
0.000934
0.000933
0.000933
0.000932
0.000932
0.000931
0.000931
0.000930
0.000930
0.000930
0.000930
0.000929
0.000929
0.000928
0.000928
0.000928
0.000928
0.000927
0.000927
0.000927
0.000926
0.000925
0.000924
0.000923
0.000923
0.000878
0.000878
0.000876
0.000880
0.000880
0.000881
0.000881
0.000880
0.000880
0.000879
0.000879
0.000878
0.000878
0.000877
0.000876
0.000875
0.000875
0.000874
0.000873
0.000872
0.000871
0.000870
0.000869
0.000868
0.000867
0.000866
0.000865
0.000864
0.000863
0.000862
0.000861
0.000860
0.000859
0.000859
0.000858
0.000857
0.000857
0.000856
0.000856
0.000855
0.000855
0.000854
0.000854
0.000853
0.000853
0.000852
0.000852
0.000852
0.000851
0.000851
0.000851
0.000851
0.000850
0.000850
0.000850
0.000850
0.000850
0.000849
0.000849
0.000849
0.000848
0.000848
0.000848
0.000848
0.000848
0.000848
0.000847
0.000847
0.000847
0.000847
0.000847
0.000847
0.000846
0.000846
0.000846
0.000846
0.000846
0.000845
0.000845
0.000845
0.000845
0.000845
0.000845
0.000845
0.000845
0.000844
0.000844
0.000844
0.000844
0.000844
0.000844
0.000844
0.000843
0.000843
0.000843
0.000843
0.000843
0.000843
0.000843
0.000843
0.000839
0.000847
0.000852
0.000857
0.000862
0.000865
0.000867
0.000867
0.000867
0.000866
0.000864
0.000862
0.000860
0.000858
0.000856
0.000854
0.000853
0.000852
0.000852
0.000851
0.000850
0.000850
0.000850
0.000849
0.000849
0.000848
0.000848
0.000848
0.000848
0.000848
0.000848
0.000847
0.000847
0.000847
0.000847
0.000847
0.000847
0.000846
0.000846
0.000846
0.000846
0.000846
0.000846
0.000846
0.000846
0.000846
0.000846
0.000846
0.000846
0.000846
0.000846
0.000846
0.000846
0.000846
0.000846
0.000846
0.000846
0.000846
0.000846
0.000846
0.000846
0.000845
0.000845
0.000845
0.000845
0.000845
0.000845
0.000845
0.000845
0.000845
0.000845
0.000845
0.000845
0.000845
0.000845
0.000845
0.000845
0.000845
0.000845
0.000845
0.000845
0.000844
0.000844
0.000844
0.000844
0.000844
0.000844
0.000844
0.000844
0.000844
0.000844
0.000844
0.000844
0.000844
0.000844
0.000844
0.000844
0.000844
0.000843
0.000843
0.000824
0.000814
0.000809
0.000810
0.000810
0.000810
0.000810
0.000810
0.000810
0.000810
0.000810
0.000810
0.000810
0.000810
0.000810
0.000810
0.000810
0.000810
0.000810
0.000810
0.000810
0.000810
0.000810
0.000810
0.000810
0.000810
0.000810
0.000810
0.000810
0.000810
0.000810
0.000810
0.000810
0.000810
0.000810
0.000810
0.000810
0.000810
0.000810
0.000810
0.000810
0.000810
0.000810
0.000810
0.000810
0.000810
0.000810
0.000810
0.000810
0.000810
0.000810
0.000810
0.000810
0.000810
0.000810
0.000810
0.000810
0.000810
0.000810
0.000810
0.000810
0.000810
0.000810
0.000810
0.000810
0.000810
0.000810
0.000810
0.000810
0.000810
0.000811
0.000811
0.000811
0.000811
0.000811
0.000811
0.000811
0.000811
0.000811
0.000811
0.000811
0.000811
0.000811
0.000811
0.000811
0.000811
0.000811
0.000811
0.000811
0.000811
0.000811
0.000811
0.000811
0.000811
0.000811
0.000811
0.000811
0.000811
0.000811
0.000811
