0.456983
0.312371
0.238526
0.161942
0.066900
0.047424
0.034852
0.026318
0.019212
0.014029
0.010871
0.009177
0.008316
0.007990
0.007905
0.007867
0.007848
0.007839
0.007837
0.007839
0.007842
0.007847
0.007852
0.007858
0.007865
0.007870
0.007874
0.007879
0.007883
0.007885
0.007887
0.007888
0.007888
0.007886
0.007884
0.007882
0.007879
0.007875
0.007870
0.007864
0.007857
0.007849
0.007840
0.007831
0.007820
0.007809
0.007798
0.007787
0.007777
0.007767
0.007757
0.007747
0.007739
0.007730
0.007722
0.007714
0.007707
0.007699
0.007692
0.007686
0.007679
0.007672
0.007665
0.007659
0.007651
0.007643
0.007636
0.007625
0.007611
0.007595
0.007575
0.007549
0.007519
0.007482
0.007438
0.007386
0.007322
0.007250
0.007173
0.007084
0.006984
0.006871
0.006750
0.006624
0.006498
0.006393
0.006309
0.006243
0.006191
0.006147
0.006110
0.006079
0.006054
0.006030
0.006010
0.005991
0.005974
0.005959
0.005946
0.005931
0.005826
0.005819
0.005818
0.005817
0.005811
0.005805
0.005800
0.005795
0.005790
0.005785
0.005781
0.005777
0.005773
0.005769
0.005765
0.005761
0.005757
0.005754
0.005751
0.005747
0.005744
0.005741
0.005738
0.005735
0.005732
0.005729
0.005726
0.005724
0.005721
0.005718
0.005716
0.005714
0.005712
0.005710
0.005708
0.005706
0.005704
0.005701
0.005699
0.005697
0.005694
0.005691
0.005689
0.005687
0.005685
0.005683
0.005681
0.005679
0.005677
0.005676
0.005674
0.005672
0.005670
0.005670
0.005666
0.005665
0.005663
0.005661
0.005659
0.005657
0.005655
0.005654
0.005652
0.005650
0.005648
0.005647
0.005645
0.005644
0.005643
0.005642
0.005640
0.005638
0.005637
0.005636
0.005635
0.005634
0.005633
0.005632
0.005630
0.005629
0.005627
0.005626
0.005624
0.005622
0.005621
0.005620
0.005618
0.005616
0.005615
0.005614
0.005612
0.005611
0.005610
0.005608
0.005606
0.005606
0.005605
0.005604
0.005603
0.005601
0.005545
0.005488
0.005480
0.005484
0.005479
0.005479
0.005479
0.005478
0.005477
0.005477
0.005476
0.005475
0.005475
0.005474
0.005473
0.005473
0.005472
0.005471
0.005471
0.005470
0.005470
0.005469
0.005468
0.005467
0.005467
0.005466
0.005466
0.005465
0.005465
0.005464
0.005463
0.005463
0.005462
0.005462
0.005461
0.005461
0.005460
0.005459
0.005459
0.005459
0.005458
0.005457
0.005457
0.005456
0.005456
0.005455
0.005455
0.005454
0.005453
0.005453
0.005452
0.005452
0.005451
0.005450
0.005450
0.005449
0.005448
0.005448
0.005447
0.005447
0.005446
0.005445
0.005444
0.005444
0.005443
0.005442
0.005441
0.005441
0.005440
0.005439
0.005438
0.005438
0.005437
0.005437
0.005436
0.005435
0.005435
0.005434
0.005433
0.005432
0.005431
0.005431
0.005430
0.005429
0.005428
0.005428
0.005427
0.005426
0.005425
0.005425
0.005424
0.005423
0.005422
0.005421
0.005421
0.005420
0.005419
0.005418
0.005417
0.005417
0.005395
0.005404
0.005410
0.005411
0.005410
0.005411
0.005411
0.005412
0.005412
0.005412
0.005413
0.005413
0.005414
0.005414
0.005415
0.005415
0.005415
0.005416
0.005416
0.005416
0.005416
0.005416
0.005416
0.005417
0.005417
0.005417
0.005416
0.005416
0.005416
0.005416
0.005415
0.005415
0.005414
0.005414
0.005413
0.005413
0.005412
0.005411
0.005411
0.005410
0.005409
0.005408
0.005407
0.005407
0.005406
0.005405
0.005404
0.005403
0.005403
0.005402
0.005401
0.005400
0.005399
0.005399
0.005398
0.005397
0.005396
0.005395
0.005395
0.005394
0.005393
0.005392
0.005391
0.005390
0.005389
0.005389
0.005388
0.005387
0.005386
0.005385
0.005385
0.005384
0.005383
0.005382
0.005381
0.005381
0.005380
0.005379
0.005378
0.005378
0.005377
0.005376
0.005375
0.005375
0.005374
0.005373
0.005372
0.005371
0.005370
0.005369
0.005369
0.005368
0.005367
0.005366
0.005365
0.005365
0.005364
0.005363
0.005362
0.005361
0.005335
0.005322
0.005320
0.005322
0.005320
0.005319
0.005319
0.005318
0.005318
0.005318
0.005317
0.005317
0.005317
0.005316
0.005316
0.005316
0.005315
0.005315
0.005314
0.005314
0.005314
0.005313
0.005313
0.005312
0.005312
0.005312
0.005311
0.005311
0.005310
0.005310
0.005309
0.005309
0.005309
0.005308
0.005308
0.005307
0.005307
0.005306
0.005306
0.005305
0.005305
0.005304
0.005303
0.005303
0.005302
0.005302
0.005301
0.005301
0.005300
0.005299
0.005299
0.005298
0.005298
0.005297
0.005296
0.005296
0.005295
0.005295
0.005294
0.005293
0.005293
0.005292
0.005291
0.005290
0.005290
0.005289
0.005288
0.005287
0.005286
0.005286
0.005285
0.005284
0.005283
0.005282
0.005281
0.005281
0.005280
0.005279
0.005278
0.005277
0.005276
0.005275
0.005274
0.005273
0.005272
0.005271
0.005270
0.005269
0.005268
0.005267
0.005266
0.005265
0.005264
0.005263
0.005262
0.005261
0.005260
0.005259
0.005258
0.005256
