0.520753
0.356688
0.189489
0.077767
0.043112
0.035397
0.030525
0.026651
0.023215
0.019998
0.017038
0.014342
0.011935
0.009848
0.008124
0.006806
0.005873
0.005266
0.004894
0.004673
0.004539
0.004446
0.004374
0.004319
0.004271
0.004224
0.004180
0.004138
0.004097
0.004058
0.004021
0.003985
0.003952
0.003918
0.003885
0.003851
0.003820
0.003790
0.003758
0.003728
0.003696
0.003666
0.003634
0.003603
0.003568
0.003531
0.003493
0.003457
0.003421
0.003386
0.003351
0.003314
0.003276
0.003236
0.003195
0.003154
0.003113
0.003067
0.003017
0.002960
0.002896
0.002825
0.002753
0.002676
0.002597
0.002525
0.002461
0.002406
0.002363
0.002327
0.002298
0.002272
0.002250
0.002230
0.002213
0.002198
0.002187
0.002175
0.002165
0.002153
0.002141
0.002129
0.002117
0.002108
0.002096
0.002086
0.002076
0.002066
0.002057
0.002048
0.002039
0.002031
0.002023
0.002015
0.002008
0.002001
0.001995
0.001988
0.001982
0.001976
0.001961
0.001956
0.001946
0.001940
0.001940
0.001939
0.001937
0.001935
0.001933
0.001932
0.001930
0.001928
0.001927
0.001925
0.001923
0.001922
0.001920
0.001919
0.001917
0.001916
0.001914
0.001912
0.001912
0.001910
0.001909
0.001908
0.001906
0.001905
0.001904
0.001903
0.001902
0.001900
0.001899
0.001898
0.001897
0.001895
0.001894
0.001893
0.001892
0.001891
0.001889
0.001888
0.001887
0.001885
0.001884
0.001883
0.001881
0.001880
0.001879
0.001878
0.001876
0.001874
0.001873
0.001871
0.001870
0.001869
0.001867
0.001866
0.001865
0.001863
0.001862
0.001860
0.001859
0.001857
0.001856
0.001854
0.001853
0.001852
0.001850
0.001849
0.001847
0.001846
0.001845
0.001843
0.001842
0.001841
0.001840
0.001838
0.001837
0.001836
0.001835
0.001833
0.001831
0.001830
0.001829
0.001827
0.001826
0.001824
0.001824
0.001823
0.001821
0.001819
0.001818
0.001816
0.001815
0.001813
0.001811
0.001809
0.001808
0.001807
0.001791
0.001775
0.001767
0.001767
0.001767
0.001765
0.001765
0.001764
0.001764
0.001763
0.001762
0.001762
0.001761
0.001760
0.001760
0.001759
0.001758
0.001758
0.001757
0.001757
0.001756
0.001755
0.001755
0.001754
0.001753
0.001753
0.001752
0.001751
0.001750
0.001750
0.001749
0.001749
0.001748
0.001747
0.001747
0.001746
0.001745
0.001745
0.001744
0.001743
0.001743
0.001742
0.001742
0.001741
0.001740
0.001740
0.001739
0.001738
0.001737
0.001737
0.001736
0.001736
0.001735
0.001735
0.001734
0.001733
0.001732
0.001732
0.001731
0.001731
0.001730
0.001730
0.001729
0.001729
0.001728
0.001727
0.001726
0.001726
0.001725
0.001724
0.001724
0.001723
0.001723
0.001722
0.001722
0.001721
0.001720
0.001720
0.001719
0.001718
0.001718
0.001717
0.001716
0.001716
0.001715
0.001715
0.001714
0.001714
0.001713
0.001712
0.001711
0.001710
0.001710
0.001709
0.001708
0.001707
0.001707
0.001706
0.001705
0.001705
0.001694
0.001683
0.001684
0.001683
0.001682
0.001682
0.001682
0.001681
0.001681
0.001680
0.001680
0.001680
0.001679
0.001679
0.001678
0.001678
0.001678
0.001677
0.001677
0.001676
0.001676
0.001676
0.001675
0.001675
0.001675
0.001674
0.001674
0.001673
0.001673
0.001673
0.001672
0.001672
0.001671
0.001671
0.001671
0.001670
0.001670
0.001670
0.001669
0.001669
0.001668
0.001668
0.001668
0.001667
0.001667
0.001667
0.001666
0.001666
0.001665
0.001665
0.001665
0.001664
0.001664
0.001663
0.001663
0.001663
0.001662
0.001662
0.001662
0.001661
0.001661
0.001660
0.001660
0.001660
0.001659
0.001659
0.001659
0.001658
0.001658
0.001657
0.001657
0.001657
0.001656
0.001656
0.001655
0.001655
0.001655
0.001654
0.001654
0.001653
0.001653
0.001652
0.001652
0.001652
0.001651
0.001651
0.001650
0.001650
0.001649
0.001649
0.001649
0.001648
0.001648
0.001647
0.001647
0.001646
0.001646
0.001645
0.001645
0.001645
0.001641
0.001642
0.001644
0.001644
0.001644
0.001644
0.001644
0.001644
0.001644
0.001644
0.001643
0.001643
0.001643
0.001643
0.001643
0.001642
0.001642
0.001642
0.001642
0.001642
0.001642
0.001641
0.001641
0.001641
0.001641
0.001641
0.001640
0.001640
0.001640
0.001640
0.001639
0.001639
0.001639
0.001639
0.001638
0.001638
0.001638
0.001638
0.001638
0.001637
0.001637
0.001637
0.001637
0.001637
0.001636
0.001636
0.001636
0.001636
0.001635
0.001635
0.001635
0.001635
0.001635
0.001634
0.001634
0.001634
0.001634
0.001633
0.001633
0.001633
0.001633
0.001633
0.001632
0.001632
0.001632
0.001632
0.001631
0.001631
0.001631
0.001631
0.001631
0.001630
0.001630
0.001630
0.001630
0.001629
0.001629
0.001629
0.001629
0.001629
0.001628
0.001628
0.001628
0.001628
0.001627
0.001627
0.001627
0.001627
0.001626
0.001626
0.001626
0.001626
0.001626
0.001625
0.001625
0.001625
0.001625
0.001625
0.001624
0.001624
