0.321468
0.108560
0.065844
0.040782
0.022283
0.009141
0.006519
0.005717
0.005239
0.004822
0.004533
0.004266
0.003977
0.003615
0.003233
0.002959
0.002807
0.002710
0.002629
0.002553
0.002485
0.002420
0.002359
0.002298
0.002235
0.002169
0.002102
0.002035
0.001971
0.001910
0.001852
0.001800
0.001752
0.001709
0.001667
0.001625
0.001585
0.001546
0.001509
0.001474
0.001441
0.001412
0.001384
0.001359
0.001336
0.001313
0.001291
0.001271
0.001250
0.001231
0.001211
0.001192
0.001174
0.001156
0.001139
0.001122
0.001105
0.001086
0.001066
0.001046
0.001026
0.001007
0.000989
0.000973
0.000958
0.000944
0.000929
0.000916
0.000906
0.000895
0.000886
0.000875
0.000864
0.000852
0.000840
0.000832
0.000825
0.000816
0.000809
0.000803
0.000796
0.000789
0.000782
0.000777
0.000771
0.000765
0.000759
0.000754
0.000750
0.000744
0.000740
0.000734
0.000730
0.000727
0.000726
0.000725
0.000722
0.000719
0.000714
0.000712
0.000646
0.000603
0.000595
0.000590
0.000586
0.000585
0.000583
0.000582
0.000580
0.000579
0.000578
0.000577
0.000575
0.000574
0.000573
0.000572
0.000572
0.000571
0.000570
0.000569
0.000569
0.000568
0.000567
0.000567
0.000567
0.000566
0.000565
0.000565
0.000564
0.000563
0.000562
0.000560
0.000559
0.000557
0.000555
0.000552
0.000550
0.000548
0.000546
0.000544
0.000542
0.000540
0.000539
0.000537
0.000535
0.000534
0.000533
0.000532
0.000531
0.000529
0.000528
0.000527
0.000526
0.000525
0.000525
0.000524
0.000523
0.000523
0.000522
0.000521
0.000520
0.000519
0.000517
0.000516
0.000515
0.000514
0.000513
0.000512
0.000511
0.000510
0.000510
0.000509
0.000509
0.000509
0.000508
0.000508
0.000508
0.000508
0.000508
0.000508
0.000508
0.000508
0.000508
0.000508
0.000508
0.000508
0.000508
0.000508
0.000508
0.000509
0.000509
0.000509
0.000509
0.000509
0.000510
0.000510
0.000510
0.000510
0.000510
0.000510
0.000488
0.000484
0.000483
0.000484
0.000483
0.000483
0.000483
0.000483
0.000483
0.000483
0.000482
0.000482
0.000482
0.000482
0.000481
0.000481
0.000481
0.000480
0.000480
0.000479
0.000479
0.000478
0.000478
0.000477
0.000477
0.000476
0.000475
0.000475
0.000474
0.000474
0.000473
0.000473
0.000473
0.000472
0.000472
0.000472
0.000471
0.000471
0.000471
0.000471
0.000470
0.000470
0.000470
0.000470
0.000470
0.000470
0.000470
0.000469
0.000469
0.000469
0.000469
0.000469
0.000469
0.000469
0.000469
0.000469
0.000468
0.000468
0.000468
0.000468
0.000468
0.000468
0.000468
0.000467
0.000467
0.000467
0.000467
0.000466
0.000466
0.000466
0.000466
0.000465
0.000465
0.000465
0.000464
0.000464
0.000464
0.000464
0.000463
0.000463
0.000463
0.000463
0.000462
0.000462
0.000462
0.000462
0.000461
0.000461
0.000461
0.000461
0.000461
0.000461
0.000461
0.000460
0.000460
0.000460
0.000460
0.000460
0.000460
0.000460
0.000457
0.000455
0.000456
0.000457
0.000456
0.000456
0.000456
0.000456
0.000456
0.000456
0.000455
0.000455
0.000455
0.000455
0.000455
0.000455
0.000455
0.000455
0.000455
0.000454
0.000454
0.000454
0.000454
0.000454
0.000454
0.000454
0.000454
0.000454
0.000454
0.000454
0.000454
0.000454
0.000454
0.000454
0.000454
0.000453
0.000453
0.000453
0.000453
0.000453
0.000453
0.000453
0.000453
0.000453
0.000453
0.000453
0.000453
0.000453
0.000453
0.000453
0.000453
0.000453
0.000453
0.000452
0.000452
0.000452
0.000452
0.000452
0.000452
0.000452
0.000452
0.000452
0.000452
0.000452
0.000451
0.000451
0.000451
0.000451
0.000451
0.000451
0.000451
0.000451
0.000451
0.000451
0.000451
0.000450
0.000450
0.000450
0.000450
0.000450
0.000450
0.000450
0.000450
0.000450
0.000449
0.000449
0.000449
0.000449
0.000449
0.000449
0.000449
0.000449
0.000449
0.000448
0.000448
0.000448
0.000448
0.000448
0.000448
0.000448
0.000445
0.000448
0.000448
0.000447
0.000446
0.000446
0.000446
0.000446
0.000446
0.000446
0.000446
0.000446
0.000446
0.000446
0.000446
0.000446
0.000445
0.000445
0.000445
0.000445
0.000445
0.000445
0.000445
0.000445
0.000445
0.000445
0.000445
0.000445
0.000445
0.000445
0.000445
0.000445
0.000445
0.000445
0.000445
0.000445
0.000445
0.000445
0.000445
0.000445
0.000445
0.000445
0.000445
0.000445
0.000445
0.000445
0.000445
0.000445
0.000445
0.000445
0.000445
0.000445
0.000445
0.000445
0.000445
0.000445
0.000445
0.000444
0.000444
0.000444
0.000444
0.000444
0.000444
0.000444
0.000444
0.000444
0.000444
0.000444
0.000444
0.000444
0.000444
0.000444
0.000444
0.000444
0.000444
0.000444
0.000444
0.000444
0.000444
0.000444
0.000444
0.000444
0.000444
0.000444
0.000444
0.000444
0.000444
0.000444
0.000444
0.000444
0.000443
0.000443
0.000443
0.000443
0.000443
0.000443
0.000443
0.000443
0.000443
0.000443
