0.484717
0.364331
0.226324
0.139315
0.075136
0.052686
0.042613
0.035965
0.030305
0.025366
0.021055
0.017366
0.014254
0.011684
0.009633
0.007998
0.006738
0.005786
0.005081
0.004551
0.004149
0.003841
0.003600
0.003417
0.003269
0.003148
0.003046
0.002957
0.002879
0.002810
0.002749
0.002695
0.002649
0.002608
0.002569
0.002533
0.002502
0.002473
0.002447
0.002421
0.002398
0.002377
0.002354
0.002332
0.002314
0.002295
0.002277
0.002260
0.002242
0.002226
0.002209
0.002194
0.002178
0.002163
0.002147
0.002132
0.002117
0.002102
0.002089
0.002074
0.002059
0.002043
0.002027
0.002011
0.001997
0.001980
0.001964
0.001947
0.001928
0.001909
0.001893
0.001873
0.001854
0.001837
0.001821
0.001806
0.001792
0.001779
0.001767
0.001756
0.001745
0.001735
0.001726
0.001717
0.001706
0.001697
0.001688
0.001680
0.001674
0.001668
0.001661
0.001653
0.001646
0.001640
0.001634
0.001629
0.001623
0.001617
0.001612
0.001607
0.001568
0.001594
0.001603
0.001599
0.001593
0.001588
0.001585
0.001583
0.001580
0.001579
0.001577
0.001576
0.001574
0.001572
0.001570
0.001569
0.001568
0.001567
0.001565
0.001564
0.001563
0.001563
0.001562
0.001560
0.001559
0.001558
0.001556
0.001554
0.001553
0.001551
0.001550
0.001549
0.001548
0.001548
0.001546
0.001545
0.001544
0.001542
0.001541
0.001540
0.001538
0.001537
0.001535
0.001534
0.001533
0.001532
0.001530
0.001529
0.001528
0.001527
0.001525
0.001524
0.001523
0.001522
0.001521
0.001520
0.001519
0.001518
0.001517
0.001516
0.001515
0.001514
0.001513
0.001512
0.001511
0.001510
0.001508
0.001508
0.001507
0.001506
0.001505
0.001504
0.001503
0.001501
0.001500
0.001499
0.001498
0.001497
0.001495
0.001494
0.001493
0.001492
0.001491
0.001490
0.001489
0.001487
0.001486
0.001484
0.001483
0.001482
0.001481
0.001479
0.001478
0.001476
0.001474
0.001473
0.001472
0.001470
0.001469
0.001467
0.001461
0.001408
0.001398
0.001399
0.001397
0.001397
0.001396
0.001396
0.001395
0.001395
0.001395
0.001394
0.001394
0.001393
0.001393
0.001393
0.001392
0.001392
0.001392
0.001391
0.001391
0.001391
0.001390
0.001390
0.001390
0.001389
0.001389
0.001389
0.001388
0.001388
0.001388
0.001388
0.001387
0.001387
0.001387
0.001386
0.001386
0.001386
0.001385
0.001385
0.001385
0.001385
0.001384
0.001384
0.001384
0.001384
0.001383
0.001383
0.001383
0.001382
0.001382
0.001382
0.001381
0.001381
0.001381
0.001381
0.001380
0.001380
0.001380
0.001380
0.001379
0.001379
0.001379
0.001378
0.001378
0.001378
0.001378
0.001377
0.001377
0.001377
0.001377
0.001376
0.001376
0.001376
0.001376
0.001376
0.001375
0.001375
0.001375
0.001375
0.001374
0.001374
0.001374
0.001374
0.001374
0.001373
0.001373
0.001373
0.001373
0.001372
0.001372
0.001372
0.001372
0.001372
0.001371
0.001371
0.001371
0.001371
0.001371
0.001370
0.001351
0.001348
0.001345
0.001343
0.001343
0.001343
0.001343
0.001343
0.001342
0.001342
0.001342
0.001342
0.001341
0.001341
0.001341
0.001341
0.001340
0.001340
0.001340
0.001340
0.001340
0.001339
0.001339
0.001339
0.001339
0.001338
0.001338
0.001338
0.001338
0.001338
0.001337
0.001337
0.001337
0.001337
0.001337
0.001336
0.001336
0.001336
0.001336
0.001336
0.001335
0.001335
0.001335
0.001335
0.001335
0.001334
0.001334
0.001334
0.001334
0.001333
0.001333
0.001333
0.001333
0.001333
0.001333
0.001332
0.001332
0.001332
0.001332
0.001331
0.001331
0.001331
0.001331
0.001331
0.001331
0.001330
0.001330
0.001330
0.001330
0.001330
0.001329
0.001329
0.001329
0.001329
0.001329
0.001328
0.001328
0.001328
0.001328
0.001327
0.001327
0.001327
0.001327
0.001327
0.001326
0.001326
0.001326
0.001326
0.001326
0.001325
0.001325
0.001325
0.001325
0.001325
0.001324
0.001324
0.001324
0.001324
0.001324
0.001323
0.001317
0.001323
0.001327
0.001329
0.001329
0.001329
0.001329
0.001329
0.001329
0.001329
0.001329
0.001329
0.001329
0.001329
0.001329
0.001329
0.001329
0.001329
0.001329
0.001329
0.001328
0.001328
0.001328
0.001328
0.001328
0.001328
0.001328
0.001328
0.001328
0.001327
0.001327
0.001327
0.001327
0.001327
0.001327
0.001327
0.001326
0.001326
0.001326
0.001326
0.001326
0.001326
0.001325
0.001325
0.001325
0.001325
0.001325
0.001325
0.001325
0.001324
0.001324
0.001324
0.001324
0.001324
0.001324
0.001323
0.001323
0.001323
0.001323
0.001323
0.001323
0.001322
0.001322
0.001322
0.001322
0.001322
0.001322
0.001322
0.001321
0.001321
0.001321
0.001321
0.001321
0.001321
0.001321
0.001320
0.001320
0.001320
0.001320
0.001320
0.001320
0.001320
0.001319
0.001319
0.001319
0.001319
0.001319
0.001319
0.001319
0.001319
0.001318
0.001318
0.001318
0.001318
0.001318
0.001318
0.001318
0.001317
0.001317
0.001317
