0.450687
0.277494
0.128893
0.027583
0.015383
0.010092
0.007462
0.006340
0.005910
0.005642
0.005427
0.005223
0.005033
0.004841
0.004638
0.004423
0.004207
0.004004
0.003810
0.003587
0.003377
0.003202
0.003061
0.002934
0.002817
0.002709
0.002612
0.002522
0.002438
0.002358
0.002283
0.002210
0.002141
0.002075
0.002011
0.001951
0.001893
0.001831
0.001774
0.001715
0.001660
0.001611
0.001566
0.001525
0.001490
0.001456
0.001425
0.001392
0.001361
0.001332
0.001307
0.001283
0.001259
0.001237
0.001216
0.001195
0.001175
0.001157
0.001139
0.001123
0.001108
0.001094
0.001080
0.001066
0.001052
0.001038
0.001024
0.001011
0.000998
0.000988
0.000977
0.000967
0.000956
0.000946
0.000936
0.000929
0.000923
0.000914
0.000905
0.000898
0.000891
0.000883
0.000875
0.000867
0.000862
0.000856
0.000851
0.000845
0.000839
0.000833
0.000828
0.000824
0.000820
0.000817
0.000815
0.000811
0.000807
0.000803
0.000798
0.000794
0.000728
0.000714
0.000703
0.000702
0.000699
0.000697
0.000695
0.000694
0.000692
0.000690
0.000689
0.000687
0.000686
0.000684
0.000683
0.000682
0.000681
0.000679
0.000678
0.000676
0.000675
0.000674
0.000673
0.000672
0.000671
0.000670
0.000669
0.000669
0.000668
0.000667
0.000666
0.000665
0.000664
0.000662
0.000661
0.000660
0.000659
0.000657
0.000655
0.000654
0.000652
0.000650
0.000649
0.000647
0.000645
0.000644
0.000643
0.000641
0.000640
0.000638
0.000637
0.000636
0.000635
0.000634
0.000632
0.000631
0.000630
0.000629
0.000627
0.000626
0.000625
0.000624
0.000622
0.000621
0.000620
0.000618
0.000617
0.000616
0.000615
0.000614
0.000612
0.000611
0.000609
0.000608
0.000607
0.000606
0.000605
0.000605
0.000604
0.000605
0.000604
0.000604
0.000603
0.000602
0.000602
0.000601
0.000601
0.000601
0.000600
0.000600
0.000600
0.000599
0.000599
0.000598
0.000598
0.000597
0.000597
0.000596
0.000596
0.000596
0.000573
0.000568
0.000562
0.000561
0.000560
0.000560
0.000559
0.000559
0.000558
0.000558
0.000557
0.000557
0.000556
0.000556
0.000555
0.000555
0.000554
0.000554
0.000554
0.000553
0.000553
0.000553
0.000552
0.000552
0.000552
0.000551
0.000551
0.000551
0.000550
0.000550
0.000550
0.000550
0.000549
0.000549
0.000549
0.000549
0.000549
0.000548
0.000548
0.000548
0.000547
0.000547
0.000547
0.000547
0.000546
0.000546
0.000546
0.000546
0.000546
0.000545
0.000545
0.000545
0.000545
0.000544
0.000544
0.000544
0.000543
0.000543
0.000543
0.000543
0.000542
0.000542
0.000542
0.000542
0.000541
0.000541
0.000541
0.000541
0.000540
0.000540
0.000540
0.000539
0.000539
0.000539
0.000538
0.000538
0.000538
0.000538
0.000537
0.000537
0.000537
0.000537
0.000536
0.000536
0.000536
0.000536
0.000535
0.000535
0.000534
0.000534
0.000534
0.000534
0.000533
0.000533
0.000533
0.000532
0.000532
0.000532
0.000532
0.000531
0.000519
0.000521
0.000524
0.000525
0.000525
0.000525
0.000524
0.000524
0.000523
0.000523
0.000523
0.000522
0.000522
0.000522
0.000521
0.000521
0.000521
0.000521
0.000520
0.000520
0.000520
0.000520
0.000519
0.000519
0.000519
0.000518
0.000518
0.000518
0.000517
0.000517
0.000517
0.000516
0.000516
0.000516
0.000516
0.000515
0.000515
0.000515
0.000514
0.000514
0.000514
0.000514
0.000513
0.000513
0.000513
0.000512
0.000512
0.000512
0.000511
0.000511
0.000511
0.000511
0.000510
0.000510
0.000510
0.000509
0.000509
0.000509
0.000508
0.000508
0.000508
0.000508
0.000507
0.000507
0.000507
0.000507
0.000506
0.000506
0.000506
0.000506
0.000505
0.000505
0.000505
0.000504
0.000504
0.000504
0.000504
0.000503
0.000503
0.000503
0.000503
0.000502
0.000502
0.000502
0.000502
0.000501
0.000501
0.000501
0.000501
0.000501
0.000500
0.000500
0.000500
0.000500
0.000499
0.000499
0.000499
0.000499
0.000498
0.000498
0.000497
0.000498
0.000498
0.000497
0.000497
0.000497
0.000496
0.000496
0.000496
0.000496
0.000496
0.000496
0.000496
0.000496
0.000496
0.000496
0.000495
0.000495
0.000495
0.000495
0.000495
0.000495
0.000495
0.000495
0.000495
0.000495
0.000495
0.000495
0.000494
0.000494
0.000494
0.000494
0.000494
0.000494
0.000494
0.000494
0.000494
0.000494
0.000493
0.000493
0.000493
0.000493
0.000493
0.000493
0.000493
0.000493
0.000493
0.000493
0.000493
0.000493
0.000492
0.000492
0.000492
0.000492
0.000492
0.000492
0.000492
0.000492
0.000492
0.000492
0.000492
0.000491
0.000491
0.000491
0.000491
0.000491
0.000491
0.000491
0.000491
0.000491
0.000491
0.000491
0.000491
0.000490
0.000490
0.000490
0.000490
0.000490
0.000490
0.000490
0.000490
0.000490
0.000490
0.000490
0.000489
0.000489
0.000489
0.000489
0.000489
0.000489
0.000489
0.000489
0.000489
0.000489
0.000488
0.000488
0.000488
0.000488
0.000488
0.000488
