0.409775
0.175155
0.064890
0.031141
0.017107
0.012247
0.009819
0.008581
0.007830
0.007349
0.007039
0.006788
0.006558
0.006352
0.006166
0.005998
0.005847
0.005699
0.005550
0.005395
0.005235
0.005065
0.004888
0.004714
0.004537
0.004363
0.004202
0.004057
0.003925
0.003800
0.003687
0.003584
0.003492
0.003409
0.003333
0.003263
0.003199
0.003137
0.003079
0.003024
0.002971
0.002918
0.002866
0.002814
0.002760
0.002705
0.002648
0.002591
0.002533
0.002474
0.002413
0.002351
0.002287
0.002223
0.002160
0.002095
0.002030
0.001967
0.001907
0.001849
0.001796
0.001745
0.001695
0.001649
0.001608
0.001568
0.001530
0.001495
0.001460
0.001428
0.001397
0.001367
0.001339
0.001309
0.001282
0.001257
0.001233
0.001212
0.001193
0.001176
0.001160
0.001146
0.001132
0.001120
0.001109
0.001099
0.001089
0.001081
0.001074
0.001066
0.001060
0.001054
0.001049
0.001044
0.001040
0.001036
0.001033
0.001028
0.001026
0.001023
0.000950
0.000956
0.000936
0.000933
0.000932
0.000930
0.000928
0.000927
0.000925
0.000924
0.000923
0.000921
0.000920
0.000919
0.000918
0.000918
0.000917
0.000916
0.000915
0.000915
0.000914
0.000914
0.000913
0.000913
0.000913
0.000912
0.000912
0.000912
0.000912
0.000912
0.000912
0.000912
0.000912
0.000912
0.000911
0.000911
0.000911
0.000911
0.000911
0.000911
0.000911
0.000910
0.000910
0.000910
0.000910
0.000910
0.000910
0.000909
0.000909
0.000909
0.000908
0.000907
0.000907
0.000907
0.000906
0.000906
0.000905
0.000904
0.000904
0.000904
0.000904
0.000903
0.000903
0.000902
0.000901
0.000901
0.000900
0.000900
0.000899
0.000899
0.000899
0.000898
0.000898
0.000897
0.000897
0.000896
0.000896
0.000895
0.000895
0.000895
0.000894
0.000894
0.000894
0.000893
0.000893
0.000893
0.000892
0.000892
0.000892
0.000892
0.000891
0.000891
0.000890
0.000890
0.000889
0.000889
0.000888
0.000888
0.000888
0.000887
0.000853
0.000857
0.000863
0.000865
0.000864
0.000864
0.000864
0.000864
0.000863
0.000863
0.000863
0.000862
0.000862
0.000862
0.000861
0.000861
0.000860
0.000860
0.000860
0.000859
0.000859
0.000858
0.000858
0.000857
0.000857
0.000857
0.000856
0.000856
0.000855
0.000855
0.000854
0.000854
0.000853
0.000852
0.000851
0.000850
0.000848
0.000847
0.000846
0.000845
0.000844
0.000843
0.000842
0.000841
0.000840
0.000839
0.000839
0.000838
0.000837
0.000837
0.000836
0.000835
0.000835
0.000834
0.000833
0.000833
0.000832
0.000832
0.000831
0.000830
0.000830
0.000829
0.000828
0.000828
0.000827
0.000826
0.000826
0.000825
0.000825
0.000824
0.000823
0.000823
0.000822
0.000822
0.000821
0.000821
0.000820
0.000820
0.000819
0.000819
0.000818
0.000818
0.000817
0.000817
0.000817
0.000816
0.000815
0.000815
0.000814
0.000814
0.000814
0.000813
0.000813
0.000812
0.000812
0.000811
0.000811
0.000810
0.000810
0.000810
0.000788
0.000785
0.000790
0.000790
0.000790
0.000789
0.000789
0.000788
0.000788
0.000788
0.000788
0.000788
0.000787
0.000787
0.000787
0.000787
0.000787
0.000787
0.000786
0.000786
0.000786
0.000786
0.000786
0.000785
0.000785
0.000785
0.000785
0.000785
0.000785
0.000785
0.000784
0.000784
0.000784
0.000784
0.000784
0.000784
0.000784
0.000783
0.000783
0.000783
0.000783
0.000783
0.000782
0.000782
0.000782
0.000782
0.000782
0.000781
0.000781
0.000781
0.000781
0.000780
0.000780
0.000780
0.000780
0.000779
0.000779
0.000779
0.000779
0.000779
0.000779
0.000779
0.000779
0.000779
0.000778
0.000778
0.000778
0.000778
0.000778
0.000778
0.000778
0.000778
0.000778
0.000777
0.000777
0.000777
0.000777
0.000777
0.000777
0.000777
0.000777
0.000776
0.000776
0.000776
0.000776
0.000776
0.000776
0.000776
0.000776
0.000776
0.000776
0.000775
0.000775
0.000775
0.000775
0.000775
0.000775
0.000775
0.000775
0.000774
0.000767
0.000755
0.000753
0.000753
0.000753
0.000753
0.000753
0.000753
0.000753
0.000753
0.000752
0.000752
0.000752
0.000752
0.000752
0.000752
0.000752
0.000752
0.000752
0.000751
0.000751
0.000751
0.000751
0.000751
0.000751
0.000751
0.000751
0.000750
0.000750
0.000750
0.000750
0.000750
0.000750
0.000750
0.000749
0.000749
0.000749
0.000749
0.000749
0.000749
0.000749
0.000749
0.000748
0.000748
0.000748
0.000748
0.000748
0.000748
0.000747
0.000747
0.000747
0.000747
0.000747
0.000746
0.000746
0.000746
0.000746
0.000746
0.000745
0.000745
0.000745
0.000745
0.000744
0.000744
0.000744
0.000743
0.000743
0.000743
0.000742
0.000742
0.000741
0.000741
0.000741
0.000740
0.000740
0.000739
0.000739
0.000738
0.000737
0.000737
0.000736
0.000735
0.000735
0.000734
0.000733
0.000732
0.000731
0.000729
0.000728
0.000727
0.000725
0.000724
0.000722
0.000721
0.000720
0.000718
0.000717
0.000716
0.000715
0.000714
