0.380481
0.115945
0.041207
0.019438
0.009249
0.005335
0.004026
0.003543
0.003235
0.003030
0.002885
0.002769
0.002665
0.002570
0.002476
0.002390
0.002314
0.002246
0.002189
0.002140
0.002099
0.002061
0.002028
0.001996
0.001966
0.001936
0.001907
0.001878
0.001851
0.001824
0.001800
0.001781
0.001765
0.001750
0.001735
0.001719
0.001704
0.001689
0.001676
0.001662
0.001647
0.001632
0.001618
0.001604
0.001591
0.001578
0.001567
0.001556
0.001547
0.001535
0.001522
0.001508
0.001494
0.001480
0.001466
0.001453
0.001441
0.001430
0.001420
0.001411
0.001401
0.001393
0.001387
0.001381
0.001375
0.001370
0.001365
0.001358
0.001352
0.001344
0.001338
0.001331
0.001327
0.001323
0.001319
0.001316
0.001312
0.001309
0.001305
0.001301
0.001295
0.001286
0.001274
0.001265
0.001257
0.001253
0.001253
0.001256
0.001260
0.001264
0.001267
0.001269
0.001268
0.001265
0.001261
0.001254
0.001249
0.001247
0.001247
0.001246
0.001164
0.001160
0.001138
0.001143
0.001140
0.001139
0.001139
0.001139
0.001138
0.001138
0.001137
0.001137
0.001137
0.001137
0.001137
0.001137
0.001137
0.001137
0.001137
0.001138
0.001138
0.001139
0.001140
0.001141
0.001141
0.001142
0.001143
0.001144
0.001145
0.001146
0.001147
0.001148
0.001149
0.001150
0.001150
0.001150
0.001151
0.001151
0.001150
0.001150
0.001150
0.001149
0.001149
0.001148
0.001147
0.001146
0.001146
0.001145
0.001144
0.001143
0.001143
0.001142
0.001141
0.001140
0.001139
0.001138
0.001138
0.001136
0.001135
0.001134
0.001132
0.001131
0.001129
0.001128
0.001127
0.001125
0.001124
0.001122
0.001121
0.001120
0.001119
0.001118
0.001117
0.001117
0.001117
0.001116
0.001115
0.001114
0.001113
0.001112
0.001112
0.001111
0.001110
0.001110
0.001108
0.001108
0.001107
0.001107
0.001107
0.001106
0.001106
0.001105
0.001105
0.001105
0.001104
0.001104
0.001104
0.001103
0.001103
0.001103
0.001046
0.001047
0.001053
0.001060
0.001063
0.001065
0.001064
0.001064
0.001063
0.001062
0.001060
0.001059
0.001058
0.001056
0.001055
0.001053
0.001052
0.001051
0.001049
0.001048
0.001046
0.001045
0.001044
0.001042
0.001041
0.001040
0.001039
0.001038
0.001037
0.001035
0.001034
0.001033
0.001032
0.001032
0.001031
0.001030
0.001029
0.001028
0.001028
0.001027
0.001026
0.001026
0.001025
0.001024
0.001024
0.001023
0.001023
0.001022
0.001022
0.001021
0.001021
0.001020
0.001020
0.001019
0.001019
0.001019
0.001018
0.001018
0.001017
0.001017
0.001017
0.001016
0.001016
0.001016
0.001016
0.001015
0.001015
0.001014
0.001014
0.001013
0.001013
0.001012
0.001012
0.001012
0.001011
0.001011
0.001010
0.001010
0.001010
0.001009
0.001009
0.001009
0.001008
0.001008
0.001008
0.001008
0.001007
0.001007
0.001007
0.001007
0.001006
0.001006
0.001006
0.001006
0.001006
0.001005
0.001005
0.001005
0.001005
0.001005
0.000998
0.001009
0.001009
0.001004
0.001002
0.001002
0.001003
0.001003
0.001003
0.001003
0.001003
0.001003
0.001002
0.001002
0.001002
0.001002
0.001002
0.001002
0.001002
0.001002
0.001002
0.001002
0.001002
0.001002
0.001002
0.001002
0.001002
0.001002
0.001002
0.001002
0.001002
0.001002
0.001002
0.001002
0.001002
0.001002
0.001002
0.001002
0.001002
0.001002
0.001002
0.001001
0.001001
0.001001
0.001001
0.001001
0.001001
0.001001
0.001001
0.001001
0.001001
0.001001
0.001001
0.001001
0.001000
0.001000
0.001000
0.001000
0.001000
0.001000
0.001000
0.000999
0.000999
0.000999
0.000999
0.000999
0.000999
0.000999
0.000999
0.000999
0.000998
0.000998
0.000998
0.000998
0.000998
0.000998
0.000998
0.000998
0.000998
0.000998
0.000998
0.000997
0.000997
0.000997
0.000997
0.000997
0.000997
0.000997
0.000997
0.000996
0.000996
0.000996
0.000996
0.000996
0.000996
0.000996
0.000996
0.000995
0.000995
0.000995
0.000998
0.000985
0.000976
0.000979
0.000978
0.000977
0.000978
0.000977
0.000977
0.000977
0.000977
0.000977
0.000977
0.000977
0.000977
0.000977
0.000977
0.000977
0.000977
0.000977
0.000977
0.000977
0.000977
0.000977
0.000977
0.000977
0.000977
0.000977
0.000977
0.000977
0.000976
0.000976
0.000976
0.000976
0.000976
0.000976
0.000976
0.000976
0.000976
0.000976
0.000976
0.000976
0.000976
0.000976
0.000976
0.000976
0.000976
0.000976
0.000976
0.000976
0.000976
0.000975
0.000975
0.000975
0.000975
0.000975
0.000975
0.000975
0.000975
0.000975
0.000975
0.000975
0.000975
0.000975
0.000975
0.000975
0.000975
0.000974
0.000974
0.000974
0.000974
0.000974
0.000974
0.000974
0.000974
0.000974
0.000974
0.000974
0.000973
0.000973
0.000973
0.000973
0.000973
0.000973
0.000973
0.000973
0.000973
0.000973
0.000973
0.000972
0.000972
0.000972
0.000972
0.000972
0.000972
0.000972
0.000972
0.000972
0.000972
0.000972
