0.491778
0.239252
0.063363
0.022835
0.012803
0.009896
0.008299
0.007249
0.006500
0.005945
0.005536
0.005220
0.004958
0.004736
0.004544
0.004378
0.004234
0.004104
0.003986
0.003870
0.003757
0.003647
0.003542
0.003442
0.003348
0.003256
0.003162
0.003066
0.002970
0.002878
0.002788
0.002704
0.002635
0.002573
0.002514
0.002456
0.002397
0.002338
0.002281
0.002227
0.002177
0.002132
0.002091
0.002053
0.002016
0.001981
0.001948
0.001916
0.001886
0.001858
0.001833
0.001812
0.001789
0.001767
0.001746
0.001726
0.001705
0.001682
0.001658
0.001635
0.001614
0.001593
0.001565
0.001536
0.001512
0.001490
0.001466
0.001440
0.001419
0.001397
0.001374
0.001351
0.001330
0.001314
0.001295
0.001272
0.001249
0.001228
0.001210
0.001198
0.001186
0.001173
0.001161
0.001145
0.001130
0.001114
0.001102
0.001092
0.001085
0.001078
0.001072
0.001065
0.001059
0.001053
0.001048
0.001044
0.001040
0.001035
0.001030
0.001026
0.000964
0.000910
0.000907
0.000899
0.000897
0.000895
0.000892
0.000890
0.000887
0.000885
0.000883
0.000881
0.000879
0.000877
0.000875
0.000873
0.000871
0.000869
0.000867
0.000866
0.000864
0.000863
0.000862
0.000860
0.000859
0.000858
0.000857
0.000855
0.000855
0.000853
0.000852
0.000851
0.000849
0.000848
0.000846
0.000845
0.000843
0.000842
0.000840
0.000838
0.000837
0.000835
0.000834
0.000832
0.000830
0.000829
0.000827
0.000825
0.000824
0.000822
0.000820
0.000819
0.000817
0.000815
0.000813
0.000812
0.000810
0.000808
0.000806
0.000805
0.000803
0.000801
0.000800
0.000799
0.000798
0.000797
0.000796
0.000795
0.000794
0.000794
0.000793
0.000792
0.000792
0.000791
0.000791
0.000790
0.000790
0.000789
0.000789
0.000788
0.000788
0.000788
0.000787
0.000787
0.000786
0.000786
0.000786
0.000785
0.000785
0.000785
0.000785
0.000785
0.000784
0.000784
0.000783
0.000783
0.000782
0.000782
0.000782
0.000781
0.000748
0.000736
0.000729
0.000730
0.000728
0.000728
0.000727
0.000727
0.000726
0.000726
0.000725
0.000725
0.000724
0.000724
0.000724
0.000723
0.000723
0.000722
0.000722
0.000722
0.000721
0.000721
0.000720
0.000720
0.000720
0.000719
0.000719
0.000719
0.000718
0.000718
0.000717
0.000717
0.000717
0.000717
0.000716
0.000716
0.000716
0.000715
0.000715
0.000715
0.000715
0.000714
0.000714
0.000714
0.000714
0.000714
0.000713
0.000713
0.000713
0.000713
0.000713
0.000712
0.000712
0.000712
0.000712
0.000711
0.000711
0.000711
0.000711
0.000711
0.000710
0.000710
0.000710
0.000710
0.000709
0.000709
0.000709
0.000709
0.000709
0.000708
0.000708
0.000708
0.000708
0.000707
0.000707
0.000707
0.000707
0.000706
0.000706
0.000706
0.000705
0.000704
0.000704
0.000704
0.000703
0.000703
0.000702
0.000702
0.000701
0.000701
0.000700
0.000700
0.000699
0.000699
0.000698
0.000698
0.000697
0.000697
0.000696
0.000696
0.000682
0.000684
0.000685
0.000685
0.000684
0.000683
0.000683
0.000683
0.000682
0.000682
0.000681
0.000681
0.000681
0.000680
0.000680
0.000679
0.000679
0.000678
0.000678
0.000678
0.000677
0.000677
0.000676
0.000676
0.000675
0.000675
0.000674
0.000674
0.000674
0.000673
0.000673
0.000672
0.000672
0.000671
0.000671
0.000670
0.000670
0.000670
0.000669
0.000669
0.000668
0.000668
0.000667
0.000667
0.000667
0.000666
0.000666
0.000665
0.000665
0.000665
0.000664
0.000664
0.000663
0.000663
0.000663
0.000662
0.000662
0.000662
0.000661
0.000661
0.000660
0.000660
0.000660
0.000659
0.000659
0.000659
0.000658
0.000658
0.000657
0.000657
0.000657
0.000656
0.000656
0.000656
0.000655
0.000655
0.000655
0.000654
0.000654
0.000654
0.000653
0.000653
0.000653
0.000652
0.000652
0.000652
0.000651
0.000651
0.000651
0.000650
0.000650
0.000650
0.000649
0.000649
0.000649
0.000648
0.000648
0.000648
0.000647
0.000647
0.000645
0.000652
0.000655
0.000656
0.000656
0.000655
0.000654
0.000654
0.000654
0.000653
0.000653
0.000653
0.000652
0.000652
0.000652
0.000652
0.000651
0.000651
0.000651
0.000651
0.000651
0.000651
0.000650
0.000650
0.000650
0.000650
0.000650
0.000650
0.000649
0.000649
0.000649
0.000649
0.000649
0.000648
0.000648
0.000648
0.000648
0.000648
0.000648
0.000647
0.000647
0.000647
0.000647
0.000647
0.000647
0.000647
0.000647
0.000646
0.000646
0.000646
0.000646
0.000646
0.000646
0.000646
0.000646
0.000645
0.000645
0.000645
0.000645
0.000645
0.000645
0.000645
0.000644
0.000644
0.000644
0.000644
0.000644
0.000644
0.000644
0.000644
0.000643
0.000643
0.000643
0.000643
0.000643
0.000643
0.000643
0.000643
0.000642
0.000642
0.000642
0.000642
0.000642
0.000642
0.000642
0.000641
0.000641
0.000641
0.000641
0.000641
0.000641
0.000641
0.000641
0.000640
0.000640
0.000640
0.000640
0.000640
0.000640
0.000640
