0.400273
0.182850
0.103950
0.072153
0.053941
0.041825
0.032063
0.022019
0.013189
0.008845
0.007319
0.006603
0.006109
0.005679
0.005323
0.005073
0.004912
0.004795
0.004691
0.004592
0.004495
0.004400
0.004300
0.004202
0.004111
0.004025
0.003949
0.003879
0.003814
0.003753
0.003696
0.003643
0.003589
0.003539
0.003488
0.003435
0.003380
0.003325
0.003267
0.003211
0.003153
0.003096
0.003037
0.002977
0.002919
0.002857
0.002792
0.002724
0.002653
0.002560
0.002423
0.002298
0.002206
0.002097
0.001997
0.001887
0.001763
0.001663
0.001596
0.001544
0.001500
0.001461
0.001425
0.001395
0.001369
0.001344
0.001322
0.001304
0.001288
0.001273
0.001256
0.001242
0.001229
0.001217
0.001206
0.001194
0.001184
0.001173
0.001163
0.001153
0.001145
0.001136
0.001129
0.001122
0.001114
0.001107
0.001100
0.001093
0.001086
0.001079
0.001074
0.001067
0.001062
0.001057
0.001051
0.001045
0.001040
0.001035
0.001031
0.001025
0.000964
0.000942
0.000934
0.000931
0.000931
0.000929
0.000928
0.000927
0.000926
0.000925
0.000924
0.000923
0.000922
0.000920
0.000919
0.000918
0.000916
0.000914
0.000912
0.000910
0.000908
0.000906
0.000903
0.000901
0.000899
0.000896
0.000894
0.000892
0.000890
0.000889
0.000887
0.000886
0.000884
0.000882
0.000881
0.000880
0.000878
0.000877
0.000876
0.000874
0.000873
0.000871
0.000870
0.000869
0.000867
0.000866
0.000865
0.000863
0.000862
0.000860
0.000859
0.000858
0.000857
0.000856
0.000855
0.000854
0.000853
0.000852
0.000851
0.000850
0.000849
0.000848
0.000847
0.000847
0.000846
0.000845
0.000845
0.000844
0.000844
0.000843
0.000843
0.000842
0.000842
0.000841
0.000841
0.000840
0.000840
0.000839
0.000839
0.000840
0.000839
0.000839
0.000838
0.000838
0.000837
0.000837
0.000836
0.000836
0.000835
0.000835
0.000834
0.000833
0.000833
0.000832
0.000832
0.000830
0.000830
0.000829
0.000828
0.000828
0.000799
0.000801
0.000798
0.000797
0.000797
0.000797
0.000797
0.000796
0.000796
0.000796
0.000796
0.000795
0.000795
0.000795
0.000795
0.000795
0.000795
0.000794
0.000794
0.000794
0.000794
0.000794
0.000794
0.000794
0.000794
0.000794
0.000794
0.000794
0.000794
0.000794
0.000794
0.000794
0.000794
0.000793
0.000793
0.000793
0.000793
0.000793
0.000793
0.000793
0.000793
0.000793
0.000792
0.000792
0.000792
0.000792
0.000792
0.000792
0.000792
0.000791
0.000791
0.000791
0.000791
0.000791
0.000790
0.000790
0.000790
0.000790
0.000790
0.000790
0.000789
0.000789
0.000789
0.000788
0.000788
0.000788
0.000788
0.000787
0.000787
0.000787
0.000787
0.000786
0.000786
0.000786
0.000786
0.000785
0.000785
0.000785
0.000785
0.000784
0.000784
0.000784
0.000784
0.000783
0.000783
0.000783
0.000783
0.000783
0.000782
0.000782
0.000782
0.000782
0.000782
0.000781
0.000781
0.000781
0.000781
0.000781
0.000780
0.000780
0.000771
0.000768
0.000770
0.000772
0.000772
0.000772
0.000772
0.000773
0.000773
0.000773
0.000773
0.000773
0.000773
0.000773
0.000773
0.000774
0.000774
0.000774
0.000774
0.000774
0.000773
0.000773
0.000773
0.000773
0.000773
0.000773
0.000773
0.000773
0.000773
0.000773
0.000772
0.000772
0.000772
0.000772
0.000772
0.000772
0.000771
0.000771
0.000771
0.000771
0.000771
0.000771
0.000771
0.000771
0.000770
0.000770
0.000770
0.000770
0.000770
0.000770
0.000770
0.000770
0.000770
0.000769
0.000769
0.000769
0.000769
0.000769
0.000769
0.000769
0.000769
0.000769
0.000769
0.000769
0.000768
0.000768
0.000768
0.000768
0.000768
0.000768
0.000768
0.000768
0.000768
0.000768
0.000768
0.000767
0.000767
0.000767
0.000767
0.000767
0.000767
0.000767
0.000767
0.000767
0.000767
0.000767
0.000767
0.000767
0.000767
0.000767
0.000767
0.000767
0.000767
0.000766
0.000766
0.000766
0.000766
0.000766
0.000766
0.000766
0.000762
0.000755
0.000752
0.000753
0.000753
0.000753
0.000753
0.000753
0.000753
0.000753
0.000753
0.000753
0.000753
0.000753
0.000753
0.000753
0.000753
0.000753
0.000753
0.000753
0.000753
0.000753
0.000753
0.000753
0.000753
0.000753
0.000753
0.000753
0.000753
0.000753
0.000753
0.000753
0.000753
0.000753
0.000753
0.000753
0.000753
0.000753
0.000753
0.000753
0.000753
0.000753
0.000753
0.000753
0.000753
0.000753
0.000753
0.000753
0.000753
0.000753
0.000753
0.000753
0.000753
0.000753
0.000753
0.000753
0.000753
0.000753
0.000753
0.000753
0.000753
0.000753
0.000753
0.000753
0.000753
0.000753
0.000753
0.000753
0.000753
0.000753
0.000753
0.000753
0.000753
0.000753
0.000753
0.000753
0.000753
0.000753
0.000753
0.000753
0.000753
0.000753
0.000753
0.000753
0.000753
0.000753
0.000753
0.000753
0.000753
0.000752
0.000752
0.000752
0.000752
0.000752
0.000752
0.000752
0.000752
0.000752
0.000752
0.000752
