0.432622
0.233099
0.101506
0.042678
0.020337
0.013635
0.011390
0.009796
0.008660
0.007868
0.007421
0.007163
0.006973
0.006813
0.006666
0.006531
0.006419
0.006327
0.006244
0.006167
0.006094
0.006026
0.005959
0.005894
0.005832
0.005771
0.005712
0.005653
0.005595
0.005538
0.005482
0.005426
0.005371
0.005317
0.005263
0.005207
0.005152
0.005095
0.005035
0.004971
0.004905
0.004835
0.004758
0.004670
0.004570
0.004452
0.004322
0.004183
0.004042
0.003901
0.003762
0.003632
0.003518
0.003423
0.003343
0.003273
0.003208
0.003150
0.003097
0.003046
0.002998
0.002953
0.002910
0.002868
0.002831
0.002795
0.002761
0.002728
0.002697
0.002668
0.002640
0.002612
0.002585
0.002558
0.002532
0.002506
0.002480
0.002454
0.002430
0.002406
0.002382
0.002358
0.002336
0.002312
0.002288
0.002261
0.002235
0.002204
0.002170
0.002130
0.002085
0.002038
0.001989
0.001940
0.001898
0.001861
0.001825
0.001793
0.001763
0.001732
0.001664
0.001671
0.001671
0.001654
0.001634
0.001615
0.001598
0.001582
0.001566
0.001551
0.001537
0.001522
0.001509
0.001495
0.001483
0.001471
0.001459
0.001448
0.001437
0.001427
0.001417
0.001407
0.001397
0.001387
0.001378
0.001369
0.001360
0.001351
0.001343
0.001334
0.001326
0.001318
0.001311
0.001303
0.001296
0.001288
0.001281
0.001274
0.001267
0.001260
0.001254
0.001247
0.001241
0.001235
0.001229
0.001224
0.001218
0.001213
0.001207
0.001202
0.001197
0.001192
0.001188
0.001183
0.001179
0.001174
0.001170
0.001165
0.001161
0.001157
0.001153
0.001149
0.001145
0.001142
0.001138
0.001134
0.001131
0.001128
0.001124
0.001121
0.001118
0.001114
0.001111
0.001108
0.001105
0.001103
0.001100
0.001098
0.001095
0.001093
0.001090
0.001088
0.001086
0.001084
0.001081
0.001079
0.001077
0.001075
0.001073
0.001071
0.001069
0.001067
0.001065
0.001064
0.001062
0.001060
0.001058
0.001057
0.001055
0.001053
0.001036
0.001047
0.001053
0.001052
0.001051
0.001049
0.001049
0.001048
0.001047
0.001046
0.001045
0.001045
0.001044
0.001043
0.001042
0.001042
0.001041
0.001040
0.001040
0.001039
0.001038
0.001037
0.001037
0.001036
0.001035
0.001035
0.001034
0.001034
0.001033
0.001032
0.001032
0.001031
0.001030
0.001030
0.001029
0.001029
0.001028
0.001028
0.001027
0.001027
0.001026
0.001026
0.001025
0.001024
0.001024
0.001023
0.001022
0.001022
0.001021
0.001021
0.001020
0.001019
0.001019
0.001018
0.001018
0.001017
0.001017
0.001016
0.001016
0.001016
0.001015
0.001015
0.001014
0.001014
0.001013
0.001013
0.001012
0.001012
0.001011
0.001011
0.001010
0.001010
0.001009
0.001009
0.001009
0.001008
0.001008
0.001007
0.001007
0.001006
0.001006
0.001005
0.001005
0.001004
0.001004
0.001003
0.001003
0.001002
0.001002
0.001001
0.001001
0.001001
0.001000
0.001000
0.000999
0.000999
0.000998
0.000998
0.000998
0.000997
0.000984
0.000980
0.000975
0.000974
0.000974
0.000974
0.000974
0.000974
0.000974
0.000974
0.000973
0.000973
0.000973
0.000973
0.000973
0.000973
0.000973
0.000973
0.000973
0.000973
0.000973
0.000972
0.000972
0.000972
0.000972
0.000972
0.000972
0.000972
0.000972
0.000972
0.000972
0.000972
0.000971
0.000971
0.000971
0.000971
0.000971
0.000971
0.000971
0.000971
0.000971
0.000971
0.000971
0.000971
0.000970
0.000970
0.000970
0.000970
0.000970
0.000970
0.000970
0.000970
0.000970
0.000970
0.000970
0.000970
0.000969
0.000969
0.000969
0.000969
0.000969
0.000969
0.000969
0.000969
0.000969
0.000969
0.000969
0.000969
0.000968
0.000968
0.000968
0.000968
0.000968
0.000968
0.000968
0.000968
0.000968
0.000968
0.000968
0.000968
0.000967
0.000967
0.000967
0.000967
0.000967
0.000967
0.000967
0.000967
0.000967
0.000967
0.000967
0.000966
0.000966
0.000966
0.000966
0.000966
0.000966
0.000966
0.000966
0.000966
0.000960
0.000953
0.000954
0.000953
0.000953
0.000953
0.000953
0.000953
0.000953
0.000953
0.000953
0.000952
0.000952
0.000952
0.000952
0.000952
0.000952
0.000952
0.000952
0.000952
0.000952
0.000952
0.000952
0.000952
0.000952
0.000952
0.000952
0.000952
0.000951
0.000951
0.000951
0.000951
0.000951
0.000951
0.000951
0.000951
0.000951
0.000951
0.000951
0.000951
0.000951
0.000951
0.000951
0.000951
0.000951
0.000951
0.000951
0.000950
0.000950
0.000950
0.000950
0.000950
0.000950
0.000950
0.000950
0.000950
0.000950
0.000950
0.000950
0.000950
0.000950
0.000950
0.000950
0.000950
0.000950
0.000950
0.000950
0.000949
0.000949
0.000949
0.000949
0.000949
0.000949
0.000949
0.000949
0.000949
0.000949
0.000949
0.000949
0.000949
0.000949
0.000949
0.000949
0.000949
0.000949
0.000949
0.000949
0.000948
0.000948
0.000948
0.000948
0.000948
0.000948
0.000948
0.000948
0.000948
0.000948
0.000948
0.000948
0.000948
