0.276805
0.067822
0.034481
0.020539
0.014636
0.010857
0.007774
0.005423
0.004139
0.003623
0.003305
0.003044
0.002817
0.002631
0.002477
0.002363
0.002266
0.002181
0.002112
0.002054
0.002006
0.001952
0.001906
0.001867
0.001828
0.001792
0.001764
0.001737
0.001711
0.001684
0.001659
0.001633
0.001609
0.001593
0.001576
0.001558
0.001541
0.001525
0.001509
0.001492
0.001475
0.001460
0.001446
0.001433
0.001419
0.001406
0.001398
0.001387
0.001378
0.001371
0.001364
0.001356
0.001348
0.001340
0.001332
0.001327
0.001321
0.001313
0.001308
0.001304
0.001299
0.001293
0.001286
0.001278
0.001271
0.001267
0.001261
0.001256
0.001252
0.001247
0.001240
0.001232
0.001225
0.001218
0.001212
0.001206
0.001199
0.001191
0.001187
0.001182
0.001178
0.001174
0.001170
0.001168
0.001166
0.001164
0.001162
0.001158
0.001155
0.001152
0.001150
0.001147
0.001145
0.001142
0.001138
0.001136
0.001132
0.001128
0.001124
0.001120
0.001031
0.000998
0.001007
0.001005
0.001002
0.000998
0.000996
0.000994
0.000993
0.000991
0.000989
0.000987
0.000986
0.000985
0.000984
0.000983
0.000981
0.000980
0.000979
0.000978
0.000977
0.000976
0.000975
0.000974
0.000973
0.000972
0.000971
0.000970
0.000969
0.000969
0.000968
0.000967
0.000966
0.000966
0.000965
0.000964
0.000964
0.000963
0.000963
0.000962
0.000962
0.000962
0.000962
0.000961
0.000961
0.000961
0.000961
0.000961
0.000961
0.000960
0.000961
0.000961
0.000960
0.000961
0.000962
0.000962
0.000961
0.000962
0.000963
0.000962
0.000963
0.000963
0.000964
0.000965
0.000964
0.000964
0.000965
0.000966
0.000966
0.000966
0.000967
0.000967
0.000968
0.000969
0.000969
0.000970
0.000970
0.000971
0.000972
0.000971
0.000971
0.000972
0.000973
0.000973
0.000973
0.000972
0.000972
0.000972
0.000972
0.000973
0.000974
0.000974
0.000975
0.000974
0.000975
0.000975
0.000975
0.000974
0.000974
0.000974
0.000936
0.000938
0.000947
0.000953
0.000956
0.000958
0.000959
0.000960
0.000960
0.000960
0.000959
0.000959
0.000958
0.000958
0.000957
0.000957
0.000956
0.000956
0.000955
0.000955
0.000954
0.000954
0.000953
0.000953
0.000952
0.000952
0.000951
0.000950
0.000950
0.000949
0.000949
0.000949
0.000948
0.000947
0.000946
0.000946
0.000945
0.000944
0.000944
0.000943
0.000942
0.000942
0.000941
0.000940
0.000939
0.000938
0.000938
0.000937
0.000936
0.000935
0.000934
0.000933
0.000932
0.000931
0.000930
0.000930
0.000929
0.000928
0.000927
0.000926
0.000925
0.000924
0.000924
0.000923
0.000922
0.000921
0.000920
0.000919
0.000918
0.000917
0.000917
0.000916
0.000915
0.000914
0.000914
0.000913
0.000912
0.000911
0.000911
0.000910
0.000909
0.000909
0.000908
0.000907
0.000907
0.000906
0.000906
0.000905
0.000905
0.000904
0.000904
0.000903
0.000902
0.000902
0.000902
0.000901
0.000901
0.000900
0.000900
0.000900
0.000900
0.000908
0.000903
0.000901
0.000902
0.000902
0.000903
0.000903
0.000903
0.000904
0.000904
0.000905
0.000905
0.000906
0.000907
0.000907
0.000908
0.000909
0.000910
0.000912
0.000913
0.000915
0.000917
0.000919
0.000921
0.000923
0.000926
0.000929
0.000931
0.000934
0.000936
0.000937
0.000936
0.000935
0.000932
0.000928
0.000925
0.000921
0.000918
0.000916
0.000914
0.000913
0.000912
0.000911
0.000911
0.000910
0.000909
0.000909
0.000909
0.000908
0.000908
0.000908
0.000907
0.000907
0.000907
0.000907
0.000906
0.000906
0.000906
0.000906
0.000905
0.000905
0.000905
0.000905
0.000905
0.000905
0.000905
0.000905
0.000904
0.000904
0.000904
0.000904
0.000904
0.000904
0.000904
0.000904
0.000903
0.000903
0.000903
0.000903
0.000903
0.000903
0.000903
0.000902
0.000902
0.000902
0.000902
0.000902
0.000902
0.000902
0.000902
0.000902
0.000902
0.000902
0.000902
0.000901
0.000901
0.000901
0.000901
0.000901
0.000885
0.000878
0.000875
0.000875
0.000874
0.000874
0.000874
0.000874
0.000874
0.000874
0.000874
0.000874
0.000874
0.000874
0.000874
0.000874
0.000874
0.000874
0.000874
0.000874
0.000874
0.000874
0.000874
0.000874
0.000874
0.000874
0.000873
0.000873
0.000873
0.000873
0.000873
0.000873
0.000873
0.000873
0.000873
0.000873
0.000873
0.000873
0.000873
0.000873
0.000873
0.000873
0.000873
0.000873
0.000873
0.000873
0.000873
0.000873
0.000873
0.000873
0.000873
0.000873
0.000873
0.000873
0.000873
0.000873
0.000873
0.000873
0.000873
0.000873
0.000873
0.000873
0.000873
0.000873
0.000873
0.000873
0.000873
0.000873
0.000873
0.000873
0.000873
0.000873
0.000873
0.000873
0.000873
0.000873
0.000872
0.000873
0.000872
0.000873
0.000872
0.000873
0.000872
0.000872
0.000872
0.000872
0.000872
0.000872
0.000872
0.000872
0.000872
0.000872
0.000872
0.000872
0.000872
0.000872
0.000872
0.000872
0.000872
0.000872
