0.381709
0.203612
0.073786
0.039443
0.028600
0.020534
0.014655
0.010419
0.007687
0.005955
0.004832
0.004133
0.003710
0.003445
0.003291
0.003189
0.003104
0.003031
0.002970
0.002913
0.002859
0.002807
0.002757
0.002706
0.002654
0.002602
0.002552
0.002501
0.002454
0.002411
0.002368
0.002328
0.002290
0.002253
0.002218
0.002186
0.002155
0.002125
0.002097
0.002069
0.002044
0.002020
0.001996
0.001976
0.001956
0.001934
0.001913
0.001894
0.001875
0.001858
0.001840
0.001824
0.001811
0.001795
0.001781
0.001769
0.001756
0.001742
0.001729
0.001717
0.001705
0.001693
0.001681
0.001673
0.001662
0.001649
0.001639
0.001627
0.001616
0.001605
0.001595
0.001586
0.001576
0.001565
0.001554
0.001544
0.001535
0.001527
0.001518
0.001510
0.001501
0.001493
0.001486
0.001480
0.001472
0.001464
0.001458
0.001451
0.001444
0.001437
0.001431
0.001424
0.001418
0.001411
0.001405
0.001399
0.001393
0.001388
0.001384
0.001379
0.001348
0.001376
0.001396
0.001407
0.001413
0.001414
0.001413
0.001410
0.001405
0.001398
0.001391
0.001384
0.001378
0.001372
0.001366
0.001362
0.001358
0.001354
0.001351
0.001348
0.001346
0.001343
0.001341
0.001340
0.001338
0.001336
0.001334
0.001332
0.001330
0.001329
0.001327
0.001325
0.001323
0.001321
0.001319
0.001317
0.001315
0.001313
0.001312
0.001310
0.001309
0.001308
0.001306
0.001305
0.001303
0.001301
0.001299
0.001297
0.001295
0.001294
0.001292
0.001291
0.001289
0.001288
0.001287
0.001286
0.001285
0.001284
0.001282
0.001281
0.001280
0.001279
0.001278
0.001277
0.001276
0.001275
0.001274
0.001272
0.001271
0.001270
0.001269
0.001268
0.001267
0.001266
0.001265
0.001264
0.001263
0.001262
0.001261
0.001260
0.001259
0.001257
0.001256
0.001254
0.001253
0.001251
0.001250
0.001249
0.001248
0.001247
0.001246
0.001245
0.001243
0.001242
0.001241
0.001240
0.001238
0.001237
0.001235
0.001235
0.001209
0.001196
0.001201
0.001207
0.001205
0.001202
0.001198
0.001193
0.001189
0.001186
0.001184
0.001182
0.001181
0.001180
0.001179
0.001178
0.001177
0.001176
0.001176
0.001175
0.001174
0.001173
0.001173
0.001172
0.001171
0.001171
0.001170
0.001170
0.001169
0.001169
0.001167
0.001168
0.001166
0.001167
0.001165
0.001166
0.001164
0.001164
0.001163
0.001163
0.001162
0.001163
0.001161
0.001162
0.001160
0.001161
0.001160
0.001160
0.001159
0.001159
0.001158
0.001158
0.001157
0.001157
0.001156
0.001156
0.001155
0.001155
0.001154
0.001154
0.001153
0.001153
0.001152
0.001152
0.001151
0.001151
0.001150
0.001150
0.001149
0.001149
0.001148
0.001148
0.001148
0.001147
0.001147
0.001146
0.001146
0.001146
0.001145
0.001145
0.001144
0.001144
0.001144
0.001143
0.001143
0.001142
0.001142
0.001141
0.001141
0.001140
0.001140
0.001140
0.001139
0.001139
0.001138
0.001138
0.001138
0.001137
0.001137
0.001137
0.001117
0.001113
0.001108
0.001107
0.001107
0.001107
0.001107
0.001107
0.001106
0.001106
0.001106
0.001106
0.001106
0.001105
0.001105
0.001105
0.001105
0.001105
0.001104
0.001104
0.001104
0.001104
0.001104
0.001103
0.001103
0.001103
0.001103
0.001103
0.001102
0.001102
0.001102
0.001102
0.001102
0.001102
0.001101
0.001101
0.001101
0.001101
0.001101
0.001100
0.001100
0.001100
0.001100
0.001100
0.001100
0.001099
0.001099
0.001099
0.001099
0.001099
0.001098
0.001098
0.001098
0.001098
0.001098
0.001097
0.001097
0.001097
0.001097
0.001097
0.001097
0.001096
0.001096
0.001096
0.001096
0.001095
0.001095
0.001095
0.001095
0.001095
0.001095
0.001094
0.001094
0.001094
0.001094
0.001094
0.001093
0.001093
0.001093
0.001093
0.001093
0.001092
0.001092
0.001092
0.001092
0.001092
0.001092
0.001091
0.001091
0.001091
0.001091
0.001090
0.001090
0.001090
0.001090
0.001090
0.001090
0.001089
0.001089
0.001089
0.001083
0.001082
0.001083
0.001083
0.001083
0.001082
0.001082
0.001082
0.001082
0.001082
0.001082
0.001082
0.001081
0.001081
0.001081
0.001081
0.001081
0.001081
0.001080
0.001080
0.001080
0.001080
0.001080
0.001080
0.001080
0.001080
0.001079
0.001079
0.001079
0.001079
0.001079
0.001079
0.001078
0.001078
0.001078
0.001078
0.001078
0.001078
0.001078
0.001078
0.001077
0.001077
0.001077
0.001077
0.001077
0.001077
0.001077
0.001076
0.001076
0.001076
0.001076
0.001076
0.001076
0.001076
0.001075
0.001075
0.001075
0.001075
0.001075
0.001075
0.001075
0.001074
0.001074
0.001074
0.001074
0.001074
0.001074
0.001074
0.001073
0.001073
0.001073
0.001073
0.001073
0.001073
0.001073
0.001072
0.001072
0.001072
0.001072
0.001072
0.001072
0.001072
0.001072
0.001071
0.001071
0.001071
0.001071
0.001071
0.001071
0.001071
0.001070
0.001070
0.001070
0.001070
0.001070
0.001070
0.001070
0.001069
0.001069
0.001069
