0.462988
0.371076
0.268595
0.186203
0.130945
0.103077
0.084147
0.069296
0.057338
0.047640
0.039896
0.033701
0.028690
0.024652
0.021468
0.018897
0.016826
0.015153
0.013788
0.012660
0.011736
0.010959
0.010291
0.009729
0.009242
0.008825
0.008451
0.008129
0.007852
0.007624
0.007421
0.007242
0.007089
0.006952
0.006812
0.006683
0.006581
0.006485
0.006403
0.006328
0.006262
0.006206
0.006145
0.006091
0.006044
0.005996
0.005945
0.005914
0.005879
0.005841
0.005806
0.005778
0.005748
0.005721
0.005694
0.005672
0.005654
0.005638
0.005617
0.005593
0.005571
0.005552
0.005535
0.005519
0.005499
0.005471
0.005457
0.005454
0.005451
0.005436
0.005421
0.005418
0.005414
0.005406
0.005396
0.005383
0.005381
0.005374
0.005364
0.005359
0.005353
0.005344
0.005335
0.005328
0.005320
0.005310
0.005303
0.005297
0.005294
0.005288
0.005282
0.005274
0.005264
0.005255
0.005247
0.005241
0.005235
0.005229
0.005222
0.005215
0.005152
0.005175
0.005195
0.005196
0.005190
0.005183
0.005177
0.005171
0.005167
0.005162
0.005157
0.005152
0.005148
0.005144
0.005139
0.005135
0.005131
0.005127
0.005122
0.005119
0.005115
0.005110
0.005105
0.005100
0.005096
0.005091
0.005088
0.005083
0.005079
0.005075
0.005069
0.005065
0.005061
0.005056
0.005052
0.005047
0.005043
0.005037
0.005032
0.005027
0.005022
0.005017
0.005012
0.005007
0.005001
0.004996
0.004991
0.004986
0.004981
0.004976
0.004971
0.004966
0.004960
0.004954
0.004948
0.004942
0.004936
0.004930
0.004924
0.004918
0.004912
0.004905
0.004901
0.004895
0.004888
0.004881
0.004873
0.004864
0.004857
0.004849
0.004842
0.004834
0.004827
0.004819
0.004811
0.004802
0.004794
0.004786
0.004777
0.004769
0.004761
0.004751
0.004743
0.004733
0.004722
0.004711
0.004699
0.004687
0.004675
0.004663
0.004649
0.004635
0.004620
0.004605
0.004589
0.004571
0.004554
0.004535
0.004515
0.004494
0.004432
0.004390
0.004360
0.004353
0.004338
0.004324
0.004313
0.004300
0.004286
0.004270
0.004254
0.004237
0.004220
0.004204
0.004186
0.004167
0.004149
0.004130
0.004110
0.004089
0.004068
0.004046
0.004024
0.004001
0.003979
0.003956
0.003934
0.003912
0.003890
0.003866
0.003844
0.003821
0.003797
0.003773
0.003749
0.003725
0.003701
0.003676
0.003650
0.003627
0.003604
0.003581
0.003558
0.003536
0.003514
0.003492
0.003471
0.003450
0.003430
0.003410
0.003390
0.003369
0.003350
0.003330
0.003309
0.003289
0.003269
0.003250
0.003231
0.003212
0.003193
0.003174
0.003155
0.003135
0.003116
0.003096
0.003076
0.003057
0.003037
0.003018
0.002998
0.002978
0.002959
0.002941
0.002921
0.002903
0.002885
0.002866
0.002849
0.002832
0.002815
0.002798
0.002783
0.002767
0.002752
0.002737
0.002723
0.002709
0.002696
0.002683
0.002671
0.002659
0.002648
0.002637
0.002627
0.002618
0.002608
0.002600
0.002591
0.002583
0.002562
0.002567
0.002567
0.002561
0.002556
0.002551
0.002547
0.002543
0.002540
0.002536
0.002533
0.002530
0.002527
0.002524
0.002520
0.002517
0.002514
0.002511
0.002508
0.002506
0.002503
0.002500
0.002497
0.002495
0.002492
0.002489
0.002487
0.002484
0.002482
0.002480
0.002478
0.002475
0.002473
0.002470
0.002467
0.002466
0.002463
0.002461
0.002459
0.002457
0.002455
0.002453
0.002450
0.002449
0.002447
0.002445
0.002443
0.002441
0.002440
0.002438
0.002436
0.002434
0.002433
0.002431
0.002429
0.002428
0.002426
0.002424
0.002423
0.002421
0.002420
0.002418
0.002417
0.002415
0.002414
0.002413
0.002411
0.002410
0.002408
0.002407
0.002406
0.002404
0.002403
0.002401
0.002400
0.002399
0.002397
0.002396
0.002395
0.002394
0.002393
0.002392
0.002390
0.002389
0.002388
0.002386
0.002386
0.002384
0.002383
0.002382
0.002381
0.002380
0.002379
0.002377
0.002377
0.002375
0.002374
0.002373
0.002372
0.002371
0.002361
0.002360
0.002360
0.002363
0.002364
0.002363
0.002363
0.002363
0.002362
0.002362
0.002362
0.002361
0.002361
0.002360
0.002360
0.002359
0.002359
0.002358
0.002358
0.002357
0.002357
0.002356
0.002356
0.002355
0.002355
0.002354
0.002354
0.002353
0.002353
0.002352
0.002352
0.002351
0.002351
0.002350
0.002350
0.002349
0.002349
0.002348
0.002348
0.002347
0.002347
0.002346
0.002346
0.002345
0.002344
0.002344
0.002343
0.002343
0.002342
0.002342
0.002342
0.002341
0.002341
0.002340
0.002340
0.002339
0.002339
0.002338
0.002338
0.002337
0.002337
0.002336
0.002336
0.002335
0.002335
0.002334
0.002334
0.002334
0.002333
0.002333
0.002332
0.002332
0.002331
0.002331
0.002331
0.002330
0.002330
0.002329
0.002329
0.002328
0.002328
0.002328
0.002327
0.002326
0.002326
0.002326
0.002325
0.002325
0.002324
0.002324
0.002324
0.002323
0.002323
0.002322
0.002322
0.002321
0.002321
0.002321
0.002320
0.002320
