0.419704
0.175228
0.064882
0.045232
0.029909
0.019851
0.013633
0.009955
0.008190
0.007494
0.007162
0.006937
0.006732
0.006537
0.006351
0.006173
0.006002
0.005833
0.005668
0.005510
0.005361
0.005223
0.005085
0.004951
0.004822
0.004699
0.004582
0.004467
0.004350
0.004230
0.004112
0.003997
0.003887
0.003783
0.003680
0.003580
0.003479
0.003381
0.003282
0.003183
0.003082
0.002978
0.002865
0.002741
0.002614
0.002490
0.002376
0.002283
0.002207
0.002142
0.002084
0.002033
0.001986
0.001941
0.001899
0.001858
0.001819
0.001783
0.001748
0.001716
0.001687
0.001660
0.001637
0.001617
0.001599
0.001584
0.001570
0.001558
0.001548
0.001538
0.001528
0.001519
0.001511
0.001504
0.001497
0.001491
0.001485
0.001479
0.001475
0.001470
0.001465
0.001461
0.001457
0.001453
0.001450
0.001447
0.001444
0.001441
0.001438
0.001436
0.001434
0.001431
0.001429
0.001427
0.001425
0.001423
0.001420
0.001419
0.001417
0.001416
0.001364
0.001366
0.001369
0.001367
0.001366
0.001365
0.001363
0.001362
0.001361
0.001361
0.001360
0.001359
0.001357
0.001356
0.001355
0.001354
0.001353
0.001352
0.001351
0.001350
0.001349
0.001348
0.001348
0.001346
0.001346
0.001345
0.001344
0.001343
0.001343
0.001342
0.001341
0.001340
0.001339
0.001338
0.001338
0.001337
0.001336
0.001336
0.001335
0.001334
0.001334
0.001333
0.001332
0.001332
0.001331
0.001331
0.001330
0.001330
0.001329
0.001329
0.001328
0.001328
0.001327
0.001327
0.001326
0.001326
0.001326
0.001325
0.001325
0.001324
0.001324
0.001323
0.001323
0.001322
0.001322
0.001322
0.001321
0.001321
0.001320
0.001320
0.001319
0.001319
0.001318
0.001318
0.001317
0.001317
0.001316
0.001315
0.001315
0.001314
0.001314
0.001313
0.001312
0.001312
0.001311
0.001310
0.001310
0.001309
0.001309
0.001308
0.001307
0.001306
0.001306
0.001305
0.001305
0.001304
0.001303
0.001303
0.001302
0.001301
0.001292
0.001304
0.001310
0.001312
0.001313
0.001313
0.001313
0.001313
0.001313
0.001312
0.001312
0.001311
0.001310
0.001310
0.001309
0.001308
0.001307
0.001307
0.001306
0.001305
0.001304
0.001304
0.001303
0.001302
0.001302
0.001301
0.001301
0.001300
0.001300
0.001299
0.001299
0.001298
0.001298
0.001297
0.001297
0.001296
0.001296
0.001296
0.001295
0.001295
0.001294
0.001294
0.001293
0.001293
0.001292
0.001292
0.001292
0.001291
0.001291
0.001290
0.001290
0.001290
0.001289
0.001289
0.001288
0.001288
0.001288
0.001288
0.001287
0.001287
0.001286
0.001286
0.001285
0.001285
0.001285
0.001284
0.001284
0.001284
0.001283
0.001283
0.001283
0.001282
0.001282
0.001281
0.001281
0.001280
0.001280
0.001280
0.001279
0.001279
0.001279
0.001278
0.001278
0.001277
0.001277
0.001277
0.001276
0.001276
0.001275
0.001275
0.001275
0.001274
0.001274
0.001274
0.001273
0.001273
0.001272
0.001272
0.001272
0.001272
0.001257
0.001243
0.001237
0.001237
0.001237
0.001237
0.001237
0.001237
0.001236
0.001236
0.001236
0.001236
0.001236
0.001236
0.001236
0.001236
0.001235
0.001235
0.001235
0.001235
0.001235
0.001235
0.001235
0.001235
0.001235
0.001235
0.001234
0.001234
0.001234
0.001234
0.001234
0.001234
0.001234
0.001234
0.001234
0.001233
0.001233
0.001233
0.001233
0.001233
0.001233
0.001233
0.001233
0.001233
0.001233
0.001233
0.001233
0.001232
0.001232
0.001232
0.001232
0.001232
0.001232
0.001232
0.001232
0.001232
0.001232
0.001231
0.001231
0.001231
0.001231
0.001231
0.001231
0.001231
0.001231
0.001231
0.001231
0.001230
0.001230
0.001230
0.001230
0.001230
0.001230
0.001230
0.001230
0.001230
0.001230
0.001229
0.001229
0.001229
0.001229
0.001229
0.001229
0.001229
0.001229
0.001229
0.001229
0.001229
0.001228
0.001228
0.001228
0.001228
0.001228
0.001228
0.001228
0.001228
0.001228
0.001228
0.001227
0.001227
0.001221
0.001220
0.001220
0.001220
0.001220
0.001219
0.001219
0.001219
0.001219
0.001219
0.001219
0.001219
0.001219
0.001219
0.001219
0.001219
0.001218
0.001218
0.001218
0.001218
0.001218
0.001218
0.001218
0.001218
0.001218
0.001218
0.001218
0.001217
0.001217
0.001217
0.001217
0.001217
0.001217
0.001217
0.001217
0.001217
0.001217
0.001216
0.001216
0.001216
0.001216
0.001216
0.001216
0.001216
0.001216
0.001216
0.001216
0.001215
0.001215
0.001215
0.001215
0.001215
0.001215
0.001215
0.001215
0.001215
0.001215
0.001214
0.001214
0.001214
0.001214
0.001214
0.001214
0.001214
0.001214
0.001214
0.001214
0.001214
0.001213
0.001213
0.001213
0.001213
0.001213
0.001213
0.001213
0.001213
0.001213
0.001213
0.001212
0.001212
0.001212
0.001212
0.001212
0.001212
0.001212
0.001212
0.001212
0.001212
0.001211
0.001211
0.001211
0.001211
0.001211
0.001211
0.001211
0.001211
0.001211
0.001211
0.001211
0.001210
