0.456421
0.301968
0.162047
0.047079
0.023592
0.014413
0.011048
0.009496
0.008486
0.007695
0.007006
0.006544
0.006227
0.005953
0.005709
0.005492
0.005302
0.005136
0.004987
0.004850
0.004726
0.004612
0.004506
0.004405
0.004307
0.004210
0.004112
0.004015
0.003919
0.003827
0.003737
0.003652
0.003573
0.003502
0.003437
0.003376
0.003319
0.003267
0.003219
0.003172
0.003130
0.003090
0.003051
0.003016
0.002981
0.002948
0.002916
0.002886
0.002857
0.002830
0.002804
0.002778
0.002754
0.002730
0.002707
0.002684
0.002662
0.002640
0.002618
0.002599
0.002579
0.002559
0.002541
0.002522
0.002505
0.002487
0.002469
0.002452
0.002434
0.002417
0.002401
0.002385
0.002368
0.002351
0.002333
0.002315
0.002295
0.002274
0.002251
0.002227
0.002203
0.002175
0.002145
0.002118
0.002089
0.002061
0.002031
0.002002
0.001974
0.001946
0.001919
0.001887
0.001859
0.001828
0.001802
0.001778
0.001755
0.001733
0.001716
0.001699
0.001651
0.001665
0.001678
0.001678
0.001672
0.001665
0.001659
0.001652
0.001646
0.001639
0.001633
0.001626
0.001619
0.001613
0.001608
0.001602
0.001597
0.001591
0.001586
0.001580
0.001575
0.001570
0.001566
0.001561
0.001555
0.001550
0.001545
0.001541
0.001536
0.001531
0.001527
0.001522
0.001517
0.001512
0.001507
0.001502
0.001498
0.001493
0.001489
0.001485
0.001480
0.001476
0.001472
0.001469
0.001465
0.001462
0.001458
0.001454
0.001451
0.001447
0.001443
0.001440
0.001436
0.001433
0.001430
0.001427
0.001424
0.001421
0.001418
0.001416
0.001412
0.001410
0.001407
0.001406
0.001403
0.001400
0.001398
0.001396
0.001394
0.001391
0.001389
0.001387
0.001385
0.001383
0.001381
0.001380
0.001378
0.001376
0.001375
0.001372
0.001370
0.001369
0.001367
0.001366
0.001364
0.001362
0.001361
0.001359
0.001358
0.001356
0.001354
0.001352
0.001351
0.001348
0.001346
0.001343
0.001338
0.001331
0.001324
0.001319
0.001314
0.001328
0.001324
0.001323
0.001322
0.001320
0.001320
0.001319
0.001318
0.001317
0.001316
0.001315
0.001315
0.001314
0.001313
0.001312
0.001311
0.001310
0.001309
0.001308
0.001307
0.001306
0.001305
0.001305
0.001304
0.001303
0.001302
0.001302
0.001300
0.001300
0.001298
0.001298
0.001296
0.001295
0.001294
0.001292
0.001291
0.001290
0.001288
0.001287
0.001286
0.001285
0.001284
0.001282
0.001281
0.001280
0.001279
0.001277
0.001276
0.001274
0.001272
0.001270
0.001269
0.001268
0.001266
0.001265
0.001264
0.001262
0.001260
0.001259
0.001257
0.001256
0.001254
0.001253
0.001251
0.001249
0.001248
0.001246
0.001245
0.001243
0.001242
0.001239
0.001238
0.001236
0.001234
0.001232
0.001231
0.001229
0.001227
0.001225
0.001223
0.001220
0.001218
0.001216
0.001213
0.001210
0.001208
0.001205
0.001202
0.001200
0.001197
0.001195
0.001193
0.001190
0.001187
0.001184
0.001182
0.001179
0.001175
0.001172
0.001160
0.001149
0.001141
0.001139
0.001138
0.001136
0.001134
0.001133
0.001131
0.001129
0.001128
0.001126
0.001124
0.001122
0.001120
0.001118
0.001116
0.001114
0.001112
0.001110
0.001107
0.001105
0.001103
0.001100
0.001098
0.001095
0.001092
0.001090
0.001087
0.001084
0.001081
0.001078
0.001074
0.001071
0.001068
0.001065
0.001062
0.001059
0.001056
0.001052
0.001050
0.001047
0.001044
0.001041
0.001038
0.001035
0.001033
0.001030
0.001028
0.001025
0.001023
0.001020
0.001018
0.001016
0.001014
0.001012
0.001009
0.001007
0.001005
0.001003
0.001001
0.000999
0.000997
0.000995
0.000993
0.000991
0.000989
0.000987
0.000986
0.000984
0.000982
0.000981
0.000979
0.000977
0.000976
0.000974
0.000973
0.000972
0.000970
0.000968
0.000967
0.000965
0.000963
0.000962
0.000961
0.000959
0.000958
0.000956
0.000955
0.000954
0.000953
0.000951
0.000950
0.000948
0.000947
0.000946
0.000945
0.000943
0.000942
0.000941
0.000933
0.000927
0.000927
0.000926
0.000925
0.000925
0.000924
0.000923
0.000922
0.000922
0.000921
0.000920
0.000919
0.000918
0.000918
0.000917
0.000916
0.000915
0.000914
0.000913
0.000912
0.000911
0.000910
0.000909
0.000908
0.000907
0.000907
0.000906
0.000905
0.000904
0.000903
0.000901
0.000900
0.000899
0.000898
0.000897
0.000896
0.000895
0.000894
0.000893
0.000892
0.000891
0.000890
0.000889
0.000888
0.000887
0.000886
0.000885
0.000884
0.000883
0.000882
0.000881
0.000880
0.000879
0.000878
0.000877
0.000876
0.000874
0.000873
0.000872
0.000871
0.000870
0.000868
0.000867
0.000866
0.000865
0.000863
0.000862
0.000860
0.000858
0.000857
0.000855
0.000853
0.000851
0.000849
0.000847
0.000844
0.000842
0.000840
0.000838
0.000835
0.000833
0.000831
0.000828
0.000826
0.000824
0.000821
0.000819
0.000817
0.000814
0.000812
0.000810
0.000807
0.000805
0.000802
0.000800
0.000797
0.000795
0.000792
0.000790
