0.528974
0.456240
0.394663
0.298838
0.201137
0.104241
0.058962
0.037808
0.028307
0.022692
0.018401
0.014924
0.012179
0.010138
0.008887
0.008278
0.008038
0.007946
0.007892
0.007855
0.007831
0.007809
0.007789
0.007770
0.007751
0.007734
0.007718
0.007702
0.007685
0.007667
0.007649
0.007629
0.007610
0.007593
0.007577
0.007561
0.007543
0.007524
0.007503
0.007485
0.007466
0.007445
0.007425
0.007405
0.007383
0.007359
0.007331
0.007300
0.007262
0.007214
0.007156
0.007092
0.007017
0.006936
0.006854
0.006778
0.006705
0.006640
0.006583
0.006532
0.006483
0.006438
0.006397
0.006358
0.006324
0.006285
0.006248
0.006213
0.006176
0.006138
0.006103
0.006065
0.006031
0.005993
0.005955
0.005914
0.005872
0.005830
0.005788
0.005745
0.005700
0.005662
0.005625
0.005589
0.005556
0.005523
0.005490
0.005459
0.005431
0.005403
0.005376
0.005356
0.005337
0.005319
0.005303
0.005290
0.005279
0.005267
0.005258
0.005250
0.005184
0.005117
0.005106
0.005105
0.005099
0.005098
0.005095
0.005093
0.005091
0.005088
0.005086
0.005084
0.005082
0.005080
0.005077
0.005075
0.005073
0.005071
0.005069
0.005067
0.005064
0.005062
0.005060
0.005058
0.005056
0.005054
0.005051
0.005049
0.005047
0.005044
0.005042
0.005040
0.005037
0.005034
0.005031
0.005027
0.005024
0.005020
0.005015
0.005011
0.005005
0.005001
0.004996
0.004989
0.004984
0.004978
0.004970
0.004963
0.004956
0.004947
0.004937
0.004927
0.004915
0.004903
0.004888
0.004869
0.004849
0.004828
0.004805
0.004780
0.004753
0.004676
0.004509
0.004093
0.003455
0.003063
0.002892
0.002815
0.002765
0.002726
0.002692
0.002662
0.002636
0.002614
0.002595
0.002579
0.002565
0.002551
0.002538
0.002526
0.002515
0.002506
0.002497
0.002488
0.002482
0.002475
0.002468
0.002463
0.002457
0.002453
0.002447
0.002443
0.002439
0.002434
0.002430
0.002426
0.002422
0.002418
0.002415
0.002411
0.002395
0.002385
0.002382
0.002377
0.002377
0.002375
0.002373
0.002371
0.002370
0.002368
0.002367
0.002365
0.002364
0.002362
0.002361
0.002360
0.002358
0.002356
0.002355
0.002353
0.002352
0.002351
0.002349
0.002348
0.002347
0.002345
0.002344
0.002342
0.002341
0.002339
0.002338
0.002336
0.002335
0.002334
0.002332
0.002331
0.002330
0.002328
0.002327
0.002325
0.002324
0.002323
0.002322
0.002321
0.002319
0.002318
0.002317
0.002316
0.002314
0.002313
0.002312
0.002311
0.002310
0.002308
0.002307
0.002306
0.002305
0.002303
0.002302
0.002301
0.002300
0.002299
0.002297
0.002296
0.002295
0.002294
0.002293
0.002292
0.002291
0.002289
0.002288
0.002287
0.002286
0.002285
0.002284
0.002283
0.002282
0.002280
0.002279
0.002278
0.002277
0.002276
0.002275
0.002273
0.002273
0.002271
0.002270
0.002269
0.002268
0.002267
0.002266
0.002264
0.002263
0.002262
0.002261
0.002260
0.002259
0.002258
0.002256
0.002256
0.002243
0.002247
0.002249
0.002248
0.002247
0.002246
0.002245
0.002244
0.002244
0.002243
0.002242
0.002242
0.002241
0.002240
0.002240
0.002239
0.002238
0.002238
0.002237
0.002236
0.002236
0.002235
0.002234
0.002234
0.002233
0.002232
0.002231
0.002231
0.002230
0.002229
0.002228
0.002227
0.002227
0.002226
0.002225
0.002225
0.002224
0.002224
0.002223
0.002222
0.002221
0.002221
0.002220
0.002219
0.002218
0.002218
0.002217
0.002216
0.002215
0.002215
0.002214
0.002213
0.002213
0.002212
0.002211
0.002211
0.002210
0.002209
0.002209
0.002208
0.002207
0.002207
0.002206
0.002205
0.002205
0.002204
0.002203
0.002203
0.002202
0.002201
0.002201
0.002200
0.002199
0.002199
0.002198
0.002197
0.002197
0.002196
0.002195
0.002195
0.002194
0.002193
0.002193
0.002192
0.002191
0.002190
0.002190
0.002189
0.002189
0.002188
0.002187
0.002186
0.002185
0.002185
0.002184
0.002183
0.002183
0.002182
0.002181
0.002181
0.002176
0.002182
0.002184
0.002183
0.002182
0.002181
0.002180
0.002180
0.002179
0.002179
0.002178
0.002178
0.002178
0.002178
0.002177
0.002177
0.002176
0.002176
0.002175
0.002175
0.002175
0.002174
0.002174
0.002174
0.002173
0.002173
0.002173
0.002172
0.002172
0.002172
0.002171
0.002171
0.002170
0.002170
0.002170
0.002170
0.002169
0.002169
0.002168
0.002168
0.002168
0.002167
0.002167
0.002166
0.002166
0.002166
0.002165
0.002165
0.002165
0.002164
0.002164
0.002164
0.002163
0.002163
0.002163
0.002162
0.002162
0.002162
0.002161
0.002161
0.002160
0.002160
0.002160
0.002159
0.002159
0.002158
0.002158
0.002158
0.002157
0.002157
0.002156
0.002156
0.002156
0.002155
0.002155
0.002155
0.002154
0.002154
0.002153
0.002153
0.002152
0.002152
0.002151
0.002151
0.002151
0.002150
0.002150
0.002149
0.002149
0.002149
0.002148
0.002148
0.002147
0.002147
0.002147
0.002146
0.002146
0.002145
0.002145
0.002144
