0.416102
0.154481
0.044797
0.024961
0.013905
0.006431
0.003802
0.003499
0.003079
0.002857
0.002665
0.002480
0.002313
0.002162
0.002049
0.001972
0.001913
0.001874
0.001844
0.001823
0.001804
0.001786
0.001773
0.001760
0.001743
0.001720
0.001695
0.001672
0.001654
0.001631
0.001606
0.001585
0.001566
0.001548
0.001531
0.001511
0.001491
0.001473
0.001454
0.001438
0.001421
0.001409
0.001393
0.001379
0.001363
0.001347
0.001333
0.001323
0.001314
0.001304
0.001295
0.001285
0.001275
0.001266
0.001259
0.001250
0.001242
0.001235
0.001228
0.001221
0.001215
0.001209
0.001204
0.001201
0.001196
0.001192
0.001187
0.001184
0.001178
0.001173
0.001166
0.001160
0.001152
0.001143
0.001135
0.001127
0.001117
0.001106
0.001094
0.001083
0.001073
0.001065
0.001059
0.001055
0.001053
0.001052
0.001052
0.001053
0.001055
0.001055
0.001054
0.001052
0.001049
0.001046
0.001042
0.001039
0.001035
0.001031
0.001027
0.001023
0.000987
0.000994
0.001001
0.000999
0.000999
0.000999
0.000999
0.000998
0.000997
0.000995
0.000995
0.000993
0.000993
0.000992
0.000992
0.000992
0.000991
0.000991
0.000991
0.000991
0.000991
0.000991
0.000991
0.000990
0.000991
0.000991
0.000990
0.000990
0.000990
0.000990
0.000989
0.000989
0.000989
0.000988
0.000987
0.000986
0.000986
0.000985
0.000985
0.000985
0.000985
0.000985
0.000984
0.000983
0.000983
0.000983
0.000982
0.000982
0.000982
0.000981
0.000981
0.000980
0.000980
0.000979
0.000978
0.000978
0.000977
0.000977
0.000976
0.000976
0.000976
0.000975
0.000975
0.000974
0.000974
0.000974
0.000973
0.000973
0.000972
0.000972
0.000972
0.000972
0.000972
0.000972
0.000972
0.000972
0.000972
0.000972
0.000973
0.000973
0.000974
0.000974
0.000975
0.000975
0.000975
0.000976
0.000977
0.000977
0.000978
0.000978
0.000979
0.000980
0.000981
0.000981
0.000982
0.000983
0.000984
0.000984
0.000985
0.000986
0.000936
0.000920
0.000921
0.000928
0.000933
0.000933
0.000933
0.000932
0.000930
0.000929
0.000928
0.000927
0.000927
0.000926
0.000925
0.000924
0.000924
0.000923
0.000922
0.000921
0.000921
0.000921
0.000920
0.000920
0.000919
0.000919
0.000919
0.000918
0.000918
0.000918
0.000917
0.000917
0.000917
0.000917
0.000917
0.000917
0.000917
0.000917
0.000917
0.000917
0.000917
0.000917
0.000917
0.000917
0.000917
0.000917
0.000917
0.000917
0.000917
0.000917
0.000917
0.000917
0.000917
0.000917
0.000917
0.000916
0.000915
0.000915
0.000915
0.000915
0.000914
0.000914
0.000914
0.000914
0.000914
0.000914
0.000914
0.000914
0.000914
0.000914
0.000913
0.000913
0.000913
0.000913
0.000913
0.000913
0.000912
0.000912
0.000912
0.000912
0.000912
0.000911
0.000911
0.000911
0.000911
0.000911
0.000911
0.000911
0.000910
0.000910
0.000910
0.000910
0.000910
0.000910
0.000909
0.000909
0.000909
0.000909
0.000909
0.000909
0.000904
0.000906
0.000904
0.000903
0.000904
0.000904
0.000904
0.000904
0.000904
0.000903
0.000903
0.000903
0.000903
0.000902
0.000902
0.000902
0.000902
0.000902
0.000901
0.000901
0.000901
0.000901
0.000901
0.000901
0.000900
0.000900
0.000900
0.000900
0.000900
0.000900
0.000900
0.000900
0.000899
0.000899
0.000899
0.000899
0.000899
0.000899
0.000898
0.000899
0.000898
0.000898
0.000898
0.000898
0.000898
0.000898
0.000898
0.000898
0.000898
0.000897
0.000897
0.000897
0.000898
0.000897
0.000897
0.000897
0.000897
0.000897
0.000897
0.000897
0.000897
0.000897
0.000897
0.000897
0.000896
0.000896
0.000896
0.000896
0.000896
0.000896
0.000896
0.000895
0.000895
0.000895
0.000895
0.000895
0.000895
0.000895
0.000895
0.000894
0.000894
0.000894
0.000894
0.000894
0.000894
0.000894
0.000893
0.000893
0.000894
0.000893
0.000893
0.000893
0.000893
0.000893
0.000893
0.000892
0.000892
0.000892
0.000892
0.000892
0.000887
0.000876
0.000872
0.000874
0.000873
0.000873
0.000873
0.000873
0.000873
0.000873
0.000873
0.000873
0.000873
0.000873
0.000873
0.000873
0.000873
0.000873
0.000872
0.000872
0.000872
0.000872
0.000872
0.000872
0.000872
0.000872
0.000872
0.000872
0.000872
0.000872
0.000872
0.000872
0.000872
0.000872
0.000872
0.000872
0.000872
0.000872
0.000872
0.000872
0.000872
0.000872
0.000871
0.000871
0.000871
0.000871
0.000871
0.000871
0.000871
0.000871
0.000871
0.000871
0.000871
0.000871
0.000871
0.000871
0.000871
0.000871
0.000871
0.000871
0.000871
0.000871
0.000870
0.000870
0.000870
0.000870
0.000870
0.000870
0.000870
0.000870
0.000870
0.000870
0.000870
0.000870
0.000870
0.000870
0.000870
0.000870
0.000870
0.000869
0.000869
0.000869
0.000869
0.000869
0.000869
0.000869
0.000869
0.000869
0.000869
0.000869
0.000869
0.000869
0.000869
0.000868
0.000868
0.000868
0.000868
0.000868
0.000868
0.000868
