0.383909
0.135231
0.042286
0.022648
0.011932
0.006253
0.004668
0.004022
0.003561
0.003314
0.003135
0.003011
0.002918
0.002843
0.002778
0.002718
0.002659
0.002600
0.002539
0.002474
0.002395
0.002315
0.002244
0.002179
0.002118
0.002060
0.002006
0.001952
0.001899
0.001845
0.001793
0.001746
0.001702
0.001662
0.001627
0.001593
0.001561
0.001530
0.001501
0.001472
0.001445
0.001420
0.001397
0.001378
0.001361
0.001346
0.001332
0.001319
0.001306
0.001293
0.001279
0.001265
0.001253
0.001242
0.001231
0.001222
0.001212
0.001202
0.001195
0.001186
0.001179
0.001173
0.001168
0.001164
0.001159
0.001154
0.001148
0.001143
0.001138
0.001133
0.001130
0.001127
0.001124
0.001121
0.001118
0.001116
0.001113
0.001110
0.001109
0.001106
0.001103
0.001100
0.001098
0.001096
0.001094
0.001093
0.001091
0.001089
0.001088
0.001088
0.001089
0.001087
0.001083
0.001080
0.001077
0.001076
0.001074
0.001073
0.001071
0.001068
0.000983
0.000978
0.000976
0.000983
0.000982
0.000983
0.000982
0.000980
0.000979
0.000977
0.000975
0.000974
0.000972
0.000970
0.000969
0.000967
0.000966
0.000965
0.000964
0.000962
0.000962
0.000961
0.000960
0.000959
0.000959
0.000958
0.000958
0.000958
0.000957
0.000957
0.000957
0.000956
0.000956
0.000956
0.000956
0.000956
0.000955
0.000955
0.000955
0.000954
0.000954
0.000954
0.000953
0.000953
0.000953
0.000952
0.000952
0.000952
0.000952
0.000952
0.000952
0.000952
0.000952
0.000952
0.000952
0.000951
0.000951
0.000950
0.000950
0.000950
0.000950
0.000949
0.000949
0.000948
0.000948
0.000948
0.000948
0.000948
0.000948
0.000947
0.000947
0.000947
0.000947
0.000946
0.000946
0.000945
0.000945
0.000945
0.000945
0.000944
0.000944
0.000944
0.000944
0.000944
0.000944
0.000944
0.000943
0.000943
0.000942
0.000942
0.000942
0.000942
0.000942
0.000942
0.000941
0.000941
0.000940
0.000940
0.000940
0.000940
0.000925
0.000934
0.000940
0.000941
0.000941
0.000941
0.000942
0.000942
0.000943
0.000943
0.000942
0.000942
0.000942
0.000942
0.000941
0.000941
0.000941
0.000941
0.000941
0.000940
0.000940
0.000940
0.000940
0.000939
0.000939
0.000939
0.000938
0.000938
0.000938
0.000938
0.000938
0.000937
0.000937
0.000937
0.000937
0.000936
0.000936
0.000936
0.000936
0.000935
0.000935
0.000935
0.000935
0.000934
0.000934
0.000933
0.000933
0.000932
0.000932
0.000932
0.000932
0.000931
0.000931
0.000930
0.000930
0.000929
0.000929
0.000929
0.000928
0.000928
0.000928
0.000928
0.000928
0.000928
0.000927
0.000927
0.000927
0.000927
0.000926
0.000926
0.000926
0.000926
0.000925
0.000925
0.000925
0.000925
0.000924
0.000924
0.000924
0.000923
0.000923
0.000923
0.000923
0.000922
0.000922
0.000922
0.000922
0.000922
0.000921
0.000921
0.000921
0.000921
0.000921
0.000920
0.000920
0.000920
0.000920
0.000919
0.000919
0.000919
0.000897
0.000879
0.000876
0.000876
0.000875
0.000875
0.000875
0.000875
0.000875
0.000875
0.000875
0.000875
0.000875
0.000875
0.000874
0.000874
0.000874
0.000874
0.000874
0.000874
0.000874
0.000874
0.000874
0.000874
0.000874
0.000874
0.000874
0.000874
0.000873
0.000873
0.000873
0.000873
0.000873
0.000873
0.000873
0.000873
0.000873
0.000873
0.000873
0.000873
0.000873
0.000873
0.000873
0.000873
0.000873
0.000873
0.000873
0.000873
0.000873
0.000873
0.000873
0.000873
0.000873
0.000873
0.000873
0.000873
0.000873
0.000873
0.000873
0.000873
0.000873
0.000873
0.000873
0.000873
0.000873
0.000873
0.000873
0.000873
0.000873
0.000873
0.000873
0.000873
0.000873
0.000873
0.000873
0.000873
0.000873
0.000873
0.000873
0.000873
0.000873
0.000873
0.000873
0.000873
0.000873
0.000873
0.000873
0.000873
0.000873
0.000873
0.000873
0.000873
0.000873
0.000873
0.000873
0.000873
0.000873
0.000873
0.000873
0.000873
0.000865
0.000863
0.000862
0.000861
0.000861
0.000861
0.000861
0.000861
0.000861
0.000861
0.000861
0.000860
0.000860
0.000860
0.000860
0.000860
0.000860
0.000860
0.000860
0.000860
0.000860
0.000860
0.000860
0.000860
0.000860
0.000859
0.000859
0.000859
0.000859
0.000859
0.000859
0.000859
0.000859
0.000859
0.000859
0.000859
0.000859
0.000859
0.000858
0.000858
0.000858
0.000858
0.000858
0.000858
0.000858
0.000858
0.000858
0.000858
0.000858
0.000858
0.000858
0.000857
0.000857
0.000857
0.000857
0.000857
0.000857
0.000857
0.000857
0.000857
0.000857
0.000857
0.000857
0.000857
0.000857
0.000857
0.000856
0.000856
0.000856
0.000856
0.000856
0.000856
0.000856
0.000856
0.000856
0.000856
0.000856
0.000856
0.000856
0.000856
0.000856
0.000856
0.000856
0.000855
0.000855
0.000855
0.000855
0.000855
0.000855
0.000855
0.000855
0.000855
0.000855
0.000855
0.000855
0.000855
0.000855
0.000855
0.000855
0.000855
