0.488330
0.357955
0.252276
0.185475
0.092937
0.027687
0.015679
0.011849
0.009857
0.008708
0.007935
0.007422
0.007089
0.006877
0.006733
0.006626
0.006540
0.006461
0.006391
0.006334
0.006282
0.006230
0.006181
0.006134
0.006091
0.006047
0.006007
0.005968
0.005930
0.005890
0.005852
0.005817
0.005782
0.005746
0.005707
0.005673
0.005640
0.005608
0.005572
0.005539
0.005506
0.005472
0.005441
0.005408
0.005375
0.005343
0.005312
0.005285
0.005255
0.005227
0.005198
0.005170
0.005144
0.005120
0.005095
0.005071
0.005048
0.005027
0.005003
0.004981
0.004959
0.004940
0.004920
0.004900
0.004880
0.004858
0.004841
0.004823
0.004805
0.004787
0.004768
0.004749
0.004731
0.004717
0.004697
0.004678
0.004659
0.004642
0.004624
0.004607
0.004590
0.004573
0.004556
0.004537
0.004520
0.004501
0.004483
0.004464
0.004448
0.004430
0.004413
0.004393
0.004374
0.004355
0.004335
0.004314
0.004293
0.004275
0.004255
0.004231
0.004127
0.004075
0.004064
0.004039
0.004032
0.004018
0.004008
0.003997
0.003986
0.003974
0.003962
0.003950
0.003937
0.003924
0.003909
0.003895
0.003880
0.003866
0.003852
0.003837
0.003823
0.003810
0.003795
0.003780
0.003765
0.003749
0.003732
0.003711
0.003687
0.003656
0.003618
0.003576
0.003532
0.003491
0.003457
0.003429
0.003402
0.003377
0.003353
0.003331
0.003310
0.003290
0.003271
0.003253
0.003236
0.003219
0.003203
0.003187
0.003173
0.003159
0.003146
0.003134
0.003121
0.003108
0.003096
0.003084
0.003072
0.003061
0.003050
0.003039
0.003028
0.003017
0.003005
0.002994
0.002983
0.002973
0.002961
0.002950
0.002939
0.002928
0.002916
0.002905
0.002893
0.002882
0.002869
0.002857
0.002845
0.002834
0.002822
0.002810
0.002799
0.002788
0.002777
0.002767
0.002757
0.002746
0.002736
0.002726
0.002716
0.002706
0.002695
0.002685
0.002675
0.002664
0.002654
0.002645
0.002635
0.002626
0.002618
0.002609
0.002585
0.002581
0.002580
0.002574
0.002568
0.002563
0.002558
0.002553
0.002548
0.002544
0.002539
0.002534
0.002529
0.002524
0.002519
0.002515
0.002510
0.002505
0.002501
0.002496
0.002492
0.002487
0.002482
0.002478
0.002473
0.002469
0.002464
0.002459
0.002454
0.002450
0.002445
0.002441
0.002437
0.002432
0.002428
0.002424
0.002420
0.002416
0.002412
0.002408
0.002403
0.002399
0.002395
0.002391
0.002387
0.002384
0.002380
0.002376
0.002372
0.002368
0.002365
0.002361
0.002357
0.002354
0.002350
0.002347
0.002343
0.002340
0.002337
0.002333
0.002330
0.002327
0.002324
0.002321
0.002318
0.002315
0.002311
0.002309
0.002306
0.002303
0.002300
0.002298
0.002295
0.002292
0.002290
0.002287
0.002284
0.002282
0.002279
0.002277
0.002275
0.002272
0.002270
0.002267
0.002265
0.002263
0.002261
0.002259
0.002257
0.002254
0.002252
0.002249
0.002247
0.002245
0.002243
0.002241
0.002239
0.002237
0.002235
0.002232
0.002222
0.002224
0.002225
0.002226
0.002227
0.002226
0.002225
0.002224
0.002223
0.002222
0.002221
0.002220
0.002218
0.002217
0.002216
0.002215
0.002214
0.002213
0.002212
0.002211
0.002210
0.002209
0.002208
0.002206
0.002205
0.002204
0.002203
0.002202
0.002201
0.002200
0.002199
0.002198
0.002197
0.002196
0.002195
0.002194
0.002193
0.002192
0.002191
0.002190
0.002189
0.002188
0.002186
0.002185
0.002184
0.002183
0.002182
0.002181
0.002180
0.002179
0.002177
0.002176
0.002175
0.002174
0.002173
0.002172
0.002171
0.002170
0.002169
0.002168
0.002167
0.002166
0.002164
0.002163
0.002162
0.002161
0.002160
0.002159
0.002158
0.002156
0.002156
0.002154
0.002153
0.002152
0.002151
0.002150
0.002149
0.002147
0.002146
0.002145
0.002144
0.002143
0.002142
0.002140
0.002139
0.002138
0.002137
0.002136
0.002135
0.002134
0.002133
0.002132
0.002130
0.002129
0.002128
0.002127
0.002126
0.002125
0.002124
0.002123
0.002114
0.002118
0.002117
0.002119
0.002121
0.002121
0.002121
0.002121
0.002120
0.002119
0.002119
0.002118
0.002117
0.002116
0.002116
0.002115
0.002114
0.002113
0.002112
0.002112
0.002111
0.002110
0.002110
0.002109
0.002108
0.002107
0.002107
0.002106
0.002105
0.002105
0.002104
0.002103
0.002103
0.002102
0.002102
0.002101
0.002100
0.002100
0.002099
0.002098
0.002098
0.002097
0.002097
0.002096
0.002095
0.002095
0.002094
0.002093
0.002093
0.002092
0.002091
0.002091
0.002090
0.002089
0.002089
0.002088
0.002087
0.002087
0.002086
0.002086
0.002085
0.002084
0.002083
0.002083
0.002082
0.002081
0.002081
0.002080
0.002079
0.002079
0.002078
0.002077
0.002076
0.002076
0.002075
0.002075
0.002074
0.002073
0.002073
0.002072
0.002071
0.002071
0.002070
0.002069
0.002068
0.002068
0.002067
0.002066
0.002066
0.002065
0.002065
0.002064
0.002063
0.002063
0.002062
0.002061
0.002060
0.002060
0.002059
0.002058
