0.444884
0.207941
0.052346
0.030406
0.014919
0.006182
0.003802
0.003280
0.002892
0.002662
0.002518
0.002395
0.002294
0.002205
0.002125
0.002058
0.002001
0.001961
0.001936
0.001916
0.001896
0.001878
0.001860
0.001843
0.001827
0.001813
0.001798
0.001782
0.001765
0.001744
0.001723
0.001702
0.001682
0.001665
0.001649
0.001634
0.001621
0.001609
0.001598
0.001587
0.001575
0.001562
0.001549
0.001537
0.001527
0.001516
0.001506
0.001497
0.001487
0.001477
0.001468
0.001459
0.001450
0.001442
0.001434
0.001426
0.001417
0.001409
0.001402
0.001395
0.001388
0.001382
0.001375
0.001369
0.001363
0.001357
0.001350
0.001344
0.001336
0.001330
0.001322
0.001316
0.001309
0.001303
0.001296
0.001289
0.001282
0.001276
0.001268
0.001261
0.001253
0.001244
0.001237
0.001228
0.001221
0.001215
0.001208
0.001199
0.001191
0.001184
0.001176
0.001166
0.001156
0.001147
0.001140
0.001133
0.001126
0.001120
0.001113
0.001109
0.001092
0.001096
0.001070
0.001073
0.001069
0.001066
0.001064
0.001061
0.001059
0.001056
0.001054
0.001052
0.001050
0.001048
0.001046
0.001044
0.001042
0.001041
0.001038
0.001037
0.001035
0.001033
0.001031
0.001030
0.001028
0.001027
0.001026
0.001024
0.001023
0.001022
0.001020
0.001019
0.001017
0.001016
0.001015
0.001014
0.001012
0.001011
0.001010
0.001009
0.001008
0.001006
0.001005
0.001004
0.001003
0.001001
0.001000
0.000999
0.000997
0.000996
0.000994
0.000993
0.000991
0.000991
0.000989
0.000988
0.000986
0.000984
0.000983
0.000982
0.000980
0.000979
0.000978
0.000977
0.000976
0.000975
0.000974
0.000972
0.000971
0.000970
0.000969
0.000968
0.000967
0.000966
0.000964
0.000963
0.000962
0.000961
0.000961
0.000960
0.000959
0.000958
0.000957
0.000957
0.000956
0.000955
0.000954
0.000954
0.000953
0.000952
0.000951
0.000949
0.000949
0.000948
0.000947
0.000947
0.000946
0.000945
0.000944
0.000943
0.000911
0.000937
0.000954
0.000961
0.000963
0.000962
0.000961
0.000960
0.000959
0.000959
0.000958
0.000957
0.000957
0.000956
0.000956
0.000955
0.000955
0.000954
0.000953
0.000953
0.000952
0.000951
0.000951
0.000950
0.000949
0.000949
0.000948
0.000948
0.000947
0.000946
0.000946
0.000945
0.000944
0.000944
0.000943
0.000943
0.000942
0.000942
0.000941
0.000941
0.000940
0.000940
0.000939
0.000939
0.000939
0.000938
0.000938
0.000938
0.000938
0.000937
0.000937
0.000937
0.000937
0.000936
0.000936
0.000936
0.000936
0.000935
0.000935
0.000935
0.000935
0.000934
0.000934
0.000934
0.000934
0.000934
0.000934
0.000933
0.000933
0.000933
0.000933
0.000933
0.000933
0.000933
0.000933
0.000933
0.000933
0.000933
0.000933
0.000934
0.000934
0.000934
0.000934
0.000934
0.000934
0.000934
0.000934
0.000934
0.000934
0.000934
0.000934
0.000934
0.000935
0.000935
0.000935
0.000935
0.000934
0.000934
0.000934
0.000934
0.000910
0.000866
0.000862
0.000859
0.000858
0.000859
0.000858
0.000858
0.000858
0.000858
0.000858
0.000858
0.000858
0.000858
0.000858
0.000858
0.000858
0.000858
0.000858
0.000858
0.000858
0.000858
0.000858
0.000858
0.000858
0.000858
0.000858
0.000858
0.000858
0.000858
0.000858
0.000858
0.000858
0.000858
0.000858
0.000858
0.000858
0.000858
0.000858
0.000858
0.000858
0.000858
0.000858
0.000858
0.000858
0.000859
0.000859
0.000859
0.000859
0.000859
0.000859
0.000859
0.000859
0.000859
0.000859
0.000859
0.000859
0.000859
0.000859
0.000859
0.000860
0.000860
0.000860
0.000860
0.000860
0.000860
0.000860
0.000860
0.000860
0.000860
0.000860
0.000861
0.000861
0.000861
0.000861
0.000861
0.000861
0.000861
0.000861
0.000861
0.000862
0.000862
0.000862
0.000862
0.000862
0.000862
0.000862
0.000862
0.000862
0.000862
0.000863
0.000863
0.000863
0.000863
0.000863
0.000863
0.000863
0.000863
0.000863
0.000863
0.000852
0.000847
0.000847
0.000846
0.000846
0.000846
0.000846
0.000846
0.000846
0.000846
0.000846
0.000846
0.000846
0.000846
0.000846
0.000846
0.000846
0.000846
0.000845
0.000845
0.000845
0.000845
0.000845
0.000845
0.000845
0.000845
0.000845
0.000845
0.000845
0.000845
0.000845
0.000845
0.000845
0.000845
0.000845
0.000845
0.000845
0.000845
0.000845
0.000845
0.000845
0.000845
0.000845
0.000845
0.000845
0.000845
0.000845
0.000845
0.000845
0.000845
0.000845
0.000845
0.000845
0.000845
0.000845
0.000845
0.000844
0.000844
0.000844
0.000844
0.000844
0.000844
0.000844
0.000844
0.000844
0.000844
0.000844
0.000844
0.000844
0.000844
0.000844
0.000844
0.000844
0.000844
0.000844
0.000844
0.000844
0.000844
0.000844
0.000844
0.000844
0.000844
0.000844
0.000844
0.000844
0.000844
0.000844
0.000844
0.000844
0.000844
0.000844
0.000844
0.000844
0.000844
0.000844
0.000844
0.000844
0.000844
0.000844
0.000844
