0.452860
0.324693
0.204672
0.145873
0.112516
0.091198
0.074434
0.060524
0.048866
0.039981
0.033530
0.028393
0.024164
0.020309
0.017092
0.014786
0.013084
0.011754
0.010661
0.009762
0.008986
0.008348
0.007807
0.007336
0.006934
0.006589
0.006275
0.005983
0.005724
0.005498
0.005297
0.005120
0.004963
0.004820
0.004689
0.004560
0.004439
0.004342
0.004260
0.004176
0.004096
0.004018
0.003954
0.003889
0.003826
0.003770
0.003716
0.003672
0.003629
0.003582
0.003537
0.003497
0.003456
0.003418
0.003387
0.003353
0.003317
0.003277
0.003238
0.003198
0.003166
0.003136
0.003110
0.003078
0.003041
0.002995
0.002932
0.002833
0.002755
0.002693
0.002645
0.002597
0.002552
0.002511
0.002474
0.002444
0.002411
0.002377
0.002347
0.002320
0.002295
0.002273
0.002249
0.002223
0.002202
0.002182
0.002162
0.002145
0.002126
0.002110
0.002098
0.002087
0.002080
0.002068
0.002054
0.002043
0.002039
0.002029
0.002021
0.002016
0.001916
0.001887
0.001882
0.001877
0.001874
0.001871
0.001869
0.001864
0.001862
0.001857
0.001853
0.001850
0.001846
0.001842
0.001837
0.001834
0.001830
0.001825
0.001822
0.001818
0.001813
0.001809
0.001804
0.001801
0.001798
0.001792
0.001790
0.001786
0.001784
0.001781
0.001778
0.001775
0.001772
0.001768
0.001765
0.001761
0.001759
0.001756
0.001754
0.001750
0.001746
0.001743
0.001738
0.001734
0.001732
0.001728
0.001724
0.001721
0.001718
0.001716
0.001712
0.001710
0.001707
0.001705
0.001702
0.001700
0.001697
0.001695
0.001692
0.001690
0.001687
0.001685
0.001683
0.001681
0.001678
0.001676
0.001674
0.001672
0.001670
0.001669
0.001667
0.001665
0.001663
0.001661
0.001660
0.001658
0.001657
0.001655
0.001654
0.001652
0.001651
0.001650
0.001649
0.001648
0.001647
0.001646
0.001644
0.001644
0.001643
0.001641
0.001640
0.001639
0.001638
0.001636
0.001635
0.001634
0.001632
0.001631
0.001630
0.001628
0.001609
0.001620
0.001610
0.001607
0.001603
0.001602
0.001601
0.001600
0.001600
0.001599
0.001598
0.001597
0.001597
0.001596
0.001595
0.001594
0.001593
0.001593
0.001592
0.001591
0.001591
0.001590
0.001589
0.001589
0.001588
0.001587
0.001587
0.001586
0.001585
0.001584
0.001584
0.001583
0.001583
0.001583
0.001582
0.001581
0.001581
0.001580
0.001580
0.001579
0.001579
0.001578
0.001578
0.001577
0.001576
0.001576
0.001575
0.001574
0.001574
0.001573
0.001573
0.001572
0.001571
0.001571
0.001570
0.001569
0.001569
0.001568
0.001567
0.001567
0.001566
0.001565
0.001565
0.001564
0.001563
0.001563
0.001562
0.001561
0.001561
0.001560
0.001559
0.001559
0.001558
0.001557
0.001556
0.001556
0.001555
0.001554
0.001553
0.001553
0.001552
0.001551
0.001551
0.001550
0.001549
0.001548
0.001548
0.001547
0.001546
0.001545
0.001545
0.001544
0.001543
0.001542
0.001542
0.001541
0.001540
0.001539
0.001538
0.001537
0.001517
0.001512
0.001512
0.001515
0.001515
0.001515
0.001515
0.001515
0.001515
0.001515
0.001514
0.001514
0.001514
0.001513
0.001513
0.001513
0.001512
0.001512
0.001511
0.001511
0.001510
0.001510
0.001509
0.001509
0.001508
0.001507
0.001507
0.001506
0.001506
0.001505
0.001505
0.001504
0.001504
0.001503
0.001503
0.001502
0.001501
0.001501
0.001501
0.001500
0.001500
0.001499
0.001499
0.001498
0.001498
0.001497
0.001497
0.001496
0.001496
0.001496
0.001495
0.001494
0.001494
0.001494
0.001493
0.001493
0.001492
0.001492
0.001491
0.001491
0.001491
0.001490
0.001490
0.001490
0.001489
0.001489
0.001488
0.001488
0.001487
0.001487
0.001487
0.001486
0.001486
0.001485
0.001485
0.001485
0.001484
0.001484
0.001484
0.001483
0.001483
0.001483
0.001482
0.001482
0.001482
0.001481
0.001481
0.001481
0.001480
0.001480
0.001480
0.001479
0.001479
0.001479
0.001478
0.001478
0.001478
0.001477
0.001477
0.001477
0.001464
0.001456
0.001457
0.001458
0.001458
0.001458
0.001458
0.001457
0.001457
0.001457
0.001457
0.001457
0.001457
0.001457
0.001457
0.001456
0.001456
0.001456
0.001456
0.001456
0.001456
0.001455
0.001455
0.001455
0.001455
0.001455
0.001455
0.001455
0.001455
0.001454
0.001454
0.001454
0.001454
0.001454
0.001454
0.001453
0.001453
0.001453
0.001453
0.001453
0.001453
0.001453
0.001452
0.001452
0.001452
0.001452
0.001452
0.001451
0.001451
0.001451
0.001451
0.001451
0.001451
0.001450
0.001450
0.001450
0.001450
0.001450
0.001450
0.001450
0.001449
0.001449
0.001449
0.001449
0.001449
0.001448
0.001448
0.001448
0.001448
0.001448
0.001448
0.001448
0.001448
0.001447
0.001447
0.001447
0.001447
0.001447
0.001447
0.001446
0.001446
0.001446
0.001446
0.001446
0.001446
0.001446
0.001445
0.001445
0.001445
0.001445
0.001445
0.001445
0.001445
0.001444
0.001444
0.001444
0.001444
0.001444
0.001444
0.001444
