0.392805
0.116256
0.040171
0.020225
0.013526
0.010439
0.008762
0.007422
0.006499
0.005909
0.005502
0.005202
0.004967
0.004788
0.004657
0.004556
0.004472
0.004398
0.004331
0.004269
0.004211
0.004155
0.004098
0.004041
0.003983
0.003923
0.003861
0.003796
0.003728
0.003653
0.003577
0.003497
0.003413
0.003326
0.003232
0.003132
0.003032
0.002936
0.002847
0.002762
0.002677
0.002596
0.002520
0.002450
0.002384
0.002322
0.002263
0.002210
0.002159
0.002110
0.002067
0.002025
0.001983
0.001940
0.001895
0.001851
0.001810
0.001768
0.001729
0.001691
0.001654
0.001619
0.001584
0.001552
0.001521
0.001492
0.001466
0.001440
0.001415
0.001393
0.001371
0.001351
0.001331
0.001312
0.001293
0.001274
0.001256
0.001240
0.001223
0.001208
0.001193
0.001178
0.001166
0.001153
0.001139
0.001126
0.001114
0.001103
0.001092
0.001081
0.001070
0.001061
0.001051
0.001043
0.001035
0.001028
0.001020
0.001013
0.001007
0.001000
0.000978
0.000943
0.000941
0.000939
0.000936
0.000933
0.000931
0.000929
0.000926
0.000924
0.000922
0.000920
0.000918
0.000917
0.000915
0.000913
0.000911
0.000909
0.000908
0.000906
0.000905
0.000904
0.000903
0.000901
0.000900
0.000899
0.000898
0.000897
0.000896
0.000894
0.000893
0.000892
0.000891
0.000889
0.000888
0.000886
0.000885
0.000883
0.000881
0.000880
0.000879
0.000877
0.000876
0.000875
0.000874
0.000873
0.000872
0.000871
0.000869
0.000868
0.000867
0.000867
0.000866
0.000865
0.000864
0.000864
0.000863
0.000862
0.000861
0.000861
0.000860
0.000859
0.000858
0.000858
0.000857
0.000856
0.000855
0.000854
0.000853
0.000853
0.000852
0.000851
0.000851
0.000850
0.000849
0.000848
0.000848
0.000847
0.000846
0.000845
0.000844
0.000843
0.000842
0.000841
0.000840
0.000839
0.000838
0.000837
0.000836
0.000835
0.000834
0.000833
0.000833
0.000832
0.000831
0.000830
0.000830
0.000829
0.000828
0.000827
0.000799
0.000785
0.000785
0.000786
0.000785
0.000785
0.000784
0.000784
0.000783
0.000783
0.000782
0.000782
0.000781
0.000781
0.000781
0.000780
0.000780
0.000779
0.000779
0.000778
0.000778
0.000778
0.000777
0.000777
0.000776
0.000776
0.000776
0.000776
0.000775
0.000775
0.000775
0.000774
0.000774
0.000774
0.000773
0.000773
0.000773
0.000772
0.000772
0.000772
0.000771
0.000771
0.000771
0.000770
0.000770
0.000770
0.000769
0.000769
0.000769
0.000769
0.000768
0.000768
0.000768
0.000767
0.000767
0.000767
0.000767
0.000766
0.000766
0.000766
0.000765
0.000765
0.000765
0.000765
0.000764
0.000764
0.000764
0.000764
0.000763
0.000763
0.000763
0.000763
0.000762
0.000762
0.000762
0.000762
0.000761
0.000761
0.000761
0.000760
0.000760
0.000760
0.000760
0.000759
0.000759
0.000759
0.000759
0.000759
0.000758
0.000758
0.000758
0.000758
0.000757
0.000757
0.000757
0.000757
0.000757
0.000756
0.000756
0.000756
0.000747
0.000750
0.000751
0.000750
0.000749
0.000749
0.000749
0.000749
0.000749
0.000749
0.000748
0.000748
0.000748
0.000748
0.000748
0.000748
0.000748
0.000748
0.000747
0.000747
0.000747
0.000747
0.000747
0.000747
0.000747
0.000747
0.000746
0.000746
0.000746
0.000746
0.000746
0.000746
0.000746
0.000745
0.000745
0.000745
0.000745
0.000745
0.000745
0.000744
0.000744
0.000744
0.000744
0.000744
0.000744
0.000744
0.000743
0.000743
0.000743
0.000743
0.000743
0.000743
0.000743
0.000742
0.000742
0.000742
0.000742
0.000742
0.000742
0.000741
0.000741
0.000741
0.000741
0.000741
0.000741
0.000741
0.000740
0.000740
0.000740
0.000740
0.000740
0.000739
0.000739
0.000739
0.000739
0.000739
0.000739
0.000738
0.000738
0.000738
0.000738
0.000738
0.000738
0.000738
0.000737
0.000737
0.000737
0.000737
0.000737
0.000737
0.000736
0.000736
0.000736
0.000736
0.000736
0.000736
0.000735
0.000735
0.000735
0.000735
0.000729
0.000732
0.000734
0.000735
0.000735
0.000734
0.000734
0.000734
0.000734
0.000734
0.000733
0.000733
0.000733
0.000733
0.000733
0.000733
0.000733
0.000732
0.000732
0.000732
0.000732
0.000732
0.000732
0.000732
0.000732
0.000732
0.000732
0.000731
0.000731
0.000731
0.000731
0.000731
0.000731
0.000731
0.000731
0.000731
0.000731
0.000731
0.000731
0.000731
0.000731
0.000730
0.000730
0.000730
0.000730
0.000730
0.000730
0.000730
0.000730
0.000730
0.000730
0.000730
0.000730
0.000730
0.000730
0.000730
0.000730
0.000729
0.000729
0.000729
0.000729
0.000729
0.000729
0.000729
0.000729
0.000729
0.000729
0.000729
0.000729
0.000729
0.000729
0.000729
0.000729
0.000729
0.000728
0.000728
0.000728
0.000728
0.000728
0.000728
0.000728
0.000728
0.000728
0.000728
0.000728
0.000728
0.000728
0.000728
0.000728
0.000728
0.000728
0.000728
0.000727
0.000727
0.000727
0.000727
0.000727
0.000727
0.000727
0.000727
