0.445813
0.249631
0.155794
0.101647
0.045841
0.016618
0.008344
0.005195
0.004594
0.004118
0.003807
0.003578
0.003407
0.003275
0.003163
0.003071
0.002992
0.002917
0.002846
0.002775
0.002701
0.002627
0.002556
0.002491
0.002432
0.002378
0.002327
0.002275
0.002224
0.002174
0.002124
0.002069
0.002003
0.001933
0.001868
0.001812
0.001762
0.001716
0.001674
0.001634
0.001599
0.001566
0.001537
0.001510
0.001486
0.001465
0.001446
0.001429
0.001413
0.001399
0.001386
0.001373
0.001362
0.001352
0.001342
0.001334
0.001325
0.001317
0.001309
0.001302
0.001295
0.001288
0.001281
0.001274
0.001269
0.001263
0.001260
0.001254
0.001250
0.001246
0.001240
0.001235
0.001231
0.001226
0.001222
0.001219
0.001215
0.001212
0.001209
0.001205
0.001202
0.001199
0.001196
0.001193
0.001190
0.001185
0.001183
0.001181
0.001179
0.001177
0.001175
0.001173
0.001171
0.001169
0.001168
0.001165
0.001163
0.001160
0.001159
0.001157
0.001106
0.001115
0.001117
0.001117
0.001111
0.001108
0.001107
0.001106
0.001106
0.001105
0.001104
0.001103
0.001102
0.001101
0.001100
0.001099
0.001098
0.001097
0.001096
0.001095
0.001094
0.001093
0.001092
0.001091
0.001090
0.001089
0.001088
0.001086
0.001085
0.001084
0.001083
0.001082
0.001081
0.001080
0.001079
0.001078
0.001077
0.001076
0.001075
0.001074
0.001074
0.001073
0.001072
0.001071
0.001070
0.001069
0.001067
0.001066
0.001065
0.001065
0.001064
0.001063
0.001062
0.001061
0.001060
0.001059
0.001058
0.001057
0.001056
0.001056
0.001055
0.001054
0.001054
0.001053
0.001052
0.001051
0.001050
0.001049
0.001048
0.001047
0.001045
0.001044
0.001043
0.001042
0.001041
0.001040
0.001039
0.001038
0.001036
0.001035
0.001034
0.001033
0.001032
0.001031
0.001030
0.001028
0.001027
0.001026
0.001025
0.001024
0.001023
0.001022
0.001021
0.001020
0.001020
0.001019
0.001017
0.001017
0.001016
0.001015
0.000987
0.000986
0.000997
0.001004
0.001006
0.001007
0.001006
0.001005
0.001005
0.001004
0.001003
0.001003
0.001002
0.001001
0.001001
0.001000
0.000999
0.000998
0.000997
0.000997
0.000996
0.000995
0.000994
0.000994
0.000993
0.000992
0.000992
0.000991
0.000990
0.000989
0.000989
0.000988
0.000987
0.000987
0.000986
0.000985
0.000984
0.000983
0.000982
0.000981
0.000980
0.000979
0.000978
0.000977
0.000976
0.000975
0.000974
0.000974
0.000973
0.000972
0.000971
0.000970
0.000969
0.000968
0.000967
0.000967
0.000966
0.000965
0.000964
0.000963
0.000962
0.000961
0.000960
0.000959
0.000958
0.000958
0.000957
0.000956
0.000955
0.000954
0.000953
0.000952
0.000951
0.000950
0.000949
0.000948
0.000948
0.000947
0.000946
0.000945
0.000944
0.000943
0.000942
0.000941
0.000940
0.000939
0.000939
0.000938
0.000937
0.000936
0.000935
0.000935
0.000934
0.000933
0.000932
0.000931
0.000931
0.000930
0.000929
0.000928
0.000932
0.000928
0.000916
0.000918
0.000918
0.000918
0.000917
0.000917
0.000917
0.000917
0.000917
0.000917
0.000917
0.000916
0.000916
0.000916
0.000916
0.000916
0.000916
0.000916
0.000916
0.000916
0.000916
0.000915
0.000915
0.000915
0.000915
0.000915
0.000915
0.000915
0.000915
0.000915
0.000915
0.000914
0.000914
0.000914
0.000914
0.000914
0.000914
0.000914
0.000914
0.000914
0.000914
0.000913
0.000913
0.000913
0.000913
0.000913
0.000913
0.000913
0.000913
0.000913
0.000912
0.000912
0.000912
0.000912
0.000912
0.000912
0.000912
0.000912
0.000912
0.000912
0.000911
0.000911
0.000911
0.000911
0.000911
0.000911
0.000911
0.000911
0.000911
0.000910
0.000910
0.000910
0.000910
0.000910
0.000910
0.000910
0.000909
0.000909
0.000909
0.000909
0.000909
0.000909
0.000909
0.000908
0.000908
0.000908
0.000908
0.000908
0.000908
0.000907
0.000907
0.000907
0.000907
0.000907
0.000906
0.000906
0.000906
0.000906
0.000894
0.000890
0.000888
0.000887
0.000887
0.000887
0.000887
0.000887
0.000887
0.000887
0.000887
0.000887
0.000887
0.000887
0.000886
0.000886
0.000886
0.000886
0.000886
0.000886
0.000886
0.000886
0.000886
0.000886
0.000886
0.000886
0.000886
0.000886
0.000886
0.000885
0.000885
0.000885
0.000885
0.000885
0.000885
0.000885
0.000885
0.000885
0.000885
0.000885
0.000885
0.000885
0.000885
0.000885
0.000885
0.000884
0.000884
0.000884
0.000884
0.000884
0.000884
0.000884
0.000884
0.000884
0.000884
0.000884
0.000884
0.000884
0.000884
0.000884
0.000884
0.000884
0.000883
0.000883
0.000883
0.000883
0.000883
0.000883
0.000883
0.000883
0.000883
0.000883
0.000883
0.000883
0.000883
0.000883
0.000883
0.000883
0.000883
0.000882
0.000882
0.000882
0.000882
0.000882
0.000882
0.000882
0.000882
0.000882
0.000882
0.000882
0.000882
0.000882
0.000882
0.000881
0.000881
0.000881
0.000881
0.000881
0.000881
0.000881
