0.462231
0.311539
0.173581
0.056416
0.035310
0.024585
0.017958
0.013610
0.010531
0.008378
0.006828
0.005658
0.004800
0.004179
0.003741
0.003429
0.003200
0.003015
0.002863
0.002731
0.002620
0.002533
0.002457
0.002393
0.002341
0.002297
0.002256
0.002219
0.002186
0.002159
0.002136
0.002114
0.002095
0.002077
0.002060
0.002046
0.002034
0.002022
0.002011
0.002001
0.001992
0.001983
0.001975
0.001967
0.001958
0.001949
0.001940
0.001933
0.001923
0.001914
0.001907
0.001899
0.001889
0.001879
0.001871
0.001863
0.001854
0.001843
0.001830
0.001818
0.001805
0.001793
0.001781
0.001770
0.001758
0.001745
0.001730
0.001717
0.001706
0.001695
0.001684
0.001674
0.001660
0.001644
0.001630
0.001615
0.001601
0.001588
0.001575
0.001562
0.001550
0.001538
0.001527
0.001516
0.001505
0.001496
0.001488
0.001480
0.001473
0.001463
0.001457
0.001450
0.001446
0.001440
0.001436
0.001431
0.001426
0.001422
0.001418
0.001414
0.001376
0.001400
0.001410
0.001416
0.001419
0.001419
0.001418
0.001415
0.001413
0.001410
0.001408
0.001406
0.001403
0.001400
0.001397
0.001395
0.001393
0.001390
0.001388
0.001386
0.001384
0.001382
0.001381
0.001380
0.001378
0.001376
0.001375
0.001374
0.001372
0.001371
0.001370
0.001369
0.001368
0.001367
0.001365
0.001364
0.001363
0.001362
0.001361
0.001359
0.001358
0.001356
0.001355
0.001353
0.001352
0.001350
0.001348
0.001347
0.001345
0.001344
0.001342
0.001341
0.001339
0.001338
0.001336
0.001335
0.001334
0.001332
0.001332
0.001331
0.001329
0.001328
0.001327
0.001325
0.001324
0.001322
0.001321
0.001320
0.001318
0.001317
0.001316
0.001315
0.001314
0.001313
0.001311
0.001310
0.001308
0.001308
0.001307
0.001306
0.001304
0.001304
0.001303
0.001302
0.001301
0.001300
0.001299
0.001298
0.001297
0.001296
0.001295
0.001294
0.001293
0.001293
0.001292
0.001292
0.001291
0.001290
0.001289
0.001288
0.001269
0.001222
0.001214
0.001214
0.001213
0.001212
0.001212
0.001211
0.001211
0.001210
0.001210
0.001210
0.001209
0.001209
0.001208
0.001208
0.001208
0.001207
0.001207
0.001207
0.001206
0.001206
0.001205
0.001205
0.001205
0.001204
0.001204
0.001204
0.001203
0.001203
0.001203
0.001202
0.001202
0.001202
0.001201
0.001201
0.001201
0.001200
0.001200
0.001200
0.001199
0.001199
0.001199
0.001199
0.001198
0.001198
0.001198
0.001197
0.001197
0.001197
0.001196
0.001196
0.001196
0.001195
0.001195
0.001195
0.001195
0.001194
0.001194
0.001194
0.001193
0.001193
0.001193
0.001193
0.001193
0.001192
0.001192
0.001192
0.001192
0.001191
0.001191
0.001191
0.001191
0.001190
0.001190
0.001190
0.001190
0.001190
0.001189
0.001189
0.001189
0.001189
0.001189
0.001189
0.001188
0.001188
0.001188
0.001188
0.001188
0.001187
0.001187
0.001187
0.001186
0.001186
0.001186
0.001186
0.001185
0.001186
0.001185
0.001185
0.001172
0.001168
0.001164
0.001163
0.001163
0.001163
0.001163
0.001163
0.001162
0.001162
0.001162
0.001162
0.001161
0.001161
0.001161
0.001161
0.001160
0.001160
0.001160
0.001160
0.001159
0.001159
0.001159
0.001159
0.001159
0.001158
0.001158
0.001158
0.001158
0.001158
0.001157
0.001157
0.001157
0.001157
0.001157
0.001156
0.001156
0.001156
0.001156
0.001156
0.001155
0.001155
0.001155
0.001155
0.001155
0.001154
0.001154
0.001154
0.001154
0.001154
0.001153
0.001153
0.001153
0.001153
0.001153
0.001152
0.001152
0.001152
0.001152
0.001152
0.001152
0.001151
0.001151
0.001151
0.001151
0.001151
0.001150
0.001150
0.001150
0.001150
0.001150
0.001149
0.001149
0.001149
0.001149
0.001149
0.001148
0.001148
0.001148
0.001148
0.001148
0.001148
0.001147
0.001147
0.001147
0.001147
0.001147
0.001146
0.001146
0.001146
0.001146
0.001146
0.001146
0.001145
0.001145
0.001145
0.001145
0.001145
0.001144
0.001144
0.001139
0.001141
0.001143
0.001143
0.001143
0.001143
0.001143
0.001143
0.001143
0.001143
0.001143
0.001143
0.001142
0.001142
0.001142
0.001142
0.001142
0.001142
0.001142
0.001142
0.001142
0.001142
0.001141
0.001141
0.001141
0.001141
0.001141
0.001141
0.001141
0.001141
0.001141
0.001140
0.001140
0.001140
0.001140
0.001140
0.001140
0.001140
0.001140
0.001140
0.001139
0.001139
0.001139
0.001139
0.001139
0.001139
0.001139
0.001139
0.001139
0.001138
0.001138
0.001138
0.001138
0.001138
0.001138
0.001138
0.001138
0.001138
0.001137
0.001137
0.001137
0.001137
0.001137
0.001137
0.001137
0.001137
0.001136
0.001136
0.001136
0.001136
0.001136
0.001136
0.001136
0.001136
0.001135
0.001135
0.001135
0.001135
0.001135
0.001135
0.001135
0.001135
0.001135
0.001135
0.001134
0.001134
0.001134
0.001134
0.001134
0.001134
0.001134
0.001134
0.001134
0.001133
0.001133
0.001133
0.001133
0.001133
0.001133
0.001133
