0.444406
0.235281
0.066619
0.043103
0.030986
0.023555
0.018329
0.014355
0.011396
0.009247
0.007768
0.006840
0.006290
0.005945
0.005718
0.005559
0.005425
0.005306
0.005195
0.005090
0.004988
0.004892
0.004797
0.004705
0.004618
0.004533
0.004450
0.004369
0.004293
0.004216
0.004143
0.004073
0.004003
0.003934
0.003868
0.003802
0.003740
0.003679
0.003616
0.003556
0.003497
0.003438
0.003383
0.003328
0.003275
0.003222
0.003170
0.003121
0.003074
0.003025
0.002978
0.002931
0.002888
0.002844
0.002800
0.002759
0.002721
0.002684
0.002648
0.002615
0.002581
0.002549
0.002519
0.002487
0.002457
0.002427
0.002399
0.002373
0.002347
0.002321
0.002295
0.002270
0.002242
0.002205
0.002139
0.002056
0.002002
0.001969
0.001950
0.001935
0.001922
0.001911
0.001902
0.001891
0.001882
0.001872
0.001861
0.001850
0.001840
0.001829
0.001819
0.001810
0.001800
0.001791
0.001782
0.001773
0.001765
0.001757
0.001750
0.001744
0.001642
0.001636
0.001637
0.001640
0.001641
0.001640
0.001638
0.001636
0.001633
0.001631
0.001629
0.001626
0.001624
0.001621
0.001619
0.001617
0.001615
0.001613
0.001612
0.001610
0.001608
0.001607
0.001606
0.001604
0.001603
0.001602
0.001600
0.001599
0.001598
0.001597
0.001596
0.001595
0.001595
0.001594
0.001593
0.001592
0.001592
0.001591
0.001590
0.001590
0.001589
0.001589
0.001588
0.001587
0.001587
0.001586
0.001586
0.001585
0.001584
0.001584
0.001584
0.001583
0.001583
0.001583
0.001582
0.001582
0.001581
0.001580
0.001580
0.001580
0.001579
0.001579
0.001578
0.001578
0.001577
0.001577
0.001576
0.001575
0.001575
0.001574
0.001574
0.001574
0.001573
0.001572
0.001572
0.001572
0.001571
0.001571
0.001570
0.001570
0.001569
0.001569
0.001569
0.001568
0.001567
0.001567
0.001567
0.001566
0.001565
0.001565
0.001565
0.001564
0.001564
0.001563
0.001563
0.001562
0.001562
0.001561
0.001561
0.001561
0.001543
0.001553
0.001550
0.001546
0.001544
0.001543
0.001543
0.001542
0.001542
0.001541
0.001541
0.001541
0.001541
0.001541
0.001540
0.001540
0.001540
0.001540
0.001539
0.001539
0.001539
0.001539
0.001539
0.001539
0.001539
0.001538
0.001538
0.001538
0.001538
0.001538
0.001538
0.001537
0.001537
0.001537
0.001537
0.001537
0.001537
0.001537
0.001537
0.001536
0.001536
0.001536
0.001536
0.001536
0.001536
0.001535
0.001535
0.001535
0.001535
0.001534
0.001534
0.001534
0.001534
0.001533
0.001533
0.001533
0.001533
0.001532
0.001532
0.001532
0.001531
0.001531
0.001531
0.001530
0.001530
0.001530
0.001530
0.001529
0.001529
0.001529
0.001529
0.001528
0.001528
0.001527
0.001527
0.001527
0.001526
0.001526
0.001526
0.001526
0.001525
0.001525
0.001525
0.001524
0.001524
0.001524
0.001523
0.001523
0.001523
0.001522
0.001522
0.001522
0.001521
0.001521
0.001520
0.001520
0.001520
0.001520
0.001519
0.001519
0.001506
0.001495
0.001489
0.001489
0.001489
0.001489
0.001489
0.001489
0.001488
0.001488
0.001488
0.001488
0.001488
0.001488
0.001488
0.001488
0.001487
0.001487
0.001487
0.001487
0.001487
0.001487
0.001487
0.001487
0.001487
0.001486
0.001486
0.001486
0.001486
0.001486
0.001486
0.001485
0.001485
0.001485
0.001485
0.001485
0.001485
0.001484
0.001484
0.001484
0.001484
0.001484
0.001484
0.001483
0.001483
0.001483
0.001483
0.001483
0.001483
0.001483
0.001482
0.001482
0.001482
0.001482
0.001482
0.001482
0.001481
0.001481
0.001481
0.001481
0.001481
0.001481
0.001481
0.001480
0.001480
0.001480
0.001480
0.001480
0.001479
0.001479
0.001479
0.001479
0.001479
0.001478
0.001478
0.001478
0.001478
0.001478
0.001478
0.001477
0.001477
0.001477
0.001477
0.001477
0.001476
0.001476
0.001476
0.001476
0.001476
0.001475
0.001475
0.001475
0.001475
0.001474
0.001474
0.001474
0.001474
0.001473
0.001473
0.001473
0.001464
0.001466
0.001466
0.001466
0.001465
0.001465
0.001465
0.001464
0.001464
0.001464
0.001464
0.001464
0.001464
0.001464
0.001463
0.001463
0.001463
0.001463
0.001463
0.001463
0.001462
0.001462
0.001462
0.001462
0.001462
0.001462
0.001462
0.001461
0.001461
0.001461
0.001461
0.001461
0.001461
0.001461
0.001460
0.001460
0.001460
0.001460
0.001460
0.001460
0.001460
0.001460
0.001459
0.001459
0.001459
0.001459
0.001459
0.001459
0.001459
0.001458
0.001458
0.001458
0.001458
0.001458
0.001458
0.001458
0.001457
0.001457
0.001457
0.001457
0.001457
0.001457
0.001457
0.001456
0.001456
0.001456
0.001456
0.001456
0.001456
0.001455
0.001455
0.001455
0.001455
0.001455
0.001455
0.001455
0.001454
0.001454
0.001454
0.001454
0.001454
0.001454
0.001454
0.001453
0.001453
0.001453
0.001453
0.001453
0.001453
0.001453
0.001452
0.001452
0.001452
0.001452
0.001452
0.001452
0.001452
0.001451
0.001451
0.001451
