0.399328
0.172824
0.055435
0.027898
0.015198
0.008108
0.005060
0.003814
0.003325
0.003048
0.002822
0.002647
0.002494
0.002368
0.002270
0.002195
0.002130
0.002072
0.002012
0.001949
0.001881
0.001817
0.001768
0.001733
0.001708
0.001689
0.001677
0.001666
0.001655
0.001643
0.001632
0.001618
0.001600
0.001579
0.001557
0.001535
0.001515
0.001497
0.001480
0.001465
0.001451
0.001439
0.001426
0.001412
0.001395
0.001381
0.001366
0.001351
0.001335
0.001319
0.001305
0.001292
0.001283
0.001275
0.001268
0.001260
0.001251
0.001241
0.001231
0.001222
0.001215
0.001208
0.001202
0.001196
0.001191
0.001185
0.001180
0.001176
0.001171
0.001166
0.001164
0.001161
0.001156
0.001151
0.001145
0.001140
0.001136
0.001131
0.001128
0.001126
0.001123
0.001122
0.001119
0.001116
0.001113
0.001111
0.001109
0.001108
0.001107
0.001105
0.001104
0.001102
0.001099
0.001096
0.001094
0.001091
0.001090
0.001088
0.001087
0.001086
0.001060
0.001067
0.001060
0.001068
0.001072
0.001071
0.001071
0.001071
0.001070
0.001068
0.001066
0.001064
0.001062
0.001061
0.001059
0.001057
0.001055
0.001052
0.001050
0.001049
0.001048
0.001046
0.001045
0.001044
0.001042
0.001041
0.001041
0.001040
0.001039
0.001038
0.001038
0.001037
0.001037
0.001036
0.001036
0.001035
0.001035
0.001034
0.001033
0.001033
0.001032
0.001032
0.001032
0.001032
0.001031
0.001031
0.001031
0.001031
0.001030
0.001030
0.001029
0.001028
0.001028
0.001027
0.001026
0.001026
0.001025
0.001024
0.001024
0.001023
0.001022
0.001022
0.001021
0.001020
0.001020
0.001019
0.001019
0.001019
0.001018
0.001018
0.001018
0.001017
0.001017
0.001016
0.001016
0.001015
0.001015
0.001014
0.001014
0.001013
0.001012
0.001012
0.001012
0.001011
0.001011
0.001011
0.001010
0.001010
0.001009
0.001008
0.001007
0.001007
0.001006
0.001006
0.001005
0.001004
0.001004
0.001003
0.001002
0.001001
0.000961
0.000952
0.000959
0.000965
0.000969
0.000970
0.000970
0.000970
0.000969
0.000968
0.000967
0.000966
0.000965
0.000964
0.000964
0.000963
0.000962
0.000961
0.000960
0.000959
0.000958
0.000957
0.000956
0.000955
0.000954
0.000952
0.000951
0.000950
0.000949
0.000948
0.000947
0.000946
0.000945
0.000944
0.000942
0.000941
0.000940
0.000939
0.000938
0.000937
0.000936
0.000935
0.000934
0.000933
0.000932
0.000931
0.000930
0.000929
0.000928
0.000928
0.000927
0.000926
0.000925
0.000924
0.000924
0.000923
0.000922
0.000922
0.000921
0.000921
0.000920
0.000920
0.000919
0.000918
0.000918
0.000918
0.000917
0.000916
0.000916
0.000915
0.000915
0.000915
0.000914
0.000914
0.000914
0.000913
0.000913
0.000912
0.000912
0.000912
0.000912
0.000911
0.000911
0.000911
0.000911
0.000910
0.000910
0.000910
0.000910
0.000910
0.000909
0.000909
0.000909
0.000909
0.000909
0.000909
0.000909
0.000908
0.000908
0.000908
0.000909
0.000922
0.000917
0.000912
0.000911
0.000911
0.000911
0.000911
0.000911
0.000912
0.000912
0.000912
0.000912
0.000912
0.000912
0.000912
0.000912
0.000913
0.000913
0.000913
0.000913
0.000913
0.000913
0.000913
0.000913
0.000913
0.000913
0.000913
0.000913
0.000914
0.000914
0.000914
0.000914
0.000914
0.000914
0.000914
0.000914
0.000914
0.000914
0.000914
0.000914
0.000914
0.000914
0.000914
0.000914
0.000914
0.000914
0.000914
0.000914
0.000913
0.000914
0.000913
0.000913
0.000913
0.000913
0.000913
0.000913
0.000913
0.000913
0.000913
0.000913
0.000913
0.000913
0.000913
0.000913
0.000913
0.000912
0.000912
0.000912
0.000912
0.000912
0.000912
0.000912
0.000912
0.000912
0.000912
0.000911
0.000911
0.000911
0.000911
0.000911
0.000911
0.000911
0.000911
0.000911
0.000911
0.000910
0.000910
0.000910
0.000910
0.000910
0.000910
0.000910
0.000910
0.000910
0.000909
0.000909
0.000909
0.000909
0.000909
0.000894
0.000884
0.000880
0.000881
0.000881
0.000881
0.000881
0.000881
0.000881
0.000881
0.000880
0.000880
0.000880
0.000880
0.000880
0.000880
0.000880
0.000880
0.000880
0.000880
0.000880
0.000880
0.000880
0.000880
0.000880
0.000880
0.000880
0.000880
0.000880
0.000880
0.000880
0.000880
0.000880
0.000880
0.000880
0.000880
0.000880
0.000880
0.000880
0.000880
0.000880
0.000880
0.000880
0.000880
0.000880
0.000880
0.000880
0.000880
0.000880
0.000880
0.000880
0.000880
0.000880
0.000880
0.000880
0.000880
0.000880
0.000880
0.000880
0.000880
0.000880
0.000880
0.000880
0.000880
0.000880
0.000880
0.000880
0.000880
0.000880
0.000880
0.000879
0.000880
0.000879
0.000880
0.000880
0.000880
0.000880
0.000880
0.000880
0.000880
0.000880
0.000880
0.000880
0.000880
0.000880
0.000880
0.000880
0.000879
0.000880
0.000880
0.000880
0.000880
0.000880
0.000880
0.000880
0.000880
0.000880
0.000880
0.000880
0.000879
