0.445850
0.278752
0.108766
0.045437
0.028648
0.018408
0.011361
0.007062
0.004817
0.003750
0.003235
0.002962
0.002766
0.002616
0.002493
0.002390
0.002298
0.002216
0.002140
0.002076
0.002024
0.001976
0.001935
0.001898
0.001862
0.001828
0.001798
0.001770
0.001744
0.001720
0.001698
0.001675
0.001653
0.001632
0.001611
0.001590
0.001569
0.001549
0.001531
0.001513
0.001497
0.001483
0.001472
0.001461
0.001450
0.001439
0.001427
0.001415
0.001405
0.001394
0.001387
0.001378
0.001370
0.001362
0.001356
0.001348
0.001340
0.001331
0.001325
0.001318
0.001311
0.001304
0.001297
0.001289
0.001282
0.001276
0.001271
0.001265
0.001259
0.001253
0.001247
0.001243
0.001235
0.001232
0.001226
0.001222
0.001217
0.001213
0.001208
0.001205
0.001200
0.001199
0.001196
0.001192
0.001188
0.001184
0.001180
0.001177
0.001172
0.001167
0.001161
0.001156
0.001152
0.001148
0.001144
0.001141
0.001136
0.001132
0.001129
0.001126
0.001080
0.001068
0.001056
0.001057
0.001054
0.001053
0.001051
0.001050
0.001048
0.001047
0.001045
0.001043
0.001042
0.001040
0.001039
0.001038
0.001036
0.001035
0.001034
0.001033
0.001032
0.001031
0.001031
0.001030
0.001029
0.001028
0.001027
0.001026
0.001026
0.001025
0.001024
0.001023
0.001022
0.001022
0.001021
0.001020
0.001019
0.001018
0.001017
0.001017
0.001016
0.001015
0.001015
0.001014
0.001013
0.001012
0.001012
0.001011
0.001010
0.001009
0.001009
0.001008
0.001007
0.001006
0.001005
0.001004
0.001003
0.001002
0.001001
0.001000
0.001000
0.000999
0.000999
0.000998
0.000997
0.000996
0.000995
0.000994
0.000993
0.000993
0.000992
0.000991
0.000990
0.000989
0.000988
0.000987
0.000986
0.000986
0.000985
0.000984
0.000983
0.000983
0.000982
0.000982
0.000981
0.000980
0.000980
0.000979
0.000978
0.000977
0.000976
0.000976
0.000976
0.000975
0.000974
0.000974
0.000973
0.000973
0.000973
0.000972
0.000942
0.000954
0.000963
0.000968
0.000969
0.000969
0.000969
0.000968
0.000968
0.000967
0.000967
0.000966
0.000965
0.000965
0.000964
0.000964
0.000963
0.000963
0.000962
0.000962
0.000961
0.000961
0.000960
0.000960
0.000960
0.000959
0.000959
0.000958
0.000958
0.000958
0.000957
0.000957
0.000957
0.000956
0.000956
0.000955
0.000955
0.000955
0.000954
0.000954
0.000953
0.000953
0.000953
0.000953
0.000952
0.000952
0.000952
0.000951
0.000951
0.000951
0.000950
0.000950
0.000949
0.000949
0.000949
0.000948
0.000948
0.000948
0.000947
0.000947
0.000946
0.000946
0.000946
0.000945
0.000945
0.000945
0.000944
0.000944
0.000944
0.000943
0.000943
0.000943
0.000942
0.000941
0.000941
0.000940
0.000940
0.000940
0.000939
0.000939
0.000939
0.000938
0.000938
0.000937
0.000937
0.000936
0.000936
0.000935
0.000935
0.000934
0.000934
0.000934
0.000933
0.000933
0.000932
0.000932
0.000931
0.000931
0.000931
0.000930
0.000929
0.000911
0.000916
0.000914
0.000915
0.000915
0.000916
0.000916
0.000917
0.000917
0.000917
0.000917
0.000917
0.000916
0.000915
0.000915
0.000914
0.000913
0.000912
0.000911
0.000911
0.000910
0.000910
0.000909
0.000909
0.000909
0.000908
0.000908
0.000908
0.000908
0.000907
0.000907
0.000907
0.000907
0.000907
0.000906
0.000906
0.000906
0.000906
0.000906
0.000906
0.000905
0.000905
0.000905
0.000905
0.000905
0.000905
0.000905
0.000905
0.000905
0.000904
0.000904
0.000904
0.000904
0.000904
0.000904
0.000904
0.000904
0.000904
0.000903
0.000903
0.000903
0.000903
0.000903
0.000903
0.000903
0.000903
0.000903
0.000903
0.000902
0.000902
0.000902
0.000902
0.000902
0.000902
0.000902
0.000902
0.000902
0.000902
0.000902
0.000902
0.000902
0.000901
0.000901
0.000901
0.000901
0.000901
0.000901
0.000901
0.000901
0.000901
0.000901
0.000901
0.000901
0.000901
0.000900
0.000900
0.000900
0.000900
0.000900
0.000890
0.000888
0.000884
0.000883
0.000883
0.000883
0.000883
0.000883
0.000883
0.000883
0.000883
0.000883
0.000883
0.000882
0.000882
0.000882
0.000882
0.000882
0.000882
0.000882
0.000882
0.000882
0.000882
0.000882
0.000882
0.000881
0.000881
0.000881
0.000881
0.000881
0.000881
0.000881
0.000881
0.000881
0.000881
0.000881
0.000881
0.000881
0.000880
0.000880
0.000880
0.000880
0.000880
0.000880
0.000880
0.000880
0.000880
0.000880
0.000880
0.000880
0.000880
0.000880
0.000880
0.000880
0.000879
0.000879
0.000879
0.000879
0.000879
0.000879
0.000879
0.000879
0.000879
0.000879
0.000879
0.000879
0.000879
0.000879
0.000879
0.000879
0.000879
0.000878
0.000878
0.000878
0.000878
0.000878
0.000878
0.000878
0.000878
0.000878
0.000878
0.000878
0.000878
0.000878
0.000878
0.000878
0.000878
0.000878
0.000878
0.000877
0.000877
0.000877
0.000877
0.000877
0.000877
0.000877
0.000877
0.000877
0.000877
0.000877
