0.422737
0.204891
0.073171
0.023789
0.012629
0.008637
0.007246
0.006790
0.006572
0.006397
0.006245
0.006106
0.005972
0.005839
0.005708
0.005583
0.005466
0.005359
0.005265
0.005180
0.005102
0.005027
0.004954
0.004884
0.004815
0.004745
0.004677
0.004608
0.004538
0.004467
0.004395
0.004322
0.004247
0.004170
0.004089
0.004009
0.003928
0.003843
0.003757
0.003666
0.003573
0.003483
0.003399
0.003321
0.003249
0.003182
0.003122
0.003066
0.003013
0.002965
0.002921
0.002877
0.002836
0.002797
0.002759
0.002724
0.002688
0.002655
0.002622
0.002590
0.002559
0.002530
0.002502
0.002475
0.002449
0.002424
0.002401
0.002378
0.002358
0.002337
0.002318
0.002299
0.002280
0.002262
0.002244
0.002225
0.002208
0.002193
0.002178
0.002161
0.002145
0.002128
0.002110
0.002093
0.002077
0.002062
0.002046
0.002031
0.002016
0.001999
0.001985
0.001970
0.001958
0.001938
0.001923
0.001908
0.001894
0.001872
0.001859
0.001843
0.001763
0.001782
0.001812
0.001820
0.001816
0.001809
0.001802
0.001797
0.001792
0.001787
0.001784
0.001778
0.001774
0.001770
0.001766
0.001761
0.001755
0.001751
0.001746
0.001742
0.001738
0.001734
0.001730
0.001727
0.001723
0.001720
0.001716
0.001713
0.001709
0.001705
0.001703
0.001700
0.001698
0.001694
0.001691
0.001687
0.001685
0.001682
0.001679
0.001677
0.001674
0.001671
0.001667
0.001664
0.001662
0.001658
0.001656
0.001653
0.001649
0.001646
0.001643
0.001640
0.001638
0.001635
0.001633
0.001631
0.001627
0.001625
0.001621
0.001620
0.001616
0.001615
0.001612
0.001608
0.001607
0.001603
0.001602
0.001599
0.001597
0.001594
0.001592
0.001590
0.001586
0.001583
0.001580
0.001577
0.001572
0.001571
0.001567
0.001564
0.001561
0.001558
0.001555
0.001552
0.001550
0.001547
0.001544
0.001542
0.001539
0.001537
0.001534
0.001532
0.001530
0.001528
0.001525
0.001523
0.001521
0.001519
0.001516
0.001514
0.001486
0.001486
0.001487
0.001488
0.001488
0.001487
0.001485
0.001485
0.001484
0.001483
0.001482
0.001483
0.001481
0.001481
0.001480
0.001480
0.001479
0.001479
0.001478
0.001477
0.001476
0.001475
0.001475
0.001474
0.001474
0.001474
0.001473
0.001473
0.001472
0.001471
0.001471
0.001470
0.001470
0.001469
0.001469
0.001468
0.001468
0.001467
0.001466
0.001466
0.001466
0.001465
0.001465
0.001465
0.001464
0.001464
0.001463
0.001463
0.001462
0.001462
0.001462
0.001462
0.001461
0.001461
0.001460
0.001460
0.001460
0.001459
0.001459
0.001458
0.001458
0.001458
0.001457
0.001457
0.001456
0.001456
0.001455
0.001455
0.001454
0.001453
0.001453
0.001452
0.001452
0.001452
0.001451
0.001450
0.001450
0.001449
0.001449
0.001448
0.001448
0.001447
0.001447
0.001446
0.001447
0.001446
0.001446
0.001446
0.001445
0.001445
0.001444
0.001445
0.001443
0.001444
0.001442
0.001443
0.001441
0.001441
0.001440
0.001440
0.001421
0.001399
0.001394
0.001396
0.001395
0.001394
0.001394
0.001394
0.001394
0.001393
0.001393
0.001393
0.001392
0.001392
0.001392
0.001391
0.001391
0.001391
0.001391
0.001390
0.001390
0.001390
0.001390
0.001389
0.001389
0.001389
0.001388
0.001388
0.001388
0.001388
0.001387
0.001387
0.001387
0.001387
0.001386
0.001386
0.001386
0.001386
0.001385
0.001385
0.001385
0.001384
0.001384
0.001384
0.001384
0.001383
0.001383
0.001383
0.001383
0.001382
0.001382
0.001382
0.001381
0.001381
0.001381
0.001381
0.001380
0.001380
0.001380
0.001380
0.001379
0.001379
0.001379
0.001378
0.001378
0.001378
0.001377
0.001377
0.001377
0.001376
0.001376
0.001376
0.001375
0.001375
0.001375
0.001375
0.001374
0.001374
0.001374
0.001373
0.001373
0.001373
0.001373
0.001372
0.001372
0.001372
0.001371
0.001371
0.001371
0.001370
0.001370
0.001370
0.001369
0.001369
0.001369
0.001368
0.001368
0.001367
0.001367
0.001367
0.001360
0.001361
0.001365
0.001366
0.001367
0.001367
0.001366
0.001366
0.001366
0.001366
0.001366
0.001366
0.001366
0.001366
0.001366
0.001365
0.001365
0.001365
0.001365
0.001365
0.001365
0.001365
0.001365
0.001364
0.001364
0.001364
0.001364
0.001364
0.001364
0.001363
0.001363
0.001363
0.001363
0.001362
0.001362
0.001362
0.001362
0.001362
0.001361
0.001361
0.001361
0.001360
0.001360
0.001360
0.001360
0.001359
0.001359
0.001359
0.001359
0.001358
0.001358
0.001358
0.001358
0.001357
0.001357
0.001357
0.001357
0.001356
0.001356
0.001356
0.001356
0.001355
0.001355
0.001355
0.001355
0.001354
0.001354
0.001354
0.001354
0.001353
0.001353
0.001353
0.001353
0.001352
0.001352
0.001352
0.001352
0.001352
0.001351
0.001351
0.001351
0.001351
0.001350
0.001350
0.001350
0.001350
0.001349
0.001349
0.001349
0.001349
0.001349
0.001348
0.001348
0.001348
0.001348
0.001348
0.001347
0.001347
0.001347
0.001347
