0.438312
0.174457
0.048718
0.031042
0.021425
0.014766
0.010020
0.006925
0.005259
0.004481
0.004148
0.003937
0.003754
0.003561
0.003368
0.003182
0.003003
0.002832
0.002656
0.002458
0.002288
0.002178
0.002093
0.002031
0.001993
0.001975
0.001964
0.001951
0.001931
0.001899
0.001866
0.001838
0.001815
0.001802
0.001788
0.001777
0.001761
0.001746
0.001728
0.001714
0.001699
0.001687
0.001675
0.001664
0.001653
0.001643
0.001633
0.001623
0.001614
0.001604
0.001593
0.001583
0.001572
0.001562
0.001551
0.001541
0.001531
0.001522
0.001513
0.001504
0.001495
0.001486
0.001476
0.001465
0.001454
0.001442
0.001432
0.001421
0.001410
0.001400
0.001388
0.001376
0.001365
0.001353
0.001343
0.001333
0.001324
0.001316
0.001309
0.001302
0.001296
0.001289
0.001282
0.001275
0.001269
0.001263
0.001257
0.001253
0.001248
0.001244
0.001240
0.001236
0.001232
0.001227
0.001222
0.001216
0.001210
0.001205
0.001200
0.001196
0.001151
0.001104
0.001101
0.001107
0.001106
0.001102
0.001099
0.001097
0.001095
0.001093
0.001092
0.001090
0.001089
0.001088
0.001087
0.001086
0.001085
0.001084
0.001083
0.001082
0.001081
0.001081
0.001080
0.001080
0.001079
0.001078
0.001078
0.001077
0.001077
0.001076
0.001075
0.001074
0.001073
0.001072
0.001071
0.001070
0.001068
0.001067
0.001065
0.001064
0.001062
0.001060
0.001058
0.001056
0.001054
0.001052
0.001049
0.001047
0.001045
0.001044
0.001042
0.001040
0.001038
0.001036
0.001035
0.001033
0.001032
0.001031
0.001029
0.001028
0.001027
0.001026
0.001025
0.001024
0.001023
0.001022
0.001021
0.001021
0.001020
0.001019
0.001019
0.001018
0.001018
0.001017
0.001017
0.001016
0.001016
0.001015
0.001015
0.001014
0.001014
0.001014
0.001014
0.001013
0.001013
0.001012
0.001012
0.001012
0.001011
0.001011
0.001010
0.001010
0.001010
0.001009
0.001009
0.001008
0.001008
0.001008
0.001007
0.001007
0.000991
0.001001
0.001006
0.001010
0.001010
0.001010
0.001009
0.001009
0.001008
0.001008
0.001007
0.001006
0.001006
0.001005
0.001004
0.001004
0.001003
0.001002
0.001002
0.001001
0.001000
0.000999
0.000999
0.000998
0.000997
0.000996
0.000995
0.000994
0.000993
0.000993
0.000992
0.000991
0.000990
0.000989
0.000989
0.000988
0.000987
0.000987
0.000986
0.000985
0.000984
0.000983
0.000983
0.000982
0.000981
0.000980
0.000979
0.000979
0.000978
0.000977
0.000977
0.000976
0.000975
0.000974
0.000974
0.000973
0.000972
0.000972
0.000971
0.000971
0.000970
0.000969
0.000969
0.000968
0.000968
0.000967
0.000967
0.000966
0.000966
0.000966
0.000965
0.000965
0.000964
0.000964
0.000963
0.000963
0.000963
0.000962
0.000962
0.000961
0.000961
0.000961
0.000960
0.000960
0.000960
0.000959
0.000959
0.000959
0.000958
0.000958
0.000958
0.000957
0.000957
0.000957
0.000956
0.000956
0.000956
0.000956
0.000955
0.000955
0.000952
0.000957
0.000959
0.000963
0.000962
0.000961
0.000959
0.000957
0.000955
0.000954
0.000952
0.000951
0.000950
0.000950
0.000949
0.000948
0.000948
0.000948
0.000947
0.000947
0.000947
0.000946
0.000946
0.000946
0.000945
0.000945
0.000945
0.000945
0.000945
0.000945
0.000944
0.000944
0.000944
0.000944
0.000944
0.000944
0.000943
0.000943
0.000943
0.000943
0.000943
0.000943
0.000943
0.000943
0.000942
0.000942
0.000942
0.000942
0.000942
0.000942
0.000942
0.000942
0.000942
0.000941
0.000941
0.000941
0.000941
0.000941
0.000941
0.000941
0.000941
0.000941
0.000941
0.000941
0.000940
0.000940
0.000940
0.000940
0.000940
0.000940
0.000940
0.000940
0.000939
0.000939
0.000939
0.000939
0.000939
0.000939
0.000939
0.000939
0.000939
0.000939
0.000938
0.000938
0.000938
0.000938
0.000938
0.000938
0.000938
0.000937
0.000937
0.000937
0.000937
0.000937
0.000937
0.000936
0.000936
0.000936
0.000936
0.000936
0.000919
0.000915
0.000912
0.000912
0.000912
0.000912
0.000912
0.000912
0.000912
0.000912
0.000912
0.000912
0.000911
0.000911
0.000911
0.000911
0.000911
0.000911
0.000911
0.000911
0.000911
0.000911
0.000911
0.000911
0.000911
0.000911
0.000911
0.000911
0.000911
0.000911
0.000911
0.000911
0.000911
0.000911
0.000910
0.000910
0.000910
0.000910
0.000910
0.000910
0.000910
0.000910
0.000910
0.000910
0.000910
0.000910
0.000910
0.000910
0.000910
0.000910
0.000910
0.000910
0.000910
0.000910
0.000910
0.000910
0.000910
0.000910
0.000910
0.000910
0.000910
0.000910
0.000910
0.000910
0.000910
0.000910
0.000910
0.000910
0.000909
0.000909
0.000909
0.000909
0.000909
0.000909
0.000909
0.000909
0.000909
0.000909
0.000909
0.000909
0.000909
0.000909
0.000909
0.000909
0.000909
0.000909
0.000909
0.000909
0.000909
0.000909
0.000909
0.000909
0.000909
0.000909
0.000909
0.000909
0.000909
0.000909
0.000909
0.000908
