0.441940
0.181700
0.051144
0.026527
0.012132
0.005757
0.004188
0.003572
0.003255
0.003020
0.002812
0.002636
0.002498
0.002382
0.002284
0.002198
0.002122
0.002051
0.001982
0.001912
0.001838
0.001763
0.001695
0.001644
0.001608
0.001580
0.001558
0.001543
0.001529
0.001513
0.001495
0.001472
0.001446
0.001422
0.001401
0.001384
0.001371
0.001358
0.001346
0.001334
0.001324
0.001314
0.001307
0.001300
0.001295
0.001292
0.001290
0.001286
0.001286
0.001279
0.001274
0.001263
0.001258
0.001252
0.001248
0.001241
0.001237
0.001230
0.001225
0.001222
0.001219
0.001213
0.001209
0.001206
0.001201
0.001195
0.001190
0.001186
0.001183
0.001178
0.001174
0.001170
0.001163
0.001159
0.001156
0.001152
0.001148
0.001146
0.001143
0.001140
0.001139
0.001139
0.001137
0.001135
0.001133
0.001130
0.001127
0.001124
0.001121
0.001120
0.001119
0.001117
0.001115
0.001113
0.001110
0.001107
0.001102
0.001096
0.001090
0.001086
0.001011
0.001035
0.001054
0.001057
0.001061
0.001062
0.001063
0.001065
0.001065
0.001065
0.001063
0.001062
0.001059
0.001056
0.001052
0.001048
0.001044
0.001040
0.001036
0.001033
0.001031
0.001028
0.001026
0.001024
0.001023
0.001021
0.001020
0.001019
0.001018
0.001017
0.001016
0.001016
0.001015
0.001014
0.001013
0.001013
0.001012
0.001011
0.001011
0.001011
0.001010
0.001009
0.001009
0.001009
0.001008
0.001008
0.001007
0.001006
0.001006
0.001006
0.001005
0.001004
0.001003
0.001002
0.001001
0.001000
0.001000
0.000999
0.000998
0.000997
0.000996
0.000995
0.000994
0.000993
0.000993
0.000992
0.000991
0.000990
0.000990
0.000989
0.000988
0.000988
0.000987
0.000986
0.000984
0.000984
0.000983
0.000983
0.000982
0.000981
0.000981
0.000980
0.000979
0.000979
0.000978
0.000978
0.000978
0.000977
0.000976
0.000976
0.000975
0.000975
0.000974
0.000974
0.000973
0.000973
0.000972
0.000972
0.000971
0.000971
0.000936
0.000939
0.000938
0.000937
0.000937
0.000936
0.000935
0.000934
0.000933
0.000932
0.000931
0.000930
0.000928
0.000927
0.000926
0.000925
0.000924
0.000923
0.000922
0.000921
0.000920
0.000919
0.000918
0.000917
0.000916
0.000915
0.000915
0.000914
0.000913
0.000912
0.000912
0.000911
0.000910
0.000910
0.000909
0.000909
0.000908
0.000908
0.000907
0.000907
0.000906
0.000906
0.000905
0.000905
0.000905
0.000904
0.000904
0.000904
0.000903
0.000903
0.000902
0.000902
0.000902
0.000902
0.000901
0.000901
0.000901
0.000901
0.000900
0.000900
0.000900
0.000900
0.000900
0.000899
0.000899
0.000899
0.000899
0.000899
0.000899
0.000898
0.000898
0.000898
0.000898
0.000898
0.000898
0.000898
0.000897
0.000897
0.000897
0.000897
0.000897
0.000896
0.000896
0.000896
0.000896
0.000896
0.000896
0.000895
0.000895
0.000895
0.000895
0.000894
0.000894
0.000894
0.000894
0.000894
0.000893
0.000893
0.000893
0.000893
0.000880
0.000891
0.000893
0.000893
0.000894
0.000894
0.000895
0.000895
0.000895
0.000895
0.000895
0.000895
0.000895
0.000895
0.000895
0.000895
0.000895
0.000895
0.000895
0.000895
0.000895
0.000895
0.000895
0.000895
0.000895
0.000895
0.000895
0.000895
0.000895
0.000894
0.000894
0.000894
0.000894
0.000893
0.000893
0.000893
0.000893
0.000892
0.000892
0.000892
0.000892
0.000891
0.000891
0.000891
0.000890
0.000890
0.000890
0.000890
0.000889
0.000889
0.000889
0.000889
0.000889
0.000889
0.000888
0.000888
0.000888
0.000888
0.000887
0.000887
0.000887
0.000887
0.000887
0.000887
0.000886
0.000886
0.000886
0.000886
0.000886
0.000885
0.000885
0.000885
0.000885
0.000885
0.000885
0.000885
0.000884
0.000884
0.000884
0.000884
0.000884
0.000884
0.000884
0.000883
0.000883
0.000883
0.000883
0.000883
0.000882
0.000882
0.000882
0.000882
0.000882
0.000882
0.000881
0.000881
0.000881
0.000881
0.000881
0.000880
0.000867
0.000853
0.000852
0.000853
0.000852
0.000852
0.000852
0.000852
0.000852
0.000852
0.000851
0.000851
0.000851
0.000851
0.000851
0.000851
0.000851
0.000851
0.000851
0.000851
0.000851
0.000851
0.000851
0.000851
0.000850
0.000850
0.000850
0.000850
0.000850
0.000850
0.000850
0.000850
0.000850
0.000850
0.000850
0.000850
0.000850
0.000850
0.000850
0.000850
0.000850
0.000849
0.000849
0.000849
0.000849
0.000849
0.000849
0.000849
0.000849
0.000849
0.000849
0.000849
0.000849
0.000849
0.000849
0.000849
0.000849
0.000849
0.000848
0.000848
0.000848
0.000848
0.000848
0.000848
0.000848
0.000848
0.000848
0.000848
0.000848
0.000848
0.000848
0.000848
0.000848
0.000848
0.000848
0.000848
0.000848
0.000848
0.000848
0.000847
0.000847
0.000847
0.000847
0.000847
0.000847
0.000847
0.000847
0.000847
0.000847
0.000847
0.000847
0.000847
0.000847
0.000847
0.000847
0.000847
0.000847
0.000847
0.000846
0.000846
