0.508624
0.403303
0.240642
0.118760
0.086381
0.068906
0.056195
0.045858
0.036994
0.029268
0.022950
0.018075
0.014534
0.012079
0.010452
0.009413
0.008726
0.008214
0.007834
0.007523
0.007249
0.007011
0.006791
0.006593
0.006418
0.006260
0.006127
0.006004
0.005894
0.005782
0.005684
0.005593
0.005508
0.005423
0.005347
0.005272
0.005206
0.005145
0.005086
0.005029
0.004969
0.004915
0.004865
0.004824
0.004791
0.004759
0.004726
0.004697
0.004666
0.004639
0.004616
0.004592
0.004567
0.004545
0.004523
0.004498
0.004469
0.004442
0.004405
0.004354
0.004297
0.004230
0.004141
0.004026
0.003887
0.003714
0.003512
0.003301
0.003138
0.003042
0.002962
0.002890
0.002833
0.002783
0.002742
0.002707
0.002672
0.002634
0.002603
0.002574
0.002550
0.002530
0.002506
0.002489
0.002471
0.002457
0.002448
0.002440
0.002433
0.002426
0.002413
0.002400
0.002395
0.002384
0.002384
0.002375
0.002366
0.002359
0.002354
0.002349
0.002229
0.002205
0.002210
0.002217
0.002214
0.002211
0.002209
0.002205
0.002204
0.002201
0.002197
0.002197
0.002194
0.002191
0.002187
0.002185
0.002182
0.002178
0.002173
0.002170
0.002165
0.002160
0.002156
0.002152
0.002148
0.002145
0.002141
0.002138
0.002133
0.002128
0.002125
0.002121
0.002118
0.002115
0.002111
0.002107
0.002104
0.002100
0.002098
0.002096
0.002091
0.002087
0.002085
0.002083
0.002079
0.002077
0.002075
0.002070
0.002068
0.002065
0.002063
0.002059
0.002056
0.002054
0.002051
0.002048
0.002045
0.002043
0.002040
0.002037
0.002035
0.002032
0.002030
0.002027
0.002025
0.002023
0.002021
0.002020
0.002018
0.002016
0.002014
0.002013
0.002011
0.002010
0.002008
0.002008
0.002005
0.002005
0.002002
0.002002
0.001999
0.001999
0.001996
0.001997
0.001995
0.001994
0.001993
0.001991
0.001992
0.001990
0.001989
0.001989
0.001987
0.001986
0.001986
0.001985
0.001984
0.001985
0.001981
0.001983
0.001971
0.001951
0.001938
0.001934
0.001934
0.001936
0.001935
0.001936
0.001935
0.001935
0.001934
0.001935
0.001934
0.001935
0.001935
0.001934
0.001935
0.001935
0.001934
0.001935
0.001935
0.001934
0.001934
0.001935
0.001935
0.001935
0.001935
0.001934
0.001935
0.001935
0.001935
0.001935
0.001934
0.001935
0.001933
0.001934
0.001933
0.001934
0.001935
0.001935
0.001934
0.001934
0.001934
0.001934
0.001934
0.001934
0.001934
0.001934
0.001933
0.001933
0.001933
0.001933
0.001933
0.001933
0.001932
0.001932
0.001932
0.001932
0.001931
0.001931
0.001931
0.001930
0.001930
0.001930
0.001929
0.001929
0.001929
0.001929
0.001929
0.001928
0.001928
0.001928
0.001927
0.001927
0.001927
0.001926
0.001926
0.001926
0.001925
0.001925
0.001925
0.001925
0.001924
0.001924
0.001923
0.001923
0.001923
0.001922
0.001922
0.001922
0.001922
0.001921
0.001921
0.001920
0.001920
0.001920
0.001919
0.001919
0.001919
0.001919
0.001897
0.001873
0.001866
0.001868
0.001867
0.001867
0.001867
0.001866
0.001866
0.001866
0.001866
0.001866
0.001865
0.001865
0.001865
0.001865
0.001865
0.001864
0.001864
0.001864
0.001864
0.001864
0.001864
0.001863
0.001863
0.001863
0.001863
0.001863
0.001863
0.001863
0.001862
0.001862
0.001862
0.001862
0.001862
0.001862
0.001861
0.001861
0.001861
0.001861
0.001861
0.001860
0.001861
0.001860
0.001860
0.001860
0.001860
0.001860
0.001860
0.001860
0.001859
0.001859
0.001859
0.001859
0.001859
0.001859
0.001859
0.001858
0.001858
0.001858
0.001858
0.001858
0.001858
0.001858
0.001857
0.001857
0.001857
0.001857
0.001857
0.001857
0.001857
0.001857
0.001856
0.001856
0.001856
0.001856
0.001856
0.001856
0.001856
0.001855
0.001855
0.001855
0.001855
0.001855
0.001855
0.001855
0.001855
0.001854
0.001854
0.001854
0.001854
0.001854
0.001854
0.001854
0.001854
0.001853
0.001853
0.001853
0.001853
0.001853
0.001845
0.001851
0.001853
0.001854
0.001853
0.001853
0.001853
0.001853
0.001853
0.001853
0.001854
0.001854
0.001854
0.001854
0.001854
0.001854
0.001854
0.001854
0.001854
0.001854
0.001854
0.001854
0.001854
0.001854
0.001854
0.001854
0.001854
0.001854
0.001854
0.001854
0.001854
0.001854
0.001854
0.001854
0.001854
0.001854
0.001854
0.001854
0.001854
0.001854
0.001854
0.001854
0.001854
0.001854
0.001854
0.001854
0.001854
0.001854
0.001854
0.001854
0.001854
0.001854
0.001854
0.001854
0.001854
0.001854
0.001854
0.001854
0.001853
0.001853
0.001853
0.001853
0.001853
0.001853
0.001853
0.001853
0.001853
0.001853
0.001853
0.001852
0.001852
0.001853
0.001852
0.001852
0.001852
0.001852
0.001852
0.001852
0.001852
0.001852
0.001852
0.001851
0.001851
0.001851
0.001851
0.001851
0.001851
0.001851
0.001851
0.001850
0.001851
0.001850
0.001850
0.001850
0.001850
0.001850
0.001849
0.001850
0.001849
0.001849
