0.522447
0.269649
0.097231
0.055741
0.034207
0.022482
0.015482
0.010933
0.007610
0.005647
0.004816
0.004441
0.004199
0.003995
0.003804
0.003628
0.003467
0.003317
0.003182
0.003057
0.002940
0.002834
0.002739
0.002653
0.002574
0.002501
0.002437
0.002383
0.002335
0.002293
0.002255
0.002219
0.002188
0.002162
0.002137
0.002114
0.002091
0.002069
0.002045
0.002021
0.001996
0.001973
0.001950
0.001927
0.001905
0.001882
0.001861
0.001840
0.001820
0.001803
0.001786
0.001770
0.001755
0.001742
0.001728
0.001714
0.001702
0.001690
0.001679
0.001668
0.001657
0.001646
0.001636
0.001624
0.001615
0.001606
0.001598
0.001591
0.001584
0.001578
0.001573
0.001569
0.001564
0.001560
0.001556
0.001552
0.001548
0.001544
0.001539
0.001533
0.001530
0.001525
0.001520
0.001515
0.001510
0.001505
0.001502
0.001497
0.001492
0.001488
0.001482
0.001478
0.001474
0.001469
0.001465
0.001461
0.001457
0.001453
0.001449
0.001445
0.001366
0.001381
0.001365
0.001369
0.001364
0.001364
0.001362
0.001360
0.001359
0.001358
0.001357
0.001355
0.001354
0.001353
0.001352
0.001351
0.001350
0.001349
0.001348
0.001347
0.001347
0.001346
0.001345
0.001344
0.001344
0.001343
0.001342
0.001342
0.001341
0.001340
0.001340
0.001339
0.001339
0.001338
0.001337
0.001337
0.001336
0.001336
0.001336
0.001335
0.001334
0.001334
0.001333
0.001332
0.001332
0.001331
0.001330
0.001330
0.001329
0.001328
0.001327
0.001327
0.001326
0.001325
0.001324
0.001323
0.001322
0.001321
0.001320
0.001320
0.001319
0.001318
0.001317
0.001316
0.001315
0.001314
0.001313
0.001312
0.001311
0.001310
0.001310
0.001309
0.001308
0.001307
0.001306
0.001305
0.001304
0.001303
0.001302
0.001301
0.001300
0.001300
0.001299
0.001298
0.001297
0.001296
0.001296
0.001295
0.001294
0.001294
0.001293
0.001292
0.001291
0.001290
0.001290
0.001289
0.001288
0.001288
0.001287
0.001286
0.001260
0.001279
0.001288
0.001289
0.001288
0.001287
0.001286
0.001286
0.001285
0.001284
0.001284
0.001283
0.001283
0.001282
0.001282
0.001282
0.001281
0.001281
0.001281
0.001280
0.001280
0.001279
0.001279
0.001279
0.001278
0.001278
0.001278
0.001278
0.001277
0.001277
0.001277
0.001276
0.001276
0.001276
0.001275
0.001275
0.001275
0.001274
0.001274
0.001274
0.001273
0.001273
0.001273
0.001272
0.001272
0.001272
0.001271
0.001271
0.001271
0.001270
0.001270
0.001270
0.001269
0.001269
0.001269
0.001268
0.001268
0.001268
0.001267
0.001267
0.001266
0.001266
0.001266
0.001265
0.001265
0.001265
0.001264
0.001264
0.001263
0.001263
0.001262
0.001262
0.001261
0.001261
0.001260
0.001260
0.001259
0.001259
0.001258
0.001258
0.001257
0.001257
0.001256
0.001256
0.001255
0.001255
0.001254
0.001254
0.001253
0.001253
0.001252
0.001252
0.001251
0.001251
0.001250
0.001250
0.001249
0.001249
0.001248
0.001247
0.001240
0.001201
0.001192
0.001194
0.001192
0.001193
0.001192
0.001192
0.001192
0.001192
0.001192
0.001192
0.001192
0.001192
0.001192
0.001192
0.001192
0.001192
0.001192
0.001192
0.001192
0.001192
0.001192
0.001191
0.001191
0.001191
0.001191
0.001191
0.001191
0.001191
0.001191
0.001191
0.001191
0.001191
0.001191
0.001191
0.001191
0.001191
0.001191
0.001191
0.001191
0.001191
0.001191
0.001191
0.001191
0.001191
0.001191
0.001191
0.001191
0.001191
0.001191
0.001191
0.001191
0.001190
0.001190
0.001190
0.001190
0.001190
0.001190
0.001190
0.001190
0.001190
0.001190
0.001190
0.001190
0.001190
0.001189
0.001189
0.001189
0.001189
0.001189
0.001189
0.001189
0.001189
0.001189
0.001189
0.001188
0.001188
0.001188
0.001188
0.001188
0.001188
0.001188
0.001188
0.001187
0.001187
0.001187
0.001187
0.001187
0.001187
0.001187
0.001186
0.001186
0.001186
0.001186
0.001186
0.001186
0.001186
0.001185
0.001185
0.001173
0.001173
0.001169
0.001168
0.001168
0.001167
0.001167
0.001167
0.001167
0.001167
0.001167
0.001166
0.001166
0.001166
0.001166
0.001166
0.001166
0.001165
0.001165
0.001165
0.001165
0.001165
0.001165
0.001164
0.001164
0.001164
0.001164
0.001164
0.001164
0.001163
0.001163
0.001163
0.001163
0.001163
0.001163
0.001163
0.001163
0.001162
0.001162
0.001162
0.001162
0.001162
0.001162
0.001162
0.001161
0.001161
0.001161
0.001161
0.001161
0.001161
0.001161
0.001161
0.001160
0.001160
0.001160
0.001160
0.001160
0.001160
0.001160
0.001160
0.001159
0.001159
0.001159
0.001159
0.001159
0.001159
0.001159
0.001159
0.001158
0.001158
0.001158
0.001158
0.001158
0.001158
0.001158
0.001158
0.001157
0.001157
0.001157
0.001157
0.001157
0.001157
0.001157
0.001157
0.001157
0.001156
0.001156
0.001156
0.001156
0.001156
0.001156
0.001156
0.001156
0.001155
0.001155
0.001155
0.001155
0.001155
0.001155
0.001155
