0.480934
0.403400
0.313967
0.208352
0.145937
0.114572
0.092364
0.074833
0.060004
0.047782
0.037311
0.025807
0.013367
0.008759
0.007589
0.007209
0.007103
0.007033
0.006985
0.006933
0.006884
0.006838
0.006795
0.006750
0.006709
0.006671
0.006631
0.006599
0.006568
0.006542
0.006518
0.006501
0.006482
0.006470
0.006455
0.006445
0.006432
0.006425
0.006417
0.006412
0.006408
0.006403
0.006400
0.006397
0.006396
0.006393
0.006393
0.006390
0.006391
0.006389
0.006389
0.006389
0.006388
0.006387
0.006386
0.006384
0.006383
0.006383
0.006382
0.006381
0.006381
0.006379
0.006378
0.006375
0.006373
0.006370
0.006368
0.006365
0.006362
0.006358
0.006355
0.006352
0.006349
0.006346
0.006343
0.006339
0.006336
0.006332
0.006329
0.006326
0.006324
0.006322
0.006319
0.006315
0.006313
0.006310
0.006308
0.006305
0.006302
0.006300
0.006298
0.006296
0.006294
0.006292
0.006290
0.006288
0.006286
0.006284
0.006282
0.006281
0.006150
0.006113
0.006116
0.006117
0.006120
0.006120
0.006119
0.006118
0.006118
0.006117
0.006116
0.006116
0.006116
0.006115
0.006113
0.006112
0.006111
0.006110
0.006109
0.006108
0.006107
0.006107
0.006107
0.006107
0.006107
0.006106
0.006105
0.006105
0.006104
0.006104
0.006103
0.006102
0.006101
0.006100
0.006099
0.006099
0.006097
0.006097
0.006096
0.006095
0.006095
0.006093
0.006093
0.006092
0.006091
0.006090
0.006090
0.006088
0.006088
0.006087
0.006087
0.006086
0.006085
0.006085
0.006084
0.006083
0.006083
0.006083
0.006083
0.006082
0.006082
0.006081
0.006080
0.006080
0.006079
0.006079
0.006078
0.006078
0.006077
0.006076
0.006075
0.006075
0.006074
0.006074
0.006073
0.006072
0.006071
0.006070
0.006070
0.006069
0.006068
0.006067
0.006066
0.006066
0.006065
0.006064
0.006062
0.006060
0.006059
0.006058
0.006057
0.006056
0.006054
0.006055
0.006053
0.006051
0.006052
0.006049
0.006048
0.006047
0.006013
0.005996
0.005989
0.005990
0.005989
0.005988
0.005987
0.005987
0.005986
0.005985
0.005985
0.005984
0.005983
0.005982
0.005982
0.005981
0.005980
0.005979
0.005978
0.005978
0.005977
0.005976
0.005975
0.005974
0.005973
0.005972
0.005971
0.005971
0.005970
0.005969
0.005968
0.005968
0.005966
0.005966
0.005965
0.005964
0.005963
0.005962
0.005962
0.005961
0.005960
0.005959
0.005958
0.005957
0.005955
0.005954
0.005953
0.005952
0.005951
0.005949
0.005948
0.005946
0.005944
0.005943
0.005942
0.005940
0.005939
0.005938
0.005936
0.005935
0.005935
0.005933
0.005932
0.005931
0.005930
0.005928
0.005927
0.005926
0.005925
0.005923
0.005922
0.005921
0.005920
0.005919
0.005917
0.005916
0.005914
0.005913
0.005911
0.005910
0.005909
0.005907
0.005906
0.005905
0.005903
0.005902
0.005901
0.005899
0.005898
0.005897
0.005895
0.005894
0.005893
0.005891
0.005890
0.005889
0.005887
0.005886
0.005884
0.005883
0.005874
0.005888
0.005896
0.005900
0.005900
0.005900
0.005899
0.005898
0.005897
0.005896
0.005896
0.005895
0.005894
0.005893
0.005892
0.005892
0.005891
0.005889
0.005889
0.005888
0.005887
0.005886
0.005885
0.005884
0.005884
0.005883
0.005882
0.005881
0.005880
0.005879
0.005878
0.005878
0.005877
0.005876
0.005875
0.005874
0.005873
0.005873
0.005872
0.005871
0.005870
0.005869
0.005868
0.005868
0.005867
0.005866
0.005865
0.005863
0.005863
0.005862
0.005861
0.005860
0.005859
0.005858
0.005858
0.005857
0.005856
0.005855
0.005854
0.005853
0.005852
0.005852
0.005851
0.005850
0.005849
0.005848
0.005848
0.005847
0.005846
0.005845
0.005844
0.005843
0.005842
0.005841
0.005840
0.005839
0.005839
0.005837
0.005837
0.005836
0.005835
0.005834
0.005833
0.005832
0.005831
0.005831
0.005830
0.005829
0.005828
0.005827
0.005826
0.005825
0.005825
0.005824
0.005823
0.005822
0.005821
0.005820
0.005819
0.005818
0.005802
0.005786
0.005782
0.005783
0.005782
0.005782
0.005782
0.005781
0.005781
0.005780
0.005780
0.005780
0.005779
0.005779
0.005778
0.005778
0.005777
0.005777
0.005777
0.005776
0.005776
0.005775
0.005775
0.005774
0.005774
0.005773
0.005773
0.005772
0.005772
0.005771
0.005771
0.005770
0.005770
0.005769
0.005769
0.005769
0.005768
0.005768
0.005767
0.005767
0.005766
0.005766
0.005765
0.005765
0.005764
0.005763
0.005763
0.005762
0.005762
0.005761
0.005761
0.005760
0.005760
0.005759
0.005759
0.005758
0.005758
0.005757
0.005757
0.005756
0.005756
0.005755
0.005754
0.005754
0.005753
0.005753
0.005752
0.005752
0.005751
0.005751
0.005750
0.005750
0.005749
0.005748
0.005748
0.005747
0.005747
0.005746
0.005746
0.005745
0.005744
0.005744
0.005743
0.005743
0.005742
0.005742
0.005741
0.005740
0.005740
0.005739
0.005739
0.005738
0.005737
0.005737
0.005736
0.005736
0.005735
0.005734
0.005734
0.005733
