0.385752
0.122978
0.032243
0.015305
0.011587
0.009488
0.008354
0.007557
0.006918
0.006387
0.005937
0.005544
0.005206
0.004933
0.004708
0.004516
0.004352
0.004201
0.004058
0.003919
0.003786
0.003659
0.003545
0.003435
0.003334
0.003240
0.003151
0.003067
0.002990
0.002917
0.002850
0.002789
0.002733
0.002681
0.002630
0.002581
0.002535
0.002491
0.002447
0.002403
0.002361
0.002319
0.002276
0.002232
0.002188
0.002145
0.002103
0.002062
0.002024
0.001987
0.001951
0.001916
0.001883
0.001850
0.001815
0.001778
0.001741
0.001704
0.001664
0.001623
0.001584
0.001543
0.001506
0.001471
0.001437
0.001405
0.001375
0.001347
0.001322
0.001298
0.001274
0.001250
0.001229
0.001210
0.001191
0.001173
0.001156
0.001138
0.001123
0.001109
0.001097
0.001082
0.001068
0.001056
0.001043
0.001031
0.001019
0.001008
0.000999
0.000990
0.000982
0.000974
0.000966
0.000958
0.000953
0.000947
0.000943
0.000939
0.000935
0.000931
0.000853
0.000808
0.000801
0.000795
0.000792
0.000790
0.000788
0.000785
0.000784
0.000781
0.000779
0.000778
0.000776
0.000775
0.000773
0.000771
0.000770
0.000769
0.000768
0.000767
0.000766
0.000765
0.000765
0.000764
0.000763
0.000763
0.000762
0.000761
0.000760
0.000759
0.000758
0.000757
0.000756
0.000754
0.000753
0.000752
0.000751
0.000750
0.000749
0.000747
0.000745
0.000744
0.000742
0.000740
0.000739
0.000737
0.000735
0.000734
0.000732
0.000730
0.000729
0.000727
0.000726
0.000724
0.000723
0.000721
0.000719
0.000718
0.000717
0.000715
0.000714
0.000713
0.000712
0.000710
0.000709
0.000708
0.000707
0.000706
0.000705
0.000704
0.000703
0.000702
0.000701
0.000701
0.000700
0.000700
0.000699
0.000698
0.000697
0.000696
0.000695
0.000695
0.000694
0.000694
0.000692
0.000692
0.000691
0.000690
0.000690
0.000688
0.000688
0.000688
0.000687
0.000686
0.000686
0.000685
0.000683
0.000682
0.000682
0.000681
0.000653
0.000646
0.000642
0.000641
0.000640
0.000639
0.000638
0.000638
0.000637
0.000636
0.000635
0.000634
0.000633
0.000632
0.000631
0.000631
0.000630
0.000629
0.000628
0.000627
0.000626
0.000625
0.000624
0.000623
0.000622
0.000621
0.000620
0.000619
0.000618
0.000617
0.000616
0.000615
0.000614
0.000613
0.000612
0.000611
0.000610
0.000609
0.000608
0.000607
0.000607
0.000606
0.000605
0.000604
0.000603
0.000602
0.000601
0.000600
0.000600
0.000599
0.000598
0.000597
0.000596
0.000595
0.000595
0.000594
0.000593
0.000592
0.000591
0.000591
0.000590
0.000589
0.000588
0.000588
0.000587
0.000586
0.000585
0.000584
0.000583
0.000583
0.000582
0.000581
0.000580
0.000579
0.000578
0.000577
0.000576
0.000575
0.000575
0.000574
0.000573
0.000572
0.000571
0.000570
0.000569
0.000568
0.000567
0.000567
0.000566
0.000565
0.000564
0.000563
0.000562
0.000561
0.000560
0.000559
0.000558
0.000557
0.000556
0.000555
0.000544
0.000546
0.000550
0.000552
0.000552
0.000551
0.000551
0.000551
0.000550
0.000550
0.000549
0.000549
0.000548
0.000548
0.000547
0.000547
0.000546
0.000546
0.000545
0.000545
0.000544
0.000544
0.000543
0.000543
0.000542
0.000542
0.000541
0.000541
0.000540
0.000540
0.000539
0.000539
0.000538
0.000538
0.000537
0.000537
0.000536
0.000536
0.000535
0.000535
0.000534
0.000534
0.000533
0.000533
0.000532
0.000532
0.000531
0.000531
0.000530
0.000530
0.000529
0.000529
0.000528
0.000528
0.000527
0.000527
0.000526
0.000526
0.000525
0.000525
0.000524
0.000524
0.000523
0.000523
0.000522
0.000522
0.000521
0.000521
0.000521
0.000520
0.000520
0.000519
0.000519
0.000518
0.000518
0.000517
0.000517
0.000517
0.000516
0.000516
0.000515
0.000515
0.000515
0.000514
0.000514
0.000513
0.000513
0.000513
0.000512
0.000512
0.000512
0.000511
0.000511
0.000510
0.000510
0.000510
0.000509
0.000509
0.000508
0.000508
0.000506
0.000510
0.000508
0.000506
0.000506
0.000505
0.000505
0.000505
0.000505
0.000505
0.000505
0.000505
0.000504
0.000504
0.000504
0.000504
0.000504
0.000504
0.000504
0.000503
0.000503
0.000503
0.000503
0.000503
0.000503
0.000503
0.000502
0.000502
0.000502
0.000502
0.000502
0.000502
0.000502
0.000501
0.000501
0.000501
0.000501
0.000501
0.000501
0.000501
0.000501
0.000500
0.000500
0.000500
0.000500
0.000500
0.000500
0.000499
0.000499
0.000499
0.000499
0.000499
0.000499
0.000498
0.000498
0.000498
0.000498
0.000498
0.000498
0.000497
0.000497
0.000497
0.000497
0.000497
0.000497
0.000496
0.000496
0.000496
0.000496
0.000496
0.000496
0.000495
0.000495
0.000495
0.000495
0.000495
0.000495
0.000494
0.000494
0.000494
0.000494
0.000494
0.000494
0.000493
0.000493
0.000493
0.000493
0.000493
0.000492
0.000492
0.000492
0.000492
0.000492
0.000492
0.000491
0.000491
0.000491
0.000491
0.000491
0.000491
