0.421846
0.238675
0.105498
0.034913
0.020542
0.014598
0.012086
0.010898
0.009924
0.008926
0.008228
0.008024
0.007853
0.007711
0.007575
0.007448
0.007331
0.007220
0.007119
0.007027
0.006943
0.006867
0.006800
0.006741
0.006690
0.006647
0.006610
0.006577
0.006549
0.006526
0.006506
0.006489
0.006475
0.006462
0.006451
0.006441
0.006433
0.006425
0.006417
0.006409
0.006403
0.006397
0.006390
0.006381
0.006372
0.006363
0.006355
0.006348
0.006341
0.006334
0.006326
0.006318
0.006308
0.006297
0.006284
0.006272
0.006256
0.006236
0.006210
0.006181
0.006148
0.006113
0.006072
0.006027
0.005979
0.005930
0.005878
0.005828
0.005778
0.005728
0.005677
0.005630
0.005586
0.005544
0.005504
0.005468
0.005436
0.005408
0.005384
0.005364
0.005347
0.005332
0.005318
0.005305
0.005294
0.005282
0.005272
0.005261
0.005252
0.005243
0.005236
0.005230
0.005223
0.005217
0.005210
0.005205
0.005201
0.005195
0.005193
0.005188
0.005094
0.005031
0.005021
0.005004
0.005004
0.005003
0.005002
0.005001
0.005000
0.005000
0.004999
0.004998
0.004997
0.004996
0.004995
0.004995
0.004994
0.004993
0.004993
0.004992
0.004991
0.004990
0.004990
0.004989
0.004989
0.004989
0.004988
0.004988
0.004988
0.004987
0.004987
0.004986
0.004986
0.004986
0.004986
0.004986
0.004986
0.004986
0.004986
0.004985
0.004985
0.004985
0.004985
0.004985
0.004985
0.004985
0.004985
0.004985
0.004985
0.004985
0.004985
0.004985
0.004985
0.004984
0.004984
0.004984
0.004983
0.004983
0.004983
0.004983
0.004982
0.004982
0.004982
0.004982
0.004982
0.004981
0.004981
0.004981
0.004981
0.004980
0.004980
0.004979
0.004979
0.004979
0.004979
0.004979
0.004979
0.004978
0.004977
0.004972
0.004957
0.004917
0.004828
0.004682
0.004556
0.004464
0.004388
0.004319
0.004254
0.004190
0.004129
0.004066
0.004006
0.003950
0.003902
0.003861
0.003824
0.003789
0.003759
0.003731
0.003659
0.003615
0.003594
0.003582
0.003571
0.003561
0.003550
0.003541
0.003532
0.003524
0.003515
0.003507
0.003500
0.003493
0.003486
0.003479
0.003473
0.003467
0.003461
0.003456
0.003450
0.003445
0.003440
0.003436
0.003431
0.003426
0.003421
0.003417
0.003413
0.003409
0.003406
0.003402
0.003398
0.003395
0.003392
0.003389
0.003386
0.003383
0.003381
0.003377
0.003374
0.003372
0.003369
0.003366
0.003363
0.003361
0.003358
0.003356
0.003353
0.003351
0.003349
0.003346
0.003345
0.003342
0.003340
0.003338
0.003336
0.003335
0.003333
0.003331
0.003329
0.003328
0.003326
0.003325
0.003324
0.003322
0.003321
0.003319
0.003318
0.003317
0.003315
0.003314
0.003313
0.003312
0.003310
0.003309
0.003308
0.003308
0.003306
0.003306
0.003304
0.003303
0.003302
0.003301
0.003300
0.003299
0.003298
0.003297
0.003296
0.003295
0.003295
0.003294
0.003293
0.003292
0.003292
0.003291
0.003291
0.003290
0.003290
0.003289
0.003267
0.003271
0.003279
0.003281
0.003281
0.003281
0.003281
0.003281
0.003281
0.003281
0.003281
0.003281
0.003281
0.003281
0.003281
0.003281
0.003281
0.003281
0.003281
0.003281
0.003281
0.003281
0.003281
0.003281
0.003281
0.003281
0.003281
0.003281
0.003281
0.003281
0.003280
0.003280
0.003280
0.003280
0.003280
0.003280
0.003279
0.003279
0.003279
0.003279
0.003279
0.003278
0.003278
0.003278
0.003278
0.003277
0.003277
0.003277
0.003276
0.003276
0.003276
0.003275
0.003275
0.003275
0.003274
0.003274
0.003274
0.003273
0.003273
0.003273
0.003272
0.003272
0.003271
0.003271
0.003271
0.003270
0.003270
0.003269
0.003269
0.003269
0.003268
0.003268
0.003267
0.003267
0.003267
0.003266
0.003266
0.003266
0.003265
0.003265
0.003264
0.003264
0.003264
0.003263
0.003263
0.003263
0.003262
0.003262
0.003261
0.003261
0.003261
0.003260
0.003260
0.003260
0.003259
0.003259
0.003258
0.003258
0.003258
0.003257
0.003236
0.003224
0.003221
0.003223
0.003222
0.003222
0.003222
0.003222
0.003222
0.003221
0.003221
0.003221
0.003221
0.003221
0.003221
0.003221
0.003221
0.003221
0.003221
0.003221
0.003221
0.003221
0.003221
0.003220
0.003220
0.003220
0.003220
0.003220
0.003220
0.003220
0.003220
0.003220
0.003220
0.003220
0.003220
0.003220
0.003220
0.003219
0.003219
0.003219
0.003219
0.003219
0.003219
0.003219
0.003219
0.003219
0.003218
0.003219
0.003218
0.003218
0.003218
0.003218
0.003218
0.003218
0.003218
0.003218
0.003218
0.003218
0.003218
0.003217
0.003217
0.003217
0.003217
0.003217
0.003217
0.003217
0.003217
0.003217
0.003216
0.003216
0.003216
0.003216
0.003216
0.003216
0.003216
0.003216
0.003216
0.003215
0.003215
0.003215
0.003215
0.003215
0.003215
0.003215
0.003215
0.003215
0.003214
0.003214
0.003214
0.003214
0.003214
0.003214
0.003214
0.003214
0.003214
0.003214
0.003213
0.003213
0.003213
0.003213
