0.423483
0.275549
0.165637
0.046984
0.025114
0.018611
0.014175
0.010257
0.007042
0.005384
0.004897
0.004726
0.004589
0.004453
0.004339
0.004223
0.004113
0.004006
0.003900
0.003794
0.003693
0.003600
0.003514
0.003434
0.003360
0.003289
0.003217
0.003150
0.003084
0.003022
0.002964
0.002909
0.002857
0.002809
0.002765
0.002722
0.002679
0.002639
0.002601
0.002563
0.002525
0.002489
0.002451
0.002416
0.002384
0.002355
0.002331
0.002310
0.002286
0.002261
0.002239
0.002219
0.002196
0.002176
0.002157
0.002137
0.002119
0.002102
0.002085
0.002070
0.002053
0.002036
0.002020
0.002003
0.001987
0.001972
0.001955
0.001937
0.001919
0.001903
0.001888
0.001873
0.001856
0.001841
0.001825
0.001807
0.001792
0.001777
0.001764
0.001752
0.001740
0.001729
0.001720
0.001711
0.001703
0.001695
0.001687
0.001678
0.001669
0.001660
0.001653
0.001645
0.001637
0.001628
0.001621
0.001616
0.001609
0.001605
0.001599
0.001595
0.001476
0.001476
0.001481
0.001484
0.001483
0.001482
0.001480
0.001478
0.001475
0.001472
0.001469
0.001467
0.001464
0.001460
0.001457
0.001454
0.001451
0.001448
0.001445
0.001442
0.001439
0.001435
0.001433
0.001430
0.001427
0.001425
0.001422
0.001420
0.001418
0.001416
0.001414
0.001412
0.001410
0.001408
0.001407
0.001405
0.001404
0.001403
0.001402
0.001401
0.001400
0.001399
0.001398
0.001397
0.001396
0.001395
0.001394
0.001393
0.001392
0.001392
0.001391
0.001390
0.001389
0.001387
0.001387
0.001385
0.001384
0.001383
0.001382
0.001381
0.001380
0.001378
0.001377
0.001376
0.001375
0.001373
0.001373
0.001371
0.001370
0.001368
0.001367
0.001366
0.001365
0.001364
0.001362
0.001361
0.001359
0.001358
0.001356
0.001354
0.001353
0.001352
0.001350
0.001350
0.001348
0.001347
0.001345
0.001343
0.001342
0.001340
0.001340
0.001338
0.001336
0.001335
0.001333
0.001332
0.001331
0.001330
0.001328
0.001327
0.001310
0.001314
0.001307
0.001302
0.001301
0.001302
0.001302
0.001302
0.001301
0.001301
0.001301
0.001300
0.001300
0.001300
0.001299
0.001299
0.001299
0.001299
0.001299
0.001299
0.001298
0.001298
0.001298
0.001298
0.001298
0.001298
0.001297
0.001297
0.001297
0.001297
0.001296
0.001296
0.001296
0.001296
0.001295
0.001295
0.001295
0.001295
0.001294
0.001294
0.001294
0.001294
0.001293
0.001293
0.001292
0.001292
0.001292
0.001291
0.001291
0.001290
0.001290
0.001289
0.001288
0.001288
0.001287
0.001286
0.001286
0.001285
0.001284
0.001284
0.001283
0.001283
0.001282
0.001282
0.001281
0.001281
0.001280
0.001280
0.001279
0.001278
0.001278
0.001277
0.001276
0.001276
0.001275
0.001274
0.001274
0.001273
0.001272
0.001271
0.001271
0.001270
0.001269
0.001268
0.001267
0.001266
0.001265
0.001264
0.001263
0.001262
0.001262
0.001260
0.001259
0.001258
0.001258
0.001257
0.001256
0.001255
0.001254
0.001253
0.001248
0.001223
0.001219
0.001220
0.001218
0.001218
0.001217
0.001217
0.001216
0.001216
0.001215
0.001215
0.001215
0.001214
0.001214
0.001213
0.001213
0.001212
0.001212
0.001211
0.001211
0.001210
0.001210
0.001209
0.001209
0.001208
0.001208
0.001207
0.001206
0.001206
0.001205
0.001205
0.001204
0.001204
0.001203
0.001203
0.001202
0.001201
0.001201
0.001200
0.001200
0.001199
0.001198
0.001198
0.001197
0.001196
0.001195
0.001195
0.001194
0.001193
0.001192
0.001192
0.001191
0.001190
0.001189
0.001188
0.001187
0.001187
0.001186
0.001185
0.001184
0.001183
0.001182
0.001181
0.001180
0.001180
0.001179
0.001178
0.001177
0.001176
0.001175
0.001174
0.001173
0.001171
0.001170
0.001169
0.001168
0.001167
0.001166
0.001165
0.001163
0.001162
0.001161
0.001160
0.001158
0.001157
0.001156
0.001155
0.001153
0.001152
0.001151
0.001150
0.001149
0.001147
0.001146
0.001145
0.001144
0.001143
0.001141
0.001140
0.001135
0.001132
0.001132
0.001131
0.001131
0.001130
0.001129
0.001129
0.001128
0.001128
0.001127
0.001127
0.001126
0.001125
0.001125
0.001124
0.001124
0.001123
0.001122
0.001122
0.001121
0.001121
0.001120
0.001119
0.001119
0.001118
0.001118
0.001117
0.001117
0.001116
0.001115
0.001115
0.001114
0.001114
0.001113
0.001113
0.001112
0.001112
0.001111
0.001111
0.001110
0.001110
0.001110
0.001109
0.001109
0.001108
0.001108
0.001108
0.001107
0.001107
0.001106
0.001106
0.001106
0.001105
0.001105
0.001104
0.001104
0.001104
0.001103
0.001103
0.001103
0.001102
0.001102
0.001102
0.001102
0.001101
0.001101
0.001101
0.001100
0.001100
0.001100
0.001099
0.001099
0.001099
0.001098
0.001098
0.001098
0.001098
0.001097
0.001097
0.001097
0.001096
0.001096
0.001096
0.001096
0.001095
0.001095
0.001095
0.001094
0.001094
0.001094
0.001094
0.001094
0.001093
0.001093
0.001093
0.001093
0.001092
0.001092
0.001092
