0.542105
0.485506
0.298352
0.075627
0.040332
0.024214
0.014779
0.009011
0.005576
0.004209
0.003808
0.003518
0.003366
0.003229
0.003114
0.003015
0.002927
0.002852
0.002785
0.002724
0.002666
0.002612
0.002559
0.002508
0.002456
0.002404
0.002354
0.002305
0.002259
0.002216
0.002176
0.002143
0.002112
0.002083
0.002057
0.002032
0.002010
0.001988
0.001968
0.001949
0.001932
0.001915
0.001900
0.001885
0.001871
0.001858
0.001846
0.001835
0.001825
0.001816
0.001807
0.001799
0.001790
0.001782
0.001773
0.001766
0.001758
0.001751
0.001744
0.001737
0.001730
0.001723
0.001717
0.001711
0.001704
0.001697
0.001690
0.001685
0.001678
0.001672
0.001665
0.001660
0.001653
0.001647
0.001640
0.001634
0.001627
0.001621
0.001616
0.001611
0.001606
0.001601
0.001596
0.001590
0.001586
0.001582
0.001578
0.001574
0.001571
0.001568
0.001564
0.001560
0.001556
0.001552
0.001549
0.001545
0.001541
0.001536
0.001532
0.001528
0.001370
0.001357
0.001355
0.001360
0.001360
0.001360
0.001358
0.001356
0.001353
0.001350
0.001347
0.001344
0.001341
0.001338
0.001335
0.001333
0.001330
0.001328
0.001326
0.001323
0.001321
0.001320
0.001318
0.001316
0.001315
0.001313
0.001312
0.001311
0.001309
0.001308
0.001308
0.001307
0.001306
0.001305
0.001305
0.001304
0.001303
0.001302
0.001301
0.001300
0.001299
0.001298
0.001297
0.001295
0.001294
0.001292
0.001290
0.001288
0.001286
0.001283
0.001281
0.001279
0.001276
0.001274
0.001272
0.001269
0.001267
0.001264
0.001262
0.001259
0.001257
0.001255
0.001253
0.001251
0.001249
0.001248
0.001246
0.001244
0.001243
0.001242
0.001240
0.001239
0.001238
0.001237
0.001235
0.001234
0.001233
0.001231
0.001230
0.001228
0.001226
0.001224
0.001222
0.001220
0.001218
0.001216
0.001214
0.001212
0.001210
0.001209
0.001207
0.001205
0.001203
0.001201
0.001200
0.001198
0.001196
0.001194
0.001192
0.001190
0.001153
0.001162
0.001169
0.001170
0.001169
0.001168
0.001167
0.001166
0.001166
0.001166
0.001165
0.001165
0.001164
0.001164
0.001163
0.001163
0.001162
0.001162
0.001161
0.001161
0.001160
0.001159
0.001158
0.001158
0.001157
0.001156
0.001155
0.001155
0.001154
0.001153
0.001152
0.001151
0.001150
0.001149
0.001148
0.001147
0.001147
0.001146
0.001145
0.001144
0.001143
0.001142
0.001141
0.001140
0.001139
0.001138
0.001137
0.001136
0.001135
0.001134
0.001132
0.001131
0.001130
0.001129
0.001128
0.001127
0.001126
0.001125
0.001124
0.001122
0.001121
0.001120
0.001119
0.001118
0.001117
0.001116
0.001115
0.001114
0.001113
0.001111
0.001110
0.001109
0.001108
0.001107
0.001107
0.001106
0.001105
0.001104
0.001103
0.001102
0.001101
0.001100
0.001100
0.001099
0.001098
0.001097
0.001096
0.001095
0.001095
0.001094
0.001093
0.001092
0.001091
0.001091
0.001090
0.001089
0.001089
0.001088
0.001087
0.001087
0.001078
0.001078
0.001076
0.001078
0.001078
0.001078
0.001078
0.001077
0.001077
0.001077
0.001077
0.001076
0.001076
0.001076
0.001075
0.001075
0.001075
0.001074
0.001074
0.001074
0.001074
0.001073
0.001073
0.001073
0.001073
0.001072
0.001072
0.001072
0.001072
0.001071
0.001071
0.001071
0.001071
0.001070
0.001070
0.001070
0.001070
0.001070
0.001070
0.001069
0.001069
0.001069
0.001069
0.001069
0.001069
0.001068
0.001068
0.001068
0.001068
0.001068
0.001068
0.001067
0.001067
0.001067
0.001067
0.001067
0.001066
0.001066
0.001066
0.001066
0.001066
0.001065
0.001065
0.001065
0.001065
0.001065
0.001065
0.001064
0.001064
0.001064
0.001064
0.001064
0.001064
0.001063
0.001063
0.001063
0.001063
0.001063
0.001062
0.001062
0.001062
0.001062
0.001062
0.001061
0.001061
0.001061
0.001061
0.001061
0.001060
0.001060
0.001060
0.001060
0.001059
0.001059
0.001059
0.001059
0.001059
0.001058
0.001058
0.001058
0.001041
0.001037
0.001033
0.001033
0.001033
0.001032
0.001032
0.001032
0.001032
0.001032
0.001032
0.001032
0.001032
0.001031
0.001031
0.001031
0.001031
0.001031
0.001031
0.001031
0.001031
0.001030
0.001030
0.001030
0.001030
0.001030
0.001030
0.001030
0.001030
0.001029
0.001029
0.001029
0.001029
0.001029
0.001029
0.001029
0.001029
0.001028
0.001028
0.001028
0.001028
0.001028
0.001028
0.001028
0.001028
0.001028
0.001027
0.001027
0.001027
0.001027
0.001027
0.001027
0.001027
0.001027
0.001027
0.001026
0.001026
0.001026
0.001026
0.001026
0.001026
0.001026
0.001026
0.001026
0.001025
0.001025
0.001025
0.001025
0.001025
0.001025
0.001025
0.001025
0.001025
0.001025
0.001024
0.001024
0.001024
0.001024
0.001024
0.001024
0.001024
0.001024
0.001024
0.001024
0.001024
0.001023
0.001023
0.001023
0.001023
0.001023
0.001023
0.001023
0.001023
0.001023
0.001023
0.001022
0.001022
0.001022
0.001022
0.001022
