0.492142
0.344050
0.179184
0.107513
0.069519
0.033344
0.011225
0.008341
0.007660
0.007217
0.006988
0.006765
0.006557
0.006384
0.006170
0.005951
0.005735
0.005519
0.005312
0.005120
0.004931
0.004732
0.004531
0.004325
0.004119
0.003920
0.003727
0.003532
0.003318
0.003011
0.002697
0.002503
0.002341
0.002221
0.002137
0.002064
0.002003
0.001952
0.001904
0.001862
0.001826
0.001791
0.001762
0.001737
0.001717
0.001700
0.001688
0.001678
0.001670
0.001664
0.001658
0.001654
0.001651
0.001648
0.001647
0.001646
0.001645
0.001645
0.001644
0.001644
0.001644
0.001644
0.001644
0.001644
0.001643
0.001643
0.001643
0.001642
0.001642
0.001641
0.001640
0.001640
0.001639
0.001638
0.001637
0.001636
0.001634
0.001633
0.001631
0.001629
0.001627
0.001624
0.001620
0.001615
0.001608
0.001601
0.001592
0.001583
0.001575
0.001567
0.001559
0.001551
0.001544
0.001538
0.001532
0.001525
0.001518
0.001513
0.001508
0.001503
0.001414
0.001423
0.001414
0.001413
0.001408
0.001406
0.001404
0.001403
0.001403
0.001402
0.001402
0.001402
0.001401
0.001401
0.001400
0.001400
0.001400
0.001399
0.001399
0.001398
0.001397
0.001396
0.001395
0.001394
0.001393
0.001392
0.001391
0.001390
0.001388
0.001387
0.001386
0.001385
0.001384
0.001383
0.001382
0.001381
0.001380
0.001379
0.001378
0.001377
0.001376
0.001375
0.001374
0.001373
0.001372
0.001371
0.001370
0.001369
0.001368
0.001367
0.001366
0.001365
0.001364
0.001362
0.001361
0.001360
0.001358
0.001357
0.001355
0.001353
0.001352
0.001350
0.001349
0.001347
0.001345
0.001343
0.001341
0.001339
0.001337
0.001335
0.001333
0.001331
0.001329
0.001327
0.001325
0.001323
0.001321
0.001319
0.001317
0.001315
0.001313
0.001311
0.001309
0.001307
0.001306
0.001304
0.001302
0.001301
0.001299
0.001298
0.001297
0.001295
0.001294
0.001293
0.001292
0.001291
0.001290
0.001289
0.001288
0.001288
0.001280
0.001272
0.001275
0.001277
0.001276
0.001275
0.001275
0.001274
0.001274
0.001273
0.001273
0.001272
0.001272
0.001272
0.001271
0.001271
0.001271
0.001270
0.001270
0.001270
0.001270
0.001269
0.001269
0.001269
0.001269
0.001269
0.001269
0.001268
0.001268
0.001268
0.001268
0.001268
0.001268
0.001267
0.001267
0.001267
0.001267
0.001267
0.001267
0.001267
0.001267
0.001267
0.001267
0.001266
0.001267
0.001266
0.001266
0.001266
0.001266
0.001266
0.001266
0.001266
0.001266
0.001266
0.001266
0.001266
0.001266
0.001266
0.001267
0.001266
0.001266
0.001266
0.001265
0.001265
0.001265
0.001265
0.001265
0.001265
0.001265
0.001265
0.001265
0.001265
0.001265
0.001264
0.001265
0.001264
0.001264
0.001265
0.001264
0.001265
0.001264
0.001264
0.001264
0.001264
0.001263
0.001263
0.001263
0.001263
0.001263
0.001263
0.001263
0.001263
0.001263
0.001262
0.001262
0.001262
0.001262
0.001262
0.001262
0.001262
0.001243
0.001245
0.001248
0.001250
0.001250
0.001250
0.001250
0.001250
0.001250
0.001250
0.001250
0.001250
0.001250
0.001250
0.001250
0.001250
0.001250
0.001250
0.001250
0.001250
0.001250
0.001250
0.001250
0.001250
0.001251
0.001251
0.001250
0.001250
0.001250
0.001250
0.001250
0.001250
0.001250
0.001250
0.001250
0.001250
0.001250
0.001250
0.001250
0.001250
0.001250
0.001250
0.001250
0.001250
0.001250
0.001250
0.001250
0.001250
0.001250
0.001250
0.001250
0.001250
0.001250
0.001250
0.001250
0.001250
0.001250
0.001250
0.001250
0.001250
0.001249
0.001250
0.001249
0.001250
0.001250
0.001249
0.001249
0.001249
0.001249
0.001249
0.001249
0.001249
0.001249
0.001249
0.001249
0.001249
0.001249
0.001249
0.001248
0.001248
0.001248
0.001248
0.001248
0.001248
0.001248
0.001248
0.001248
0.001248
0.001248
0.001248
0.001248
0.001248
0.001248
0.001247
0.001247
0.001247
0.001247
0.001247
0.001247
0.001247
0.001235
0.001225
0.001222
0.001223
0.001222
0.001223
0.001222
0.001222
0.001222
0.001222
0.001222
0.001222
0.001222
0.001222
0.001222
0.001222
0.001222
0.001222
0.001222
0.001222
0.001222
0.001222
0.001222
0.001222
0.001222
0.001222
0.001222
0.001222
0.001222
0.001222
0.001222
0.001222
0.001222
0.001222
0.001222
0.001222
0.001222
0.001222
0.001222
0.001222
0.001221
0.001221
0.001221
0.001221
0.001221
0.001221
0.001221
0.001221
0.001221
0.001221
0.001221
0.001221
0.001221
0.001221
0.001221
0.001221
0.001221
0.001221
0.001221
0.001221
0.001221
0.001221
0.001221
0.001221
0.001221
0.001221
0.001221
0.001221
0.001221
0.001221
0.001221
0.001221
0.001221
0.001221
0.001221
0.001221
0.001221
0.001221
0.001221
0.001221
0.001221
0.001221
0.001221
0.001221
0.001221
0.001221
0.001221
0.001221
0.001221
0.001221
0.001221
0.001221
0.001221
0.001221
0.001221
0.001221
0.001221
0.001221
0.001221
0.001221
