0.316741
0.079737
0.029823
0.012942
0.009189
0.007968
0.007393
0.007042
0.006764
0.006519
0.006314
0.006130
0.005949
0.005766
0.005575
0.005382
0.005187
0.004993
0.004808
0.004625
0.004442
0.004258
0.004075
0.003891
0.003711
0.003531
0.003353
0.003182
0.003022
0.002877
0.002737
0.002609
0.002493
0.002388
0.002291
0.002199
0.002110
0.002027
0.001951
0.001881
0.001816
0.001757
0.001702
0.001649
0.001601
0.001556
0.001512
0.001472
0.001432
0.001393
0.001359
0.001328
0.001299
0.001271
0.001248
0.001226
0.001206
0.001190
0.001174
0.001162
0.001150
0.001137
0.001127
0.001116
0.001106
0.001097
0.001090
0.001082
0.001072
0.001062
0.001052
0.001041
0.001032
0.001022
0.001010
0.001003
0.000991
0.000982
0.000974
0.000967
0.000958
0.000948
0.000935
0.000923
0.000910
0.000901
0.000892
0.000885
0.000879
0.000874
0.000870
0.000866
0.000859
0.000850
0.000840
0.000830
0.000822
0.000813
0.000805
0.000797
0.000722
0.000682
0.000670
0.000660
0.000660
0.000658
0.000656
0.000654
0.000653
0.000651
0.000650
0.000649
0.000648
0.000647
0.000646
0.000646
0.000645
0.000645
0.000645
0.000644
0.000644
0.000644
0.000644
0.000644
0.000644
0.000643
0.000643
0.000641
0.000639
0.000637
0.000634
0.000631
0.000628
0.000625
0.000621
0.000617
0.000613
0.000608
0.000603
0.000598
0.000592
0.000587
0.000582
0.000577
0.000572
0.000568
0.000564
0.000560
0.000556
0.000554
0.000551
0.000548
0.000546
0.000544
0.000542
0.000540
0.000538
0.000536
0.000534
0.000533
0.000532
0.000531
0.000530
0.000529
0.000528
0.000527
0.000526
0.000526
0.000525
0.000524
0.000522
0.000522
0.000521
0.000519
0.000519
0.000518
0.000517
0.000516
0.000515
0.000513
0.000511
0.000509
0.000508
0.000506
0.000504
0.000503
0.000502
0.000502
0.000501
0.000501
0.000501
0.000500
0.000500
0.000499
0.000498
0.000498
0.000497
0.000496
0.000495
0.000494
0.000470
0.000461
0.000452
0.000449
0.000451
0.000450
0.000449
0.000449
0.000449
0.000449
0.000449
0.000448
0.000448
0.000448
0.000448
0.000448
0.000448
0.000448
0.000448
0.000448
0.000448
0.000448
0.000448
0.000448
0.000449
0.000449
0.000449
0.000449
0.000449
0.000449
0.000449
0.000449
0.000448
0.000448
0.000449
0.000448
0.000449
0.000449
0.000449
0.000449
0.000449
0.000449
0.000449
0.000448
0.000448
0.000448
0.000448
0.000448
0.000447
0.000447
0.000447
0.000447
0.000447
0.000447
0.000447
0.000446
0.000446
0.000446
0.000446
0.000445
0.000445
0.000445
0.000445
0.000444
0.000444
0.000444
0.000444
0.000444
0.000443
0.000443
0.000443
0.000443
0.000443
0.000442
0.000442
0.000442
0.000441
0.000441
0.000441
0.000441
0.000440
0.000440
0.000440
0.000440
0.000439
0.000439
0.000439
0.000439
0.000439
0.000439
0.000439
0.000438
0.000438
0.000438
0.000438
0.000438
0.000438
0.000437
0.000437
0.000437
0.000417
0.000415
0.000416
0.000417
0.000417
0.000417
0.000417
0.000416
0.000416
0.000416
0.000416
0.000415
0.000415
0.000415
0.000414
0.000414
0.000414
0.000413
0.000413
0.000413
0.000412
0.000412
0.000412
0.000411
0.000411
0.000411
0.000411
0.000410
0.000410
0.000410
0.000410
0.000409
0.000409
0.000409
0.000409
0.000409
0.000408
0.000408
0.000408
0.000408
0.000408
0.000407
0.000407
0.000407
0.000407
0.000407
0.000407
0.000407
0.000406
0.000406
0.000406
0.000406
0.000406
0.000406
0.000406
0.000406
0.000405
0.000405
0.000405
0.000405
0.000405
0.000405
0.000405
0.000405
0.000405
0.000405
0.000404
0.000404
0.000404
0.000404
0.000404
0.000404
0.000404
0.000404
0.000404
0.000404
0.000404
0.000404
0.000404
0.000404
0.000404
0.000403
0.000403
0.000403
0.000403
0.000403
0.000403
0.000403
0.000403
0.000403
0.000403
0.000403
0.000403
0.000403
0.000403
0.000403
0.000403
0.000403
0.000403
0.000403
0.000398
0.000401
0.000402
0.000402
0.000402
0.000402
0.000402
0.000402
0.000402
0.000402
0.000402
0.000402
0.000402
0.000402
0.000402
0.000402
0.000402
0.000402
0.000402
0.000402
0.000401
0.000402
0.000401
0.000401
0.000401
0.000401
0.000401
0.000401
0.000401
0.000401
0.000401
0.000401
0.000401
0.000401
0.000401
0.000401
0.000401
0.000401
0.000401
0.000401
0.000401
0.000401
0.000401
0.000401
0.000401
0.000401
0.000401
0.000401
0.000401
0.000401
0.000401
0.000401
0.000401
0.000401
0.000401
0.000401
0.000401
0.000401
0.000401
0.000401
0.000401
0.000401
0.000401
0.000401
0.000401
0.000401
0.000401
0.000401
0.000401
0.000401
0.000401
0.000401
0.000401
0.000400
0.000400
0.000400
0.000400
0.000400
0.000400
0.000400
0.000400
0.000400
0.000400
0.000400
0.000400
0.000400
0.000400
0.000400
0.000400
0.000400
0.000400
0.000400
0.000400
0.000400
0.000400
0.000400
0.000399
0.000399
0.000399
0.000399
