0.445994
0.254921
0.116814
0.071569
0.054148
0.042726
0.033552
0.025833
0.019277
0.014084
0.010574
0.008713
0.008097
0.007942
0.007915
0.007907
0.007904
0.007904
0.007908
0.007913
0.007917
0.007921
0.007925
0.007929
0.007932
0.007935
0.007937
0.007937
0.007937
0.007939
0.007938
0.007939
0.007937
0.007937
0.007936
0.007936
0.007936
0.007936
0.007935
0.007935
0.007935
0.007933
0.007931
0.007930
0.007930
0.007928
0.007926
0.007923
0.007922
0.007919
0.007914
0.007910
0.007907
0.007902
0.007897
0.007891
0.007884
0.007879
0.007871
0.007864
0.007857
0.007849
0.007840
0.007833
0.007825
0.007815
0.007805
0.007794
0.007783
0.007772
0.007758
0.007745
0.007732
0.007717
0.007702
0.007687
0.007672
0.007656
0.007638
0.007621
0.007602
0.007578
0.007546
0.007495
0.007386
0.007184
0.006971
0.006789
0.006647
0.006531
0.006431
0.006345
0.006266
0.006193
0.006124
0.006058
0.005994
0.005932
0.005874
0.005818
0.005683
0.005583
0.005561
0.005529
0.005502
0.005479
0.005456
0.005433
0.005410
0.005387
0.005365
0.005342
0.005320
0.005298
0.005276
0.005255
0.005234
0.005213
0.005192
0.005172
0.005152
0.005132
0.005113
0.005093
0.005074
0.005054
0.005035
0.005016
0.004997
0.004978
0.004958
0.004940
0.004921
0.004903
0.004885
0.004866
0.004848
0.004830
0.004812
0.004795
0.004777
0.004760
0.004742
0.004725
0.004708
0.004692
0.004675
0.004660
0.004644
0.004627
0.004610
0.004593
0.004576
0.004558
0.004541
0.004524
0.004507
0.004490
0.004472
0.004455
0.004437
0.004419
0.004400
0.004382
0.004363
0.004343
0.004323
0.004302
0.004280
0.004257
0.004233
0.004209
0.004184
0.004158
0.004131
0.004102
0.004073
0.004043
0.004013
0.003983
0.003953
0.003924
0.003896
0.003869
0.003844
0.003820
0.003797
0.003775
0.003754
0.003735
0.003717
0.003699
0.003681
0.003664
0.003647
0.003631
0.003614
0.003598
0.003583
0.003567
0.003530
0.003472
0.003461
0.003456
0.003447
0.003440
0.003433
0.003425
0.003418
0.003411
0.003404
0.003397
0.003390
0.003383
0.003376
0.003370
0.003363
0.003356
0.003349
0.003342
0.003336
0.003329
0.003322
0.003316
0.003309
0.003303
0.003296
0.003290
0.003284
0.003277
0.003271
0.003264
0.003258
0.003252
0.003246
0.003240
0.003233
0.003227
0.003221
0.003215
0.003209
0.003204
0.003197
0.003192
0.003186
0.003180
0.003174
0.003168
0.003162
0.003156
0.003151
0.003145
0.003140
0.003134
0.003128
0.003123
0.003118
0.003112
0.003106
0.003101
0.003095
0.003090
0.003085
0.003079
0.003074
0.003069
0.003064
0.003058
0.003053
0.003048
0.003043
0.003038
0.003033
0.003028
0.003023
0.003018
0.003013
0.003008
0.003003
0.002999
0.002994
0.002989
0.002984
0.002980
0.002975
0.002970
0.002965
0.002961
0.002956
0.002951
0.002946
0.002942
0.002937
0.002932
0.002927
0.002923
0.002918
0.002913
0.002908
0.002903
0.002882
0.002876
0.002875
0.002870
0.002867
0.002865
0.002863
0.002860
0.002858
0.002855
0.002852
0.002850
0.002847
0.002845
0.002842
0.002840
0.002837
0.002834
0.002832
0.002829
0.002826
0.002823
0.002820
0.002818
0.002815
0.002812
0.002809
0.002806
0.002803
0.002800
0.002797
0.002794
0.002791
0.002788
0.002785
0.002782
0.002779
0.002775
0.002772
0.002769
0.002765
0.002762
0.002758
0.002754
0.002750
0.002746
0.002743
0.002739
0.002735
0.002731
0.002727
0.002723
0.002719
0.002715
0.002711
0.002707
0.002703
0.002698
0.002694
0.002689
0.002685
0.002680
0.002675
0.002671
0.002666
0.002661
0.002657
0.002652
0.002647
0.002641
0.002636
0.002630
0.002624
0.002618
0.002612
0.002605
0.002598
0.002591
0.002584
0.002578
0.002571
0.002565
0.002558
0.002552
0.002546
0.002539
0.002533
0.002527
0.002521
0.002515
0.002510
0.002504
0.002497
0.002491
0.002484
0.002477
0.002471
0.002464
0.002457
0.002451
0.002439
0.002445
0.002446
0.002444
0.002441
0.002438
0.002435
0.002432
0.002429
0.002426
0.002423
0.002420
0.002417
0.002414
0.002412
0.002409
0.002406
0.002404
0.002402
0.002399
0.002397
0.002395
0.002393
0.002390
0.002388
0.002386
0.002384
0.002382
0.002380
0.002378
0.002376
0.002374
0.002372
0.002370
0.002369
0.002367
0.002365
0.002363
0.002362
0.002360
0.002359
0.002357
0.002355
0.002354
0.002352
0.002350
0.002349
0.002347
0.002346
0.002344
0.002343
0.002341
0.002339
0.002338
0.002336
0.002334
0.002333
0.002331
0.002330
0.002328
0.002326
0.002325
0.002323
0.002322
0.002320
0.002319
0.002317
0.002316
0.002314
0.002313
0.002311
0.002310
0.002308
0.002307
0.002306
0.002304
0.002303
0.002302
0.002300
0.002299
0.002298
0.002297
0.002295
0.002294
0.002293
0.002292
0.002291
0.002289
0.002288
0.002287
0.002286
0.002285
0.002284
0.002283
0.002281
0.002280
0.002279
0.002278
0.002277
0.002276
