0.443768
0.251904
0.072752
0.043883
0.030822
0.022417
0.015934
0.011292
0.008151
0.006407
0.005440
0.004729
0.004071
0.003650
0.003319
0.003057
0.002849
0.002685
0.002554
0.002450
0.002367
0.002298
0.002239
0.002189
0.002144
0.002101
0.002061
0.002024
0.001991
0.001961
0.001934
0.001908
0.001884
0.001861
0.001840
0.001821
0.001805
0.001791
0.001776
0.001761
0.001745
0.001732
0.001720
0.001708
0.001697
0.001687
0.001676
0.001666
0.001656
0.001645
0.001636
0.001626
0.001616
0.001607
0.001597
0.001588
0.001579
0.001569
0.001559
0.001549
0.001538
0.001529
0.001519
0.001511
0.001502
0.001494
0.001488
0.001481
0.001473
0.001465
0.001457
0.001450
0.001444
0.001438
0.001431
0.001425
0.001419
0.001413
0.001408
0.001403
0.001398
0.001393
0.001390
0.001386
0.001382
0.001378
0.001374
0.001371
0.001367
0.001362
0.001359
0.001355
0.001353
0.001350
0.001348
0.001344
0.001342
0.001339
0.001337
0.001334
0.001297
0.001297
0.001308
0.001319
0.001323
0.001324
0.001324
0.001322
0.001319
0.001317
0.001315
0.001312
0.001310
0.001308
0.001306
0.001303
0.001300
0.001298
0.001295
0.001293
0.001291
0.001288
0.001286
0.001283
0.001280
0.001278
0.001275
0.001273
0.001271
0.001269
0.001266
0.001264
0.001262
0.001260
0.001258
0.001256
0.001254
0.001252
0.001250
0.001248
0.001246
0.001244
0.001242
0.001240
0.001238
0.001237
0.001235
0.001233
0.001232
0.001230
0.001228
0.001227
0.001225
0.001224
0.001222
0.001221
0.001220
0.001218
0.001217
0.001215
0.001214
0.001212
0.001211
0.001209
0.001208
0.001207
0.001205
0.001204
0.001202
0.001201
0.001199
0.001198
0.001196
0.001195
0.001194
0.001193
0.001191
0.001190
0.001188
0.001187
0.001185
0.001184
0.001182
0.001181
0.001179
0.001177
0.001176
0.001173
0.001171
0.001169
0.001166
0.001164
0.001162
0.001160
0.001158
0.001156
0.001154
0.001152
0.001150
0.001148
0.001141
0.001169
0.001182
0.001184
0.001182
0.001181
0.001180
0.001178
0.001177
0.001175
0.001172
0.001169
0.001166
0.001164
0.001162
0.001159
0.001157
0.001155
0.001153
0.001151
0.001149
0.001147
0.001146
0.001144
0.001142
0.001140
0.001138
0.001137
0.001135
0.001134
0.001133
0.001131
0.001130
0.001129
0.001128
0.001127
0.001126
0.001125
0.001124
0.001122
0.001121
0.001120
0.001118
0.001117
0.001116
0.001114
0.001113
0.001112
0.001110
0.001109
0.001108
0.001107
0.001107
0.001106
0.001105
0.001104
0.001103
0.001102
0.001101
0.001100
0.001100
0.001099
0.001098
0.001097
0.001097
0.001096
0.001094
0.001093
0.001092
0.001092
0.001091
0.001090
0.001089
0.001088
0.001087
0.001086
0.001085
0.001084
0.001084
0.001083
0.001083
0.001082
0.001082
0.001081
0.001081
0.001080
0.001080
0.001079
0.001078
0.001077
0.001077
0.001076
0.001075
0.001074
0.001073
0.001072
0.001071
0.001070
0.001069
0.001068
0.001044
0.001031
0.001026
0.001027
0.001027
0.001026
0.001026
0.001025
0.001025
0.001025
0.001024
0.001024
0.001024
0.001023
0.001023
0.001023
0.001022
0.001022
0.001021
0.001021
0.001021
0.001020
0.001020
0.001020
0.001019
0.001019
0.001019
0.001018
0.001018
0.001018
0.001017
0.001017
0.001017
0.001017
0.001016
0.001016
0.001016
0.001015
0.001015
0.001015
0.001014
0.001014
0.001014
0.001013
0.001013
0.001013
0.001012
0.001012
0.001012
0.001011
0.001011
0.001011
0.001010
0.001010
0.001010
0.001009
0.001009
0.001009
0.001008
0.001008
0.001008
0.001007
0.001007
0.001007
0.001006
0.001006
0.001006
0.001005
0.001005
0.001005
0.001004
0.001004
0.001004
0.001003
0.001003
0.001003
0.001002
0.001002
0.001002
0.001001
0.001001
0.001001
0.001000
0.001000
0.001000
0.000999
0.000999
0.000999
0.000999
0.000998
0.000998
0.000998
0.000997
0.000997
0.000997
0.000997
0.000997
0.000996
0.000996
0.000996
0.000988
0.000989
0.000989
0.000988
0.000987
0.000987
0.000987
0.000987
0.000987
0.000987
0.000986
0.000986
0.000986
0.000986
0.000986
0.000985
0.000985
0.000985
0.000985
0.000985
0.000985
0.000984
0.000984
0.000984
0.000984
0.000984
0.000983
0.000983
0.000983
0.000983
0.000983
0.000983
0.000982
0.000982
0.000982
0.000982
0.000982
0.000982
0.000981
0.000981
0.000981
0.000981
0.000981
0.000981
0.000980
0.000980
0.000980
0.000980
0.000980
0.000980
0.000980
0.000979
0.000979
0.000979
0.000979
0.000979
0.000979
0.000978
0.000978
0.000978
0.000978
0.000978
0.000978
0.000977
0.000977
0.000977
0.000977
0.000977
0.000977
0.000976
0.000976
0.000976
0.000976
0.000976
0.000976
0.000976
0.000975
0.000975
0.000975
0.000975
0.000975
0.000975
0.000975
0.000974
0.000974
0.000974
0.000974
0.000974
0.000974
0.000974
0.000973
0.000973
0.000973
0.000973
0.000973
0.000973
0.000973
0.000973
0.000972
0.000972
