0.518099
0.400984
0.266382
0.131039
0.052901
0.040624
0.030854
0.023401
0.017059
0.012923
0.010735
0.009096
0.007888
0.007009
0.006373
0.005954
0.005672
0.005465
0.005298
0.005155
0.005023
0.004899
0.004780
0.004665
0.004559
0.004460
0.004369
0.004282
0.004203
0.004127
0.004057
0.003990
0.003921
0.003856
0.003796
0.003738
0.003684
0.003637
0.003594
0.003555
0.003519
0.003484
0.003454
0.003423
0.003397
0.003369
0.003347
0.003325
0.003303
0.003283
0.003263
0.003243
0.003225
0.003206
0.003188
0.003172
0.003156
0.003141
0.003124
0.003107
0.003094
0.003079
0.003064
0.003052
0.003039
0.003025
0.003012
0.002999
0.002987
0.002974
0.002962
0.002949
0.002937
0.002923
0.002911
0.002899
0.002886
0.002874
0.002862
0.002848
0.002835
0.002821
0.002808
0.002795
0.002783
0.002770
0.002759
0.002746
0.002733
0.002721
0.002708
0.002696
0.002683
0.002669
0.002655
0.002639
0.002624
0.002607
0.002589
0.002571
0.002545
0.002593
0.002595
0.002596
0.002598
0.002592
0.002575
0.002552
0.002527
0.002504
0.002486
0.002471
0.002457
0.002444
0.002433
0.002422
0.002412
0.002403
0.002394
0.002386
0.002380
0.002373
0.002365
0.002358
0.002351
0.002345
0.002339
0.002333
0.002327
0.002322
0.002317
0.002312
0.002308
0.002303
0.002299
0.002296
0.002292
0.002289
0.002285
0.002282
0.002279
0.002276
0.002272
0.002269
0.002267
0.002265
0.002262
0.002260
0.002257
0.002255
0.002253
0.002248
0.002246
0.002244
0.002241
0.002238
0.002234
0.002230
0.002227
0.002221
0.002216
0.002212
0.002207
0.002202
0.002196
0.002189
0.002180
0.002171
0.002161
0.002149
0.002137
0.002125
0.002110
0.002092
0.002078
0.002062
0.002043
0.002026
0.002011
0.001995
0.001979
0.001966
0.001953
0.001940
0.001927
0.001916
0.001903
0.001891
0.001879
0.001869
0.001859
0.001849
0.001840
0.001832
0.001824
0.001816
0.001807
0.001799
0.001792
0.001785
0.001765
0.001740
0.001728
0.001726
0.001723
0.001718
0.001715
0.001712
0.001708
0.001705
0.001702
0.001699
0.001696
0.001692
0.001689
0.001686
0.001684
0.001681
0.001678
0.001675
0.001673
0.001670
0.001668
0.001665
0.001663
0.001660
0.001658
0.001656
0.001653
0.001651
0.001649
0.001647
0.001645
0.001643
0.001641
0.001639
0.001637
0.001636
0.001634
0.001632
0.001631
0.001629
0.001628
0.001626
0.001625
0.001623
0.001622
0.001621
0.001620
0.001619
0.001618
0.001616
0.001615
0.001614
0.001613
0.001612
0.001611
0.001610
0.001609
0.001608
0.001607
0.001606
0.001605
0.001604
0.001604
0.001603
0.001602
0.001601
0.001601
0.001600
0.001599
0.001598
0.001598
0.001597
0.001597
0.001596
0.001596
0.001595
0.001595
0.001594
0.001594
0.001593
0.001593
0.001592
0.001591
0.001591
0.001591
0.001590
0.001590
0.001589
0.001589
0.001588
0.001588
0.001587
0.001587
0.001586
0.001586
0.001586
0.001585
0.001585
0.001571
0.001573
0.001571
0.001569
0.001568
0.001568
0.001567
0.001567
0.001566
0.001566
0.001566
0.001565
0.001565
0.001564
0.001564
0.001564
0.001563
0.001563
0.001562
0.001562
0.001562
0.001561
0.001561
0.001561
0.001560
0.001560
0.001560
0.001559
0.001559
0.001559
0.001558
0.001558
0.001558
0.001557
0.001557
0.001557
0.001556
0.001556
0.001556
0.001555
0.001555
0.001555
0.001554
0.001554
0.001554
0.001554
0.001553
0.001553
0.001553
0.001552
0.001552
0.001552
0.001551
0.001551
0.001551
0.001551
0.001550
0.001550
0.001550
0.001549
0.001549
0.001549
0.001549
0.001548
0.001548
0.001548
0.001547
0.001547
0.001547
0.001547
0.001546
0.001546
0.001546
0.001546
0.001545
0.001545
0.001545
0.001545
0.001544
0.001544
0.001544
0.001544
0.001544
0.001543
0.001543
0.001543
0.001543
0.001542
0.001542
0.001542
0.001542
0.001541
0.001541
0.001541
0.001541
0.001541
0.001540
0.001540
0.001540
0.001540
0.001535
0.001542
0.001547
0.001549
0.001549
0.001549
0.001549
0.001549
0.001549
0.001549
0.001549
0.001549
0.001549
0.001548
0.001548
0.001548
0.001548
0.001548
0.001548
0.001547
0.001547
0.001547
0.001547
0.001547
0.001546
0.001546
0.001546
0.001546
0.001546
0.001546
0.001545
0.001545
0.001545
0.001545
0.001545
0.001545
0.001545
0.001544
0.001544
0.001544
0.001544
0.001544
0.001544
0.001543
0.001543
0.001543
0.001543
0.001543
0.001543
0.001543
0.001543
0.001542
0.001542
0.001542
0.001542
0.001542
0.001542
0.001542
0.001542
0.001541
0.001541
0.001541
0.001541
0.001541
0.001541
0.001541
0.001541
0.001540
0.001540
0.001540
0.001540
0.001540
0.001540
0.001540
0.001540
0.001540
0.001539
0.001539
0.001539
0.001539
0.001539
0.001539
0.001539
0.001539
0.001539
0.001538
0.001538
0.001538
0.001538
0.001538
0.001538
0.001538
0.001538
0.001538
0.001538
0.001538
0.001537
0.001537
0.001537
0.001537
