0.477298
0.381216
0.274861
0.173281
0.098144
0.060026
0.041687
0.032463
0.026092
0.021139
0.017078
0.013822
0.011360
0.009621
0.008478
0.007755
0.007300
0.006980
0.006719
0.006476
0.006239
0.006000
0.005764
0.005524
0.005276
0.005022
0.004770
0.004529
0.004306
0.004103
0.003926
0.003784
0.003678
0.003591
0.003520
0.003462
0.003412
0.003368
0.003331
0.003298
0.003265
0.003236
0.003212
0.003188
0.003168
0.003146
0.003127
0.003109
0.003092
0.003077
0.003061
0.003046
0.003030
0.003015
0.003002
0.002990
0.002975
0.002961
0.002950
0.002937
0.002924
0.002914
0.002901
0.002894
0.002877
0.002869
0.002850
0.002841
0.002826
0.002814
0.002800
0.002790
0.002777
0.002765
0.002753
0.002740
0.002727
0.002715
0.002703
0.002691
0.002678
0.002667
0.002654
0.002642
0.002632
0.002619
0.002607
0.002595
0.002585
0.002574
0.002564
0.002553
0.002542
0.002532
0.002524
0.002514
0.002505
0.002496
0.002488
0.002481
0.002444
0.002434
0.002421
0.002418
0.002414
0.002411
0.002408
0.002405
0.002402
0.002399
0.002396
0.002393
0.002390
0.002387
0.002384
0.002382
0.002379
0.002377
0.002374
0.002372
0.002370
0.002368
0.002366
0.002364
0.002362
0.002360
0.002358
0.002356
0.002354
0.002352
0.002350
0.002348
0.002346
0.002344
0.002342
0.002340
0.002338
0.002337
0.002335
0.002333
0.002332
0.002330
0.002328
0.002327
0.002325
0.002324
0.002323
0.002322
0.002320
0.002319
0.002317
0.002316
0.002314
0.002312
0.002310
0.002309
0.002307
0.002306
0.002304
0.002302
0.002300
0.002298
0.002298
0.002295
0.002294
0.002292
0.002290
0.002289
0.002287
0.002286
0.002284
0.002284
0.002283
0.002282
0.002280
0.002278
0.002277
0.002276
0.002275
0.002273
0.002272
0.002271
0.002269
0.002268
0.002266
0.002265
0.002264
0.002263
0.002262
0.002260
0.002259
0.002258
0.002256
0.002255
0.002254
0.002252
0.002250
0.002249
0.002248
0.002246
0.002217
0.002198
0.002192
0.002190
0.002190
0.002189
0.002188
0.002187
0.002187
0.002186
0.002185
0.002184
0.002184
0.002183
0.002182
0.002181
0.002180
0.002180
0.002179
0.002178
0.002177
0.002176
0.002175
0.002175
0.002174
0.002173
0.002172
0.002172
0.002171
0.002170
0.002169
0.002168
0.002167
0.002166
0.002166
0.002165
0.002164
0.002164
0.002162
0.002162
0.002161
0.002160
0.002159
0.002158
0.002158
0.002157
0.002156
0.002155
0.002154
0.002154
0.002153
0.002152
0.002152
0.002151
0.002150
0.002150
0.002149
0.002148
0.002147
0.002147
0.002146
0.002145
0.002145
0.002144
0.002143
0.002142
0.002142
0.002141
0.002140
0.002139
0.002139
0.002138
0.002137
0.002137
0.002136
0.002135
0.002135
0.002133
0.002132
0.002132
0.002131
0.002130
0.002129
0.002128
0.002128
0.002127
0.002126
0.002125
0.002124
0.002124
0.002123
0.002122
0.002121
0.002120
0.002120
0.002119
0.002118
0.002117
0.002116
0.002115
0.002106
0.002100
0.002101
0.002100
0.002099
0.002099
0.002098
0.002098
0.002097
0.002097
0.002097
0.002096
0.002096
0.002095
0.002095
0.002094
0.002094
0.002093
0.002093
0.002092
0.002092
0.002092
0.002091
0.002091
0.002090
0.002090
0.002089
0.002089
0.002089
0.002088
0.002087
0.002087
0.002087
0.002086
0.002086
0.002085
0.002085
0.002084
0.002084
0.002083
0.002082
0.002082
0.002081
0.002081
0.002080
0.002080
0.002079
0.002079
0.002078
0.002077
0.002077
0.002076
0.002076
0.002075
0.002075
0.002074
0.002073
0.002073
0.002072
0.002072
0.002071
0.002070
0.002070
0.002069
0.002068
0.002068
0.002067
0.002066
0.002066
0.002065
0.002064
0.002064
0.002063
0.002062
0.002062
0.002061
0.002060
0.002060
0.002059
0.002058
0.002058
0.002057
0.002056
0.002055
0.002055
0.002054
0.002053
0.002052
0.002052
0.002051
0.002050
0.002049
0.002049
0.002048
0.002047
0.002046
0.002046
0.002045
0.002044
0.002044
0.002040
0.002041
0.002042
0.002042
0.002041
0.002041
0.002040
0.002040
0.002039
0.002039
0.002039
0.002038
0.002038
0.002037
0.002037
0.002037
0.002036
0.002036
0.002036
0.002035
0.002035
0.002034
0.002034
0.002034
0.002033
0.002033
0.002032
0.002032
0.002032
0.002031
0.002031
0.002030
0.002030
0.002030
0.002029
0.002029
0.002028
0.002028
0.002028
0.002027
0.002027
0.002026
0.002026
0.002025
0.002025
0.002024
0.002024
0.002024
0.002023
0.002023
0.002022
0.002022
0.002021
0.002021
0.002020
0.002020
0.002019
0.002019
0.002018
0.002018
0.002017
0.002017
0.002017
0.002016
0.002016
0.002015
0.002015
0.002014
0.002014
0.002013
0.002013
0.002012
0.002012
0.002011
0.002011
0.002010
0.002010
0.002009
0.002009
0.002008
0.002008
0.002007
0.002007
0.002006
0.002006
0.002005
0.002005
0.002004
0.002004
0.002003
0.002003
0.002002
0.002002
0.002001
0.002001
0.002000
0.002000
0.001999
0.001999
0.001998
