0.376491
0.119939
0.044394
0.020608
0.010849
0.006487
0.004848
0.004189
0.003807
0.003532
0.003278
0.003052
0.002853
0.002692
0.002559
0.002448
0.002349
0.002259
0.002180
0.002112
0.002054
0.002001
0.001953
0.001908
0.001866
0.001826
0.001787
0.001751
0.001714
0.001678
0.001644
0.001613
0.001584
0.001555
0.001526
0.001497
0.001470
0.001447
0.001426
0.001409
0.001392
0.001378
0.001364
0.001351
0.001338
0.001326
0.001314
0.001303
0.001293
0.001283
0.001274
0.001266
0.001259
0.001253
0.001248
0.001243
0.001239
0.001235
0.001233
0.001230
0.001227
0.001226
0.001224
0.001221
0.001218
0.001214
0.001209
0.001203
0.001198
0.001193
0.001189
0.001183
0.001179
0.001174
0.001169
0.001164
0.001160
0.001157
0.001154
0.001151
0.001148
0.001145
0.001140
0.001135
0.001131
0.001126
0.001124
0.001119
0.001116
0.001112
0.001107
0.001105
0.001102
0.001098
0.001095
0.001092
0.001089
0.001087
0.001084
0.001082
0.001040
0.001058
0.001075
0.001079
0.001080
0.001078
0.001075
0.001070
0.001065
0.001060
0.001055
0.001052
0.001049
0.001046
0.001044
0.001042
0.001040
0.001038
0.001037
0.001035
0.001034
0.001032
0.001030
0.001028
0.001027
0.001026
0.001025
0.001024
0.001023
0.001022
0.001021
0.001020
0.001019
0.001018
0.001017
0.001016
0.001015
0.001013
0.001012
0.001012
0.001010
0.001009
0.001008
0.001007
0.001005
0.001005
0.001003
0.001002
0.001001
0.000999
0.000998
0.000996
0.000996
0.000995
0.000994
0.000994
0.000993
0.000992
0.000991
0.000990
0.000990
0.000989
0.000988
0.000987
0.000987
0.000986
0.000985
0.000984
0.000984
0.000983
0.000982
0.000982
0.000982
0.000981
0.000981
0.000980
0.000979
0.000978
0.000977
0.000976
0.000976
0.000975
0.000975
0.000975
0.000975
0.000975
0.000974
0.000973
0.000973
0.000972
0.000972
0.000971
0.000971
0.000970
0.000969
0.000969
0.000968
0.000967
0.000966
0.000966
0.000936
0.000939
0.000941
0.000941
0.000942
0.000942
0.000942
0.000941
0.000941
0.000941
0.000940
0.000940
0.000939
0.000939
0.000938
0.000937
0.000937
0.000936
0.000935
0.000935
0.000934
0.000933
0.000932
0.000932
0.000931
0.000930
0.000930
0.000929
0.000928
0.000927
0.000927
0.000926
0.000925
0.000924
0.000924
0.000923
0.000922
0.000921
0.000920
0.000920
0.000919
0.000918
0.000917
0.000917
0.000916
0.000915
0.000915
0.000914
0.000914
0.000913
0.000912
0.000912
0.000911
0.000911
0.000910
0.000910
0.000910
0.000909
0.000909
0.000909
0.000908
0.000908
0.000907
0.000907
0.000907
0.000906
0.000906
0.000906
0.000906
0.000905
0.000905
0.000905
0.000904
0.000904
0.000904
0.000903
0.000903
0.000903
0.000903
0.000902
0.000902
0.000902
0.000902
0.000901
0.000901
0.000901
0.000900
0.000900
0.000900
0.000900
0.000899
0.000899
0.000899
0.000899
0.000898
0.000898
0.000898
0.000897
0.000897
0.000897
0.000895
0.000906
0.000907
0.000909
0.000911
0.000910
0.000910
0.000909
0.000908
0.000908
0.000907
0.000907
0.000906
0.000906
0.000906
0.000905
0.000905
0.000905
0.000904
0.000904
0.000904
0.000904
0.000903
0.000903
0.000903
0.000903
0.000903
0.000902
0.000902
0.000902
0.000902
0.000901
0.000901
0.000901
0.000900
0.000900
0.000900
0.000900
0.000900
0.000900
0.000900
0.000899
0.000899
0.000899
0.000899
0.000899
0.000899
0.000899
0.000899
0.000898
0.000898
0.000898
0.000898
0.000898
0.000898
0.000898
0.000897
0.000897
0.000897
0.000897
0.000897
0.000897
0.000897
0.000897
0.000896
0.000896
0.000896
0.000896
0.000896
0.000896
0.000895
0.000895
0.000895
0.000895
0.000895
0.000894
0.000894
0.000894
0.000894
0.000894
0.000894
0.000894
0.000894
0.000894
0.000893
0.000893
0.000893
0.000893
0.000893
0.000893
0.000892
0.000892
0.000892
0.000892
0.000892
0.000892
0.000892
0.000892
0.000891
0.000891
0.000878
0.000869
0.000864
0.000866
0.000866
0.000865
0.000865
0.000865
0.000865
0.000865
0.000865
0.000865
0.000865
0.000865
0.000865
0.000865
0.000865
0.000865
0.000865
0.000864
0.000864
0.000864
0.000864
0.000864
0.000864
0.000864
0.000864
0.000864
0.000864
0.000864
0.000864
0.000864
0.000864
0.000864
0.000864
0.000864
0.000864
0.000864
0.000863
0.000863
0.000863
0.000863
0.000863
0.000863
0.000863
0.000863
0.000863
0.000863
0.000863
0.000863
0.000863
0.000863
0.000863
0.000863
0.000863
0.000863
0.000863
0.000863
0.000862
0.000862
0.000862
0.000862
0.000862
0.000862
0.000862
0.000862
0.000862
0.000862
0.000862
0.000862
0.000862
0.000862
0.000862
0.000862
0.000862
0.000862
0.000861
0.000861
0.000861
0.000861
0.000861
0.000861
0.000861
0.000861
0.000861
0.000861
0.000861
0.000861
0.000861
0.000861
0.000861
0.000861
0.000861
0.000861
0.000860
0.000860
0.000860
0.000860
0.000860
0.000860
