0.353380
0.081003
0.032076
0.014806
0.006431
0.003884
0.002882
0.002515
0.002282
0.002134
0.002050
0.001986
0.001927
0.001868
0.001812
0.001759
0.001709
0.001658
0.001605
0.001557
0.001513
0.001475
0.001441
0.001409
0.001380
0.001354
0.001330
0.001311
0.001294
0.001279
0.001266
0.001253
0.001242
0.001231
0.001221
0.001212
0.001204
0.001197
0.001191
0.001188
0.001183
0.001180
0.001176
0.001171
0.001165
0.001161
0.001158
0.001154
0.001150
0.001147
0.001143
0.001138
0.001134
0.001131
0.001127
0.001124
0.001120
0.001118
0.001115
0.001113
0.001110
0.001106
0.001103
0.001100
0.001097
0.001095
0.001093
0.001091
0.001087
0.001084
0.001083
0.001081
0.001079
0.001077
0.001076
0.001076
0.001073
0.001072
0.001069
0.001067
0.001065
0.001063
0.001061
0.001059
0.001057
0.001054
0.001053
0.001051
0.001049
0.001047
0.001044
0.001041
0.001040
0.001039
0.001038
0.001036
0.001035
0.001033
0.001032
0.001032
0.000967
0.000970
0.000956
0.000957
0.000958
0.000955
0.000955
0.000954
0.000953
0.000952
0.000951
0.000951
0.000950
0.000949
0.000949
0.000948
0.000948
0.000947
0.000948
0.000947
0.000947
0.000947
0.000948
0.000949
0.000949
0.000949
0.000949
0.000950
0.000951
0.000951
0.000952
0.000952
0.000952
0.000953
0.000953
0.000953
0.000953
0.000954
0.000954
0.000954
0.000954
0.000954
0.000954
0.000953
0.000953
0.000952
0.000952
0.000952
0.000951
0.000951
0.000951
0.000951
0.000950
0.000951
0.000951
0.000950
0.000950
0.000949
0.000949
0.000949
0.000948
0.000947
0.000947
0.000946
0.000946
0.000946
0.000946
0.000945
0.000945
0.000945
0.000944
0.000944
0.000943
0.000943
0.000942
0.000942
0.000942
0.000941
0.000941
0.000940
0.000940
0.000939
0.000939
0.000938
0.000937
0.000937
0.000937
0.000937
0.000936
0.000936
0.000935
0.000935
0.000935
0.000935
0.000934
0.000933
0.000932
0.000932
0.000931
0.000930
0.000895
0.000896
0.000905
0.000912
0.000916
0.000917
0.000917
0.000916
0.000916
0.000915
0.000915
0.000914
0.000913
0.000912
0.000912
0.000911
0.000910
0.000910
0.000909
0.000908
0.000907
0.000906
0.000905
0.000905
0.000904
0.000903
0.000902
0.000901
0.000900
0.000899
0.000898
0.000897
0.000896
0.000895
0.000894
0.000893
0.000892
0.000891
0.000890
0.000889
0.000888
0.000887
0.000886
0.000885
0.000884
0.000883
0.000882
0.000881
0.000881
0.000880
0.000879
0.000878
0.000877
0.000877
0.000876
0.000875
0.000875
0.000874
0.000873
0.000873
0.000872
0.000872
0.000871
0.000870
0.000870
0.000870
0.000870
0.000869
0.000869
0.000868
0.000868
0.000868
0.000867
0.000867
0.000867
0.000866
0.000866
0.000866
0.000866
0.000865
0.000865
0.000864
0.000864
0.000864
0.000863
0.000863
0.000863
0.000863
0.000862
0.000862
0.000862
0.000862
0.000862
0.000861
0.000861
0.000861
0.000861
0.000861
0.000860
0.000860
0.000855
0.000866
0.000865
0.000869
0.000871
0.000871
0.000872
0.000872
0.000873
0.000873
0.000873
0.000873
0.000873
0.000873
0.000873
0.000872
0.000872
0.000872
0.000871
0.000871
0.000870
0.000870
0.000870
0.000869
0.000869
0.000868
0.000868
0.000868
0.000867
0.000867
0.000867
0.000866
0.000866
0.000866
0.000866
0.000866
0.000866
0.000865
0.000865
0.000865
0.000865
0.000865
0.000864
0.000864
0.000864
0.000864
0.000864
0.000864
0.000864
0.000863
0.000863
0.000863
0.000863
0.000863
0.000863
0.000863
0.000863
0.000863
0.000863
0.000863
0.000863
0.000862
0.000862
0.000862
0.000862
0.000862
0.000862
0.000862
0.000862
0.000862
0.000862
0.000861
0.000862
0.000861
0.000861
0.000861
0.000861
0.000861
0.000861
0.000861
0.000861
0.000861
0.000860
0.000860
0.000860
0.000860
0.000860
0.000860
0.000860
0.000860
0.000860
0.000860
0.000860
0.000859
0.000859
0.000859
0.000859
0.000859
0.000859
0.000859
0.000845
0.000836
0.000832
0.000833
0.000833
0.000833
0.000833
0.000833
0.000833
0.000833
0.000833
0.000833
0.000833
0.000833
0.000833
0.000833
0.000833
0.000833
0.000833
0.000833
0.000832
0.000833
0.000832
0.000832
0.000832
0.000832
0.000832
0.000832
0.000832
0.000832
0.000832
0.000832
0.000832
0.000832
0.000832
0.000832
0.000832
0.000832
0.000832
0.000832
0.000832
0.000832
0.000832
0.000832
0.000832
0.000832
0.000832
0.000832
0.000832
0.000832
0.000832
0.000832
0.000832
0.000832
0.000832
0.000832
0.000832
0.000832
0.000832
0.000832
0.000832
0.000832
0.000832
0.000832
0.000832
0.000832
0.000832
0.000832
0.000832
0.000832
0.000832
0.000832
0.000832
0.000832
0.000832
0.000832
0.000832
0.000832
0.000832
0.000832
0.000832
0.000832
0.000831
0.000832
0.000832
0.000831
0.000831
0.000831
0.000831
0.000831
0.000831
0.000831
0.000831
0.000831
0.000831
0.000831
0.000831
0.000831
0.000831
0.000831
