0.515132
0.422789
0.272187
0.131765
0.059250
0.044514
0.034124
0.025969
0.020127
0.015717
0.012788
0.010861
0.009543
0.008758
0.008358
0.008129
0.007969
0.007843
0.007745
0.007667
0.007606
0.007557
0.007517
0.007477
0.007437
0.007394
0.007350
0.007305
0.007260
0.007214
0.007166
0.007117
0.007067
0.007015
0.006960
0.006903
0.006845
0.006784
0.006721
0.006661
0.006602
0.006545
0.006491
0.006439
0.006389
0.006342
0.006298
0.006257
0.006218
0.006181
0.006147
0.006115
0.006084
0.006056
0.006030
0.006005
0.005982
0.005959
0.005938
0.005917
0.005898
0.005878
0.005860
0.005841
0.005824
0.005807
0.005791
0.005774
0.005759
0.005743
0.005728
0.005713
0.005698
0.005684
0.005670
0.005656
0.005643
0.005630
0.005617
0.005605
0.005592
0.005580
0.005568
0.005555
0.005544
0.005532
0.005520
0.005509
0.005496
0.005485
0.005473
0.005461
0.005449
0.005435
0.005423
0.005409
0.005396
0.005384
0.005370
0.005356
0.005243
0.005195
0.005193
0.005188
0.005176
0.005168
0.005159
0.005150
0.005141
0.005132
0.005122
0.005113
0.005104
0.005096
0.005088
0.005081
0.005073
0.005065
0.005058
0.005050
0.005043
0.005036
0.005029
0.005023
0.005017
0.005011
0.005006
0.005000
0.004995
0.004990
0.004986
0.004981
0.004977
0.004973
0.004969
0.004965
0.004961
0.004958
0.004955
0.004951
0.004948
0.004945
0.004942
0.004939
0.004936
0.004933
0.004930
0.004927
0.004924
0.004921
0.004918
0.004916
0.004913
0.004911
0.004908
0.004906
0.004903
0.004901
0.004898
0.004896
0.004893
0.004890
0.004888
0.004886
0.004883
0.004881
0.004878
0.004876
0.004874
0.004872
0.004870
0.004867
0.004865
0.004863
0.004861
0.004859
0.004857
0.004855
0.004853
0.004851
0.004849
0.004847
0.004845
0.004843
0.004842
0.004840
0.004838
0.004836
0.004835
0.004833
0.004831
0.004830
0.004828
0.004826
0.004825
0.004823
0.004822
0.004820
0.004819
0.004817
0.004765
0.004750
0.004750
0.004747
0.004748
0.004747
0.004746
0.004745
0.004744
0.004744
0.004743
0.004742
0.004742
0.004741
0.004740
0.004739
0.004738
0.004738
0.004737
0.004736
0.004735
0.004735
0.004734
0.004733
0.004733
0.004732
0.004731
0.004730
0.004729
0.004728
0.004727
0.004726
0.004725
0.004725
0.004724
0.004723
0.004722
0.004721
0.004720
0.004719
0.004718
0.004717
0.004716
0.004715
0.004714
0.004713
0.004711
0.004710
0.004709
0.004708
0.004707
0.004706
0.004705
0.004704
0.004702
0.004700
0.004699
0.004697
0.004695
0.004692
0.004689
0.004686
0.004683
0.004679
0.004675
0.004669
0.004664
0.004658
0.004652
0.004645
0.004638
0.004629
0.004620
0.004608
0.004597
0.004582
0.004566
0.004546
0.004523
0.004502
0.004483
0.004459
0.004431
0.004404
0.004377
0.004353
0.004332
0.004310
0.004290
0.004271
0.004256
0.004243
0.004229
0.004217
0.004207
0.004198
0.004190
0.004182
0.004175
0.004170
0.004142
0.004143
0.004140
0.004135
0.004131
0.004129
0.004128
0.004127
0.004125
0.004124
0.004122
0.004121
0.004120
0.004119
0.004118
0.004117
0.004116
0.004115
0.004114
0.004113
0.004112
0.004112
0.004111
0.004110
0.004110
0.004109
0.004109
0.004108
0.004107
0.004107
0.004106
0.004106
0.004106
0.004105
0.004104
0.004104
0.004103
0.004103
0.004103
0.004102
0.004102
0.004102
0.004101
0.004101
0.004101
0.004100
0.004100
0.004099
0.004099
0.004098
0.004098
0.004098
0.004097
0.004097
0.004096
0.004096
0.004096
0.004095
0.004095
0.004095
0.004094
0.004094
0.004094
0.004093
0.004093
0.004093
0.004093
0.004092
0.004092
0.004092
0.004091
0.004091
0.004091
0.004090
0.004090
0.004090
0.004089
0.004089
0.004089
0.004089
0.004089
0.004088
0.004088
0.004088
0.004088
0.004087
0.004087
0.004087
0.004087
0.004086
0.004086
0.004086
0.004086
0.004085
0.004085
0.004085
0.004085
0.004085
0.004084
0.004084
0.004069
0.004076
0.004069
0.004066
0.004067
0.004067
0.004067
0.004067
0.004067
0.004066
0.004066
0.004066
0.004066
0.004066
0.004066
0.004066
0.004066
0.004066
0.004066
0.004066
0.004066
0.004066
0.004065
0.004065
0.004065
0.004065
0.004065
0.004065
0.004065
0.004065
0.004065
0.004065
0.004065
0.004065
0.004065
0.004064
0.004064
0.004064
0.004064
0.004064
0.004064
0.004064
0.004064
0.004064
0.004064
0.004063
0.004063
0.004063
0.004063
0.004063
0.004063
0.004063
0.004063
0.004063
0.004063
0.004062
0.004062
0.004062
0.004062
0.004062
0.004062
0.004062
0.004062
0.004062
0.004062
0.004061
0.004061
0.004061
0.004061
0.004061
0.004061
0.004061
0.004061
0.004061
0.004061
0.004060
0.004060
0.004060
0.004060
0.004060
0.004060
0.004060
0.004060
0.004060
0.004060
0.004060
0.004059
0.004059
0.004059
0.004059
0.004059
0.004059
0.004059
0.004059
0.004059
0.004058
0.004058
0.004058
0.004058
0.004058
