0.464379
0.288531
0.093644
0.046342
0.029467
0.020795
0.015666
0.012345
0.010059
0.008434
0.007262
0.006466
0.005914
0.005502
0.005175
0.004879
0.004536
0.004118
0.003715
0.003435
0.003239
0.003089
0.002972
0.002871
0.002786
0.002711
0.002640
0.002575
0.002516
0.002461
0.002410
0.002362
0.002315
0.002270
0.002226
0.002183
0.002143
0.002107
0.002073
0.002041
0.002011
0.001984
0.001960
0.001937
0.001915
0.001892
0.001873
0.001857
0.001843
0.001831
0.001822
0.001817
0.001813
0.001808
0.001805
0.001802
0.001798
0.001794
0.001790
0.001780
0.001771
0.001761
0.001754
0.001746
0.001738
0.001729
0.001721
0.001714
0.001708
0.001703
0.001699
0.001694
0.001690
0.001685
0.001680
0.001674
0.001670
0.001666
0.001662
0.001657
0.001652
0.001648
0.001645
0.001642
0.001639
0.001636
0.001633
0.001631
0.001629
0.001626
0.001623
0.001621
0.001619
0.001616
0.001612
0.001609
0.001606
0.001604
0.001602
0.001602
0.001521
0.001486
0.001499
0.001510
0.001517
0.001519
0.001518
0.001516
0.001513
0.001510
0.001507
0.001504
0.001500
0.001497
0.001494
0.001492
0.001489
0.001486
0.001484
0.001482
0.001480
0.001478
0.001476
0.001474
0.001472
0.001471
0.001469
0.001467
0.001465
0.001464
0.001463
0.001461
0.001460
0.001459
0.001458
0.001457
0.001456
0.001455
0.001454
0.001453
0.001453
0.001451
0.001451
0.001450
0.001449
0.001448
0.001448
0.001447
0.001446
0.001445
0.001444
0.001443
0.001442
0.001441
0.001440
0.001440
0.001438
0.001437
0.001436
0.001435
0.001435
0.001434
0.001433
0.001432
0.001431
0.001430
0.001428
0.001428
0.001426
0.001426
0.001425
0.001424
0.001423
0.001422
0.001422
0.001421
0.001420
0.001420
0.001419
0.001418
0.001416
0.001415
0.001414
0.001413
0.001412
0.001411
0.001410
0.001409
0.001408
0.001408
0.001407
0.001406
0.001405
0.001404
0.001403
0.001402
0.001402
0.001401
0.001400
0.001399
0.001366
0.001376
0.001385
0.001385
0.001384
0.001384
0.001383
0.001383
0.001382
0.001382
0.001381
0.001381
0.001380
0.001380
0.001379
0.001378
0.001377
0.001377
0.001376
0.001376
0.001375
0.001374
0.001373
0.001373
0.001372
0.001372
0.001371
0.001371
0.001370
0.001370
0.001369
0.001369
0.001369
0.001368
0.001368
0.001367
0.001367
0.001366
0.001366
0.001365
0.001365
0.001365
0.001364
0.001364
0.001363
0.001363
0.001362
0.001362
0.001361
0.001361
0.001360
0.001360
0.001360
0.001359
0.001358
0.001358
0.001357
0.001357
0.001356
0.001355
0.001355
0.001354
0.001354
0.001353
0.001353
0.001353
0.001352
0.001352
0.001351
0.001350
0.001350
0.001349
0.001349
0.001349
0.001348
0.001348
0.001347
0.001346
0.001346
0.001345
0.001344
0.001344
0.001343
0.001342
0.001342
0.001341
0.001341
0.001340
0.001340
0.001339
0.001338
0.001338
0.001337
0.001337
0.001336
0.001336
0.001335
0.001334
0.001334
0.001333
0.001322
0.001294
0.001293
0.001292
0.001291
0.001291
0.001291
0.001291
0.001291
0.001290
0.001290
0.001290
0.001290
0.001290
0.001289
0.001289
0.001289
0.001289
0.001289
0.001288
0.001288
0.001288
0.001288
0.001288
0.001288
0.001287
0.001287
0.001287
0.001287
0.001287
0.001287
0.001286
0.001286
0.001286
0.001286
0.001286
0.001286
0.001285
0.001285
0.001285
0.001285
0.001285
0.001284
0.001284
0.001284
0.001284
0.001284
0.001284
0.001283
0.001283
0.001283
0.001283
0.001283
0.001283
0.001282
0.001282
0.001282
0.001282
0.001282
0.001281
0.001281
0.001281
0.001281
0.001281
0.001281
0.001280
0.001280
0.001280
0.001280
0.001279
0.001279
0.001279
0.001279
0.001279
0.001278
0.001278
0.001278
0.001278
0.001278
0.001277
0.001277
0.001277
0.001277
0.001276
0.001276
0.001276
0.001276
0.001275
0.001275
0.001275
0.001274
0.001274
0.001274
0.001274
0.001273
0.001273
0.001273
0.001273
0.001272
0.001272
0.001262
0.001259
0.001258
0.001257
0.001257
0.001257
0.001257
0.001256
0.001256
0.001256
0.001256
0.001256
0.001255
0.001255
0.001255
0.001255
0.001255
0.001254
0.001254
0.001254
0.001254
0.001254
0.001254
0.001253
0.001253
0.001253
0.001253
0.001253
0.001252
0.001252
0.001252
0.001252
0.001252
0.001252
0.001251
0.001251
0.001251
0.001251
0.001251
0.001250
0.001250
0.001250
0.001250
0.001250
0.001250
0.001249
0.001249
0.001249
0.001249
0.001249
0.001248
0.001248
0.001248
0.001248
0.001248
0.001247
0.001247
0.001247
0.001247
0.001247
0.001246
0.001246
0.001246
0.001246
0.001246
0.001245
0.001245
0.001245
0.001245
0.001245
0.001244
0.001244
0.001244
0.001244
0.001244
0.001243
0.001243
0.001243
0.001243
0.001242
0.001242
0.001242
0.001242
0.001242
0.001241
0.001241
0.001241
0.001241
0.001240
0.001240
0.001240
0.001240
0.001240
0.001239
0.001239
0.001239
0.001239
0.001239
0.001238
0.001238
