0.476567
0.356876
0.192413
0.057443
0.035380
0.024117
0.016740
0.011317
0.007558
0.005133
0.003705
0.003065
0.002743
0.002542
0.002399
0.002282
0.002187
0.002112
0.002046
0.001990
0.001945
0.001906
0.001873
0.001842
0.001811
0.001781
0.001752
0.001724
0.001698
0.001675
0.001655
0.001637
0.001620
0.001603
0.001588
0.001575
0.001562
0.001550
0.001539
0.001529
0.001521
0.001513
0.001505
0.001497
0.001489
0.001481
0.001473
0.001466
0.001460
0.001453
0.001447
0.001441
0.001435
0.001428
0.001422
0.001417
0.001411
0.001404
0.001397
0.001390
0.001384
0.001379
0.001372
0.001365
0.001358
0.001353
0.001346
0.001340
0.001334
0.001327
0.001321
0.001315
0.001309
0.001302
0.001296
0.001290
0.001284
0.001277
0.001271
0.001265
0.001260
0.001256
0.001250
0.001244
0.001237
0.001232
0.001228
0.001224
0.001222
0.001218
0.001214
0.001212
0.001209
0.001206
0.001203
0.001200
0.001197
0.001192
0.001188
0.001184
0.001147
0.001152
0.001145
0.001142
0.001143
0.001141
0.001139
0.001138
0.001137
0.001135
0.001134
0.001133
0.001131
0.001130
0.001129
0.001128
0.001126
0.001125
0.001124
0.001123
0.001122
0.001121
0.001120
0.001119
0.001117
0.001116
0.001115
0.001114
0.001113
0.001112
0.001111
0.001111
0.001110
0.001109
0.001108
0.001107
0.001106
0.001105
0.001104
0.001103
0.001102
0.001101
0.001100
0.001099
0.001097
0.001096
0.001095
0.001094
0.001093
0.001092
0.001091
0.001089
0.001088
0.001087
0.001086
0.001084
0.001083
0.001082
0.001081
0.001080
0.001078
0.001077
0.001075
0.001074
0.001072
0.001070
0.001068
0.001066
0.001064
0.001062
0.001059
0.001057
0.001055
0.001054
0.001053
0.001052
0.001051
0.001050
0.001049
0.001048
0.001047
0.001045
0.001045
0.001044
0.001043
0.001043
0.001042
0.001041
0.001040
0.001039
0.001038
0.001037
0.001037
0.001036
0.001035
0.001034
0.001034
0.001033
0.001032
0.001032
0.001019
0.001032
0.001040
0.001042
0.001041
0.001039
0.001037
0.001036
0.001035
0.001034
0.001033
0.001033
0.001032
0.001032
0.001031
0.001031
0.001030
0.001030
0.001030
0.001029
0.001029
0.001029
0.001028
0.001028
0.001028
0.001027
0.001027
0.001026
0.001026
0.001026
0.001026
0.001025
0.001025
0.001025
0.001025
0.001024
0.001024
0.001024
0.001024
0.001024
0.001023
0.001023
0.001023
0.001023
0.001022
0.001022
0.001022
0.001022
0.001021
0.001021
0.001021
0.001021
0.001020
0.001020
0.001020
0.001020
0.001019
0.001019
0.001019
0.001019
0.001019
0.001018
0.001018
0.001018
0.001018
0.001017
0.001017
0.001017
0.001017
0.001017
0.001016
0.001016
0.001016
0.001016
0.001015
0.001015
0.001015
0.001015
0.001014
0.001014
0.001014
0.001014
0.001013
0.001013
0.001013
0.001013
0.001012
0.001012
0.001012
0.001012
0.001012
0.001012
0.001011
0.001011
0.001011
0.001010
0.001010
0.001010
0.001009
0.001009
0.001005
0.000987
0.000989
0.000985
0.000982
0.000982
0.000982
0.000982
0.000982
0.000982
0.000982
0.000981
0.000981
0.000981
0.000981
0.000981
0.000981
0.000981
0.000981
0.000981
0.000981
0.000981
0.000980
0.000980
0.000980
0.000980
0.000980
0.000980
0.000980
0.000980
0.000980
0.000980
0.000980
0.000980
0.000980
0.000980
0.000980
0.000979
0.000979
0.000979
0.000979
0.000979
0.000979
0.000979
0.000979
0.000979
0.000979
0.000979
0.000979
0.000979
0.000979
0.000979
0.000979
0.000979
0.000979
0.000979
0.000979
0.000979
0.000979
0.000979
0.000979
0.000979
0.000979
0.000979
0.000978
0.000978
0.000978
0.000978
0.000978
0.000978
0.000978
0.000978
0.000978
0.000978
0.000978
0.000978
0.000978
0.000978
0.000978
0.000978
0.000978
0.000978
0.000978
0.000978
0.000978
0.000978
0.000978
0.000977
0.000977
0.000977
0.000977
0.000977
0.000977
0.000977
0.000977
0.000977
0.000977
0.000977
0.000977
0.000977
0.000966
0.000964
0.000962
0.000960
0.000961
0.000961
0.000961
0.000961
0.000961
0.000961
0.000960
0.000960
0.000960
0.000960
0.000960
0.000960
0.000960
0.000960
0.000960
0.000960
0.000960
0.000960
0.000960
0.000960
0.000960
0.000960
0.000960
0.000960
0.000960
0.000960
0.000960
0.000959
0.000959
0.000959
0.000959
0.000959
0.000959
0.000959
0.000959
0.000959
0.000959
0.000959
0.000959
0.000959
0.000959
0.000959
0.000959
0.000959
0.000959
0.000959
0.000959
0.000959
0.000959
0.000959
0.000958
0.000958
0.000958
0.000958
0.000958
0.000958
0.000958
0.000958
0.000958
0.000958
0.000958
0.000958
0.000958
0.000958
0.000958
0.000958
0.000958
0.000958
0.000958
0.000958
0.000958
0.000958
0.000958
0.000958
0.000957
0.000958
0.000957
0.000957
0.000957
0.000957
0.000957
0.000957
0.000957
0.000957
0.000957
0.000957
0.000957
0.000957
0.000957
0.000957
0.000957
0.000957
0.000957
0.000957
0.000957
0.000957
