0.581589
0.395147
0.252688
0.169571
0.071742
0.028677
0.013396
0.009853
0.008694
0.008052
0.007609
0.007254
0.006939
0.006658
0.006397
0.006147
0.005906
0.005673
0.005446
0.005227
0.005020
0.004825
0.004642
0.004472
0.004315
0.004169
0.004033
0.003907
0.003791
0.003685
0.003586
0.003492
0.003404
0.003321
0.003240
0.003163
0.003088
0.003016
0.002948
0.002883
0.002821
0.002761
0.002705
0.002649
0.002595
0.002542
0.002488
0.002436
0.002383
0.002331
0.002280
0.002229
0.002181
0.002134
0.002091
0.002051
0.002012
0.001974
0.001938
0.001905
0.001872
0.001840
0.001809
0.001781
0.001754
0.001730
0.001708
0.001686
0.001665
0.001647
0.001630
0.001615
0.001602
0.001589
0.001578
0.001568
0.001559
0.001552
0.001545
0.001541
0.001535
0.001528
0.001523
0.001517
0.001511
0.001506
0.001500
0.001496
0.001491
0.001486
0.001482
0.001478
0.001473
0.001469
0.001465
0.001461
0.001458
0.001455
0.001451
0.001449
0.001407
0.001416
0.001419
0.001415
0.001419
0.001420
0.001418
0.001417
0.001416
0.001414
0.001413
0.001412
0.001411
0.001410
0.001409
0.001407
0.001406
0.001405
0.001404
0.001403
0.001401
0.001400
0.001399
0.001398
0.001396
0.001395
0.001394
0.001392
0.001391
0.001390
0.001389
0.001388
0.001387
0.001386
0.001385
0.001383
0.001383
0.001381
0.001380
0.001379
0.001378
0.001377
0.001376
0.001375
0.001374
0.001372
0.001372
0.001370
0.001369
0.001368
0.001367
0.001365
0.001364
0.001363
0.001362
0.001361
0.001360
0.001359
0.001357
0.001356
0.001355
0.001354
0.001352
0.001352
0.001350
0.001349
0.001348
0.001347
0.001346
0.001345
0.001344
0.001343
0.001341
0.001340
0.001339
0.001337
0.001336
0.001334
0.001333
0.001331
0.001330
0.001329
0.001327
0.001326
0.001324
0.001323
0.001322
0.001320
0.001319
0.001318
0.001317
0.001315
0.001314
0.001313
0.001312
0.001310
0.001309
0.001308
0.001307
0.001306
0.001292
0.001294
0.001294
0.001297
0.001295
0.001295
0.001295
0.001293
0.001292
0.001291
0.001291
0.001290
0.001291
0.001290
0.001290
0.001289
0.001289
0.001289
0.001288
0.001288
0.001288
0.001288
0.001287
0.001287
0.001287
0.001288
0.001287
0.001286
0.001286
0.001286
0.001285
0.001285
0.001285
0.001284
0.001284
0.001284
0.001284
0.001284
0.001284
0.001283
0.001283
0.001283
0.001282
0.001282
0.001282
0.001282
0.001282
0.001281
0.001282
0.001281
0.001281
0.001280
0.001280
0.001280
0.001281
0.001280
0.001279
0.001279
0.001279
0.001279
0.001279
0.001279
0.001278
0.001278
0.001278
0.001278
0.001277
0.001277
0.001277
0.001278
0.001277
0.001276
0.001277
0.001276
0.001275
0.001275
0.001276
0.001274
0.001274
0.001273
0.001273
0.001273
0.001272
0.001272
0.001271
0.001271
0.001271
0.001270
0.001269
0.001269
0.001269
0.001268
0.001267
0.001267
0.001266
0.001266
0.001265
0.001265
0.001264
0.001263
0.001239
0.001226
0.001221
0.001222
0.001222
0.001221
0.001221
0.001221
0.001220
0.001220
0.001220
0.001220
0.001220
0.001219
0.001219
0.001219
0.001219
0.001218
0.001218
0.001218
0.001218
0.001217
0.001217
0.001217
0.001217
0.001216
0.001216
0.001216
0.001215
0.001215
0.001215
0.001215
0.001214
0.001214
0.001214
0.001213
0.001213
0.001213
0.001213
0.001212
0.001212
0.001212
0.001211
0.001211
0.001211
0.001210
0.001210
0.001210
0.001209
0.001209
0.001209
0.001208
0.001208
0.001208
0.001207
0.001207
0.001206
0.001206
0.001206
0.001205
0.001205
0.001204
0.001204
0.001204
0.001203
0.001203
0.001202
0.001202
0.001201
0.001201
0.001201
0.001200
0.001199
0.001199
0.001199
0.001198
0.001198
0.001197
0.001197
0.001196
0.001196
0.001195
0.001195
0.001194
0.001194
0.001194
0.001193
0.001193
0.001192
0.001192
0.001191
0.001190
0.001190
0.001190
0.001189
0.001189
0.001188
0.001188
0.001187
0.001187
0.001178
0.001177
0.001177
0.001176
0.001176
0.001175
0.001175
0.001175
0.001174
0.001174
0.001174
0.001173
0.001173
0.001173
0.001172
0.001172
0.001171
0.001171
0.001171
0.001170
0.001170
0.001170
0.001169
0.001169
0.001169
0.001168
0.001168
0.001168
0.001167
0.001167
0.001167
0.001166
0.001166
0.001166
0.001165
0.001165
0.001165
0.001164
0.001164
0.001164
0.001163
0.001163
0.001163
0.001162
0.001162
0.001162
0.001161
0.001161
0.001161
0.001160
0.001160
0.001160
0.001159
0.001159
0.001159
0.001158
0.001158
0.001158
0.001157
0.001157
0.001157
0.001156
0.001156
0.001156
0.001155
0.001155
0.001155
0.001154
0.001154
0.001154
0.001153
0.001153
0.001153
0.001152
0.001152
0.001152
0.001151
0.001151
0.001151
0.001150
0.001150
0.001150
0.001149
0.001149
0.001148
0.001148
0.001148
0.001147
0.001147
0.001147
0.001146
0.001146
0.001146
0.001145
0.001145
0.001145
0.001144
0.001144
0.001144
0.001143
