0.393888
0.210469
0.080775
0.048446
0.032677
0.022324
0.015241
0.011002
0.008587
0.007223
0.006460
0.006039
0.005776
0.005583
0.005426
0.005295
0.005180
0.005075
0.004977
0.004887
0.004803
0.004724
0.004650
0.004580
0.004514
0.004450
0.004388
0.004327
0.004266
0.004205
0.004143
0.004084
0.004026
0.003967
0.003910
0.003852
0.003793
0.003735
0.003678
0.003621
0.003564
0.003506
0.003449
0.003390
0.003332
0.003274
0.003215
0.003157
0.003098
0.003038
0.002978
0.002915
0.002852
0.002789
0.002727
0.002664
0.002600
0.002535
0.002472
0.002410
0.002350
0.002291
0.002234
0.002182
0.002134
0.002091
0.002054
0.002019
0.001986
0.001955
0.001926
0.001898
0.001871
0.001845
0.001819
0.001796
0.001773
0.001750
0.001729
0.001709
0.001690
0.001672
0.001654
0.001637
0.001621
0.001605
0.001591
0.001576
0.001563
0.001551
0.001539
0.001527
0.001516
0.001505
0.001496
0.001487
0.001478
0.001470
0.001462
0.001455
0.001409
0.001414
0.001421
0.001419
0.001414
0.001409
0.001405
0.001401
0.001397
0.001394
0.001391
0.001387
0.001384
0.001381
0.001377
0.001374
0.001370
0.001367
0.001363
0.001360
0.001356
0.001353
0.001349
0.001345
0.001342
0.001338
0.001334
0.001331
0.001327
0.001323
0.001320
0.001317
0.001313
0.001309
0.001306
0.001303
0.001300
0.001296
0.001293
0.001290
0.001286
0.001283
0.001279
0.001276
0.001273
0.001270
0.001267
0.001264
0.001261
0.001258
0.001256
0.001253
0.001250
0.001248
0.001245
0.001242
0.001240
0.001237
0.001235
0.001232
0.001230
0.001228
0.001225
0.001223
0.001221
0.001219
0.001217
0.001215
0.001213
0.001211
0.001209
0.001207
0.001205
0.001203
0.001201
0.001199
0.001198
0.001196
0.001194
0.001193
0.001191
0.001189
0.001187
0.001186
0.001184
0.001182
0.001181
0.001179
0.001178
0.001176
0.001174
0.001173
0.001171
0.001170
0.001168
0.001167
0.001165
0.001163
0.001161
0.001160
0.001162
0.001181
0.001182
0.001178
0.001174
0.001172
0.001170
0.001169
0.001167
0.001166
0.001165
0.001164
0.001163
0.001162
0.001161
0.001160
0.001160
0.001159
0.001158
0.001157
0.001156
0.001155
0.001154
0.001153
0.001153
0.001152
0.001151
0.001150
0.001150
0.001149
0.001148
0.001148
0.001147
0.001146
0.001145
0.001144
0.001143
0.001142
0.001141
0.001140
0.001139
0.001138
0.001137
0.001137
0.001136
0.001135
0.001134
0.001133
0.001132
0.001131
0.001130
0.001129
0.001128
0.001128
0.001127
0.001126
0.001125
0.001124
0.001123
0.001122
0.001122
0.001121
0.001120
0.001119
0.001119
0.001118
0.001117
0.001116
0.001116
0.001115
0.001114
0.001113
0.001112
0.001112
0.001111
0.001110
0.001109
0.001108
0.001108
0.001107
0.001106
0.001105
0.001105
0.001104
0.001103
0.001102
0.001102
0.001101
0.001100
0.001099
0.001098
0.001097
0.001096
0.001095
0.001094
0.001094
0.001093
0.001092
0.001091
0.001090
0.001070
0.001060
0.001055
0.001056
0.001055
0.001054
0.001054
0.001053
0.001053
0.001052
0.001052
0.001051
0.001051
0.001050
0.001050
0.001049
0.001049
0.001048
0.001048
0.001048
0.001047
0.001047
0.001046
0.001046
0.001045
0.001045
0.001045
0.001044
0.001044
0.001043
0.001043
0.001042
0.001042
0.001042
0.001041
0.001041
0.001041
0.001040
0.001040
0.001040
0.001039
0.001039
0.001039
0.001038
0.001038
0.001038
0.001037
0.001037
0.001037
0.001036
0.001036
0.001036
0.001035
0.001035
0.001034
0.001034
0.001034
0.001033
0.001033
0.001033
0.001032
0.001032
0.001032
0.001032
0.001031
0.001031
0.001031
0.001030
0.001030
0.001030
0.001029
0.001029
0.001029
0.001028
0.001028
0.001028
0.001028
0.001027
0.001027
0.001027
0.001027
0.001026
0.001026
0.001026
0.001026
0.001025
0.001025
0.001025
0.001024
0.001024
0.001024
0.001023
0.001023
0.001023
0.001023
0.001022
0.001022
0.001022
0.001021
0.001021
0.001015
0.001015
0.001015
0.001014
0.001014
0.001014
0.001013
0.001013
0.001013
0.001013
0.001013
0.001013
0.001013
0.001012
0.001012
0.001012
0.001012
0.001012
0.001012
0.001012
0.001011
0.001011
0.001011
0.001011
0.001011
0.001011
0.001010
0.001010
0.001010
0.001010
0.001010
0.001010
0.001010
0.001009
0.001009
0.001009
0.001009
0.001009
0.001009
0.001008
0.001008
0.001008
0.001008
0.001008
0.001008
0.001008
0.001007
0.001007
0.001007
0.001007
0.001007
0.001007
0.001007
0.001006
0.001006
0.001006
0.001006
0.001006
0.001006
0.001006
0.001005
0.001005
0.001005
0.001005
0.001005
0.001005
0.001005
0.001005
0.001004
0.001004
0.001004
0.001004
0.001004
0.001004
0.001004
0.001004
0.001003
0.001003
0.001003
0.001003
0.001003
0.001003
0.001003
0.001002
0.001002
0.001002
0.001002
0.001002
0.001002
0.001002
0.001002
0.001001
0.001001
0.001001
0.001001
0.001001
0.001001
0.001001
0.001001
0.001000
