0.443189
0.266403
0.122335
0.050844
0.041306
0.032703
0.026402
0.021091
0.016662
0.013241
0.010656
0.008736
0.007388
0.006549
0.006071
0.005790
0.005593
0.005430
0.005279
0.005124
0.004680
0.004044
0.003831
0.003687
0.003580
0.003487
0.003407
0.003335
0.003271
0.003214
0.003161
0.003112
0.003069
0.003028
0.002991
0.002956
0.002923
0.002893
0.002864
0.002836
0.002811
0.002787
0.002763
0.002740
0.002717
0.002694
0.002673
0.002652
0.002632
0.002612
0.002593
0.002574
0.002556
0.002538
0.002520
0.002503
0.002487
0.002471
0.002455
0.002439
0.002422
0.002405
0.002389
0.002372
0.002357
0.002341
0.002326
0.002310
0.002295
0.002279
0.002264
0.002249
0.002234
0.002219
0.002205
0.002189
0.002173
0.002158
0.002143
0.002128
0.002113
0.002098
0.002083
0.002067
0.002052
0.002037
0.002022
0.002007
0.001992
0.001978
0.001963
0.001948
0.001932
0.001917
0.001903
0.001887
0.001872
0.001856
0.001841
0.001825
0.001784
0.001770
0.001759
0.001751
0.001744
0.001736
0.001728
0.001719
0.001709
0.001701
0.001692
0.001683
0.001675
0.001667
0.001659
0.001652
0.001645
0.001638
0.001630
0.001624
0.001618
0.001612
0.001606
0.001600
0.001594
0.001589
0.001583
0.001578
0.001573
0.001568
0.001563
0.001558
0.001553
0.001548
0.001543
0.001539
0.001534
0.001529
0.001525
0.001520
0.001516
0.001512
0.001507
0.001503
0.001499
0.001495
0.001491
0.001487
0.001483
0.001480
0.001476
0.001472
0.001469
0.001466
0.001462
0.001459
0.001455
0.001452
0.001448
0.001446
0.001442
0.001439
0.001436
0.001433
0.001431
0.001428
0.001425
0.001422
0.001419
0.001416
0.001413
0.001411
0.001408
0.001405
0.001402
0.001399
0.001397
0.001394
0.001392
0.001389
0.001387
0.001384
0.001381
0.001378
0.001376
0.001373
0.001371
0.001368
0.001366
0.001364
0.001361
0.001359
0.001357
0.001355
0.001353
0.001351
0.001349
0.001346
0.001344
0.001342
0.001314
0.001319
0.001314
0.001314
0.001314
0.001314
0.001314
0.001313
0.001313
0.001313
0.001313
0.001312
0.001312
0.001312
0.001311
0.001311
0.001310
0.001310
0.001309
0.001309
0.001308
0.001307
0.001307
0.001306
0.001305
0.001303
0.001302
0.001301
0.001300
0.001299
0.001298
0.001297
0.001296
0.001295
0.001294
0.001293
0.001292
0.001291
0.001290
0.001290
0.001289
0.001288
0.001287
0.001286
0.001286
0.001285
0.001284
0.001283
0.001283
0.001282
0.001281
0.001281
0.001280
0.001279
0.001279
0.001278
0.001277
0.001276
0.001276
0.001275
0.001274
0.001274
0.001273
0.001273
0.001272
0.001271
0.001270
0.001270
0.001269
0.001268
0.001268
0.001267
0.001266
0.001266
0.001265
0.001264
0.001264
0.001263
0.001263
0.001262
0.001261
0.001261
0.001260
0.001260
0.001259
0.001258
0.001258
0.001257
0.001256
0.001255
0.001255
0.001254
0.001253
0.001253
0.001252
0.001252
0.001251
0.001250
0.001249
0.001249
0.001229
0.001210
0.001207
0.001208
0.001207
0.001207
0.001206
0.001206
0.001206
0.001205
0.001205
0.001205
0.001204
0.001204
0.001204
0.001203
0.001203
0.001203
0.001202
0.001202
0.001201
0.001201
0.001201
0.001200
0.001200
0.001200
0.001199
0.001199
0.001199
0.001198
0.001198
0.001198
0.001197
0.001197
0.001197
0.001196
0.001196
0.001196
0.001195
0.001195
0.001194
0.001194
0.001194
0.001193
0.001193
0.001193
0.001192
0.001192
0.001191
0.001191
0.001191
0.001190
0.001190
0.001189
0.001189
0.001189
0.001188
0.001188
0.001188
0.001187
0.001187
0.001187
0.001186
0.001186
0.001185
0.001185
0.001185
0.001184
0.001184
0.001183
0.001183
0.001183
0.001182
0.001182
0.001181
0.001181
0.001181
0.001180
0.001180
0.001179
0.001179
0.001178
0.001178
0.001178
0.001177
0.001177
0.001176
0.001176
0.001175
0.001175
0.001174
0.001174
0.001174
0.001173
0.001173
0.001172
0.001172
0.001171
0.001171
0.001170
0.001164
0.001165
0.001164
0.001162
0.001162
0.001162
0.001161
0.001161
0.001161
0.001160
0.001160
0.001160
0.001159
0.001159
0.001159
0.001159
0.001158
0.001158
0.001158
0.001157
0.001157
0.001157
0.001156
0.001156
0.001156
0.001155
0.001155
0.001155
0.001154
0.001154
0.001154
0.001153
0.001153
0.001153
0.001152
0.001152
0.001152
0.001151
0.001151
0.001151
0.001150
0.001150
0.001150
0.001149
0.001149
0.001148
0.001148
0.001148
0.001148
0.001147
0.001147
0.001147
0.001146
0.001146
0.001145
0.001145
0.001145
0.001144
0.001144
0.001144
0.001143
0.001143
0.001143
0.001142
0.001142
0.001141
0.001141
0.001141
0.001140
0.001140
0.001139
0.001139
0.001139
0.001138
0.001138
0.001137
0.001137
0.001137
0.001136
0.001136
0.001135
0.001135
0.001135
0.001134
0.001134
0.001133
0.001133
0.001132
0.001132
0.001131
0.001131
0.001131
0.001130
0.001130
0.001129
0.001129
0.001128
0.001128
0.001127
0.001127
