0.448136
0.211349
0.084191
0.048251
0.029973
0.019178
0.012824
0.009262
0.007499
0.006758
0.006421
0.006192
0.005996
0.005819
0.005650
0.005487
0.005331
0.005180
0.005033
0.004889
0.004749
0.004612
0.004482
0.004360
0.004241
0.004128
0.004019
0.003914
0.003813
0.003716
0.003621
0.003526
0.003433
0.003342
0.003253
0.003167
0.003080
0.002990
0.002901
0.002815
0.002732
0.002652
0.002577
0.002507
0.002442
0.002381
0.002325
0.002272
0.002223
0.002176
0.002132
0.002091
0.002053
0.002016
0.001981
0.001949
0.001918
0.001891
0.001865
0.001841
0.001818
0.001797
0.001778
0.001759
0.001742
0.001727
0.001712
0.001697
0.001683
0.001670
0.001656
0.001643
0.001630
0.001618
0.001607
0.001597
0.001588
0.001578
0.001569
0.001560
0.001551
0.001542
0.001535
0.001527
0.001520
0.001513
0.001507
0.001501
0.001495
0.001490
0.001485
0.001480
0.001475
0.001471
0.001467
0.001463
0.001460
0.001458
0.001454
0.001451
0.001389
0.001392
0.001404
0.001408
0.001408
0.001406
0.001403
0.001400
0.001397
0.001394
0.001391
0.001388
0.001385
0.001383
0.001380
0.001377
0.001375
0.001373
0.001370
0.001368
0.001365
0.001363
0.001361
0.001358
0.001356
0.001354
0.001352
0.001350
0.001347
0.001346
0.001344
0.001341
0.001340
0.001338
0.001336
0.001334
0.001332
0.001330
0.001329
0.001327
0.001325
0.001323
0.001321
0.001320
0.001318
0.001316
0.001315
0.001313
0.001312
0.001310
0.001308
0.001307
0.001305
0.001304
0.001302
0.001300
0.001299
0.001297
0.001295
0.001294
0.001292
0.001290
0.001289
0.001287
0.001286
0.001284
0.001283
0.001282
0.001281
0.001279
0.001278
0.001277
0.001276
0.001276
0.001275
0.001274
0.001273
0.001272
0.001271
0.001270
0.001269
0.001268
0.001268
0.001267
0.001266
0.001265
0.001264
0.001263
0.001262
0.001261
0.001261
0.001260
0.001259
0.001258
0.001257
0.001256
0.001256
0.001255
0.001254
0.001253
0.001244
0.001266
0.001276
0.001278
0.001279
0.001278
0.001278
0.001277
0.001277
0.001276
0.001276
0.001275
0.001274
0.001273
0.001272
0.001271
0.001271
0.001270
0.001269
0.001269
0.001268
0.001267
0.001267
0.001266
0.001266
0.001265
0.001265
0.001264
0.001264
0.001264
0.001263
0.001263
0.001262
0.001262
0.001261
0.001261
0.001261
0.001260
0.001260
0.001260
0.001259
0.001259
0.001258
0.001258
0.001258
0.001257
0.001257
0.001257
0.001256
0.001256
0.001255
0.001255
0.001255
0.001254
0.001254
0.001253
0.001253
0.001253
0.001252
0.001252
0.001252
0.001252
0.001251
0.001251
0.001251
0.001250
0.001250
0.001250
0.001249
0.001249
0.001249
0.001248
0.001248
0.001247
0.001247
0.001247
0.001246
0.001246
0.001246
0.001245
0.001245
0.001245
0.001244
0.001244
0.001244
0.001243
0.001243
0.001243
0.001243
0.001242
0.001242
0.001242
0.001241
0.001241
0.001241
0.001240
0.001240
0.001240
0.001239
0.001239
0.001216
0.001198
0.001191
0.001192
0.001191
0.001191
0.001191
0.001191
0.001191
0.001190
0.001190
0.001190
0.001190
0.001190
0.001190
0.001190
0.001190
0.001190
0.001190
0.001190
0.001190
0.001190
0.001190
0.001189
0.001189
0.001189
0.001189
0.001189
0.001189
0.001189
0.001189
0.001189
0.001189
0.001189
0.001189
0.001189
0.001189
0.001189
0.001189
0.001189
0.001189
0.001189
0.001189
0.001189
0.001189
0.001189
0.001189
0.001189
0.001189
0.001188
0.001188
0.001188
0.001188
0.001188
0.001188
0.001188
0.001188
0.001188
0.001188
0.001188
0.001188
0.001188
0.001188
0.001188
0.001188
0.001188
0.001188
0.001188
0.001188
0.001188
0.001188
0.001188
0.001188
0.001188
0.001188
0.001188
0.001188
0.001188
0.001188
0.001188
0.001188
0.001188
0.001188
0.001188
0.001188
0.001188
0.001188
0.001188
0.001188
0.001188
0.001188
0.001188
0.001188
0.001188
0.001188
0.001188
0.001188
0.001187
0.001188
0.001187
0.001179
0.001177
0.001176
0.001176
0.001176
0.001176
0.001176
0.001175
0.001175
0.001175
0.001175
0.001175
0.001175
0.001175
0.001175
0.001175
0.001175
0.001175
0.001175
0.001175
0.001175
0.001175
0.001175
0.001175
0.001175
0.001175
0.001175
0.001174
0.001174
0.001174
0.001174
0.001174
0.001174
0.001174
0.001174
0.001174
0.001174
0.001174
0.001174
0.001174
0.001174
0.001174
0.001174
0.001174
0.001174
0.001174
0.001174
0.001174
0.001174
0.001173
0.001173
0.001173
0.001173
0.001173
0.001173
0.001173
0.001173
0.001173
0.001173
0.001173
0.001173
0.001173
0.001173
0.001173
0.001173
0.001173
0.001173
0.001173
0.001173
0.001173
0.001173
0.001172
0.001172
0.001172
0.001172
0.001172
0.001172
0.001172
0.001172
0.001172
0.001172
0.001172
0.001172
0.001172
0.001172
0.001172
0.001172
0.001172
0.001172
0.001172
0.001172
0.001172
0.001172
0.001171
0.001171
0.001171
0.001171
0.001171
0.001171
0.001171
