0.453801
0.254424
0.098877
0.045086
0.015924
0.009029
0.007580
0.006651
0.005920
0.005357
0.004950
0.004645
0.004390
0.004150
0.003920
0.003697
0.003482
0.003279
0.003094
0.002928
0.002781
0.002652
0.002537
0.002434
0.002342
0.002256
0.002179
0.002111
0.002054
0.002005
0.001960
0.001921
0.001885
0.001851
0.001818
0.001788
0.001760
0.001734
0.001711
0.001689
0.001670
0.001650
0.001632
0.001613
0.001597
0.001580
0.001565
0.001550
0.001538
0.001524
0.001510
0.001495
0.001483
0.001470
0.001459
0.001447
0.001435
0.001424
0.001414
0.001405
0.001396
0.001387
0.001378
0.001368
0.001359
0.001350
0.001342
0.001334
0.001325
0.001317
0.001309
0.001302
0.001294
0.001286
0.001279
0.001271
0.001263
0.001256
0.001248
0.001240
0.001233
0.001226
0.001219
0.001212
0.001206
0.001199
0.001192
0.001186
0.001180
0.001174
0.001167
0.001161
0.001155
0.001150
0.001144
0.001138
0.001132
0.001127
0.001122
0.001117
0.001091
0.001087
0.001083
0.001079
0.001077
0.001074
0.001070
0.001067
0.001063
0.001059
0.001056
0.001052
0.001049
0.001045
0.001042
0.001039
0.001035
0.001032
0.001029
0.001026
0.001023
0.001019
0.001016
0.001013
0.001010
0.001007
0.001004
0.001001
0.000999
0.000996
0.000993
0.000990
0.000987
0.000984
0.000982
0.000979
0.000976
0.000973
0.000971
0.000968
0.000965
0.000963
0.000960
0.000957
0.000955
0.000952
0.000949
0.000946
0.000944
0.000941
0.000938
0.000935
0.000932
0.000928
0.000926
0.000923
0.000920
0.000917
0.000915
0.000913
0.000909
0.000906
0.000904
0.000900
0.000898
0.000896
0.000894
0.000892
0.000889
0.000888
0.000885
0.000883
0.000880
0.000879
0.000878
0.000874
0.000872
0.000870
0.000867
0.000865
0.000862
0.000859
0.000855
0.000851
0.000846
0.000844
0.000840
0.000837
0.000835
0.000833
0.000831
0.000829
0.000827
0.000825
0.000823
0.000822
0.000820
0.000819
0.000819
0.000818
0.000797
0.000800
0.000807
0.000808
0.000809
0.000808
0.000806
0.000805
0.000804
0.000802
0.000801
0.000800
0.000799
0.000798
0.000796
0.000795
0.000793
0.000792
0.000791
0.000789
0.000788
0.000787
0.000786
0.000784
0.000783
0.000782
0.000781
0.000780
0.000779
0.000778
0.000777
0.000775
0.000774
0.000773
0.000772
0.000771
0.000770
0.000769
0.000768
0.000767
0.000766
0.000765
0.000764
0.000763
0.000762
0.000761
0.000760
0.000760
0.000759
0.000758
0.000757
0.000756
0.000755
0.000754
0.000753
0.000752
0.000751
0.000750
0.000749
0.000748
0.000747
0.000746
0.000745
0.000744
0.000743
0.000742
0.000741
0.000740
0.000739
0.000738
0.000737
0.000736
0.000735
0.000734
0.000734
0.000733
0.000732
0.000731
0.000730
0.000729
0.000728
0.000727
0.000727
0.000726
0.000725
0.000724
0.000723
0.000722
0.000722
0.000721
0.000720
0.000719
0.000718
0.000717
0.000717
0.000716
0.000715
0.000714
0.000713
0.000713
0.000707
0.000717
0.000720
0.000719
0.000719
0.000718
0.000718
0.000718
0.000717
0.000717
0.000717
0.000717
0.000717
0.000717
0.000717
0.000717
0.000716
0.000716
0.000716
0.000716
0.000715
0.000715
0.000715
0.000715
0.000714
0.000714
0.000714
0.000714
0.000713
0.000713
0.000713
0.000713
0.000712
0.000712
0.000711
0.000711
0.000711
0.000711
0.000710
0.000710
0.000710
0.000709
0.000709
0.000709
0.000709
0.000708
0.000708
0.000708
0.000708
0.000707
0.000707
0.000707
0.000707
0.000706
0.000706
0.000706
0.000706
0.000705
0.000705
0.000705
0.000704
0.000704
0.000703
0.000703
0.000703
0.000702
0.000702
0.000701
0.000701
0.000700
0.000700
0.000700
0.000699
0.000699
0.000698
0.000698
0.000697
0.000697
0.000696
0.000696
0.000696
0.000695
0.000695
0.000694
0.000694
0.000693
0.000693
0.000693
0.000692
0.000692
0.000691
0.000691
0.000691
0.000690
0.000690
0.000690
0.000689
0.000689
0.000689
0.000689
0.000678
0.000672
0.000667
0.000668
0.000668
0.000668
0.000668
0.000667
0.000667
0.000667
0.000667
0.000667
0.000667
0.000666
0.000666
0.000666
0.000666
0.000666
0.000666
0.000665
0.000665
0.000665
0.000665
0.000665
0.000665
0.000664
0.000664
0.000664
0.000664
0.000664
0.000664
0.000663
0.000663
0.000663
0.000663
0.000663
0.000663
0.000662
0.000662
0.000662
0.000662
0.000662
0.000661
0.000661
0.000661
0.000661
0.000661
0.000660
0.000660
0.000660
0.000660
0.000660
0.000660
0.000659
0.000659
0.000659
0.000659
0.000659
0.000658
0.000658
0.000658
0.000658
0.000658
0.000657
0.000657
0.000657
0.000657
0.000657
0.000656
0.000656
0.000656
0.000656
0.000656
0.000655
0.000655
0.000655
0.000655
0.000655
0.000654
0.000654
0.000654
0.000654
0.000654
0.000653
0.000653
0.000653
0.000653
0.000653
0.000652
0.000652
0.000652
0.000652
0.000652
0.000651
0.000651
0.000651
0.000651
0.000651
0.000650
0.000650
