0.420567
0.284743
0.180463
0.115150
0.077262
0.047223
0.020356
0.007512
0.005573
0.004596
0.003771
0.003376
0.003132
0.002912
0.002734
0.002612
0.002516
0.002428
0.002345
0.002268
0.002193
0.002120
0.002051
0.001983
0.001918
0.001854
0.001792
0.001737
0.001690
0.001650
0.001615
0.001587
0.001562
0.001542
0.001526
0.001514
0.001504
0.001496
0.001490
0.001485
0.001481
0.001478
0.001476
0.001475
0.001475
0.001474
0.001474
0.001474
0.001473
0.001473
0.001472
0.001471
0.001470
0.001469
0.001466
0.001463
0.001462
0.001458
0.001455
0.001451
0.001448
0.001442
0.001437
0.001431
0.001425
0.001419
0.001413
0.001406
0.001401
0.001396
0.001392
0.001388
0.001384
0.001380
0.001376
0.001372
0.001367
0.001362
0.001357
0.001353
0.001348
0.001342
0.001334
0.001327
0.001321
0.001315
0.001311
0.001306
0.001301
0.001296
0.001292
0.001286
0.001282
0.001278
0.001274
0.001271
0.001269
0.001268
0.001266
0.001263
0.001198
0.001185
0.001166
0.001165
0.001164
0.001161
0.001161
0.001160
0.001158
0.001158
0.001157
0.001156
0.001155
0.001154
0.001154
0.001153
0.001152
0.001152
0.001152
0.001151
0.001151
0.001151
0.001150
0.001150
0.001150
0.001150
0.001149
0.001149
0.001149
0.001149
0.001149
0.001148
0.001147
0.001146
0.001145
0.001144
0.001143
0.001142
0.001142
0.001141
0.001139
0.001138
0.001136
0.001135
0.001133
0.001132
0.001130
0.001128
0.001127
0.001124
0.001122
0.001121
0.001119
0.001117
0.001116
0.001114
0.001113
0.001111
0.001110
0.001108
0.001106
0.001105
0.001104
0.001103
0.001101
0.001100
0.001098
0.001096
0.001095
0.001094
0.001092
0.001091
0.001090
0.001088
0.001088
0.001086
0.001085
0.001083
0.001083
0.001081
0.001080
0.001079
0.001077
0.001075
0.001074
0.001073
0.001071
0.001070
0.001069
0.001068
0.001066
0.001065
0.001064
0.001063
0.001062
0.001061
0.001060
0.001059
0.001058
0.001057
0.001006
0.001006
0.001013
0.001017
0.001018
0.001019
0.001018
0.001017
0.001016
0.001014
0.001012
0.001011
0.001009
0.001008
0.001006
0.001005
0.001003
0.001002
0.001001
0.001000
0.000998
0.000997
0.000996
0.000995
0.000994
0.000993
0.000993
0.000992
0.000991
0.000990
0.000990
0.000989
0.000989
0.000988
0.000987
0.000987
0.000986
0.000986
0.000985
0.000985
0.000985
0.000984
0.000984
0.000984
0.000983
0.000983
0.000982
0.000982
0.000982
0.000982
0.000981
0.000981
0.000981
0.000981
0.000981
0.000980
0.000980
0.000980
0.000980
0.000980
0.000980
0.000979
0.000979
0.000979
0.000979
0.000979
0.000979
0.000979
0.000978
0.000978
0.000978
0.000978
0.000978
0.000978
0.000978
0.000978
0.000978
0.000978
0.000977
0.000977
0.000977
0.000978
0.000977
0.000977
0.000977
0.000977
0.000977
0.000977
0.000977
0.000977
0.000977
0.000977
0.000977
0.000977
0.000977
0.000977
0.000977
0.000977
0.000977
0.000978
0.000971
0.000969
0.000971
0.000971
0.000971
0.000971
0.000971
0.000972
0.000972
0.000972
0.000972
0.000973
0.000973
0.000973
0.000974
0.000974
0.000975
0.000976
0.000976
0.000977
0.000978
0.000978
0.000979
0.000980
0.000980
0.000981
0.000982
0.000982
0.000983
0.000983
0.000983
0.000982
0.000982
0.000981
0.000980
0.000979
0.000979
0.000978
0.000977
0.000976
0.000976
0.000975
0.000975
0.000974
0.000974
0.000974
0.000973
0.000973
0.000973
0.000973
0.000972
0.000972
0.000972
0.000972
0.000971
0.000971
0.000971
0.000971
0.000971
0.000971
0.000971
0.000970
0.000970
0.000970
0.000970
0.000970
0.000970
0.000970
0.000970
0.000970
0.000970
0.000969
0.000969
0.000969
0.000969
0.000969
0.000969
0.000969
0.000969
0.000969
0.000969
0.000969
0.000968
0.000968
0.000968
0.000968
0.000968
0.000968
0.000968
0.000968
0.000968
0.000968
0.000967
0.000967
0.000967
0.000967
0.000967
0.000967
0.000967
0.000967
0.000955
0.000942
0.000939
0.000940
0.000939
0.000939
0.000939
0.000939
0.000939
0.000939
0.000939
0.000939
0.000939
0.000939
0.000939
0.000939
0.000939
0.000939
0.000939
0.000938
0.000939
0.000938
0.000938
0.000938
0.000938
0.000938
0.000938
0.000938
0.000938
0.000938
0.000938
0.000938
0.000938
0.000938
0.000938
0.000938
0.000938
0.000938
0.000938
0.000938
0.000938
0.000938
0.000938
0.000938
0.000938
0.000938
0.000938
0.000938
0.000938
0.000937
0.000938
0.000938
0.000937
0.000938
0.000937
0.000937
0.000938
0.000937
0.000937
0.000937
0.000937
0.000937
0.000937
0.000937
0.000937
0.000937
0.000937
0.000937
0.000937
0.000937
0.000937
0.000937
0.000937
0.000937
0.000937
0.000937
0.000937
0.000937
0.000937
0.000937
0.000937
0.000937
0.000937
0.000937
0.000937
0.000937
0.000937
0.000937
0.000937
0.000937
0.000937
0.000937
0.000937
0.000937
0.000937
0.000937
0.000937
0.000937
0.000937
0.000937
