0.439313
0.297056
0.150643
0.067384
0.048237
0.037571
0.029472
0.023296
0.018203
0.014069
0.010906
0.008517
0.006724
0.005458
0.004679
0.004225
0.003915
0.003653
0.003432
0.003263
0.003125
0.003006
0.002903
0.002809
0.002723
0.002644
0.002572
0.002508
0.002451
0.002400
0.002355
0.002316
0.002283
0.002252
0.002225
0.002201
0.002181
0.002163
0.002146
0.002131
0.002117
0.002105
0.002094
0.002084
0.002074
0.002064
0.002055
0.002046
0.002037
0.002029
0.002021
0.002014
0.002007
0.002001
0.001995
0.001990
0.001984
0.001979
0.001975
0.001970
0.001965
0.001961
0.001957
0.001953
0.001949
0.001946
0.001943
0.001940
0.001937
0.001934
0.001931
0.001929
0.001926
0.001923
0.001921
0.001918
0.001916
0.001914
0.001911
0.001910
0.001908
0.001905
0.001903
0.001901
0.001899
0.001896
0.001893
0.001891
0.001888
0.001886
0.001883
0.001882
0.001879
0.001876
0.001872
0.001869
0.001864
0.001861
0.001858
0.001853
0.001814
0.001836
0.001865
0.001876
0.001878
0.001876
0.001875
0.001874
0.001873
0.001872
0.001871
0.001871
0.001870
0.001869
0.001867
0.001864
0.001862
0.001860
0.001857
0.001853
0.001848
0.001843
0.001837
0.001831
0.001824
0.001818
0.001812
0.001807
0.001802
0.001797
0.001793
0.001789
0.001785
0.001781
0.001770
0.001752
0.001752
0.001759
0.001761
0.001760
0.001756
0.001752
0.001748
0.001744
0.001740
0.001736
0.001732
0.001729
0.001725
0.001721
0.001718
0.001714
0.001711
0.001707
0.001703
0.001699
0.001696
0.001692
0.001689
0.001686
0.001682
0.001678
0.001674
0.001670
0.001666
0.001662
0.001658
0.001653
0.001649
0.001645
0.001641
0.001637
0.001633
0.001629
0.001626
0.001621
0.001617
0.001613
0.001609
0.001604
0.001598
0.001593
0.001588
0.001584
0.001579
0.001575
0.001570
0.001566
0.001562
0.001558
0.001554
0.001551
0.001546
0.001543
0.001540
0.001536
0.001534
0.001531
0.001528
0.001525
0.001514
0.001461
0.001455
0.001454
0.001450
0.001450
0.001449
0.001447
0.001446
0.001445
0.001445
0.001443
0.001443
0.001442
0.001441
0.001440
0.001439
0.001438
0.001437
0.001437
0.001436
0.001435
0.001434
0.001434
0.001433
0.001432
0.001431
0.001431
0.001430
0.001429
0.001429
0.001428
0.001427
0.001427
0.001426
0.001426
0.001425
0.001424
0.001424
0.001423
0.001422
0.001422
0.001421
0.001421
0.001420
0.001419
0.001419
0.001418
0.001418
0.001417
0.001417
0.001416
0.001416
0.001416
0.001415
0.001415
0.001414
0.001414
0.001414
0.001413
0.001413
0.001413
0.001412
0.001412
0.001412
0.001411
0.001411
0.001411
0.001410
0.001410
0.001410
0.001409
0.001409
0.001408
0.001408
0.001408
0.001407
0.001407
0.001406
0.001406
0.001406
0.001406
0.001405
0.001405
0.001405
0.001404
0.001404
0.001403
0.001403
0.001402
0.001402
0.001401
0.001401
0.001401
0.001400
0.001400
0.001400
0.001399
0.001399
0.001398
0.001381
0.001377
0.001374
0.001373
0.001372
0.001372
0.001372
0.001372
0.001371
0.001371
0.001371
0.001371
0.001370
0.001370
0.001370
0.001370
0.001370
0.001369
0.001369
0.001369
0.001369
0.001368
0.001368
0.001368
0.001368
0.001368
0.001367
0.001367
0.001367
0.001367
0.001366
0.001366
0.001366
0.001366
0.001365
0.001365
0.001365
0.001365
0.001365
0.001364
0.001364
0.001364
0.001364
0.001364
0.001363
0.001363
0.001363
0.001363
0.001363
0.001362
0.001362
0.001362
0.001362
0.001362
0.001362
0.001361
0.001361
0.001361
0.001361
0.001361
0.001360
0.001360
0.001360
0.001360
0.001360
0.001360
0.001359
0.001359
0.001359
0.001359
0.001359
0.001359
0.001358
0.001358
0.001358
0.001358
0.001358
0.001357
0.001357
0.001357
0.001357
0.001357
0.001357
0.001357
0.001356
0.001356
0.001356
0.001356
0.001356
0.001356
0.001355
0.001355
0.001355
0.001355
0.001355
0.001354
0.001354
0.001354
0.001354
0.001354
0.001348
0.001351
0.001354
0.001355
0.001356
0.001356
0.001356
0.001356
0.001355
0.001355
0.001355
0.001355
0.001355
0.001355
0.001355
0.001355
0.001355
0.001355
0.001355
0.001355
0.001355
0.001354
0.001354
0.001354
0.001354
0.001354
0.001354
0.001354
0.001354
0.001354
0.001354
0.001354
0.001353
0.001353
0.001353
0.001353
0.001353
0.001353
0.001353
0.001353
0.001353
0.001353
0.001353
0.001352
0.001352
0.001352
0.001352
0.001352
0.001352
0.001352
0.001352
0.001352
0.001352
0.001351
0.001351
0.001351
0.001351
0.001351
0.001351
0.001351
0.001351
0.001351
0.001351
0.001350
0.001350
0.001350
0.001350
0.001350
0.001350
0.001350
0.001350
0.001350
0.001350
0.001349
0.001349
0.001349
0.001349
0.001349
0.001349
0.001349
0.001349
0.001349
0.001349
0.001349
0.001348
0.001348
0.001348
0.001348
0.001348
0.001348
0.001348
0.001348
0.001348
0.001348
0.001347
0.001347
0.001347
0.001347
0.001347
0.001347
