0.487844
0.364767
0.279683
0.171050
0.054090
0.013174
0.009716
0.008380
0.007689
0.007514
0.007288
0.007111
0.006962
0.006835
0.006731
0.006643
0.006567
0.006501
0.006441
0.006387
0.006338
0.006292
0.006248
0.006208
0.006169
0.006130
0.006092
0.006052
0.006006
0.005955
0.005902
0.005843
0.005768
0.005681
0.005565
0.005422
0.005276
0.005136
0.005006
0.004893
0.004796
0.004717
0.004645
0.004587
0.004532
0.004481
0.004435
0.004389
0.004343
0.004297
0.004252
0.004207
0.004159
0.004112
0.004059
0.004005
0.003951
0.003898
0.003843
0.003789
0.003739
0.003694
0.003651
0.003614
0.003581
0.003552
0.003523
0.003495
0.003469
0.003446
0.003424
0.003403
0.003383
0.003363
0.003344
0.003324
0.003307
0.003290
0.003274
0.003257
0.003239
0.003221
0.003202
0.003182
0.003161
0.003142
0.003123
0.003102
0.003083
0.003064
0.003045
0.003024
0.003005
0.002987
0.002969
0.002950
0.002931
0.002911
0.002896
0.002878
0.002835
0.002820
0.002796
0.002798
0.002785
0.002777
0.002768
0.002759
0.002750
0.002740
0.002730
0.002721
0.002713
0.002704
0.002694
0.002685
0.002675
0.002666
0.002657
0.002648
0.002640
0.002631
0.002623
0.002614
0.002607
0.002598
0.002589
0.002580
0.002572
0.002564
0.002555
0.002546
0.002538
0.002531
0.002523
0.002515
0.002506
0.002497
0.002488
0.002479
0.002471
0.002461
0.002452
0.002442
0.002433
0.002424
0.002416
0.002406
0.002397
0.002387
0.002377
0.002368
0.002357
0.002347
0.002337
0.002328
0.002318
0.002308
0.002299
0.002290
0.002282
0.002273
0.002265
0.002256
0.002248
0.002239
0.002232
0.002226
0.002217
0.002211
0.002203
0.002195
0.002186
0.002177
0.002168
0.002160
0.002153
0.002145
0.002136
0.002128
0.002118
0.002110
0.002102
0.002094
0.002087
0.002079
0.002071
0.002064
0.002055
0.002048
0.002041
0.002034
0.002027
0.002021
0.002014
0.002007
0.002001
0.001994
0.001988
0.001980
0.001962
0.001946
0.001933
0.001929
0.001926
0.001923
0.001918
0.001915
0.001911
0.001908
0.001904
0.001901
0.001898
0.001895
0.001892
0.001888
0.001886
0.001883
0.001880
0.001877
0.001874
0.001871
0.001868
0.001865
0.001862
0.001860
0.001857
0.001853
0.001850
0.001847
0.001844
0.001841
0.001838
0.001835
0.001832
0.001829
0.001826
0.001822
0.001819
0.001816
0.001813
0.001810
0.001808
0.001805
0.001802
0.001800
0.001797
0.001794
0.001791
0.001789
0.001786
0.001783
0.001780
0.001777
0.001774
0.001771
0.001769
0.001766
0.001763
0.001761
0.001758
0.001755
0.001753
0.001750
0.001747
0.001745
0.001742
0.001739
0.001736
0.001734
0.001731
0.001728
0.001726
0.001723
0.001720
0.001718
0.001715
0.001713
0.001710
0.001708
0.001706
0.001704
0.001702
0.001699
0.001697
0.001695
0.001692
0.001690
0.001688
0.001686
0.001683
0.001681
0.001679
0.001677
0.001675
0.001673
0.001671
0.001669
0.001667
0.001665
0.001652
0.001653
0.001654
0.001654
0.001652
0.001651
0.001649
0.001648
0.001647
0.001646
0.001645
0.001644
0.001643
0.001641
0.001640
0.001639
0.001638
0.001637
0.001635
0.001634
0.001633
0.001632
0.001631
0.001629
0.001628
0.001627
0.001626
0.001625
0.001624
0.001623
0.001621
0.001620
0.001619
0.001618
0.001617
0.001616
0.001615
0.001614
0.001613
0.001612
0.001611
0.001610
0.001609
0.001608
0.001607
0.001606
0.001605
0.001604
0.001603
0.001602
0.001601
0.001600
0.001599
0.001598
0.001597
0.001596
0.001595
0.001594
0.001593
0.001592
0.001591
0.001590
0.001589
0.001588
0.001587
0.001587
0.001586
0.001585
0.001584
0.001583
0.001582
0.001581
0.001580
0.001580
0.001579
0.001578
0.001577
0.001576
0.001575
0.001574
0.001573
0.001572
0.001572
0.001571
0.001570
0.001569
0.001568
0.001567
0.001567
0.001566
0.001565
0.001564
0.001563
0.001562
0.001561
0.001561
0.001560
0.001559
0.001558
0.001557
0.001553
0.001558
0.001560
0.001559
0.001557
0.001556
0.001556
0.001555
0.001555
0.001555
0.001554
0.001554
0.001553
0.001553
0.001552
0.001552
0.001551
0.001551
0.001551
0.001550
0.001550
0.001549
0.001549
0.001549
0.001548
0.001548
0.001547
0.001547
0.001546
0.001546
0.001546
0.001545
0.001545
0.001544
0.001544
0.001544
0.001543
0.001543
0.001542
0.001542
0.001542
0.001541
0.001541
0.001541
0.001540
0.001540
0.001539
0.001539
0.001538
0.001538
0.001538
0.001537
0.001537
0.001536
0.001536
0.001536
0.001535
0.001535
0.001535
0.001534
0.001534
0.001533
0.001533
0.001532
0.001532
0.001532
0.001531
0.001531
0.001530
0.001530
0.001530
0.001529
0.001529
0.001528
0.001528
0.001527
0.001527
0.001527
0.001526
0.001526
0.001525
0.001525
0.001525
0.001524
0.001524
0.001523
0.001523
0.001522
0.001522
0.001522
0.001521
0.001521
0.001520
0.001520
0.001519
0.001519
0.001519
0.001518
0.001518
0.001517
