0.435830
0.229455
0.059698
0.039025
0.025207
0.016084
0.010156
0.006755
0.005168
0.004337
0.003914
0.003627
0.003388
0.003163
0.002955
0.002773
0.002623
0.002508
0.002409
0.002322
0.002252
0.002203
0.002166
0.002127
0.002090
0.002055
0.002019
0.001980
0.001943
0.001908
0.001879
0.001853
0.001830
0.001812
0.001794
0.001776
0.001759
0.001743
0.001726
0.001711
0.001695
0.001680
0.001667
0.001654
0.001642
0.001630
0.001619
0.001609
0.001598
0.001588
0.001577
0.001567
0.001557
0.001547
0.001540
0.001532
0.001524
0.001516
0.001510
0.001503
0.001496
0.001489
0.001482
0.001475
0.001468
0.001461
0.001453
0.001444
0.001435
0.001426
0.001418
0.001408
0.001400
0.001392
0.001383
0.001373
0.001365
0.001357
0.001347
0.001339
0.001332
0.001324
0.001317
0.001310
0.001304
0.001296
0.001290
0.001284
0.001277
0.001271
0.001266
0.001261
0.001256
0.001252
0.001247
0.001242
0.001238
0.001233
0.001229
0.001225
0.001184
0.001143
0.001138
0.001148
0.001149
0.001146
0.001143
0.001140
0.001137
0.001134
0.001132
0.001130
0.001128
0.001126
0.001124
0.001123
0.001122
0.001120
0.001119
0.001118
0.001117
0.001116
0.001115
0.001114
0.001114
0.001113
0.001112
0.001111
0.001111
0.001110
0.001110
0.001109
0.001109
0.001108
0.001107
0.001107
0.001106
0.001106
0.001105
0.001104
0.001103
0.001103
0.001102
0.001101
0.001101
0.001100
0.001100
0.001099
0.001098
0.001097
0.001097
0.001096
0.001096
0.001095
0.001095
0.001095
0.001095
0.001094
0.001094
0.001093
0.001093
0.001093
0.001092
0.001092
0.001091
0.001091
0.001090
0.001090
0.001089
0.001088
0.001088
0.001087
0.001087
0.001087
0.001086
0.001086
0.001086
0.001085
0.001085
0.001085
0.001085
0.001084
0.001084
0.001084
0.001084
0.001084
0.001084
0.001084
0.001084
0.001083
0.001083
0.001083
0.001083
0.001083
0.001083
0.001082
0.001082
0.001082
0.001081
0.001081
0.001066
0.001082
0.001097
0.001103
0.001104
0.001103
0.001102
0.001101
0.001100
0.001100
0.001099
0.001098
0.001097
0.001097
0.001096
0.001096
0.001095
0.001095
0.001095
0.001095
0.001094
0.001094
0.001094
0.001094
0.001094
0.001094
0.001094
0.001093
0.001093
0.001093
0.001093
0.001092
0.001092
0.001092
0.001092
0.001091
0.001091
0.001091
0.001090
0.001090
0.001090
0.001090
0.001090
0.001090
0.001090
0.001089
0.001089
0.001089
0.001089
0.001088
0.001088
0.001088
0.001087
0.001087
0.001087
0.001087
0.001086
0.001086
0.001086
0.001085
0.001085
0.001085
0.001084
0.001084
0.001083
0.001083
0.001083
0.001082
0.001082
0.001082
0.001081
0.001081
0.001081
0.001081
0.001080
0.001080
0.001080
0.001079
0.001079
0.001079
0.001079
0.001078
0.001078
0.001078
0.001078
0.001078
0.001078
0.001077
0.001077
0.001077
0.001077
0.001077
0.001076
0.001076
0.001076
0.001076
0.001076
0.001076
0.001076
0.001075
0.001052
0.001021
0.001016
0.001019
0.001017
0.001017
0.001017
0.001017
0.001017
0.001017
0.001017
0.001017
0.001017
0.001017
0.001017
0.001017
0.001017
0.001017
0.001017
0.001017
0.001017
0.001016
0.001017
0.001017
0.001016
0.001017
0.001016
0.001017
0.001017
0.001016
0.001017
0.001017
0.001016
0.001017
0.001016
0.001017
0.001017
0.001017
0.001017
0.001017
0.001017
0.001017
0.001017
0.001017
0.001017
0.001017
0.001017
0.001017
0.001017
0.001017
0.001017
0.001017
0.001017
0.001017
0.001017
0.001017
0.001017
0.001017
0.001017
0.001017
0.001017
0.001017
0.001017
0.001018
0.001018
0.001018
0.001018
0.001018
0.001018
0.001018
0.001018
0.001018
0.001018
0.001018
0.001018
0.001018
0.001018
0.001019
0.001019
0.001019
0.001019
0.001019
0.001019
0.001019
0.001019
0.001019
0.001019
0.001019
0.001019
0.001019
0.001020
0.001020
0.001020
0.001020
0.001020
0.001020
0.001020
0.001020
0.001020
0.001020
0.001010
0.001011
0.001009
0.001007
0.001007
0.001008
0.001007
0.001007
0.001007
0.001007
0.001007
0.001007
0.001007
0.001007
0.001007
0.001007
0.001007
0.001007
0.001007
0.001007
0.001007
0.001007
0.001006
0.001006
0.001006
0.001006
0.001006
0.001006
0.001006
0.001006
0.001006
0.001006
0.001006
0.001006
0.001006
0.001006
0.001006
0.001006
0.001006
0.001006
0.001006
0.001006
0.001006
0.001005
0.001005
0.001005
0.001005
0.001005
0.001005
0.001005
0.001005
0.001005
0.001005
0.001005
0.001005
0.001005
0.001005
0.001005
0.001005
0.001005
0.001005
0.001005
0.001005
0.001005
0.001005
0.001005
0.001005
0.001004
0.001004
0.001004
0.001004
0.001004
0.001004
0.001004
0.001004
0.001004
0.001004
0.001004
0.001004
0.001004
0.001004
0.001004
0.001004
0.001004
0.001004
0.001004
0.001004
0.001004
0.001004
0.001004
0.001004
0.001003
0.001003
0.001003
0.001003
0.001003
0.001003
0.001003
0.001003
0.001003
