0.370316
0.119135
0.046693
0.026227
0.014387
0.007778
0.004623
0.003477
0.003088
0.002883
0.002718
0.002589
0.002485
0.002392
0.002309
0.002235
0.002165
0.002096
0.002032
0.001974
0.001925
0.001882
0.001843
0.001805
0.001769
0.001736
0.001704
0.001674
0.001647
0.001620
0.001592
0.001564
0.001536
0.001509
0.001485
0.001463
0.001443
0.001424
0.001405
0.001387
0.001370
0.001354
0.001338
0.001324
0.001311
0.001298
0.001287
0.001276
0.001266
0.001257
0.001248
0.001240
0.001233
0.001227
0.001220
0.001215
0.001210
0.001204
0.001199
0.001193
0.001189
0.001183
0.001179
0.001174
0.001171
0.001167
0.001163
0.001159
0.001156
0.001152
0.001149
0.001144
0.001138
0.001134
0.001131
0.001126
0.001122
0.001117
0.001112
0.001108
0.001102
0.001098
0.001095
0.001089
0.001085
0.001081
0.001078
0.001073
0.001068
0.001065
0.001060
0.001055
0.001052
0.001050
0.001048
0.001045
0.001041
0.001037
0.001034
0.001030
0.000958
0.000974
0.000961
0.000965
0.000964
0.000961
0.000960
0.000958
0.000956
0.000955
0.000953
0.000952
0.000951
0.000950
0.000948
0.000947
0.000946
0.000946
0.000945
0.000944
0.000944
0.000943
0.000943
0.000942
0.000942
0.000941
0.000941
0.000941
0.000941
0.000941
0.000940
0.000940
0.000940
0.000940
0.000940
0.000940
0.000940
0.000940
0.000940
0.000940
0.000940
0.000940
0.000940
0.000939
0.000939
0.000939
0.000938
0.000938
0.000938
0.000937
0.000937
0.000936
0.000936
0.000936
0.000935
0.000935
0.000935
0.000934
0.000934
0.000933
0.000932
0.000932
0.000932
0.000931
0.000931
0.000931
0.000931
0.000930
0.000929
0.000929
0.000929
0.000928
0.000928
0.000928
0.000927
0.000927
0.000926
0.000926
0.000925
0.000925
0.000924
0.000924
0.000923
0.000922
0.000922
0.000922
0.000921
0.000921
0.000920
0.000919
0.000919
0.000918
0.000918
0.000917
0.000916
0.000916
0.000915
0.000915
0.000914
0.000914
0.000895
0.000903
0.000900
0.000903
0.000904
0.000903
0.000903
0.000902
0.000902
0.000902
0.000901
0.000901
0.000901
0.000900
0.000900
0.000899
0.000899
0.000899
0.000898
0.000898
0.000897
0.000897
0.000897
0.000896
0.000896
0.000895
0.000895
0.000895
0.000894
0.000894
0.000893
0.000893
0.000892
0.000892
0.000892
0.000891
0.000891
0.000890
0.000890
0.000889
0.000889
0.000888
0.000888
0.000887
0.000887
0.000886
0.000886
0.000885
0.000885
0.000884
0.000884
0.000883
0.000883
0.000882
0.000882
0.000881
0.000881
0.000880
0.000880
0.000879
0.000879
0.000878
0.000878
0.000877
0.000877
0.000876
0.000876
0.000875
0.000875
0.000874
0.000874
0.000874
0.000873
0.000873
0.000872
0.000872
0.000871
0.000871
0.000871
0.000870
0.000870
0.000870
0.000869
0.000869
0.000869
0.000869
0.000868
0.000868
0.000867
0.000867
0.000867
0.000867
0.000866
0.000866
0.000866
0.000866
0.000865
0.000865
0.000865
0.000865
0.000857
0.000860
0.000859
0.000862
0.000862
0.000861
0.000860
0.000860
0.000859
0.000859
0.000859
0.000858
0.000858
0.000858
0.000858
0.000858
0.000857
0.000857
0.000857
0.000857
0.000857
0.000857
0.000857
0.000857
0.000857
0.000857
0.000857
0.000857
0.000857
0.000857
0.000857
0.000857
0.000857
0.000857
0.000857
0.000857
0.000857
0.000857
0.000857
0.000857
0.000857
0.000857
0.000857
0.000857
0.000856
0.000856
0.000856
0.000856
0.000857
0.000857
0.000857
0.000857
0.000857
0.000857
0.000857
0.000857
0.000857
0.000857
0.000857
0.000857
0.000857
0.000857
0.000857
0.000857
0.000857
0.000857
0.000857
0.000857
0.000857
0.000857
0.000857
0.000857
0.000856
0.000856
0.000856
0.000856
0.000856
0.000856
0.000856
0.000856
0.000856
0.000856
0.000856
0.000856
0.000856
0.000856
0.000856
0.000856
0.000856
0.000856
0.000856
0.000856
0.000856
0.000855
0.000855
0.000855
0.000855
0.000855
0.000855
0.000855
0.000843
0.000832
0.000830
0.000831
0.000831
0.000831
0.000831
0.000831
0.000831
0.000831
0.000831
0.000831
0.000831
0.000831
0.000831
0.000831
0.000831
0.000830
0.000830
0.000830
0.000830
0.000830
0.000830
0.000830
0.000830
0.000830
0.000830
0.000830
0.000830
0.000830
0.000830
0.000830
0.000830
0.000830
0.000830
0.000830
0.000830
0.000830
0.000830
0.000830
0.000830
0.000830
0.000830
0.000830
0.000830
0.000830
0.000830
0.000830
0.000830
0.000830
0.000830
0.000830
0.000830
0.000830
0.000830
0.000830
0.000830
0.000830
0.000830
0.000830
0.000830
0.000830
0.000830
0.000830
0.000830
0.000830
0.000830
0.000830
0.000830
0.000830
0.000830
0.000830
0.000830
0.000830
0.000830
0.000830
0.000830
0.000830
0.000830
0.000830
0.000830
0.000830
0.000830
0.000830
0.000830
0.000830
0.000830
0.000830
0.000830
0.000830
0.000830
0.000830
0.000830
0.000830
0.000830
0.000830
0.000830
0.000830
0.000829
0.000829
