0.395178
0.118403
0.054295
0.031678
0.014547
0.006095
0.004415
0.003760
0.003320
0.002938
0.002622
0.002416
0.002287
0.002194
0.002112
0.002029
0.001946
0.001870
0.001800
0.001739
0.001686
0.001635
0.001585
0.001539
0.001499
0.001466
0.001439
0.001417
0.001397
0.001381
0.001366
0.001356
0.001345
0.001336
0.001326
0.001316
0.001305
0.001293
0.001278
0.001263
0.001246
0.001229
0.001211
0.001197
0.001185
0.001178
0.001175
0.001177
0.001177
0.001178
0.001178
0.001177
0.001174
0.001169
0.001164
0.001161
0.001159
0.001156
0.001156
0.001153
0.001150
0.001149
0.001145
0.001142
0.001138
0.001134
0.001131
0.001128
0.001125
0.001124
0.001119
0.001117
0.001115
0.001112
0.001108
0.001104
0.001100
0.001098
0.001093
0.001089
0.001086
0.001081
0.001078
0.001076
0.001073
0.001070
0.001066
0.001061
0.001056
0.001051
0.001044
0.001038
0.001034
0.001030
0.001026
0.001022
0.001019
0.001017
0.001014
0.001011
0.000949
0.000994
0.001012
0.001021
0.001029
0.001035
0.001040
0.001044
0.001046
0.001043
0.001037
0.001029
0.001019
0.001010
0.001002
0.000995
0.000989
0.000985
0.000983
0.000981
0.000980
0.000979
0.000978
0.000978
0.000977
0.000976
0.000976
0.000975
0.000975
0.000975
0.000974
0.000974
0.000973
0.000973
0.000972
0.000971
0.000970
0.000970
0.000969
0.000968
0.000967
0.000966
0.000965
0.000965
0.000964
0.000963
0.000962
0.000961
0.000960
0.000959
0.000958
0.000957
0.000956
0.000955
0.000954
0.000953
0.000952
0.000951
0.000950
0.000948
0.000947
0.000946
0.000945
0.000944
0.000943
0.000942
0.000942
0.000941
0.000940
0.000939
0.000938
0.000937
0.000936
0.000935
0.000935
0.000934
0.000933
0.000933
0.000932
0.000931
0.000931
0.000930
0.000929
0.000928
0.000928
0.000928
0.000927
0.000926
0.000926
0.000925
0.000925
0.000924
0.000924
0.000924
0.000923
0.000923
0.000923
0.000922
0.000922
0.000921
0.000881
0.000876
0.000883
0.000888
0.000891
0.000892
0.000893
0.000892
0.000891
0.000891
0.000890
0.000889
0.000888
0.000887
0.000886
0.000885
0.000884
0.000883
0.000882
0.000881
0.000880
0.000880
0.000879
0.000878
0.000878
0.000877
0.000876
0.000876
0.000875
0.000875
0.000874
0.000874
0.000874
0.000873
0.000873
0.000872
0.000872
0.000872
0.000872
0.000871
0.000871
0.000871
0.000871
0.000871
0.000870
0.000870
0.000870
0.000870
0.000870
0.000870
0.000870
0.000870
0.000870
0.000870
0.000870
0.000870
0.000870
0.000870
0.000870
0.000870
0.000870
0.000870
0.000869
0.000869
0.000869
0.000869
0.000869
0.000869
0.000869
0.000869
0.000869
0.000869
0.000869
0.000869
0.000869
0.000868
0.000868
0.000868
0.000868
0.000868
0.000868
0.000868
0.000868
0.000867
0.000867
0.000867
0.000867
0.000867
0.000867
0.000867
0.000867
0.000867
0.000867
0.000867
0.000867
0.000867
0.000867
0.000867
0.000866
0.000866
0.000864
0.000881
0.000888
0.000889
0.000890
0.000890
0.000889
0.000888
0.000887
0.000885
0.000884
0.000882
0.000881
0.000880
0.000879
0.000878
0.000877
0.000876
0.000876
0.000875
0.000875
0.000874
0.000874
0.000873
0.000873
0.000873
0.000873
0.000873
0.000872
0.000872
0.000872
0.000872
0.000872
0.000871
0.000871
0.000871
0.000871
0.000871
0.000871
0.000871
0.000871
0.000871
0.000871
0.000871
0.000870
0.000871
0.000871
0.000870
0.000870
0.000870
0.000870
0.000870
0.000870
0.000870
0.000870
0.000870
0.000870
0.000870
0.000870
0.000870
0.000870
0.000869
0.000869
0.000869
0.000869
0.000869
0.000869
0.000869
0.000869
0.000869
0.000869
0.000869
0.000868
0.000868
0.000868
0.000868
0.000868
0.000868
0.000868
0.000868
0.000867
0.000867
0.000867
0.000867
0.000867
0.000867
0.000867
0.000867
0.000867
0.000867
0.000867
0.000867
0.000867
0.000866
0.000866
0.000866
0.000866
0.000866
0.000866
0.000866
0.000851
0.000835
0.000833
0.000834
0.000833
0.000833
0.000833
0.000833
0.000833
0.000833
0.000833
0.000833
0.000833
0.000833
0.000833
0.000833
0.000833
0.000833
0.000833
0.000833
0.000833
0.000833
0.000833
0.000832
0.000832
0.000832
0.000832
0.000832
0.000832
0.000832
0.000832
0.000832
0.000832
0.000832
0.000832
0.000832
0.000832
0.000832
0.000832
0.000832
0.000832
0.000832
0.000832
0.000832
0.000832
0.000832
0.000832
0.000832
0.000832
0.000832
0.000832
0.000832
0.000832
0.000832
0.000832
0.000832
0.000832
0.000832
0.000832
0.000832
0.000832
0.000832
0.000832
0.000832
0.000832
0.000832
0.000832
0.000832
0.000832
0.000832
0.000832
0.000832
0.000832
0.000832
0.000832
0.000832
0.000832
0.000832
0.000832
0.000832
0.000832
0.000832
0.000832
0.000832
0.000832
0.000832
0.000832
0.000832
0.000832
0.000832
0.000832
0.000832
0.000832
0.000832
0.000832
0.000832
0.000832
0.000832
0.000832
0.000832
