0.343234
0.082968
0.035173
0.018346
0.010337
0.005301
0.003759
0.003316
0.002981
0.002732
0.002533
0.002360
0.002217
0.002094
0.001992
0.001908
0.001830
0.001757
0.001694
0.001642
0.001602
0.001570
0.001542
0.001519
0.001495
0.001469
0.001440
0.001414
0.001386
0.001358
0.001333
0.001313
0.001297
0.001285
0.001274
0.001264
0.001256
0.001247
0.001240
0.001232
0.001225
0.001219
0.001214
0.001211
0.001208
0.001206
0.001204
0.001203
0.001201
0.001200
0.001198
0.001196
0.001194
0.001193
0.001191
0.001189
0.001186
0.001182
0.001179
0.001175
0.001170
0.001167
0.001164
0.001162
0.001159
0.001156
0.001154
0.001150
0.001148
0.001145
0.001143
0.001141
0.001140
0.001138
0.001136
0.001134
0.001131
0.001129
0.001126
0.001123
0.001121
0.001118
0.001116
0.001112
0.001110
0.001109
0.001107
0.001106
0.001104
0.001102
0.001099
0.001098
0.001095
0.001093
0.001092
0.001090
0.001087
0.001085
0.001083
0.001081
0.001034
0.001066
0.001099
0.001110
0.001101
0.001080
0.001057
0.001041
0.001034
0.001034
0.001034
0.001034
0.001032
0.001031
0.001029
0.001028
0.001027
0.001026
0.001025
0.001024
0.001023
0.001022
0.001021
0.001021
0.001020
0.001020
0.001019
0.001018
0.001017
0.001017
0.001016
0.001016
0.001015
0.001014
0.001013
0.001013
0.001012
0.001011
0.001011
0.001010
0.001010
0.001009
0.001008
0.001008
0.001007
0.001006
0.001006
0.001005
0.001004
0.001002
0.001002
0.001001
0.001001
0.001000
0.000999
0.000997
0.000996
0.000995
0.000995
0.000994
0.000993
0.000993
0.000993
0.000992
0.000991
0.000991
0.000990
0.000990
0.000989
0.000988
0.000987
0.000986
0.000985
0.000985
0.000984
0.000983
0.000983
0.000982
0.000981
0.000981
0.000980
0.000980
0.000979
0.000979
0.000978
0.000978
0.000977
0.000977
0.000976
0.000976
0.000975
0.000975
0.000975
0.000974
0.000974
0.000974
0.000973
0.000973
0.000973
0.000973
0.000936
0.000933
0.000930
0.000930
0.000929
0.000928
0.000928
0.000928
0.000927
0.000927
0.000927
0.000926
0.000926
0.000925
0.000925
0.000924
0.000923
0.000923
0.000922
0.000921
0.000920
0.000920
0.000919
0.000918
0.000917
0.000917
0.000916
0.000915
0.000914
0.000914
0.000913
0.000913
0.000912
0.000912
0.000911
0.000911
0.000910
0.000910
0.000909
0.000909
0.000909
0.000908
0.000908
0.000908
0.000907
0.000907
0.000907
0.000907
0.000906
0.000906
0.000906
0.000906
0.000906
0.000906
0.000905
0.000905
0.000905
0.000905
0.000905
0.000905
0.000905
0.000905
0.000904
0.000904
0.000904
0.000904
0.000904
0.000904
0.000904
0.000904
0.000904
0.000904
0.000904
0.000904
0.000904
0.000903
0.000903
0.000903
0.000903
0.000903
0.000903
0.000903
0.000903
0.000902
0.000902
0.000902
0.000902
0.000902
0.000902
0.000902
0.000901
0.000901
0.000901
0.000901
0.000901
0.000901
0.000901
0.000901
0.000901
0.000900
0.000894
0.000902
0.000904
0.000904
0.000904
0.000905
0.000905
0.000905
0.000905
0.000906
0.000906
0.000907
0.000907
0.000908
0.000908
0.000909
0.000909
0.000910
0.000911
0.000911
0.000912
0.000913
0.000914
0.000914
0.000914
0.000915
0.000915
0.000914
0.000914
0.000914
0.000913
0.000912
0.000912
0.000911
0.000910
0.000909
0.000909
0.000908
0.000908
0.000908
0.000907
0.000907
0.000907
0.000906
0.000906
0.000906
0.000906
0.000905
0.000905
0.000905
0.000905
0.000905
0.000905
0.000904
0.000904
0.000904
0.000904
0.000904
0.000904
0.000904
0.000904
0.000903
0.000903
0.000903
0.000903
0.000903
0.000903
0.000903
0.000903
0.000902
0.000902
0.000902
0.000902
0.000902
0.000902
0.000902
0.000902
0.000902
0.000902
0.000902
0.000902
0.000901
0.000901
0.000901
0.000901
0.000901
0.000901
0.000901
0.000901
0.000901
0.000901
0.000901
0.000900
0.000900
0.000900
0.000900
0.000900
0.000900
0.000900
0.000900
0.000888
0.000878
0.000874
0.000875
0.000875
0.000875
0.000875
0.000875
0.000875
0.000875
0.000875
0.000875
0.000875
0.000875
0.000875
0.000875
0.000875
0.000875
0.000875
0.000875
0.000875
0.000875
0.000875
0.000874
0.000874
0.000874
0.000874
0.000874
0.000874
0.000874
0.000874
0.000874
0.000874
0.000874
0.000874
0.000874
0.000874
0.000874
0.000874
0.000874
0.000874
0.000874
0.000874
0.000874
0.000874
0.000874
0.000874
0.000874
0.000874
0.000874
0.000874
0.000874
0.000874
0.000874
0.000874
0.000874
0.000874
0.000874
0.000874
0.000874
0.000874
0.000874
0.000874
0.000874
0.000874
0.000874
0.000874
0.000874
0.000874
0.000874
0.000874
0.000874
0.000874
0.000874
0.000874
0.000874
0.000874
0.000874
0.000874
0.000874
0.000874
0.000874
0.000874
0.000874
0.000874
0.000874
0.000874
0.000874
0.000874
0.000874
0.000874
0.000874
0.000874
0.000874
0.000874
0.000873
0.000874
0.000873
0.000873
0.000873
