0.405704
0.112560
0.040664
0.024314
0.015084
0.009081
0.005478
0.003764
0.003061
0.002786
0.002602
0.002465
0.002335
0.002217
0.002104
0.001998
0.001902
0.001813
0.001738
0.001677
0.001628
0.001590
0.001562
0.001538
0.001514
0.001493
0.001475
0.001459
0.001444
0.001432
0.001423
0.001413
0.001402
0.001394
0.001383
0.001371
0.001360
0.001351
0.001342
0.001332
0.001322
0.001312
0.001302
0.001294
0.001287
0.001281
0.001274
0.001268
0.001260
0.001253
0.001245
0.001240
0.001232
0.001225
0.001218
0.001211
0.001205
0.001199
0.001192
0.001185
0.001180
0.001175
0.001169
0.001163
0.001158
0.001154
0.001148
0.001143
0.001140
0.001135
0.001131
0.001127
0.001124
0.001119
0.001115
0.001111
0.001108
0.001106
0.001103
0.001100
0.001096
0.001093
0.001089
0.001086
0.001083
0.001082
0.001079
0.001077
0.001074
0.001074
0.001071
0.001069
0.001067
0.001068
0.001067
0.001066
0.001065
0.001064
0.001062
0.001061
0.001022
0.001008
0.001002
0.000999
0.001000
0.000998
0.000998
0.000997
0.000997
0.000996
0.000995
0.000995
0.000994
0.000994
0.000993
0.000993
0.000992
0.000992
0.000991
0.000991
0.000990
0.000990
0.000990
0.000989
0.000989
0.000989
0.000988
0.000988
0.000988
0.000988
0.000988
0.000988
0.000987
0.000987
0.000987
0.000987
0.000987
0.000987
0.000987
0.000987
0.000987
0.000988
0.000988
0.000988
0.000988
0.000989
0.000989
0.000989
0.000990
0.000990
0.000990
0.000991
0.000991
0.000991
0.000990
0.000990
0.000990
0.000990
0.000990
0.000990
0.000990
0.000990
0.000989
0.000989
0.000988
0.000988
0.000987
0.000986
0.000986
0.000985
0.000985
0.000985
0.000984
0.000984
0.000984
0.000983
0.000983
0.000983
0.000982
0.000982
0.000982
0.000981
0.000981
0.000981
0.000981
0.000980
0.000980
0.000979
0.000979
0.000979
0.000978
0.000978
0.000978
0.000978
0.000978
0.000977
0.000977
0.000976
0.000976
0.000976
0.000948
0.000965
0.000977
0.000985
0.000988
0.000990
0.000991
0.000991
0.000991
0.000990
0.000990
0.000989
0.000988
0.000987
0.000986
0.000985
0.000984
0.000983
0.000982
0.000981
0.000980
0.000979
0.000979
0.000978
0.000978
0.000977
0.000977
0.000976
0.000976
0.000975
0.000975
0.000975
0.000974
0.000974
0.000974
0.000973
0.000973
0.000973
0.000972
0.000972
0.000972
0.000972
0.000971
0.000971
0.000971
0.000970
0.000970
0.000970
0.000970
0.000969
0.000969
0.000969
0.000969
0.000969
0.000969
0.000968
0.000968
0.000968
0.000968
0.000968
0.000968
0.000967
0.000967
0.000967
0.000967
0.000967
0.000967
0.000967
0.000967
0.000966
0.000966
0.000966
0.000966
0.000966
0.000966
0.000965
0.000965
0.000965
0.000964
0.000964
0.000964
0.000964
0.000964
0.000964
0.000964
0.000963
0.000963
0.000963
0.000963
0.000963
0.000962
0.000962
0.000962
0.000961
0.000961
0.000961
0.000960
0.000960
0.000960
0.000960
0.000944
0.000926
0.000927
0.000933
0.000934
0.000935
0.000936
0.000935
0.000934
0.000933
0.000931
0.000929
0.000927
0.000926
0.000924
0.000923
0.000923
0.000922
0.000922
0.000921
0.000921
0.000921
0.000920
0.000920
0.000920
0.000920
0.000920
0.000919
0.000919
0.000919
0.000919
0.000919
0.000919
0.000919
0.000919
0.000918
0.000918
0.000918
0.000918
0.000918
0.000918
0.000918
0.000918
0.000918
0.000918
0.000918
0.000918
0.000918
0.000918
0.000918
0.000918
0.000917
0.000917
0.000917
0.000917
0.000917
0.000917
0.000917
0.000917
0.000917
0.000917
0.000917
0.000917
0.000917
0.000917
0.000917
0.000917
0.000917
0.000917
0.000917
0.000917
0.000917
0.000917
0.000917
0.000917
0.000917
0.000917
0.000917
0.000917
0.000917
0.000917
0.000916
0.000916
0.000916
0.000916
0.000916
0.000916
0.000916
0.000916
0.000916
0.000916
0.000916
0.000916
0.000916
0.000916
0.000916
0.000916
0.000916
0.000916
0.000916
0.000902
0.000899
0.000896
0.000896
0.000896
0.000896
0.000896
0.000896
0.000896
0.000896
0.000896
0.000896
0.000895
0.000895
0.000895
0.000895
0.000895
0.000895
0.000895
0.000895
0.000895
0.000895
0.000895
0.000895
0.000895
0.000895
0.000895
0.000895
0.000895
0.000895
0.000895
0.000895
0.000895
0.000895
0.000895
0.000895
0.000895
0.000894
0.000894
0.000894
0.000894
0.000894
0.000894
0.000894
0.000894
0.000894
0.000894
0.000894
0.000894
0.000894
0.000894
0.000894
0.000894
0.000894
0.000894
0.000894
0.000894
0.000894
0.000894
0.000894
0.000894
0.000894
0.000894
0.000894
0.000893
0.000893
0.000893
0.000893
0.000893
0.000893
0.000893
0.000893
0.000893
0.000893
0.000893
0.000893
0.000893
0.000893
0.000893
0.000893
0.000893
0.000893
0.000893
0.000892
0.000892
0.000892
0.000892
0.000892
0.000892
0.000892
0.000892
0.000892
0.000892
0.000892
0.000892
0.000892
0.000892
0.000892
0.000892
0.000892
