0.317992
0.077561
0.018119
0.007870
0.006062
0.005002
0.004286
0.003782
0.003360
0.002999
0.002679
0.002424
0.002223
0.002063
0.001930
0.001815
0.001710
0.001613
0.001527
0.001451
0.001384
0.001323
0.001264
0.001210
0.001166
0.001129
0.001097
0.001067
0.001040
0.001015
0.000992
0.000969
0.000948
0.000929
0.000910
0.000892
0.000876
0.000860
0.000843
0.000826
0.000813
0.000803
0.000795
0.000786
0.000778
0.000768
0.000757
0.000748
0.000739
0.000731
0.000724
0.000717
0.000711
0.000709
0.000706
0.000700
0.000695
0.000689
0.000684
0.000679
0.000673
0.000667
0.000662
0.000657
0.000652
0.000647
0.000644
0.000640
0.000634
0.000630
0.000627
0.000624
0.000620
0.000616
0.000610
0.000606
0.000600
0.000594
0.000589
0.000584
0.000579
0.000573
0.000567
0.000562
0.000558
0.000555
0.000552
0.000549
0.000548
0.000546
0.000545
0.000544
0.000543
0.000541
0.000540
0.000540
0.000540
0.000540
0.000540
0.000540
0.000513
0.000482
0.000483
0.000482
0.000482
0.000481
0.000481
0.000481
0.000481
0.000481
0.000480
0.000480
0.000479
0.000479
0.000478
0.000477
0.000476
0.000474
0.000473
0.000471
0.000470
0.000468
0.000467
0.000465
0.000463
0.000462
0.000460
0.000459
0.000458
0.000457
0.000456
0.000455
0.000454
0.000454
0.000453
0.000453
0.000452
0.000452
0.000451
0.000451
0.000451
0.000451
0.000450
0.000450
0.000450
0.000450
0.000450
0.000449
0.000449
0.000448
0.000448
0.000447
0.000447
0.000447
0.000447
0.000447
0.000447
0.000447
0.000447
0.000447
0.000447
0.000447
0.000447
0.000448
0.000448
0.000449
0.000449
0.000450
0.000450
0.000451
0.000452
0.000453
0.000454
0.000455
0.000456
0.000456
0.000457
0.000458
0.000459
0.000459
0.000460
0.000461
0.000461
0.000461
0.000461
0.000462
0.000462
0.000462
0.000462
0.000462
0.000462
0.000462
0.000462
0.000462
0.000462
0.000461
0.000461
0.000461
0.000461
0.000461
0.000434
0.000430
0.000426
0.000426
0.000426
0.000425
0.000425
0.000425
0.000425
0.000425
0.000425
0.000424
0.000424
0.000424
0.000424
0.000424
0.000424
0.000424
0.000424
0.000424
0.000424
0.000424
0.000424
0.000424
0.000424
0.000424
0.000424
0.000424
0.000424
0.000425
0.000425
0.000425
0.000425
0.000425
0.000425
0.000425
0.000425
0.000426
0.000426
0.000426
0.000426
0.000426
0.000426
0.000426
0.000426
0.000426
0.000426
0.000426
0.000426
0.000426
0.000426
0.000426
0.000426
0.000426
0.000426
0.000426
0.000426
0.000426
0.000425
0.000425
0.000425
0.000425
0.000425
0.000424
0.000424
0.000423
0.000423
0.000423
0.000423
0.000422
0.000422
0.000422
0.000421
0.000421
0.000421
0.000420
0.000420
0.000420
0.000419
0.000419
0.000419
0.000419
0.000419
0.000418
0.000418
0.000418
0.000418
0.000418
0.000418
0.000418
0.000418
0.000417
0.000417
0.000417
0.000417
0.000417
0.000416
0.000416
0.000416
0.000416
0.000403
0.000402
0.000402
0.000402
0.000402
0.000402
0.000402
0.000402
0.000402
0.000402
0.000401
0.000401
0.000401
0.000401
0.000400
0.000400
0.000400
0.000400
0.000399
0.000399
0.000399
0.000399
0.000398
0.000398
0.000398
0.000398
0.000398
0.000398
0.000397
0.000397
0.000397
0.000397
0.000397
0.000397
0.000396
0.000396
0.000396
0.000396
0.000396
0.000396
0.000396
0.000396
0.000395
0.000395
0.000395
0.000395
0.000395
0.000395
0.000395
0.000395
0.000394
0.000394
0.000394
0.000394
0.000394
0.000394
0.000393
0.000393
0.000393
0.000393
0.000393
0.000393
0.000393
0.000392
0.000392
0.000392
0.000392
0.000392
0.000392
0.000392
0.000391
0.000391
0.000391
0.000391
0.000391
0.000391
0.000391
0.000390
0.000390
0.000390
0.000390
0.000390
0.000390
0.000390
0.000389
0.000389
0.000389
0.000389
0.000389
0.000389
0.000389
0.000389
0.000389
0.000388
0.000388
0.000388
0.000388
0.000388
0.000388
0.000388
0.000386
0.000387
0.000387
0.000387
0.000387
0.000387
0.000387
0.000387
0.000387
0.000387
0.000386
0.000386
0.000386
0.000386
0.000386
0.000386
0.000386
0.000386
0.000386
0.000386
0.000386
0.000386
0.000386
0.000386
0.000386
0.000386
0.000386
0.000386
0.000386
0.000386
0.000386
0.000386
0.000386
0.000386
0.000386
0.000386
0.000386
0.000386
0.000386
0.000386
0.000386
0.000385
0.000385
0.000385
0.000385
0.000385
0.000385
0.000385
0.000385
0.000385
0.000385
0.000385
0.000385
0.000385
0.000385
0.000385
0.000385
0.000385
0.000385
0.000385
0.000385
0.000385
0.000385
0.000385
0.000384
0.000384
0.000384
0.000384
0.000384
0.000384
0.000384
0.000384
0.000384
0.000384
0.000384
0.000384
0.000384
0.000384
0.000384
0.000384
0.000384
0.000384
0.000384
0.000384
0.000383
0.000383
0.000383
0.000383
0.000383
0.000383
0.000383
0.000383
0.000383
0.000383
0.000383
0.000383
0.000383
0.000383
0.000383
0.000383
