0.455693
0.270742
0.082764
0.040767
0.024046
0.015046
0.009247
0.005619
0.004173
0.003594
0.003283
0.003036
0.002838
0.002675
0.002562
0.002467
0.002386
0.002305
0.002234
0.002175
0.002128
0.002081
0.002034
0.001987
0.001947
0.001904
0.001866
0.001837
0.001809
0.001780
0.001753
0.001728
0.001704
0.001682
0.001663
0.001642
0.001618
0.001596
0.001580
0.001565
0.001553
0.001542
0.001530
0.001518
0.001507
0.001497
0.001488
0.001477
0.001467
0.001457
0.001451
0.001446
0.001439
0.001434
0.001426
0.001422
0.001418
0.001413
0.001408
0.001403
0.001399
0.001396
0.001392
0.001389
0.001386
0.001382
0.001380
0.001377
0.001375
0.001371
0.001368
0.001363
0.001357
0.001352
0.001347
0.001342
0.001337
0.001331
0.001326
0.001322
0.001318
0.001314
0.001309
0.001305
0.001301
0.001296
0.001291
0.001286
0.001282
0.001277
0.001273
0.001269
0.001265
0.001259
0.001254
0.001251
0.001247
0.001243
0.001239
0.001237
0.001112
0.001097
0.001100
0.001107
0.001109
0.001109
0.001106
0.001103
0.001100
0.001097
0.001094
0.001091
0.001088
0.001086
0.001083
0.001081
0.001079
0.001077
0.001075
0.001074
0.001072
0.001070
0.001069
0.001068
0.001066
0.001065
0.001064
0.001063
0.001062
0.001060
0.001059
0.001058
0.001058
0.001057
0.001056
0.001055
0.001054
0.001053
0.001053
0.001052
0.001051
0.001050
0.001050
0.001049
0.001048
0.001047
0.001047
0.001046
0.001045
0.001044
0.001044
0.001043
0.001042
0.001042
0.001041
0.001041
0.001040
0.001040
0.001039
0.001039
0.001038
0.001038
0.001038
0.001038
0.001037
0.001037
0.001037
0.001037
0.001037
0.001037
0.001037
0.001037
0.001037
0.001037
0.001037
0.001038
0.001038
0.001038
0.001038
0.001038
0.001038
0.001038
0.001038
0.001038
0.001038
0.001038
0.001038
0.001038
0.001038
0.001038
0.001037
0.001038
0.001037
0.001037
0.001037
0.001037
0.001037
0.001037
0.001037
0.001036
0.001008
0.001018
0.001025
0.001026
0.001026
0.001025
0.001025
0.001024
0.001024
0.001024
0.001024
0.001024
0.001024
0.001024
0.001024
0.001024
0.001024
0.001024
0.001024
0.001024
0.001024
0.001024
0.001023
0.001023
0.001023
0.001023
0.001023
0.001023
0.001023
0.001022
0.001022
0.001022
0.001022
0.001022
0.001022
0.001022
0.001021
0.001021
0.001021
0.001021
0.001020
0.001020
0.001020
0.001020
0.001020
0.001019
0.001019
0.001019
0.001019
0.001019
0.001019
0.001018
0.001018
0.001018
0.001018
0.001018
0.001018
0.001017
0.001017
0.001017
0.001017
0.001016
0.001016
0.001016
0.001016
0.001015
0.001015
0.001015
0.001015
0.001015
0.001015
0.001015
0.001014
0.001014
0.001014
0.001014
0.001014
0.001013
0.001013
0.001013
0.001013
0.001013
0.001012
0.001012
0.001012
0.001012
0.001012
0.001011
0.001011
0.001011
0.001011
0.001011
0.001011
0.001010
0.001010
0.001010
0.001010
0.001010
0.001009
0.001009
0.001002
0.000974
0.000977
0.000976
0.000975
0.000976
0.000975
0.000975
0.000975
0.000975
0.000974
0.000974
0.000974
0.000974
0.000974
0.000974
0.000973
0.000973
0.000973
0.000973
0.000973
0.000973
0.000973
0.000973
0.000972
0.000972
0.000972
0.000972
0.000972
0.000972
0.000972
0.000972
0.000972
0.000972
0.000971
0.000971
0.000971
0.000971
0.000971
0.000971
0.000971
0.000971
0.000971
0.000971
0.000971
0.000971
0.000971
0.000971
0.000971
0.000971
0.000971
0.000971
0.000970
0.000970
0.000970
0.000970
0.000970
0.000970
0.000970
0.000970
0.000970
0.000970
0.000970
0.000970
0.000970
0.000970
0.000970
0.000970
0.000970
0.000970
0.000970
0.000970
0.000970
0.000970
0.000970
0.000970
0.000970
0.000970
0.000970
0.000970
0.000970
0.000970
0.000970
0.000970
0.000970
0.000970
0.000970
0.000970
0.000970
0.000970
0.000970
0.000970
0.000969
0.000969
0.000969
0.000969
0.000969
0.000969
0.000969
0.000969
0.000957
0.000954
0.000951
0.000951
0.000951
0.000951
0.000951
0.000951
0.000951
0.000951
0.000951
0.000950
0.000950
0.000950
0.000950
0.000950
0.000950
0.000950
0.000950
0.000950
0.000950
0.000950
0.000950
0.000950
0.000950
0.000950
0.000950
0.000950
0.000949
0.000949
0.000949
0.000949
0.000949
0.000949
0.000949
0.000949
0.000949
0.000949
0.000949
0.000949
0.000949
0.000949
0.000949
0.000949
0.000949
0.000949
0.000949
0.000949
0.000948
0.000948
0.000948
0.000948
0.000948
0.000948
0.000948
0.000948
0.000948
0.000948
0.000948
0.000948
0.000948
0.000948
0.000948
0.000948
0.000948
0.000948
0.000948
0.000948
0.000948
0.000948
0.000948
0.000948
0.000947
0.000947
0.000947
0.000947
0.000947
0.000947
0.000947
0.000947
0.000947
0.000947
0.000947
0.000947
0.000947
0.000947
0.000947
0.000947
0.000947
0.000947
0.000947
0.000947
0.000947
0.000947
0.000947
0.000947
0.000946
0.000946
0.000946
0.000946
