0.435547
0.269888
0.114018
0.052307
0.038278
0.028321
0.022752
0.019205
0.015785
0.012358
0.009190
0.006691
0.005072
0.004334
0.003924
0.003687
0.003500
0.003355
0.003244
0.003143
0.003047
0.002969
0.002906
0.002847
0.002794
0.002740
0.002690
0.002643
0.002596
0.002546
0.002493
0.002440
0.002386
0.002339
0.002294
0.002248
0.002199
0.002152
0.002103
0.002063
0.002024
0.001991
0.001963
0.001939
0.001916
0.001895
0.001874
0.001855
0.001836
0.001819
0.001800
0.001785
0.001768
0.001751
0.001736
0.001719
0.001704
0.001689
0.001673
0.001657
0.001642
0.001628
0.001613
0.001598
0.001586
0.001572
0.001558
0.001547
0.001538
0.001528
0.001518
0.001506
0.001494
0.001484
0.001472
0.001460
0.001450
0.001438
0.001428
0.001416
0.001406
0.001394
0.001383
0.001372
0.001361
0.001352
0.001340
0.001329
0.001319
0.001309
0.001298
0.001288
0.001277
0.001267
0.001257
0.001246
0.001236
0.001227
0.001218
0.001211
0.001196
0.001184
0.001185
0.001183
0.001180
0.001178
0.001177
0.001176
0.001175
0.001174
0.001173
0.001172
0.001172
0.001171
0.001170
0.001170
0.001169
0.001169
0.001169
0.001168
0.001168
0.001168
0.001167
0.001167
0.001167
0.001166
0.001166
0.001165
0.001164
0.001164
0.001163
0.001162
0.001162
0.001161
0.001160
0.001159
0.001158
0.001157
0.001156
0.001155
0.001154
0.001153
0.001152
0.001151
0.001150
0.001148
0.001148
0.001146
0.001145
0.001144
0.001143
0.001142
0.001141
0.001139
0.001138
0.001137
0.001136
0.001134
0.001133
0.001132
0.001131
0.001131
0.001130
0.001129
0.001128
0.001128
0.001127
0.001127
0.001126
0.001125
0.001125
0.001125
0.001124
0.001124
0.001124
0.001124
0.001124
0.001124
0.001124
0.001124
0.001124
0.001123
0.001123
0.001123
0.001123
0.001123
0.001123
0.001123
0.001123
0.001122
0.001122
0.001121
0.001121
0.001121
0.001120
0.001120
0.001120
0.001119
0.001118
0.001118
0.001101
0.001108
0.001101
0.001100
0.001100
0.001099
0.001099
0.001098
0.001097
0.001097
0.001096
0.001095
0.001095
0.001094
0.001093
0.001093
0.001092
0.001092
0.001091
0.001091
0.001090
0.001090
0.001089
0.001089
0.001088
0.001088
0.001088
0.001087
0.001087
0.001086
0.001086
0.001086
0.001085
0.001085
0.001085
0.001085
0.001084
0.001084
0.001084
0.001084
0.001083
0.001083
0.001083
0.001083
0.001083
0.001082
0.001082
0.001082
0.001082
0.001082
0.001082
0.001081
0.001081
0.001081
0.001081
0.001081
0.001081
0.001081
0.001081
0.001081
0.001080
0.001080
0.001080
0.001080
0.001080
0.001080
0.001080
0.001080
0.001080
0.001080
0.001080
0.001080
0.001080
0.001080
0.001080
0.001080
0.001080
0.001079
0.001079
0.001079
0.001079
0.001079
0.001079
0.001079
0.001079
0.001079
0.001079
0.001079
0.001079
0.001078
0.001078
0.001078
0.001078
0.001078
0.001078
0.001078
0.001078
0.001078
0.001077
0.001078
0.001072
0.001078
0.001083
0.001084
0.001083
0.001082
0.001080
0.001078
0.001077
0.001076
0.001075
0.001074
0.001074
0.001073
0.001072
0.001072
0.001072
0.001071
0.001071
0.001071
0.001071
0.001070
0.001070
0.001070
0.001070
0.001070
0.001069
0.001069
0.001069
0.001069
0.001069
0.001069
0.001069
0.001068
0.001068
0.001068
0.001068
0.001068
0.001068
0.001068
0.001068
0.001068
0.001068
0.001068
0.001067
0.001067
0.001067
0.001067
0.001067
0.001067
0.001067
0.001067
0.001067
0.001067
0.001067
0.001067
0.001067
0.001066
0.001066
0.001066
0.001066
0.001066
0.001066
0.001066
0.001066
0.001066
0.001066
0.001066
0.001066
0.001066
0.001066
0.001066
0.001065
0.001065
0.001065
0.001065
0.001065
0.001065
0.001065
0.001065
0.001065
0.001065
0.001065
0.001065
0.001065
0.001065
0.001064
0.001064
0.001064
0.001064
0.001064
0.001064
0.001064
0.001064
0.001064
0.001064
0.001064
0.001064
0.001064
0.001063
0.001051
0.001048
0.001045
0.001045
0.001045
0.001045
0.001045
0.001045
0.001045
0.001045
0.001045
0.001045
0.001045
0.001045
0.001045
0.001045
0.001044
0.001044
0.001044
0.001044
0.001044
0.001044
0.001044
0.001044
0.001044
0.001044
0.001044
0.001044
0.001044
0.001044
0.001044
0.001044
0.001044
0.001044
0.001044
0.001044
0.001044
0.001044
0.001044
0.001044
0.001044
0.001044
0.001044
0.001043
0.001044
0.001043
0.001043
0.001043
0.001043
0.001043
0.001043
0.001043
0.001043
0.001043
0.001043
0.001043
0.001043
0.001043
0.001043
0.001043
0.001043
0.001043
0.001043
0.001043
0.001043
0.001043
0.001043
0.001043
0.001043
0.001043
0.001043
0.001043
0.001043
0.001043
0.001043
0.001043
0.001043
0.001043
0.001043
0.001043
0.001042
0.001043
0.001042
0.001043
0.001042
0.001042
0.001042
0.001042
0.001042
0.001042
0.001042
0.001042
0.001042
0.001042
0.001042
0.001042
0.001042
0.001042
0.001042
0.001042
