0.433970
0.210868
0.079600
0.047779
0.029772
0.018007
0.011887
0.009297
0.008212
0.007679
0.007322
0.006987
0.006668
0.006350
0.006041
0.005751
0.005481
0.005243
0.005029
0.004837
0.004657
0.004486
0.004321
0.004160
0.004005
0.003862
0.003730
0.003607
0.003494
0.003388
0.003286
0.003184
0.003080
0.002976
0.002872
0.002772
0.002674
0.002580
0.002491
0.002408
0.002332
0.002263
0.002201
0.002147
0.002098
0.002053
0.002011
0.001974
0.001941
0.001909
0.001880
0.001854
0.001829
0.001806
0.001785
0.001765
0.001747
0.001729
0.001712
0.001694
0.001678
0.001662
0.001647
0.001633
0.001619
0.001606
0.001593
0.001582
0.001571
0.001561
0.001550
0.001540
0.001531
0.001523
0.001515
0.001508
0.001501
0.001493
0.001486
0.001479
0.001473
0.001466
0.001459
0.001452
0.001446
0.001440
0.001434
0.001428
0.001422
0.001416
0.001410
0.001404
0.001396
0.001391
0.001385
0.001380
0.001374
0.001368
0.001362
0.001355
0.001314
0.001331
0.001315
0.001302
0.001301
0.001300
0.001297
0.001293
0.001291
0.001288
0.001286
0.001283
0.001280
0.001278
0.001275
0.001273
0.001270
0.001267
0.001265
0.001263
0.001260
0.001258
0.001256
0.001253
0.001251
0.001248
0.001246
0.001244
0.001241
0.001239
0.001236
0.001234
0.001232
0.001229
0.001227
0.001225
0.001222
0.001220
0.001218
0.001216
0.001214
0.001211
0.001208
0.001206
0.001204
0.001202
0.001199
0.001197
0.001194
0.001192
0.001190
0.001188
0.001185
0.001183
0.001180
0.001178
0.001175
0.001173
0.001171
0.001169
0.001166
0.001164
0.001162
0.001160
0.001157
0.001154
0.001152
0.001150
0.001148
0.001146
0.001144
0.001142
0.001140
0.001137
0.001135
0.001133
0.001131
0.001129
0.001126
0.001124
0.001122
0.001120
0.001118
0.001116
0.001115
0.001113
0.001111
0.001109
0.001107
0.001105
0.001104
0.001102
0.001101
0.001099
0.001098
0.001096
0.001094
0.001092
0.001090
0.001089
0.001067
0.001063
0.001071
0.001075
0.001077
0.001078
0.001078
0.001077
0.001077
0.001077
0.001076
0.001076
0.001075
0.001075
0.001074
0.001074
0.001073
0.001072
0.001072
0.001071
0.001071
0.001070
0.001070
0.001069
0.001068
0.001068
0.001067
0.001066
0.001065
0.001065
0.001064
0.001063
0.001062
0.001062
0.001061
0.001060
0.001059
0.001058
0.001057
0.001056
0.001055
0.001054
0.001053
0.001052
0.001051
0.001051
0.001050
0.001049
0.001048
0.001047
0.001046
0.001045
0.001044
0.001043
0.001042
0.001042
0.001041
0.001040
0.001039
0.001038
0.001037
0.001037
0.001036
0.001035
0.001034
0.001033
0.001032
0.001031
0.001031
0.001030
0.001029
0.001028
0.001028
0.001027
0.001026
0.001025
0.001024
0.001023
0.001023
0.001022
0.001021
0.001020
0.001019
0.001018
0.001017
0.001017
0.001016
0.001016
0.001015
0.001014
0.001013
0.001012
0.001011
0.001011
0.001010
0.001009
0.001009
0.001008
0.001007
0.001006
0.001003
0.000984
0.000981
0.000980
0.000979
0.000979
0.000979
0.000979
0.000979
0.000978
0.000978
0.000978
0.000978
0.000978
0.000978
0.000977
0.000977
0.000977
0.000977
0.000976
0.000976
0.000976
0.000976
0.000976
0.000975
0.000975
0.000975
0.000975
0.000974
0.000974
0.000974
0.000974
0.000974
0.000973
0.000973
0.000973
0.000973
0.000973
0.000972
0.000972
0.000972
0.000972
0.000972
0.000971
0.000971
0.000971
0.000971
0.000971
0.000970
0.000970
0.000970
0.000970
0.000970
0.000969
0.000969
0.000969
0.000969
0.000969
0.000968
0.000968
0.000968
0.000968
0.000967
0.000967
0.000967
0.000967
0.000967
0.000966
0.000966
0.000966
0.000965
0.000965
0.000965
0.000965
0.000964
0.000964
0.000964
0.000963
0.000963
0.000963
0.000963
0.000962
0.000962
0.000962
0.000962
0.000961
0.000961
0.000961
0.000960
0.000960
0.000960
0.000960
0.000959
0.000959
0.000959
0.000958
0.000958
0.000958
0.000957
0.000957
0.000950
0.000946
0.000945
0.000944
0.000944
0.000944
0.000944
0.000943
0.000943
0.000943
0.000943
0.000943
0.000942
0.000942
0.000942
0.000942
0.000942
0.000941
0.000941
0.000941
0.000941
0.000941
0.000940
0.000940
0.000940
0.000940
0.000940
0.000939
0.000939
0.000939
0.000939
0.000939
0.000938
0.000938
0.000938
0.000938
0.000937
0.000937
0.000937
0.000937
0.000937
0.000936
0.000936
0.000936
0.000936
0.000936
0.000935
0.000935
0.000935
0.000935
0.000934
0.000934
0.000934
0.000934
0.000934
0.000933
0.000933
0.000933
0.000933
0.000932
0.000932
0.000932
0.000932
0.000932
0.000931
0.000931
0.000931
0.000931
0.000930
0.000930
0.000930
0.000930
0.000930
0.000929
0.000929
0.000929
0.000929
0.000929
0.000928
0.000928
0.000928
0.000928
0.000928
0.000927
0.000927
0.000927
0.000927
0.000926
0.000926
0.000926
0.000926
0.000926
0.000925
0.000925
0.000925
0.000925
0.000924
0.000924
0.000924
0.000924
