0.370918
0.199742
0.132764
0.094803
0.068711
0.042407
0.014548
0.008643
0.006193
0.004918
0.004214
0.003638
0.003333
0.003113
0.002944
0.002816
0.002708
0.002614
0.002534
0.002461
0.002394
0.002330
0.002267
0.002203
0.002134
0.002072
0.002018
0.001966
0.001914
0.001859
0.001802
0.001743
0.001685
0.001628
0.001573
0.001522
0.001473
0.001428
0.001386
0.001349
0.001318
0.001292
0.001271
0.001252
0.001236
0.001223
0.001211
0.001203
0.001196
0.001190
0.001186
0.001183
0.001181
0.001180
0.001179
0.001178
0.001175
0.001172
0.001168
0.001164
0.001161
0.001157
0.001153
0.001151
0.001148
0.001145
0.001143
0.001140
0.001137
0.001135
0.001134
0.001133
0.001133
0.001132
0.001132
0.001132
0.001132
0.001132
0.001131
0.001130
0.001128
0.001127
0.001126
0.001125
0.001124
0.001124
0.001123
0.001123
0.001122
0.001121
0.001119
0.001118
0.001118
0.001116
0.001115
0.001114
0.001113
0.001112
0.001111
0.001110
0.001043
0.001057
0.001060
0.001062
0.001059
0.001055
0.001053
0.001052
0.001051
0.001051
0.001050
0.001050
0.001050
0.001049
0.001049
0.001049
0.001048
0.001048
0.001048
0.001047
0.001047
0.001047
0.001046
0.001046
0.001046
0.001046
0.001045
0.001045
0.001045
0.001044
0.001044
0.001043
0.001043
0.001043
0.001042
0.001042
0.001042
0.001041
0.001041
0.001040
0.001039
0.001039
0.001038
0.001038
0.001037
0.001037
0.001036
0.001036
0.001035
0.001034
0.001034
0.001034
0.001033
0.001033
0.001032
0.001032
0.001032
0.001031
0.001031
0.001031
0.001031
0.001030
0.001030
0.001030
0.001030
0.001029
0.001029
0.001029
0.001029
0.001029
0.001029
0.001029
0.001028
0.001028
0.001028
0.001028
0.001027
0.001027
0.001027
0.001027
0.001027
0.001026
0.001026
0.001026
0.001026
0.001026
0.001026
0.001025
0.001025
0.001025
0.001025
0.001025
0.001025
0.001024
0.001024
0.001024
0.001024
0.001024
0.001024
0.001024
0.000993
0.001007
0.001008
0.001010
0.001009
0.001009
0.001009
0.001009
0.001009
0.001009
0.001008
0.001008
0.001008
0.001007
0.001007
0.001007
0.001006
0.001006
0.001006
0.001005
0.001005
0.001004
0.001004
0.001003
0.001003
0.001002
0.001002
0.001001
0.001001
0.001000
0.000999
0.000999
0.000998
0.000997
0.000997
0.000996
0.000996
0.000995
0.000994
0.000994
0.000993
0.000993
0.000992
0.000991
0.000991
0.000990
0.000990
0.000989
0.000989
0.000988
0.000988
0.000988
0.000987
0.000987
0.000986
0.000986
0.000986
0.000985
0.000985
0.000985
0.000985
0.000984
0.000984
0.000984
0.000984
0.000984
0.000984
0.000984
0.000983
0.000983
0.000983
0.000983
0.000983
0.000983
0.000983
0.000983
0.000983
0.000983
0.000983
0.000983
0.000982
0.000982
0.000982
0.000982
0.000982
0.000982
0.000982
0.000982
0.000982
0.000981
0.000981
0.000981
0.000981
0.000981
0.000980
0.000980
0.000980
0.000980
0.000980
0.000980
0.000977
0.000981
0.000981
0.000983
0.000983
0.000984
0.000985
0.000986
0.000988
0.000990
0.000992
0.000994
0.000996
0.000998
0.001000
0.001002
0.001003
0.001003
0.001002
0.001000
0.000997
0.000994
0.000991
0.000989
0.000988
0.000986
0.000986
0.000985
0.000984
0.000984
0.000983
0.000983
0.000982
0.000982
0.000982
0.000982
0.000981
0.000981
0.000981
0.000981
0.000981
0.000980
0.000980
0.000980
0.000980
0.000980
0.000980
0.000980
0.000980
0.000979
0.000979
0.000979
0.000979
0.000979
0.000979
0.000979
0.000979
0.000979
0.000979
0.000979
0.000979
0.000979
0.000979
0.000979
0.000979
0.000978
0.000978
0.000978
0.000978
0.000978
0.000978
0.000978
0.000978
0.000978
0.000978
0.000978
0.000978
0.000978
0.000978
0.000978
0.000978
0.000978
0.000978
0.000978
0.000977
0.000977
0.000977
0.000977
0.000977
0.000977
0.000977
0.000977
0.000977
0.000977
0.000977
0.000977
0.000977
0.000977
0.000977
0.000977
0.000962
0.000957
0.000952
0.000952
0.000953
0.000953
0.000953
0.000953
0.000953
0.000953
0.000953
0.000953
0.000953
0.000952
0.000952
0.000952
0.000952
0.000952
0.000952
0.000952
0.000952
0.000952
0.000952
0.000952
0.000952
0.000952
0.000952
0.000952
0.000952
0.000952
0.000952
0.000952
0.000952
0.000952
0.000952
0.000952
0.000952
0.000952
0.000952
0.000952
0.000952
0.000952
0.000952
0.000952
0.000952
0.000952
0.000952
0.000952
0.000952
0.000952
0.000952
0.000952
0.000952
0.000952
0.000952
0.000952
0.000952
0.000952
0.000952
0.000952
0.000952
0.000952
0.000952
0.000952
0.000952
0.000952
0.000952
0.000952
0.000952
0.000952
0.000952
0.000952
0.000952
0.000952
0.000952
0.000952
0.000952
0.000952
0.000952
0.000952
0.000952
0.000952
0.000952
0.000952
0.000952
0.000952
0.000952
0.000952
0.000952
0.000952
0.000952
0.000952
0.000952
0.000952
0.000952
0.000952
0.000952
0.000952
0.000952
0.000952
