0.455328
0.218197
0.055287
0.022354
0.012913
0.010466
0.009230
0.008644
0.008134
0.007733
0.007350
0.007001
0.006677
0.006372
0.006081
0.005795
0.005519
0.005263
0.005031
0.004831
0.004661
0.004510
0.004369
0.004235
0.004108
0.003991
0.003881
0.003774
0.003674
0.003579
0.003485
0.003395
0.003306
0.003219
0.003134
0.003050
0.002970
0.002896
0.002829
0.002766
0.002708
0.002653
0.002601
0.002550
0.002501
0.002453
0.002407
0.002361
0.002316
0.002273
0.002231
0.002189
0.002147
0.002105
0.002063
0.002023
0.001983
0.001945
0.001906
0.001868
0.001830
0.001793
0.001756
0.001717
0.001676
0.001636
0.001596
0.001558
0.001523
0.001491
0.001462
0.001435
0.001412
0.001390
0.001370
0.001351
0.001330
0.001311
0.001292
0.001274
0.001258
0.001241
0.001227
0.001213
0.001200
0.001185
0.001174
0.001161
0.001149
0.001138
0.001127
0.001116
0.001106
0.001095
0.001085
0.001075
0.001067
0.001057
0.001048
0.001039
0.000983
0.000983
0.000983
0.000979
0.000977
0.000973
0.000969
0.000964
0.000960
0.000956
0.000952
0.000948
0.000945
0.000941
0.000938
0.000934
0.000931
0.000928
0.000925
0.000923
0.000920
0.000917
0.000915
0.000912
0.000910
0.000907
0.000905
0.000903
0.000901
0.000898
0.000897
0.000894
0.000892
0.000890
0.000888
0.000886
0.000885
0.000883
0.000881
0.000880
0.000878
0.000877
0.000875
0.000873
0.000872
0.000870
0.000869
0.000868
0.000867
0.000866
0.000864
0.000863
0.000862
0.000861
0.000860
0.000859
0.000858
0.000857
0.000855
0.000854
0.000853
0.000852
0.000850
0.000849
0.000848
0.000847
0.000846
0.000845
0.000844
0.000843
0.000842
0.000840
0.000839
0.000839
0.000838
0.000837
0.000836
0.000835
0.000834
0.000833
0.000833
0.000832
0.000831
0.000830
0.000829
0.000828
0.000828
0.000827
0.000826
0.000825
0.000824
0.000824
0.000823
0.000822
0.000822
0.000821
0.000820
0.000819
0.000818
0.000817
0.000800
0.000803
0.000806
0.000807
0.000807
0.000806
0.000805
0.000805
0.000804
0.000804
0.000803
0.000802
0.000802
0.000801
0.000801
0.000800
0.000800
0.000799
0.000798
0.000798
0.000797
0.000796
0.000796
0.000795
0.000794
0.000794
0.000793
0.000792
0.000792
0.000791
0.000791
0.000790
0.000789
0.000789
0.000788
0.000788
0.000787
0.000787
0.000786
0.000785
0.000785
0.000784
0.000784
0.000783
0.000783
0.000782
0.000781
0.000781
0.000780
0.000780
0.000779
0.000779
0.000778
0.000778
0.000778
0.000777
0.000777
0.000776
0.000776
0.000775
0.000775
0.000774
0.000773
0.000773
0.000772
0.000772
0.000771
0.000770
0.000769
0.000767
0.000764
0.000761
0.000757
0.000750
0.000743
0.000736
0.000729
0.000722
0.000714
0.000708
0.000703
0.000699
0.000694
0.000691
0.000687
0.000684
0.000681
0.000678
0.000676
0.000673
0.000671
0.000669
0.000667
0.000666
0.000664
0.000663
0.000661
0.000660
0.000658
0.000657
0.000651
0.000656
0.000661
0.000662
0.000662
0.000662
0.000662
0.000661
0.000661
0.000660
0.000660
0.000660
0.000660
0.000659
0.000659
0.000659
0.000658
0.000658
0.000657
0.000657
0.000657
0.000656
0.000656
0.000656
0.000655
0.000655
0.000654
0.000654
0.000654
0.000653
0.000653
0.000652
0.000652
0.000651
0.000651
0.000651
0.000650
0.000650
0.000649
0.000649
0.000648
0.000648
0.000647
0.000647
0.000647
0.000646
0.000646
0.000645
0.000645
0.000644
0.000644
0.000644
0.000643
0.000643
0.000643
0.000642
0.000642
0.000641
0.000641
0.000641
0.000640
0.000640
0.000640
0.000639
0.000639
0.000639
0.000639
0.000638
0.000638
0.000638
0.000637
0.000637
0.000637
0.000636
0.000636
0.000636
0.000635
0.000635
0.000634
0.000634
0.000634
0.000634
0.000633
0.000633
0.000633
0.000632
0.000632
0.000632
0.000631
0.000631
0.000631
0.000631
0.000630
0.000630
0.000630
0.000630
0.000629
0.000629
0.000629
0.000629
0.000621
0.000611
0.000609
0.000610
0.000610
0.000609
0.000609
0.000609
0.000609
0.000609
0.000609
0.000609
0.000609
0.000609
0.000609
0.000608
0.000608
0.000608
0.000608
0.000608
0.000608
0.000608
0.000608
0.000608
0.000607
0.000607
0.000607
0.000607
0.000607
0.000607
0.000607
0.000607
0.000607
0.000607
0.000606
0.000606
0.000606
0.000606
0.000606
0.000606
0.000606
0.000606
0.000606
0.000606
0.000605
0.000605
0.000605
0.000605
0.000605
0.000605
0.000605
0.000605
0.000605
0.000605
0.000604
0.000604
0.000604
0.000604
0.000604
0.000604
0.000604
0.000604
0.000604
0.000603
0.000603
0.000603
0.000603
0.000603
0.000603
0.000603
0.000603
0.000603
0.000602
0.000602
0.000602
0.000602
0.000602
0.000602
0.000602
0.000602
0.000602
0.000601
0.000601
0.000601
0.000601
0.000601
0.000601
0.000601
0.000601
0.000601
0.000600
0.000600
0.000600
0.000600
0.000600
0.000600
0.000600
0.000600
0.000599
0.000599
