0.530053
0.370490
0.254661
0.166970
0.086753
0.054719
0.038161
0.028599
0.022326
0.017602
0.014212
0.011794
0.010131
0.009013
0.008278
0.007799
0.007485
0.007277
0.007131
0.007020
0.006934
0.006862
0.006799
0.006742
0.006689
0.006637
0.006586
0.006531
0.006472
0.006408
0.006346
0.006280
0.006217
0.006151
0.006086
0.006026
0.005970
0.005916
0.005872
0.005833
0.005802
0.005779
0.005758
0.005743
0.005729
0.005719
0.005710
0.005702
0.005695
0.005690
0.005685
0.005680
0.005676
0.005672
0.005669
0.005667
0.005665
0.005662
0.005659
0.005657
0.005654
0.005651
0.005649
0.005646
0.005643
0.005641
0.005639
0.005636
0.005633
0.005631
0.005628
0.005626
0.005624
0.005622
0.005619
0.005617
0.005616
0.005613
0.005611
0.005609
0.005606
0.005604
0.005602
0.005601
0.005598
0.005594
0.005591
0.005588
0.005586
0.005584
0.005581
0.005579
0.005577
0.005574
0.005572
0.005570
0.005567
0.005564
0.005562
0.005560
0.005486
0.005475
0.005463
0.005456
0.005455
0.005456
0.005456
0.005455
0.005454
0.005453
0.005452
0.005451
0.005451
0.005450
0.005450
0.005449
0.005448
0.005447
0.005447
0.005446
0.005445
0.005444
0.005443
0.005443
0.005442
0.005441
0.005440
0.005438
0.005436
0.005435
0.005434
0.005433
0.005431
0.005430
0.005428
0.005427
0.005425
0.005423
0.005421
0.005420
0.005418
0.005417
0.005415
0.005413
0.005412
0.005410
0.005408
0.005407
0.005405
0.005403
0.005401
0.005400
0.005399
0.005397
0.005396
0.005393
0.005392
0.005390
0.005387
0.005385
0.005383
0.005380
0.005378
0.005376
0.005374
0.005371
0.005369
0.005367
0.005365
0.005362
0.005360
0.005357
0.005354
0.005351
0.005348
0.005345
0.005343
0.005340
0.005338
0.005335
0.005332
0.005330
0.005327
0.005325
0.005323
0.005320
0.005317
0.005314
0.005312
0.005310
0.005307
0.005304
0.005300
0.005297
0.005294
0.005290
0.005287
0.005285
0.005282
0.005280
0.005241
0.005226
0.005215
0.005214
0.005213
0.005212
0.005210
0.005209
0.005208
0.005206
0.005205
0.005204
0.005203
0.005201
0.005200
0.005198
0.005197
0.005195
0.005194
0.005192
0.005191
0.005189
0.005188
0.005187
0.005185
0.005184
0.005182
0.005180
0.005179
0.005177
0.005176
0.005174
0.005172
0.005171
0.005169
0.005167
0.005166
0.005164
0.005162
0.005161
0.005159
0.005157
0.005155
0.005153
0.005151
0.005150
0.005148
0.005146
0.005144
0.005142
0.005140
0.005138
0.005136
0.005134
0.005132
0.005130
0.005127
0.005125
0.005123
0.005121
0.005118
0.005116
0.005114
0.005111
0.005109
0.005106
0.005104
0.005102
0.005099
0.005096
0.005094
0.005091
0.005088
0.005085
0.005083
0.005080
0.005077
0.005074
0.005072
0.005069
0.005066
0.005063
0.005060
0.005057
0.005053
0.005050
0.005046
0.005043
0.005039
0.005036
0.005033
0.005029
0.005026
0.005022
0.005019
0.005014
0.005010
0.005006
0.005002
0.004998
0.004984
0.005002
0.005013
0.005015
0.005014
0.005012
0.005010
0.005007
0.005004
0.005002
0.005000
0.004997
0.004995
0.004993
0.004990
0.004988
0.004986
0.004984
0.004982
0.004980
0.004978
0.004976
0.004973
0.004971
0.004969
0.004967
0.004965
0.004962
0.004960
0.004958
0.004956
0.004953
0.004951
0.004949
0.004946
0.004944
0.004942
0.004939
0.004937
0.004935
0.004932
0.004930
0.004927
0.004925
0.004923
0.004920
0.004918
0.004916
0.004914
0.004911
0.004909
0.004906
0.004903
0.004901
0.004898
0.004896
0.004893
0.004891
0.004888
0.004886
0.004883
0.004881
0.004878
0.004875
0.004873
0.004870
0.004868
0.004865
0.004863
0.004860
0.004858
0.004856
0.004853
0.004851
0.004848
0.004846
0.004843
0.004841
0.004838
0.004835
0.004833
0.004830
0.004828
0.004825
0.004823
0.004821
0.004819
0.004816
0.004814
0.004812
0.004809
0.004806
0.004804
0.004802
0.004799
0.004797
0.004795
0.004792
0.004790
0.004787
0.004770
0.004749
0.004748
0.004748
0.004746
0.004745
0.004744
0.004743
0.004742
0.004741
0.004740
0.004739
0.004737
0.004736
0.004735
0.004734
0.004733
0.004732
0.004731
0.004729
0.004728
0.004727
0.004726
0.004725
0.004724
0.004722
0.004721
0.004720
0.004719
0.004717
0.004716
0.004715
0.004714
0.004713
0.004711
0.004710
0.004709
0.004707
0.004706
0.004705
0.004704
0.004702
0.004701
0.004700
0.004698
0.004697
0.004696
0.004694
0.004693
0.004692
0.004690
0.004689
0.004688
0.004686
0.004685
0.004684
0.004682
0.004681
0.004679
0.004678
0.004677
0.004675
0.004674
0.004673
0.004671
0.004670
0.004668
0.004667
0.004666
0.004664
0.004663
0.004661
0.004660
0.004659
0.004657
0.004656
0.004654
0.004653
0.004651
0.004650
0.004649
0.004647
0.004646
0.004644
0.004643
0.004641
0.004640
0.004639
0.004637
0.004636
0.004634
0.004632
0.004631
0.004630
0.004628
0.004627
0.004625
0.004623
0.004622
0.004620
