0.457946
0.348053
0.202434
0.088588
0.050421
0.032484
0.020137
0.012574
0.008969
0.007338
0.006684
0.006314
0.005989
0.005672
0.005382
0.005103
0.004834
0.004586
0.004370
0.004173
0.003985
0.003811
0.003667
0.003543
0.003437
0.003345
0.003251
0.003154
0.003056
0.002973
0.002910
0.002865
0.002822
0.002785
0.002754
0.002727
0.002702
0.002681
0.002658
0.002639
0.002621
0.002603
0.002587
0.002570
0.002554
0.002537
0.002522
0.002508
0.002495
0.002483
0.002469
0.002457
0.002443
0.002431
0.002422
0.002413
0.002402
0.002391
0.002380
0.002369
0.002359
0.002347
0.002336
0.002326
0.002316
0.002305
0.002294
0.002284
0.002274
0.002265
0.002256
0.002246
0.002238
0.002230
0.002220
0.002211
0.002202
0.002194
0.002185
0.002176
0.002168
0.002159
0.002150
0.002142
0.002135
0.002128
0.002120
0.002112
0.002103
0.002096
0.002088
0.002080
0.002071
0.002062
0.002053
0.002043
0.002032
0.002021
0.002011
0.002003
0.001901
0.001888
0.001886
0.001884
0.001881
0.001877
0.001874
0.001869
0.001864
0.001859
0.001854
0.001848
0.001843
0.001837
0.001831
0.001825
0.001820
0.001813
0.001807
0.001801
0.001795
0.001789
0.001783
0.001777
0.001771
0.001765
0.001759
0.001753
0.001748
0.001741
0.001736
0.001730
0.001725
0.001719
0.001714
0.001709
0.001703
0.001698
0.001693
0.001688
0.001683
0.001679
0.001674
0.001669
0.001664
0.001659
0.001655
0.001650
0.001645
0.001642
0.001638
0.001633
0.001629
0.001626
0.001622
0.001618
0.001614
0.001610
0.001606
0.001602
0.001599
0.001595
0.001592
0.001588
0.001585
0.001582
0.001578
0.001575
0.001572
0.001569
0.001566
0.001563
0.001560
0.001557
0.001554
0.001552
0.001549
0.001546
0.001543
0.001541
0.001538
0.001536
0.001533
0.001530
0.001528
0.001526
0.001523
0.001521
0.001518
0.001516
0.001513
0.001511
0.001509
0.001507
0.001504
0.001502
0.001500
0.001497
0.001496
0.001493
0.001482
0.001495
0.001499
0.001499
0.001498
0.001497
0.001496
0.001494
0.001493
0.001492
0.001491
0.001490
0.001489
0.001488
0.001487
0.001486
0.001485
0.001485
0.001484
0.001483
0.001482
0.001481
0.001480
0.001479
0.001478
0.001477
0.001476
0.001475
0.001473
0.001472
0.001471
0.001471
0.001469
0.001468
0.001467
0.001465
0.001464
0.001463
0.001462
0.001460
0.001459
0.001458
0.001457
0.001456
0.001455
0.001454
0.001453
0.001452
0.001450
0.001449
0.001448
0.001447
0.001446
0.001445
0.001444
0.001443
0.001442
0.001440
0.001439
0.001438
0.001437
0.001436
0.001435
0.001434
0.001433
0.001432
0.001431
0.001430
0.001429
0.001427
0.001426
0.001425
0.001423
0.001422
0.001421
0.001419
0.001418
0.001417
0.001416
0.001414
0.001413
0.001412
0.001410
0.001409
0.001408
0.001407
0.001406
0.001405
0.001404
0.001402
0.001401
0.001400
0.001399
0.001398
0.001396
0.001395
0.001393
0.001392
0.001391
0.001390
0.001367
0.001338
0.001330
0.001332
0.001330
0.001330
0.001329
0.001328
0.001328
0.001327
0.001327
0.001326
0.001326
0.001325
0.001325
0.001324
0.001324
0.001323
0.001323
0.001322
0.001322
0.001321
0.001320
0.001320
0.001319
0.001319
0.001318
0.001318
0.001317
0.001317
0.001317
0.001316
0.001316
0.001315
0.001314
0.001314
0.001314
0.001313
0.001312
0.001312
0.001312
0.001311
0.001311
0.001310
0.001310
0.001309
0.001309
0.001308
0.001308
0.001307
0.001307
0.001306
0.001306
0.001306
0.001305
0.001305
0.001304
0.001304
0.001303
0.001303
0.001302
0.001302
0.001302
0.001301
0.001301
0.001301
0.001300
0.001300
0.001299
0.001299
0.001299
0.001298
0.001298
0.001298
0.001297
0.001297
0.001297
0.001297
0.001296
0.001296
0.001296
0.001295
0.001295
0.001295
0.001295
0.001294
0.001294
0.001294
0.001294
0.001293
0.001293
0.001293
0.001293
0.001292
0.001292
0.001292
0.001291
0.001291
0.001291
0.001291
0.001284
0.001286
0.001286
0.001284
0.001284
0.001284
0.001284
0.001283
0.001283
0.001283
0.001283
0.001282
0.001282
0.001282
0.001282
0.001281
0.001281
0.001281
0.001281
0.001280
0.001280
0.001280
0.001280
0.001280
0.001279
0.001279
0.001279
0.001279
0.001279
0.001278
0.001278
0.001278
0.001278
0.001278
0.001277
0.001277
0.001277
0.001277
0.001276
0.001276
0.001276
0.001276
0.001276
0.001275
0.001275
0.001275
0.001275
0.001275
0.001274
0.001274
0.001274
0.001274
0.001274
0.001273
0.001273
0.001273
0.001273
0.001273
0.001272
0.001272
0.001272
0.001272
0.001271
0.001271
0.001271
0.001271
0.001271
0.001270
0.001270
0.001270
0.001270
0.001270
0.001269
0.001269
0.001269
0.001269
0.001269
0.001268
0.001268
0.001268
0.001268
0.001268
0.001267
0.001267
0.001267
0.001267
0.001267
0.001266
0.001266
0.001266
0.001266
0.001266
0.001266
0.001265
0.001265
0.001265
0.001265
0.001265
0.001264
0.001264
