0.460228
0.208815
0.096116
0.064963
0.046415
0.032039
0.018142
0.010516
0.008137
0.007096
0.006530
0.006142
0.005833
0.005593
0.005396
0.005226
0.005077
0.004946
0.004829
0.004725
0.004631
0.004545
0.004465
0.004390
0.004318
0.004249
0.004181
0.004115
0.004052
0.003990
0.003927
0.003869
0.003813
0.003761
0.003713
0.003663
0.003614
0.003566
0.003519
0.003474
0.003430
0.003388
0.003346
0.003303
0.003259
0.003215
0.003173
0.003132
0.003091
0.003048
0.003005
0.002960
0.002914
0.002867
0.002819
0.002771
0.002723
0.002674
0.002624
0.002573
0.002523
0.002472
0.002420
0.002370
0.002320
0.002269
0.002218
0.002166
0.002114
0.002062
0.002011
0.001960
0.001911
0.001862
0.001815
0.001771
0.001727
0.001686
0.001645
0.001606
0.001569
0.001534
0.001499
0.001466
0.001434
0.001405
0.001378
0.001352
0.001328
0.001306
0.001284
0.001264
0.001244
0.001225
0.001206
0.001189
0.001172
0.001155
0.001139
0.001123
0.001056
0.001050
0.001043
0.001031
0.001021
0.001015
0.001008
0.001000
0.000993
0.000986
0.000979
0.000972
0.000965
0.000959
0.000952
0.000946
0.000940
0.000934
0.000928
0.000922
0.000916
0.000911
0.000905
0.000899
0.000894
0.000888
0.000883
0.000877
0.000872
0.000866
0.000861
0.000855
0.000850
0.000845
0.000841
0.000836
0.000832
0.000828
0.000823
0.000819
0.000815
0.000811
0.000808
0.000804
0.000800
0.000797
0.000793
0.000790
0.000786
0.000783
0.000780
0.000776
0.000773
0.000770
0.000767
0.000764
0.000761
0.000758
0.000756
0.000753
0.000750
0.000748
0.000745
0.000743
0.000740
0.000738
0.000736
0.000734
0.000731
0.000729
0.000727
0.000725
0.000723
0.000721
0.000719
0.000717
0.000716
0.000714
0.000712
0.000711
0.000709
0.000708
0.000706
0.000705
0.000703
0.000702
0.000701
0.000699
0.000698
0.000697
0.000695
0.000694
0.000692
0.000691
0.000690
0.000688
0.000687
0.000686
0.000684
0.000683
0.000662
0.000659
0.000657
0.000656
0.000655
0.000654
0.000654
0.000653
0.000652
0.000651
0.000651
0.000650
0.000649
0.000649
0.000648
0.000647
0.000647
0.000646
0.000645
0.000645
0.000644
0.000644
0.000643
0.000643
0.000642
0.000642
0.000641
0.000641
0.000640
0.000640
0.000639
0.000639
0.000638
0.000638
0.000637
0.000637
0.000636
0.000636
0.000635
0.000634
0.000634
0.000633
0.000633
0.000632
0.000632
0.000631
0.000630
0.000630
0.000629
0.000629
0.000628
0.000628
0.000627
0.000626
0.000626
0.000625
0.000625
0.000624
0.000623
0.000623
0.000622
0.000622
0.000621
0.000620
0.000620
0.000619
0.000618
0.000618
0.000617
0.000617
0.000616
0.000615
0.000615
0.000614
0.000613
0.000613
0.000612
0.000612
0.000611
0.000610
0.000610
0.000609
0.000608
0.000608
0.000607
0.000607
0.000606
0.000605
0.000605
0.000604
0.000603
0.000603
0.000602
0.000601
0.000600
0.000599
0.000598
0.000598
0.000597
0.000596
0.000584
0.000586
0.000588
0.000590
0.000590
0.000590
0.000590
0.000590
0.000589
0.000589
0.000589
0.000588
0.000588
0.000587
0.000587
0.000586
0.000586
0.000586
0.000585
0.000585
0.000584
0.000584
0.000583
0.000582
0.000582
0.000581
0.000580
0.000580
0.000579
0.000578
0.000578
0.000577
0.000576
0.000576
0.000575
0.000574
0.000574
0.000573
0.000573
0.000572
0.000571
0.000571
0.000570
0.000570
0.000569
0.000569
0.000568
0.000567
0.000567
0.000566
0.000566
0.000565
0.000565
0.000564
0.000564
0.000563
0.000562
0.000562
0.000561
0.000560
0.000560
0.000559
0.000559
0.000558
0.000558
0.000557
0.000556
0.000556
0.000555
0.000555
0.000554
0.000554
0.000553
0.000553
0.000552
0.000552
0.000551
0.000551
0.000550
0.000550
0.000549
0.000549
0.000549
0.000548
0.000548
0.000547
0.000547
0.000546
0.000546
0.000546
0.000545
0.000545
0.000545
0.000544
0.000544
0.000543
0.000543
0.000543
0.000542
0.000542
0.000539
0.000542
0.000538
0.000536
0.000536
0.000536
0.000536
0.000536
0.000536
0.000536
0.000536
0.000536
0.000536
0.000535
0.000535
0.000535
0.000535
0.000535
0.000535
0.000535
0.000534
0.000534
0.000534
0.000534
0.000534
0.000534
0.000534
0.000534
0.000534
0.000533
0.000533
0.000533
0.000533
0.000533
0.000533
0.000533
0.000533
0.000532
0.000532
0.000532
0.000532
0.000532
0.000532
0.000532
0.000532
0.000532
0.000531
0.000531
0.000531
0.000531
0.000531
0.000531
0.000531
0.000531
0.000530
0.000530
0.000530
0.000530
0.000530
0.000530
0.000530
0.000529
0.000529
0.000529
0.000529
0.000529
0.000529
0.000529
0.000529
0.000529
0.000528
0.000528
0.000528
0.000528
0.000528
0.000528
0.000528
0.000527
0.000527
0.000527
0.000527
0.000527
0.000527
0.000527
0.000527
0.000526
0.000526
0.000526
0.000526
0.000526
0.000526
0.000526
0.000526
0.000525
0.000525
0.000525
0.000525
0.000525
0.000525
0.000525
