0.486255
0.372984
0.237318
0.120928
0.057894
0.033670
0.019640
0.012981
0.009553
0.007600
0.006415
0.005556
0.004965
0.004551
0.004235
0.003983
0.003765
0.003568
0.003391
0.003233
0.003085
0.002953
0.002831
0.002720
0.002613
0.002514
0.002427
0.002348
0.002276
0.002210
0.002149
0.002093
0.002042
0.001999
0.001963
0.001933
0.001909
0.001888
0.001868
0.001847
0.001829
0.001810
0.001792
0.001774
0.001759
0.001744
0.001732
0.001722
0.001714
0.001707
0.001701
0.001694
0.001688
0.001683
0.001679
0.001675
0.001671
0.001668
0.001664
0.001662
0.001659
0.001657
0.001655
0.001653
0.001650
0.001647
0.001643
0.001638
0.001636
0.001631
0.001628
0.001625
0.001621
0.001617
0.001613
0.001610
0.001607
0.001603
0.001599
0.001597
0.001594
0.001591
0.001588
0.001585
0.001581
0.001577
0.001572
0.001568
0.001563
0.001559
0.001555
0.001551
0.001547
0.001543
0.001540
0.001537
0.001533
0.001529
0.001525
0.001521
0.001486
0.001481
0.001474
0.001474
0.001469
0.001468
0.001466
0.001464
0.001463
0.001461
0.001459
0.001458
0.001456
0.001454
0.001452
0.001450
0.001448
0.001446
0.001444
0.001442
0.001440
0.001438
0.001436
0.001433
0.001431
0.001428
0.001426
0.001423
0.001421
0.001418
0.001415
0.001412
0.001409
0.001406
0.001403
0.001400
0.001397
0.001394
0.001390
0.001387
0.001384
0.001380
0.001377
0.001374
0.001371
0.001368
0.001365
0.001362
0.001358
0.001355
0.001351
0.001348
0.001345
0.001342
0.001339
0.001336
0.001333
0.001331
0.001328
0.001325
0.001323
0.001320
0.001317
0.001315
0.001312
0.001310
0.001308
0.001306
0.001305
0.001303
0.001301
0.001299
0.001298
0.001297
0.001295
0.001294
0.001292
0.001291
0.001290
0.001288
0.001287
0.001286
0.001284
0.001284
0.001282
0.001281
0.001280
0.001279
0.001278
0.001277
0.001277
0.001276
0.001275
0.001275
0.001274
0.001274
0.001273
0.001273
0.001272
0.001272
0.001272
0.001285
0.001281
0.001276
0.001273
0.001273
0.001274
0.001274
0.001273
0.001273
0.001273
0.001272
0.001272
0.001272
0.001272
0.001271
0.001271
0.001271
0.001271
0.001270
0.001270
0.001270
0.001270
0.001269
0.001269
0.001269
0.001268
0.001268
0.001268
0.001268
0.001267
0.001267
0.001267
0.001266
0.001266
0.001266
0.001266
0.001265
0.001265
0.001265
0.001265
0.001264
0.001264
0.001264
0.001264
0.001263
0.001263
0.001263
0.001262
0.001262
0.001262
0.001262
0.001261
0.001261
0.001261
0.001261
0.001260
0.001260
0.001260
0.001260
0.001260
0.001259
0.001259
0.001259
0.001259
0.001258
0.001258
0.001258
0.001258
0.001257
0.001257
0.001257
0.001257
0.001257
0.001256
0.001256
0.001256
0.001256
0.001256
0.001256
0.001255
0.001255
0.001255
0.001255
0.001255
0.001254
0.001254
0.001254
0.001254
0.001254
0.001254
0.001253
0.001253
0.001253
0.001253
0.001253
0.001253
0.001252
0.001252
0.001252
0.001249
0.001267
0.001263
0.001260
0.001257
0.001253
0.001252
0.001251
0.001250
0.001250
0.001249
0.001249
0.001249
0.001248
0.001248
0.001248
0.001247
0.001247
0.001247
0.001246
0.001246
0.001246
0.001246
0.001246
0.001246
0.001245
0.001245
0.001245
0.001245
0.001245
0.001245
0.001244
0.001244
0.001244
0.001244
0.001244
0.001244
0.001244
0.001244
0.001244
0.001243
0.001243
0.001243
0.001243
0.001243
0.001243
0.001243
0.001243
0.001243
0.001243
0.001242
0.001242
0.001242
0.001242
0.001242
0.001242
0.001242
0.001242
0.001242
0.001241
0.001241
0.001241
0.001241
0.001241
0.001241
0.001241
0.001241
0.001241
0.001241
0.001241
0.001240
0.001240
0.001240
0.001240
0.001240
0.001240
0.001240
0.001240
0.001240
0.001240
0.001240
0.001239
0.001239
0.001239
0.001239
0.001239
0.001239
0.001239
0.001239
0.001239
0.001239
0.001238
0.001238
0.001238
0.001238
0.001238
0.001238
0.001238
0.001238
0.001238
0.001225
0.001225
0.001222
0.001221
0.001221
0.001222
0.001221
0.001221
0.001221
0.001221
0.001221
0.001221
0.001221
0.001221
0.001221
0.001221
0.001221
0.001221
0.001221
0.001221
0.001221
0.001220
0.001220
0.001220
0.001220
0.001220
0.001220
0.001220
0.001220
0.001220
0.001220
0.001220
0.001220
0.001220
0.001220
0.001220
0.001220
0.001220
0.001220
0.001220
0.001220
0.001219
0.001219
0.001219
0.001219
0.001219
0.001219
0.001219
0.001219
0.001219
0.001219
0.001219
0.001219
0.001219
0.001219
0.001219
0.001219
0.001219
0.001219
0.001219
0.001219
0.001219
0.001219
0.001218
0.001218
0.001218
0.001218
0.001218
0.001218
0.001218
0.001218
0.001218
0.001218
0.001218
0.001218
0.001218
0.001218
0.001218
0.001218
0.001218
0.001218
0.001218
0.001218
0.001218
0.001217
0.001217
0.001217
0.001217
0.001217
0.001217
0.001217
0.001217
0.001217
0.001217
0.001217
0.001217
0.001217
0.001217
0.001217
0.001217
