0.465051
0.276186
0.107423
0.064348
0.052611
0.043460
0.036391
0.030283
0.024847
0.020036
0.015916
0.012644
0.010360
0.009038
0.008260
0.007775
0.007430
0.007165
0.006953
0.006778
0.006625
0.006485
0.006358
0.006241
0.006128
0.006020
0.005914
0.005811
0.005710
0.005611
0.005513
0.005416
0.005317
0.005218
0.005119
0.005020
0.004920
0.004821
0.004726
0.004635
0.004548
0.004466
0.004388
0.004313
0.004240
0.004171
0.004105
0.004042
0.003982
0.003926
0.003873
0.003822
0.003774
0.003729
0.003687
0.003645
0.003606
0.003569
0.003532
0.003498
0.003465
0.003434
0.003404
0.003375
0.003349
0.003323
0.003297
0.003272
0.003249
0.003226
0.003204
0.003183
0.003163
0.003143
0.003124
0.003105
0.003088
0.003070
0.003053
0.003037
0.003022
0.003007
0.002993
0.002980
0.002967
0.002954
0.002941
0.002929
0.002917
0.002905
0.002894
0.002883
0.002873
0.002865
0.002855
0.002844
0.002834
0.002826
0.002817
0.002807
0.002732
0.002767
0.002790
0.002794
0.002790
0.002783
0.002776
0.002770
0.002764
0.002759
0.002754
0.002750
0.002746
0.002741
0.002737
0.002732
0.002728
0.002724
0.002719
0.002714
0.002709
0.002705
0.002700
0.002696
0.002691
0.002686
0.002681
0.002676
0.002671
0.002667
0.002662
0.002659
0.002654
0.002649
0.002644
0.002639
0.002633
0.002628
0.002624
0.002618
0.002613
0.002608
0.002602
0.002597
0.002591
0.002584
0.002579
0.002571
0.002564
0.002557
0.002547
0.002539
0.002531
0.002520
0.002511
0.002502
0.002490
0.002479
0.002468
0.002456
0.002443
0.002431
0.002419
0.002405
0.002392
0.002379
0.002366
0.002353
0.002341
0.002329
0.002317
0.002304
0.002292
0.002281
0.002270
0.002260
0.002250
0.002239
0.002228
0.002219
0.002210
0.002201
0.002193
0.002185
0.002176
0.002168
0.002160
0.002152
0.002144
0.002137
0.002130
0.002122
0.002115
0.002108
0.002100
0.002094
0.002088
0.002082
0.002076
0.002069
0.002017
0.001991
0.001982
0.001979
0.001975
0.001973
0.001970
0.001967
0.001964
0.001961
0.001958
0.001955
0.001952
0.001949
0.001946
0.001943
0.001940
0.001937
0.001934
0.001930
0.001927
0.001924
0.001921
0.001918
0.001914
0.001911
0.001908
0.001905
0.001902
0.001899
0.001896
0.001893
0.001890
0.001887
0.001884
0.001881
0.001878
0.001875
0.001872
0.001868
0.001865
0.001862
0.001858
0.001855
0.001851
0.001848
0.001844
0.001840
0.001836
0.001832
0.001828
0.001824
0.001820
0.001816
0.001813
0.001810
0.001806
0.001803
0.001799
0.001796
0.001792
0.001789
0.001786
0.001783
0.001780
0.001777
0.001774
0.001771
0.001768
0.001765
0.001761
0.001758
0.001755
0.001752
0.001749
0.001746
0.001743
0.001740
0.001737
0.001735
0.001732
0.001730
0.001727
0.001725
0.001723
0.001721
0.001719
0.001716
0.001714
0.001712
0.001710
0.001708
0.001706
0.001705
0.001702
0.001700
0.001698
0.001697
0.001694
0.001693
0.001666
0.001654
0.001650
0.001648
0.001648
0.001647
0.001646
0.001645
0.001644
0.001643
0.001642
0.001642
0.001641
0.001640
0.001639
0.001638
0.001637
0.001637
0.001636
0.001635
0.001634
0.001633
0.001632
0.001632
0.001631
0.001630
0.001629
0.001629
0.001628
0.001627
0.001626
0.001626
0.001625
0.001624
0.001623
0.001623
0.001622
0.001621
0.001620
0.001620
0.001619
0.001618
0.001618
0.001617
0.001616
0.001615
0.001615
0.001614
0.001613
0.001613
0.001612
0.001611
0.001611
0.001610
0.001609
0.001609
0.001608
0.001607
0.001607
0.001606
0.001605
0.001605
0.001604
0.001603
0.001603
0.001602
0.001602
0.001601
0.001601
0.001600
0.001599
0.001599
0.001598
0.001598
0.001597
0.001597
0.001596
0.001595
0.001595
0.001594
0.001594
0.001593
0.001593
0.001592
0.001592
0.001591
0.001591
0.001590
0.001590
0.001589
0.001589
0.001588
0.001588
0.001587
0.001587
0.001587
0.001586
0.001586
0.001585
0.001585
0.001576
0.001576
0.001578
0.001577
0.001577
0.001576
0.001576
0.001576
0.001575
0.001575
0.001575
0.001575
0.001574
0.001574
0.001574
0.001573
0.001573
0.001573
0.001573
0.001572
0.001572
0.001572
0.001572
0.001571
0.001571
0.001571
0.001570
0.001570
0.001570
0.001570
0.001569
0.001569
0.001569
0.001568
0.001568
0.001568
0.001568
0.001567
0.001567
0.001567
0.001567
0.001566
0.001566
0.001566
0.001565
0.001565
0.001565
0.001565
0.001564
0.001564
0.001564
0.001564
0.001563
0.001563
0.001563
0.001563
0.001562
0.001562
0.001562
0.001562
0.001561
0.001561
0.001561
0.001561
0.001560
0.001560
0.001560
0.001560
0.001559
0.001559
0.001559
0.001559
0.001558
0.001558
0.001558
0.001558
0.001557
0.001557
0.001557
0.001557
0.001556
0.001556
0.001556
0.001556
0.001555
0.001555
0.001555
0.001555
0.001554
0.001554
0.001554
0.001554
0.001553
0.001553
0.001553
0.001553
0.001552
0.001552
0.001552
0.001552
