0.306725
0.062847
0.033657
0.017515
0.009787
0.006153
0.004450
0.003741
0.003321
0.003017
0.002786
0.002604
0.002451
0.002319
0.002204
0.002106
0.002026
0.001949
0.001872
0.001808
0.001759
0.001718
0.001684
0.001655
0.001631
0.001612
0.001595
0.001585
0.001577
0.001570
0.001563
0.001557
0.001554
0.001549
0.001539
0.001527
0.001517
0.001508
0.001499
0.001489
0.001477
0.001468
0.001459
0.001451
0.001442
0.001435
0.001427
0.001419
0.001413
0.001406
0.001399
0.001392
0.001386
0.001378
0.001370
0.001362
0.001357
0.001352
0.001348
0.001341
0.001336
0.001331
0.001326
0.001320
0.001314
0.001308
0.001301
0.001294
0.001286
0.001278
0.001267
0.001257
0.001251
0.001245
0.001236
0.001224
0.001211
0.001198
0.001189
0.001183
0.001174
0.001165
0.001158
0.001151
0.001145
0.001141
0.001137
0.001134
0.001130
0.001125
0.001120
0.001115
0.001110
0.001104
0.001100
0.001096
0.001091
0.001086
0.001084
0.001082
0.001006
0.001021
0.001019
0.001025
0.001029
0.001028
0.001027
0.001025
0.001022
0.001020
0.001018
0.001016
0.001014
0.001012
0.001010
0.001008
0.001007
0.001005
0.001004
0.001002
0.001001
0.001000
0.000999
0.000997
0.000996
0.000995
0.000995
0.000994
0.000993
0.000992
0.000991
0.000991
0.000991
0.000990
0.000989
0.000988
0.000987
0.000986
0.000985
0.000984
0.000984
0.000983
0.000982
0.000982
0.000981
0.000980
0.000979
0.000979
0.000978
0.000978
0.000977
0.000976
0.000975
0.000975
0.000974
0.000973
0.000972
0.000971
0.000971
0.000970
0.000969
0.000968
0.000967
0.000966
0.000965
0.000964
0.000964
0.000963
0.000963
0.000962
0.000961
0.000960
0.000960
0.000959
0.000958
0.000957
0.000957
0.000956
0.000956
0.000955
0.000954
0.000954
0.000953
0.000953
0.000952
0.000951
0.000951
0.000950
0.000950
0.000949
0.000948
0.000947
0.000946
0.000945
0.000945
0.000944
0.000943
0.000943
0.000942
0.000942
0.000894
0.000898
0.000899
0.000902
0.000902
0.000902
0.000901
0.000900
0.000899
0.000898
0.000897
0.000896
0.000895
0.000894
0.000893
0.000892
0.000891
0.000890
0.000889
0.000888
0.000887
0.000887
0.000886
0.000885
0.000884
0.000884
0.000883
0.000882
0.000882
0.000881
0.000881
0.000880
0.000880
0.000879
0.000878
0.000878
0.000878
0.000877
0.000877
0.000876
0.000876
0.000875
0.000875
0.000875
0.000874
0.000874
0.000874
0.000873
0.000873
0.000873
0.000873
0.000872
0.000872
0.000872
0.000872
0.000872
0.000872
0.000871
0.000871
0.000871
0.000871
0.000871
0.000871
0.000871
0.000871
0.000870
0.000870
0.000870
0.000870
0.000870
0.000869
0.000869
0.000869
0.000868
0.000868
0.000868
0.000868
0.000868
0.000867
0.000867
0.000867
0.000867
0.000867
0.000867
0.000866
0.000866
0.000866
0.000866
0.000865
0.000866
0.000865
0.000865
0.000865
0.000865
0.000865
0.000864
0.000864
0.000864
0.000864
0.000864
0.000857
0.000867
0.000871
0.000873
0.000873
0.000874
0.000875
0.000876
0.000877
0.000878
0.000879
0.000881
0.000882
0.000882
0.000883
0.000884
0.000884
0.000885
0.000885
0.000884
0.000884
0.000883
0.000882
0.000880
0.000879
0.000878
0.000877
0.000876
0.000875
0.000874
0.000873
0.000873
0.000872
0.000872
0.000871
0.000871
0.000870
0.000870
0.000870
0.000869
0.000869
0.000869
0.000869
0.000869
0.000869
0.000868
0.000868
0.000868
0.000868
0.000868
0.000867
0.000867
0.000867
0.000866
0.000866
0.000866
0.000866
0.000865
0.000865
0.000865
0.000865
0.000864
0.000864
0.000864
0.000864
0.000864
0.000864
0.000863
0.000863
0.000863
0.000863
0.000863
0.000862
0.000862
0.000862
0.000862
0.000862
0.000862
0.000861
0.000861
0.000861
0.000861
0.000861
0.000861
0.000860
0.000860
0.000860
0.000860
0.000859
0.000859
0.000859
0.000859
0.000859
0.000859
0.000858
0.000858
0.000858
0.000858
0.000858
0.000857
0.000845
0.000827
0.000826
0.000826
0.000826
0.000826
0.000826
0.000826
0.000825
0.000825
0.000825
0.000825
0.000825
0.000825
0.000825
0.000825
0.000825
0.000825
0.000825
0.000825
0.000825
0.000825
0.000825
0.000825
0.000825
0.000825
0.000824
0.000824
0.000824
0.000824
0.000824
0.000824
0.000824
0.000824
0.000824
0.000824
0.000824
0.000824
0.000824
0.000824
0.000824
0.000824
0.000824
0.000824
0.000824
0.000824
0.000824
0.000824
0.000824
0.000824
0.000824
0.000824
0.000824
0.000824
0.000824
0.000824
0.000824
0.000824
0.000823
0.000824
0.000823
0.000823
0.000823
0.000823
0.000823
0.000823
0.000823
0.000823
0.000823
0.000823
0.000823
0.000823
0.000823
0.000823
0.000823
0.000823
0.000823
0.000823
0.000823
0.000823
0.000823
0.000823
0.000823
0.000823
0.000823
0.000823
0.000823
0.000823
0.000823
0.000823
0.000823
0.000823
0.000823
0.000823
0.000823
0.000823
0.000823
0.000823
0.000823
0.000823
