0.377101
0.104260
0.029400
0.013833
0.009935
0.007965
0.007261
0.006721
0.006284
0.005911
0.005572
0.005271
0.005013
0.004790
0.004586
0.004389
0.004194
0.003999
0.003813
0.003637
0.003477
0.003329
0.003196
0.003072
0.002956
0.002846
0.002742
0.002643
0.002549
0.002460
0.002374
0.002291
0.002210
0.002132
0.002055
0.001981
0.001910
0.001842
0.001777
0.001715
0.001657
0.001600
0.001546
0.001494
0.001446
0.001400
0.001357
0.001319
0.001285
0.001254
0.001227
0.001201
0.001177
0.001154
0.001132
0.001110
0.001090
0.001070
0.001052
0.001036
0.001021
0.001008
0.000996
0.000985
0.000975
0.000966
0.000958
0.000951
0.000944
0.000938
0.000932
0.000927
0.000922
0.000918
0.000914
0.000909
0.000906
0.000902
0.000899
0.000897
0.000895
0.000893
0.000891
0.000889
0.000888
0.000886
0.000884
0.000884
0.000884
0.000884
0.000882
0.000881
0.000881
0.000880
0.000879
0.000878
0.000877
0.000876
0.000876
0.000875
0.000802
0.000788
0.000776
0.000775
0.000774
0.000773
0.000772
0.000771
0.000770
0.000768
0.000767
0.000766
0.000764
0.000763
0.000761
0.000760
0.000758
0.000757
0.000755
0.000754
0.000753
0.000752
0.000751
0.000750
0.000749
0.000748
0.000747
0.000747
0.000746
0.000745
0.000744
0.000743
0.000743
0.000742
0.000742
0.000741
0.000740
0.000740
0.000739
0.000738
0.000738
0.000737
0.000737
0.000736
0.000735
0.000734
0.000734
0.000733
0.000731
0.000730
0.000729
0.000729
0.000728
0.000727
0.000726
0.000725
0.000724
0.000723
0.000722
0.000721
0.000720
0.000719
0.000718
0.000716
0.000715
0.000713
0.000710
0.000708
0.000706
0.000705
0.000703
0.000701
0.000700
0.000698
0.000697
0.000696
0.000694
0.000693
0.000692
0.000691
0.000690
0.000688
0.000687
0.000686
0.000685
0.000684
0.000683
0.000682
0.000681
0.000680
0.000680
0.000679
0.000678
0.000676
0.000675
0.000675
0.000674
0.000673
0.000672
0.000670
0.000650
0.000645
0.000644
0.000642
0.000642
0.000641
0.000640
0.000640
0.000639
0.000639
0.000638
0.000638
0.000637
0.000637
0.000636
0.000636
0.000635
0.000635
0.000634
0.000634
0.000633
0.000633
0.000632
0.000632
0.000631
0.000630
0.000630
0.000629
0.000629
0.000628
0.000628
0.000627
0.000627
0.000626
0.000625
0.000625
0.000624
0.000623
0.000623
0.000622
0.000621
0.000620
0.000619
0.000618
0.000617
0.000616
0.000615
0.000614
0.000613
0.000612
0.000611
0.000610
0.000609
0.000607
0.000606
0.000605
0.000603
0.000602
0.000601
0.000599
0.000598
0.000597
0.000595
0.000594
0.000593
0.000592
0.000591
0.000590
0.000589
0.000588
0.000587
0.000587
0.000586
0.000585
0.000584
0.000584
0.000583
0.000583
0.000583
0.000583
0.000583
0.000583
0.000583
0.000583
0.000583
0.000583
0.000583
0.000582
0.000582
0.000582
0.000581
0.000580
0.000579
0.000577
0.000576
0.000574
0.000573
0.000572
0.000571
0.000570
0.000558
0.000563
0.000567
0.000568
0.000568
0.000568
0.000568
0.000567
0.000567
0.000567
0.000566
0.000566
0.000566
0.000566
0.000565
0.000565
0.000564
0.000564
0.000564
0.000564
0.000563
0.000563
0.000563
0.000562
0.000562
0.000561
0.000561
0.000561
0.000560
0.000560
0.000559
0.000559
0.000559
0.000558
0.000558
0.000558
0.000557
0.000557
0.000557
0.000556
0.000556
0.000555
0.000555
0.000555
0.000554
0.000554
0.000554
0.000553
0.000553
0.000553
0.000553
0.000552
0.000552
0.000552
0.000551
0.000551
0.000551
0.000550
0.000550
0.000549
0.000549
0.000549
0.000548
0.000548
0.000547
0.000547
0.000546
0.000546
0.000546
0.000545
0.000545
0.000545
0.000544
0.000544
0.000543
0.000543
0.000543
0.000542
0.000542
0.000542
0.000541
0.000541
0.000541
0.000540
0.000540
0.000539
0.000539
0.000539
0.000538
0.000538
0.000537
0.000537
0.000536
0.000536
0.000535
0.000535
0.000535
0.000534
0.000533
0.000533
0.000529
0.000529
0.000528
0.000527
0.000527
0.000526
0.000526
0.000526
0.000526
0.000526
0.000526
0.000525
0.000525
0.000525
0.000525
0.000525
0.000524
0.000524
0.000524
0.000524
0.000524
0.000523
0.000523
0.000523
0.000523
0.000522
0.000522
0.000522
0.000522
0.000522
0.000521
0.000521
0.000521
0.000521
0.000520
0.000520
0.000520
0.000520
0.000519
0.000519
0.000519
0.000519
0.000519
0.000518
0.000518
0.000518
0.000518
0.000518
0.000517
0.000517
0.000517
0.000517
0.000516
0.000516
0.000516
0.000516
0.000515
0.000515
0.000515
0.000515
0.000514
0.000514
0.000514
0.000514
0.000514
0.000513
0.000513
0.000513
0.000513
0.000512
0.000512
0.000512
0.000511
0.000511
0.000511
0.000511
0.000510
0.000510
0.000510
0.000510
0.000509
0.000509
0.000509
0.000509
0.000508
0.000508
0.000508
0.000508
0.000507
0.000507
0.000507
0.000507
0.000506
0.000506
0.000506
0.000506
0.000505
0.000505
0.000505
0.000505
