0.484615
0.293751
0.106829
0.030405
0.016243
0.011124
0.008674
0.007457
0.007011
0.006831
0.006748
0.006711
0.006684
0.006665
0.006649
0.006638
0.006629
0.006622
0.006614
0.006606
0.006598
0.006588
0.006578
0.006568
0.006558
0.006548
0.006539
0.006530
0.006521
0.006513
0.006506
0.006498
0.006491
0.006483
0.006477
0.006470
0.006464
0.006459
0.006455
0.006448
0.006443
0.006438
0.006433
0.006429
0.006425
0.006419
0.006415
0.006411
0.006408
0.006404
0.006399
0.006396
0.006393
0.006388
0.006386
0.006382
0.006378
0.006375
0.006372
0.006370
0.006365
0.006364
0.006360
0.006356
0.006355
0.006351
0.006349
0.006347
0.006344
0.006341
0.006339
0.006337
0.006334
0.006331
0.006329
0.006327
0.006324
0.006322
0.006319
0.006318
0.006315
0.006314
0.006311
0.006309
0.006306
0.006306
0.006303
0.006300
0.006298
0.006297
0.006295
0.006294
0.006291
0.006290
0.006288
0.006287
0.006284
0.006282
0.006280
0.006278
0.006180
0.006100
0.006064
0.006045
0.006049
0.006048
0.006050
0.006050
0.006051
0.006052
0.006053
0.006054
0.006055
0.006056
0.006056
0.006058
0.006059
0.006060
0.006060
0.006062
0.006063
0.006064
0.006064
0.006065
0.006066
0.006067
0.006068
0.006069
0.006070
0.006071
0.006072
0.006073
0.006073
0.006074
0.006075
0.006075
0.006076
0.006077
0.006078
0.006079
0.006079
0.006080
0.006081
0.006082
0.006082
0.006083
0.006084
0.006085
0.006086
0.006086
0.006087
0.006088
0.006089
0.006089
0.006091
0.006091
0.006092
0.006092
0.006094
0.006095
0.006096
0.006096
0.006097
0.006098
0.006099
0.006100
0.006100
0.006101
0.006102
0.006103
0.006103
0.006104
0.006105
0.006106
0.006107
0.006107
0.006108
0.006109
0.006110
0.006110
0.006110
0.006112
0.006112
0.006113
0.006113
0.006114
0.006115
0.006115
0.006115
0.006116
0.006116
0.006117
0.006117
0.006118
0.006118
0.006119
0.006119
0.006119
0.006119
0.006120
0.006033
0.005984
0.005986
0.005986
0.005985
0.005986
0.005985
0.005985
0.005986
0.005986
0.005986
0.005986
0.005986
0.005986
0.005986
0.005986
0.005987
0.005987
0.005987
0.005987
0.005987
0.005987
0.005987
0.005987
0.005987
0.005988
0.005988
0.005988
0.005988
0.005988
0.005988
0.005988
0.005989
0.005989
0.005989
0.005989
0.005989
0.005989
0.005989
0.005990
0.005990
0.005990
0.005990
0.005990
0.005990
0.005990
0.005991
0.005991
0.005991
0.005991
0.005991
0.005991
0.005991
0.005992
0.005992
0.005992
0.005992
0.005992
0.005992
0.005992
0.005992
0.005992
0.005993
0.005993
0.005993
0.005993
0.005993
0.005993
0.005993
0.005993
0.005993
0.005994
0.005994
0.005994
0.005994
0.005994
0.005994
0.005994
0.005994
0.005995
0.005995
0.005995
0.005995
0.005995
0.005995
0.005995
0.005995
0.005995
0.005995
0.005995
0.005995
0.005995
0.005995
0.005996
0.005996
0.005995
0.005996
0.005996
0.005996
0.005996
0.005969
0.005973
0.005976
0.005975
0.005976
0.005977
0.005977
0.005976
0.005976
0.005976
0.005976
0.005976
0.005976
0.005976
0.005976
0.005976
0.005975
0.005975
0.005975
0.005975
0.005975
0.005975
0.005975
0.005975
0.005975
0.005975
0.005975
0.005974
0.005974
0.005974
0.005974
0.005974
0.005974
0.005974
0.005974
0.005974
0.005974
0.005974
0.005974
0.005974
0.005973
0.005973
0.005973
0.005973
0.005973
0.005973
0.005973
0.005973
0.005973
0.005973
0.005973
0.005972
0.005972
0.005972
0.005972
0.005972
0.005972
0.005972
0.005972
0.005972
0.005972
0.005972
0.005971
0.005971
0.005971
0.005971
0.005971
0.005971
0.005971
0.005971
0.005971
0.005971
0.005971
0.005971
0.005971
0.005970
0.005970
0.005970
0.005970
0.005970
0.005970
0.005970
0.005970
0.005970
0.005970
0.005970
0.005970
0.005970
0.005970
0.005969
0.005969
0.005969
0.005969
0.005969
0.005969
0.005969
0.005969
0.005969
0.005969
0.005969
0.005962
0.005974
0.005974
0.005975
0.005974
0.005972
0.005971
0.005970
0.005970
0.005969
0.005969
0.005968
0.005968
0.005968
0.005967
0.005967
0.005967
0.005967
0.005966
0.005966
0.005966
0.005966
0.005965
0.005965
0.005965
0.005965
0.005965
0.005965
0.005965
0.005964
0.005964
0.005964
0.005964
0.005964
0.005964
0.005964
0.005964
0.005964
0.005963
0.005963
0.005963
0.005963
0.005963
0.005963
0.005963
0.005963
0.005963
0.005963
0.005963
0.005962
0.005962
0.005962
0.005962
0.005962
0.005962
0.005962
0.005962
0.005962
0.005962
0.005962
0.005962
0.005962
0.005962
0.005962
0.005962
0.005962
0.005961
0.005961
0.005961
0.005961
0.005961
0.005961
0.005961
0.005961
0.005961
0.005961
0.005961
0.005961
0.005961
0.005961
0.005961
0.005961
0.005961
0.005961
0.005961
0.005961
0.005961
0.005961
0.005961
0.005960
0.005961
0.005960
0.005960
0.005960
0.005960
0.005960
0.005960
0.005960
0.005960
0.005960
