0.371138
0.111474
0.055284
0.031529
0.016354
0.008971
0.007390
0.006675
0.006189
0.005800
0.005469
0.005174
0.004918
0.004709
0.004540
0.004392
0.004260
0.004149
0.004055
0.003975
0.003900
0.003831
0.003764
0.003696
0.003629
0.003562
0.003496
0.003428
0.003358
0.003288
0.003215
0.003144
0.003072
0.002997
0.002922
0.002846
0.002772
0.002697
0.002623
0.002551
0.002482
0.002419
0.002365
0.002316
0.002269
0.002224
0.002184
0.002146
0.002109
0.002074
0.002039
0.002004
0.001971
0.001939
0.001909
0.001881
0.001853
0.001827
0.001802
0.001779
0.001757
0.001735
0.001715
0.001694
0.001675
0.001657
0.001639
0.001620
0.001602
0.001584
0.001568
0.001555
0.001541
0.001529
0.001518
0.001507
0.001497
0.001488
0.001480
0.001472
0.001464
0.001458
0.001450
0.001441
0.001434
0.001426
0.001419
0.001413
0.001409
0.001403
0.001397
0.001390
0.001383
0.001377
0.001373
0.001371
0.001367
0.001362
0.001359
0.001355
0.001292
0.001321
0.001337
0.001344
0.001347
0.001349
0.001350
0.001353
0.001355
0.001358
0.001360
0.001361
0.001359
0.001355
0.001350
0.001343
0.001334
0.001325
0.001318
0.001312
0.001307
0.001302
0.001298
0.001295
0.001291
0.001288
0.001285
0.001282
0.001279
0.001277
0.001274
0.001271
0.001269
0.001267
0.001265
0.001263
0.001261
0.001259
0.001258
0.001256
0.001254
0.001253
0.001252
0.001251
0.001249
0.001248
0.001246
0.001244
0.001243
0.001242
0.001240
0.001239
0.001237
0.001236
0.001234
0.001233
0.001233
0.001231
0.001229
0.001228
0.001227
0.001226
0.001225
0.001225
0.001223
0.001222
0.001221
0.001220
0.001219
0.001218
0.001216
0.001216
0.001214
0.001214
0.001213
0.001212
0.001211
0.001210
0.001209
0.001209
0.001208
0.001207
0.001206
0.001206
0.001205
0.001204
0.001204
0.001203
0.001202
0.001201
0.001201
0.001200
0.001199
0.001198
0.001199
0.001198
0.001197
0.001197
0.001196
0.001196
0.001150
0.001170
0.001193
0.001204
0.001208
0.001209
0.001207
0.001204
0.001202
0.001199
0.001197
0.001194
0.001192
0.001190
0.001189
0.001187
0.001186
0.001185
0.001183
0.001182
0.001181
0.001180
0.001179
0.001178
0.001177
0.001177
0.001175
0.001175
0.001174
0.001173
0.001173
0.001172
0.001171
0.001170
0.001170
0.001169
0.001169
0.001168
0.001168
0.001168
0.001167
0.001167
0.001166
0.001165
0.001165
0.001164
0.001164
0.001163
0.001163
0.001162
0.001161
0.001161
0.001161
0.001160
0.001160
0.001160
0.001159
0.001159
0.001158
0.001158
0.001158
0.001157
0.001157
0.001157
0.001157
0.001156
0.001156
0.001156
0.001155
0.001155
0.001155
0.001154
0.001154
0.001154
0.001154
0.001153
0.001153
0.001153
0.001153
0.001152
0.001152
0.001152
0.001152
0.001151
0.001151
0.001150
0.001149
0.001149
0.001149
0.001148
0.001148
0.001148
0.001148
0.001147
0.001147
0.001147
0.001146
0.001146
0.001146
0.001146
0.001137
0.001114
0.001103
0.001101
0.001100
0.001101
0.001101
0.001101
0.001101
0.001101
0.001101
0.001101
0.001101
0.001101
0.001101
0.001101
0.001101
0.001101
0.001101
0.001101
0.001101
0.001101
0.001101
0.001101
0.001101
0.001101
0.001101
0.001101
0.001101
0.001101
0.001101
0.001101
0.001101
0.001100
0.001100
0.001100
0.001100
0.001100
0.001100
0.001100
0.001100
0.001100
0.001100
0.001100
0.001100
0.001099
0.001099
0.001099
0.001099
0.001099
0.001099
0.001099
0.001098
0.001098
0.001098
0.001098
0.001098
0.001097
0.001097
0.001097
0.001096
0.001096
0.001096
0.001096
0.001096
0.001095
0.001095
0.001095
0.001095
0.001094
0.001094
0.001094
0.001094
0.001094
0.001093
0.001093
0.001093
0.001093
0.001092
0.001092
0.001092
0.001092
0.001092
0.001091
0.001091
0.001091
0.001091
0.001091
0.001091
0.001090
0.001090
0.001090
0.001090
0.001090
0.001090
0.001090
0.001089
0.001089
0.001089
0.001089
0.001076
0.001067
0.001063
0.001063
0.001063
0.001063
0.001063
0.001063
0.001063
0.001063
0.001062
0.001062
0.001062
0.001062
0.001062
0.001062
0.001062
0.001062
0.001062
0.001062
0.001061
0.001061
0.001061
0.001061
0.001061
0.001061
0.001061
0.001061
0.001061
0.001061
0.001061
0.001060
0.001060
0.001060
0.001060
0.001060
0.001060
0.001060
0.001060
0.001060
0.001060
0.001060
0.001060
0.001059
0.001059
0.001059
0.001059
0.001059
0.001059
0.001059
0.001059
0.001059
0.001059
0.001059
0.001059
0.001058
0.001058
0.001058
0.001058
0.001058
0.001058
0.001058
0.001058
0.001058
0.001058
0.001058
0.001058
0.001058
0.001058
0.001057
0.001057
0.001057
0.001057
0.001057
0.001057
0.001057
0.001057
0.001057
0.001057
0.001057
0.001057
0.001057
0.001057
0.001057
0.001056
0.001056
0.001056
0.001056
0.001056
0.001056
0.001056
0.001056
0.001056
0.001056
0.001056
0.001056
0.001056
0.001056
0.001056
0.001056
