0.485890
0.410968
0.301237
0.175179
0.073371
0.046923
0.031908
0.022276
0.016050
0.011883
0.009496
0.008111
0.007298
0.006835
0.006498
0.006259
0.006113
0.005985
0.005857
0.005729
0.005602
0.005481
0.005361
0.005242
0.005123
0.005015
0.004911
0.004807
0.004706
0.004607
0.004506
0.004400
0.004286
0.004172
0.004062
0.003954
0.003855
0.003767
0.003687
0.003614
0.003549
0.003493
0.003438
0.003389
0.003344
0.003303
0.003266
0.003232
0.003198
0.003162
0.003129
0.003097
0.003068
0.003039
0.003013
0.002988
0.002961
0.002937
0.002912
0.002889
0.002865
0.002844
0.002822
0.002800
0.002780
0.002760
0.002740
0.002723
0.002705
0.002687
0.002670
0.002652
0.002634
0.002617
0.002600
0.002582
0.002564
0.002547
0.002528
0.002507
0.002490
0.002463
0.002435
0.002403
0.002369
0.002331
0.002299
0.002260
0.002220
0.002171
0.002119
0.002068
0.002024
0.001994
0.001960
0.001935
0.001910
0.001888
0.001867
0.001852
0.001758
0.001755
0.001751
0.001747
0.001744
0.001739
0.001734
0.001729
0.001722
0.001717
0.001712
0.001709
0.001705
0.001701
0.001697
0.001693
0.001689
0.001684
0.001679
0.001675
0.001672
0.001669
0.001665
0.001661
0.001658
0.001655
0.001652
0.001649
0.001647
0.001644
0.001641
0.001639
0.001637
0.001634
0.001632
0.001629
0.001627
0.001625
0.001623
0.001621
0.001619
0.001617
0.001615
0.001613
0.001611
0.001609
0.001608
0.001606
0.001604
0.001603
0.001601
0.001600
0.001598
0.001596
0.001595
0.001593
0.001592
0.001590
0.001589
0.001588
0.001586
0.001585
0.001584
0.001583
0.001582
0.001581
0.001580
0.001579
0.001578
0.001577
0.001575
0.001574
0.001573
0.001572
0.001571
0.001571
0.001569
0.001569
0.001567
0.001566
0.001566
0.001565
0.001564
0.001564
0.001563
0.001562
0.001561
0.001561
0.001560
0.001559
0.001559
0.001557
0.001557
0.001556
0.001555
0.001555
0.001554
0.001553
0.001553
0.001552
0.001529
0.001542
0.001548
0.001551
0.001548
0.001547
0.001546
0.001546
0.001546
0.001545
0.001545
0.001544
0.001543
0.001542
0.001541
0.001541
0.001540
0.001538
0.001534
0.001532
0.001530
0.001528
0.001526
0.001524
0.001523
0.001522
0.001521
0.001520
0.001518
0.001518
0.001516
0.001516
0.001515
0.001514
0.001514
0.001513
0.001512
0.001511
0.001510
0.001509
0.001508
0.001507
0.001506
0.001506
0.001505
0.001504
0.001503
0.001503
0.001503
0.001502
0.001502
0.001501
0.001500
0.001499
0.001498
0.001498
0.001497
0.001496
0.001495
0.001494
0.001493
0.001492
0.001491
0.001490
0.001489
0.001488
0.001487
0.001486
0.001485
0.001484
0.001483
0.001482
0.001481
0.001480
0.001478
0.001477
0.001476
0.001475
0.001474
0.001474
0.001473
0.001472
0.001471
0.001470
0.001469
0.001468
0.001467
0.001466
0.001465
0.001464
0.001462
0.001461
0.001459
0.001458
0.001456
0.001454
0.001453
0.001452
0.001451
0.001450
0.001436
0.001418
0.001412
0.001412
0.001411
0.001411
0.001410
0.001410
0.001409
0.001408
0.001407
0.001407
0.001406
0.001406
0.001405
0.001404
0.001404
0.001403
0.001402
0.001401
0.001401
0.001400
0.001399
0.001398
0.001397
0.001396
0.001396
0.001395
0.001394
0.001394
0.001393
0.001392
0.001392
0.001391
0.001391
0.001390
0.001389
0.001389
0.001388
0.001388
0.001387
0.001387
0.001386
0.001386
0.001385
0.001385
0.001385
0.001384
0.001384
0.001383
0.001383
0.001382
0.001382
0.001381
0.001381
0.001381
0.001380
0.001380
0.001379
0.001379
0.001378
0.001378
0.001378
0.001377
0.001377
0.001376
0.001376
0.001375
0.001375
0.001374
0.001374
0.001373
0.001373
0.001372
0.001372
0.001371
0.001371
0.001370
0.001370
0.001370
0.001369
0.001369
0.001368
0.001368
0.001368
0.001367
0.001367
0.001366
0.001366
0.001366
0.001365
0.001365
0.001364
0.001364
0.001364
0.001363
0.001363
0.001363
0.001362
0.001362
0.001356
0.001357
0.001360
0.001361
0.001362
0.001362
0.001362
0.001362
0.001362
0.001362
0.001362
0.001361
0.001361
0.001361
0.001361
0.001361
0.001360
0.001360
0.001360
0.001360
0.001359
0.001359
0.001359
0.001359
0.001358
0.001358
0.001358
0.001357
0.001357
0.001357
0.001357
0.001356
0.001356
0.001356
0.001356
0.001355
0.001355
0.001355
0.001355
0.001354
0.001354
0.001354
0.001353
0.001353
0.001353
0.001353
0.001352
0.001352
0.001352
0.001352
0.001351
0.001351
0.001351
0.001351
0.001350
0.001350
0.001350
0.001349
0.001349
0.001349
0.001349
0.001348
0.001348
0.001348
0.001348
0.001347
0.001347
0.001347
0.001347
0.001346
0.001346
0.001346
0.001346
0.001345
0.001345
0.001345
0.001345
0.001344
0.001344
0.001344
0.001344
0.001343
0.001343
0.001343
0.001343
0.001342
0.001342
0.001342
0.001342
0.001341
0.001341
0.001341
0.001341
0.001340
0.001340
0.001340
0.001340
0.001339
0.001339
0.001339
