0.435331
0.171263
0.031293
0.015868
0.009583
0.007494
0.006405
0.006034
0.005853
0.005715
0.005586
0.005460
0.005355
0.005263
0.005171
0.005078
0.004980
0.004873
0.004756
0.004627
0.004495
0.004351
0.004198
0.004051
0.003912
0.003788
0.003671
0.003559
0.003459
0.003364
0.003270
0.003183
0.003100
0.003023
0.002948
0.002874
0.002803
0.002733
0.002663
0.002595
0.002526
0.002453
0.002386
0.002325
0.002269
0.002218
0.002173
0.002133
0.002096
0.002062
0.002029
0.001999
0.001967
0.001936
0.001907
0.001879
0.001851
0.001823
0.001796
0.001770
0.001745
0.001721
0.001697
0.001675
0.001654
0.001633
0.001615
0.001597
0.001581
0.001565
0.001549
0.001533
0.001515
0.001498
0.001480
0.001463
0.001444
0.001426
0.001408
0.001391
0.001376
0.001359
0.001342
0.001323
0.001305
0.001287
0.001268
0.001250
0.001233
0.001216
0.001201
0.001183
0.001164
0.001146
0.001128
0.001111
0.001096
0.001080
0.001064
0.001050
0.000992
0.000975
0.000969
0.000964
0.000958
0.000950
0.000943
0.000936
0.000929
0.000922
0.000915
0.000908
0.000902
0.000895
0.000889
0.000882
0.000876
0.000870
0.000864
0.000858
0.000852
0.000846
0.000840
0.000835
0.000829
0.000823
0.000817
0.000812
0.000806
0.000800
0.000795
0.000789
0.000784
0.000778
0.000772
0.000767
0.000762
0.000756
0.000751
0.000746
0.000741
0.000736
0.000731
0.000727
0.000722
0.000718
0.000713
0.000708
0.000703
0.000698
0.000694
0.000690
0.000686
0.000681
0.000676
0.000672
0.000667
0.000663
0.000659
0.000655
0.000652
0.000649
0.000646
0.000643
0.000640
0.000637
0.000635
0.000632
0.000630
0.000627
0.000625
0.000623
0.000621
0.000619
0.000617
0.000615
0.000613
0.000611
0.000609
0.000608
0.000606
0.000603
0.000600
0.000598
0.000595
0.000593
0.000591
0.000589
0.000587
0.000586
0.000585
0.000583
0.000581
0.000578
0.000576
0.000574
0.000571
0.000568
0.000566
0.000563
0.000539
0.000531
0.000531
0.000529
0.000527
0.000526
0.000525
0.000524
0.000523
0.000523
0.000522
0.000521
0.000520
0.000519
0.000519
0.000518
0.000517
0.000516
0.000515
0.000515
0.000514
0.000513
0.000512
0.000512
0.000511
0.000511
0.000510
0.000509
0.000509
0.000508
0.000507
0.000507
0.000506
0.000505
0.000505
0.000504
0.000504
0.000503
0.000502
0.000502
0.000501
0.000500
0.000500
0.000499
0.000499
0.000498
0.000498
0.000497
0.000497
0.000496
0.000495
0.000495
0.000495
0.000494
0.000494
0.000493
0.000493
0.000492
0.000492
0.000492
0.000491
0.000491
0.000491
0.000490
0.000490
0.000490
0.000490
0.000489
0.000489
0.000489
0.000488
0.000488
0.000488
0.000488
0.000488
0.000487
0.000487
0.000487
0.000487
0.000487
0.000487
0.000486
0.000486
0.000486
0.000486
0.000486
0.000486
0.000486
0.000485
0.000485
0.000485
0.000485
0.000484
0.000484
0.000484
0.000484
0.000483
0.000483
0.000483
0.000483
0.000471
0.000471
0.000473
0.000476
0.000477
0.000477
0.000477
0.000477
0.000477
0.000477
0.000477
0.000476
0.000476
0.000476
0.000476
0.000475
0.000475
0.000475
0.000474
0.000474
0.000474
0.000474
0.000473
0.000473
0.000473
0.000473
0.000472
0.000472
0.000472
0.000472
0.000472
0.000471
0.000471
0.000471
0.000471
0.000471
0.000470
0.000470
0.000470
0.000470
0.000470
0.000470
0.000470
0.000469
0.000469
0.000469
0.000469
0.000469
0.000469
0.000469
0.000469
0.000468
0.000468
0.000468
0.000468
0.000468
0.000468
0.000468
0.000467
0.000467
0.000467
0.000467
0.000467
0.000467
0.000467
0.000467
0.000467
0.000467
0.000467
0.000466
0.000466
0.000466
0.000466
0.000466
0.000466
0.000466
0.000466
0.000466
0.000466
0.000466
0.000466
0.000465
0.000465
0.000465
0.000465
0.000465
0.000465
0.000465
0.000465
0.000464
0.000464
0.000464
0.000464
0.000464
0.000464
0.000463
0.000463
0.000463
0.000463
0.000463
0.000458
0.000451
0.000452
0.000452
0.000452
0.000452
0.000451
0.000451
0.000451
0.000451
0.000451
0.000451
0.000451
0.000451
0.000451
0.000451
0.000451
0.000450
0.000450
0.000450
0.000450
0.000450
0.000450
0.000450
0.000450
0.000450
0.000450
0.000450
0.000450
0.000450
0.000450
0.000450
0.000449
0.000449
0.000449
0.000449
0.000449
0.000449
0.000449
0.000449
0.000449
0.000449
0.000449
0.000449
0.000449
0.000449
0.000449
0.000449
0.000448
0.000448
0.000448
0.000448
0.000448
0.000448
0.000448
0.000448
0.000448
0.000448
0.000448
0.000448
0.000448
0.000448
0.000448
0.000448
0.000448
0.000448
0.000448
0.000448
0.000447
0.000447
0.000447
0.000447
0.000447
0.000447
0.000447
0.000447
0.000447
0.000447
0.000447
0.000447
0.000447
0.000447
0.000447
0.000447
0.000447
0.000446
0.000446
0.000446
0.000446
0.000446
0.000446
0.000446
0.000446
0.000446
0.000446
0.000446
0.000446
0.000446
0.000446
0.000446
