0.337745
0.079044
0.039953
0.022492
0.011762
0.006225
0.004428
0.003810
0.003536
0.003296
0.003090
0.002911
0.002749
0.002607
0.002478
0.002356
0.002241
0.002138
0.002048
0.001968
0.001896
0.001832
0.001777
0.001729
0.001687
0.001650
0.001617
0.001588
0.001564
0.001539
0.001518
0.001500
0.001482
0.001463
0.001449
0.001433
0.001418
0.001403
0.001389
0.001374
0.001361
0.001349
0.001338
0.001327
0.001318
0.001308
0.001300
0.001291
0.001283
0.001276
0.001269
0.001261
0.001254
0.001249
0.001244
0.001237
0.001230
0.001222
0.001217
0.001209
0.001203
0.001197
0.001192
0.001187
0.001181
0.001175
0.001170
0.001165
0.001160
0.001156
0.001151
0.001146
0.001142
0.001137
0.001131
0.001126
0.001120
0.001114
0.001109
0.001104
0.001099
0.001093
0.001087
0.001081
0.001075
0.001070
0.001066
0.001062
0.001059
0.001057
0.001055
0.001052
0.001050
0.001048
0.001046
0.001045
0.001042
0.001040
0.001037
0.001035
0.000998
0.000987
0.000979
0.000975
0.000976
0.000974
0.000974
0.000975
0.000976
0.000976
0.000977
0.000977
0.000977
0.000978
0.000978
0.000978
0.000979
0.000979
0.000979
0.000979
0.000979
0.000979
0.000979
0.000979
0.000979
0.000979
0.000979
0.000979
0.000979
0.000978
0.000978
0.000978
0.000978
0.000977
0.000977
0.000976
0.000976
0.000975
0.000975
0.000974
0.000974
0.000973
0.000973
0.000972
0.000971
0.000971
0.000970
0.000970
0.000969
0.000968
0.000967
0.000966
0.000966
0.000965
0.000964
0.000963
0.000963
0.000962
0.000961
0.000961
0.000960
0.000959
0.000958
0.000958
0.000956
0.000956
0.000955
0.000955
0.000954
0.000953
0.000952
0.000951
0.000950
0.000950
0.000949
0.000948
0.000948
0.000947
0.000946
0.000946
0.000945
0.000944
0.000943
0.000942
0.000941
0.000941
0.000940
0.000939
0.000938
0.000937
0.000937
0.000936
0.000935
0.000934
0.000933
0.000932
0.000931
0.000930
0.000929
0.000929
0.000901
0.000893
0.000906
0.000910
0.000909
0.000908
0.000907
0.000906
0.000905
0.000904
0.000903
0.000903
0.000902
0.000901
0.000900
0.000899
0.000898
0.000897
0.000897
0.000896
0.000895
0.000894
0.000893
0.000892
0.000891
0.000891
0.000890
0.000889
0.000889
0.000888
0.000887
0.000887
0.000886
0.000885
0.000885
0.000884
0.000884
0.000883
0.000882
0.000882
0.000882
0.000881
0.000881
0.000880
0.000880
0.000879
0.000879
0.000879
0.000878
0.000878
0.000878
0.000877
0.000877
0.000877
0.000877
0.000876
0.000876
0.000876
0.000876
0.000875
0.000875
0.000875
0.000875
0.000874
0.000874
0.000874
0.000874
0.000874
0.000874
0.000874
0.000873
0.000873
0.000873
0.000873
0.000873
0.000873
0.000873
0.000873
0.000873
0.000873
0.000872
0.000872
0.000872
0.000872
0.000872
0.000872
0.000872
0.000872
0.000872
0.000872
0.000872
0.000872
0.000872
0.000871
0.000871
0.000871
0.000871
0.000871
0.000871
0.000871
0.000869
0.000883
0.000887
0.000885
0.000882
0.000880
0.000879
0.000879
0.000879
0.000878
0.000878
0.000878
0.000878
0.000877
0.000877
0.000877
0.000877
0.000876
0.000876
0.000876
0.000876
0.000875
0.000875
0.000875
0.000875
0.000875
0.000875
0.000875
0.000874
0.000874
0.000874
0.000874
0.000874
0.000874
0.000874
0.000873
0.000873
0.000873
0.000873
0.000873
0.000873
0.000873
0.000873
0.000872
0.000872
0.000872
0.000872
0.000872
0.000872
0.000872
0.000872
0.000871
0.000871
0.000871
0.000871
0.000871
0.000871
0.000871
0.000871
0.000870
0.000870
0.000870
0.000870
0.000870
0.000870
0.000870
0.000870
0.000870
0.000869
0.000869
0.000869
0.000869
0.000869
0.000869
0.000869
0.000869
0.000869
0.000868
0.000868
0.000868
0.000868
0.000868
0.000868
0.000868
0.000868
0.000868
0.000867
0.000867
0.000867
0.000867
0.000867
0.000867
0.000867
0.000867
0.000867
0.000866
0.000866
0.000866
0.000866
0.000866
0.000856
0.000843
0.000840
0.000841
0.000841
0.000840
0.000840
0.000840
0.000840
0.000840
0.000840
0.000840
0.000840
0.000840
0.000840
0.000840
0.000840
0.000840
0.000840
0.000840
0.000840
0.000840
0.000840
0.000840
0.000840
0.000840
0.000840
0.000840
0.000840
0.000840
0.000840
0.000840
0.000840
0.000839
0.000839
0.000839
0.000839
0.000839
0.000839
0.000839
0.000839
0.000839
0.000839
0.000839
0.000839
0.000839
0.000839
0.000839
0.000839
0.000839
0.000839
0.000839
0.000839
0.000839
0.000839
0.000839
0.000839
0.000839
0.000839
0.000839
0.000839
0.000839
0.000839
0.000839
0.000839
0.000839
0.000839
0.000839
0.000839
0.000839
0.000839
0.000839
0.000839
0.000839
0.000839
0.000839
0.000839
0.000839
0.000839
0.000839
0.000839
0.000839
0.000839
0.000839
0.000839
0.000839
0.000839
0.000839
0.000839
0.000839
0.000839
0.000839
0.000838
0.000838
0.000839
0.000838
0.000838
0.000838
0.000838
0.000838
