0.430941
0.306741
0.249611
0.162992
0.056311
0.033767
0.018627
0.011983
0.009497
0.008241
0.007690
0.007354
0.007091
0.006861
0.006645
0.006430
0.006217
0.006009
0.005695
0.005222
0.004783
0.004463
0.004225
0.004050
0.003916
0.003808
0.003714
0.003634
0.003562
0.003498
0.003440
0.003387
0.003339
0.003293
0.003248
0.003205
0.003167
0.003129
0.003088
0.003051
0.003015
0.002975
0.002937
0.002900
0.002863
0.002827
0.002792
0.002755
0.002717
0.002680
0.002642
0.002602
0.002564
0.002523
0.002486
0.002446
0.002408
0.002369
0.002331
0.002292
0.002252
0.002216
0.002177
0.002144
0.002110
0.002073
0.002042
0.002008
0.001979
0.001950
0.001924
0.001898
0.001873
0.001853
0.001829
0.001810
0.001792
0.001775
0.001758
0.001743
0.001730
0.001718
0.001705
0.001694
0.001683
0.001673
0.001663
0.001654
0.001645
0.001635
0.001629
0.001622
0.001613
0.001610
0.001602
0.001595
0.001591
0.001584
0.001577
0.001574
0.001526
0.001536
0.001547
0.001551
0.001549
0.001545
0.001541
0.001537
0.001533
0.001530
0.001526
0.001523
0.001521
0.001518
0.001515
0.001513
0.001511
0.001508
0.001506
0.001503
0.001501
0.001499
0.001497
0.001494
0.001492
0.001490
0.001488
0.001486
0.001484
0.001482
0.001480
0.001478
0.001475
0.001473
0.001471
0.001469
0.001467
0.001465
0.001463
0.001462
0.001460
0.001458
0.001456
0.001453
0.001451
0.001449
0.001447
0.001445
0.001442
0.001440
0.001438
0.001436
0.001432
0.001430
0.001428
0.001426
0.001423
0.001421
0.001419
0.001417
0.001414
0.001412
0.001410
0.001408
0.001406
0.001404
0.001402
0.001400
0.001398
0.001396
0.001395
0.001393
0.001392
0.001390
0.001389
0.001387
0.001386
0.001385
0.001384
0.001382
0.001381
0.001380
0.001379
0.001378
0.001376
0.001375
0.001374
0.001373
0.001373
0.001372
0.001371
0.001370
0.001369
0.001368
0.001367
0.001366
0.001366
0.001365
0.001364
0.001363
0.001334
0.001331
0.001327
0.001331
0.001331
0.001330
0.001330
0.001329
0.001329
0.001328
0.001328
0.001327
0.001327
0.001326
0.001325
0.001325
0.001325
0.001324
0.001324
0.001324
0.001323
0.001323
0.001323
0.001322
0.001322
0.001322
0.001321
0.001321
0.001321
0.001321
0.001320
0.001320
0.001320
0.001320
0.001320
0.001320
0.001319
0.001319
0.001319
0.001319
0.001319
0.001319
0.001319
0.001319
0.001319
0.001319
0.001319
0.001319
0.001318
0.001318
0.001318
0.001319
0.001318
0.001318
0.001319
0.001318
0.001318
0.001318
0.001318
0.001318
0.001318
0.001318
0.001318
0.001318
0.001318
0.001318
0.001317
0.001317
0.001317
0.001317
0.001317
0.001316
0.001316
0.001316
0.001316
0.001316
0.001316
0.001315
0.001315
0.001315
0.001315
0.001315
0.001314
0.001314
0.001314
0.001314
0.001313
0.001313
0.001313
0.001312
0.001312
0.001312
0.001311
0.001311
0.001311
0.001310
0.001310
0.001309
0.001309
0.001309
0.001299
0.001294
0.001291
0.001292
0.001293
0.001293
0.001294
0.001294
0.001294
0.001294
0.001294
0.001294
0.001294
0.001294
0.001293
0.001293
0.001293
0.001293
0.001293
0.001293
0.001293
0.001292
0.001292
0.001292
0.001292
0.001292
0.001292
0.001291
0.001291
0.001291
0.001291
0.001291
0.001291
0.001290
0.001290
0.001290
0.001290
0.001290
0.001289
0.001289
0.001289
0.001289
0.001289
0.001288
0.001288
0.001288
0.001288
0.001288
0.001287
0.001287
0.001287
0.001287
0.001286
0.001286
0.001286
0.001286
0.001286
0.001285
0.001285
0.001285
0.001285
0.001284
0.001284
0.001284
0.001283
0.001283
0.001283
0.001283
0.001282
0.001282
0.001282
0.001281
0.001281
0.001281
0.001281
0.001280
0.001280
0.001280
0.001279
0.001279
0.001279
0.001278
0.001278
0.001278
0.001277
0.001277
0.001277
0.001276
0.001276
0.001276
0.001275
0.001275
0.001274
0.001274
0.001274
0.001273
0.001273
0.001272
0.001272
0.001272
0.001261
0.001254
0.001253
0.001253
0.001253
0.001253
0.001252
0.001252
0.001252
0.001252
0.001252
0.001251
0.001251
0.001251
0.001251
0.001250
0.001250
0.001250
0.001250
0.001249
0.001249
0.001249
0.001249
0.001249
0.001248
0.001248
0.001248
0.001248
0.001247
0.001247
0.001247
0.001247
0.001246
0.001246
0.001246
0.001246
0.001245
0.001245
0.001245
0.001245
0.001244
0.001244
0.001244
0.001244
0.001243
0.001243
0.001243
0.001243
0.001242
0.001242
0.001242
0.001242
0.001241
0.001241
0.001241
0.001241
0.001240
0.001240
0.001240
0.001240
0.001239
0.001239
0.001239
0.001238
0.001238
0.001238
0.001237
0.001237
0.001237
0.001237
0.001236
0.001236
0.001236
0.001235
0.001235
0.001235
0.001234
0.001234
0.001234
0.001233
0.001233
0.001233
0.001232
0.001232
0.001232
0.001231
0.001231
0.001231
0.001230
0.001230
0.001229
0.001229
0.001229
0.001228
0.001228
0.001228
0.001227
0.001227
0.001227
0.001226
