0.361478
0.138674
0.050777
0.031492
0.020195
0.013373
0.010163
0.008743
0.008059
0.007574
0.007161
0.006788
0.006439
0.006116
0.005811
0.005533
0.005283
0.005062
0.004855
0.004662
0.004481
0.004317
0.004166
0.004021
0.003876
0.003732
0.003588
0.003455
0.003337
0.003236
0.003148
0.003069
0.002998
0.002932
0.002869
0.002810
0.002755
0.002701
0.002648
0.002599
0.002549
0.002503
0.002459
0.002417
0.002375
0.002334
0.002295
0.002257
0.002221
0.002188
0.002155
0.002125
0.002097
0.002070
0.002044
0.002020
0.001995
0.001972
0.001948
0.001925
0.001905
0.001886
0.001868
0.001850
0.001832
0.001815
0.001797
0.001781
0.001764
0.001747
0.001729
0.001712
0.001696
0.001680
0.001664
0.001648
0.001635
0.001623
0.001612
0.001602
0.001593
0.001584
0.001576
0.001568
0.001561
0.001554
0.001548
0.001542
0.001535
0.001528
0.001522
0.001514
0.001508
0.001501
0.001495
0.001489
0.001483
0.001478
0.001473
0.001467
0.001424
0.001431
0.001424
0.001422
0.001418
0.001415
0.001411
0.001407
0.001404
0.001400
0.001396
0.001392
0.001389
0.001385
0.001381
0.001378
0.001375
0.001371
0.001368
0.001365
0.001361
0.001358
0.001355
0.001352
0.001349
0.001346
0.001342
0.001340
0.001337
0.001334
0.001331
0.001328
0.001326
0.001323
0.001321
0.001319
0.001316
0.001314
0.001312
0.001309
0.001307
0.001304
0.001302
0.001300
0.001298
0.001296
0.001293
0.001291
0.001288
0.001285
0.001283
0.001280
0.001277
0.001275
0.001272
0.001269
0.001266
0.001263
0.001260
0.001257
0.001254
0.001251
0.001248
0.001244
0.001241
0.001238
0.001235
0.001231
0.001228
0.001224
0.001221
0.001217
0.001214
0.001211
0.001207
0.001204
0.001201
0.001198
0.001194
0.001191
0.001187
0.001184
0.001181
0.001179
0.001176
0.001173
0.001170
0.001168
0.001165
0.001163
0.001160
0.001158
0.001155
0.001152
0.001149
0.001146
0.001143
0.001141
0.001138
0.001136
0.001111
0.001118
0.001123
0.001123
0.001122
0.001121
0.001120
0.001119
0.001117
0.001116
0.001115
0.001114
0.001114
0.001113
0.001112
0.001111
0.001110
0.001109
0.001108
0.001107
0.001106
0.001106
0.001105
0.001104
0.001103
0.001102
0.001102
0.001101
0.001100
0.001099
0.001099
0.001098
0.001097
0.001097
0.001096
0.001095
0.001094
0.001093
0.001092
0.001092
0.001091
0.001090
0.001089
0.001088
0.001087
0.001086
0.001086
0.001085
0.001084
0.001083
0.001082
0.001081
0.001080
0.001079
0.001079
0.001078
0.001077
0.001076
0.001076
0.001075
0.001074
0.001073
0.001073
0.001072
0.001071
0.001070
0.001069
0.001068
0.001067
0.001066
0.001064
0.001063
0.001062
0.001061
0.001060
0.001059
0.001059
0.001058
0.001057
0.001057
0.001056
0.001055
0.001054
0.001053
0.001052
0.001051
0.001051
0.001050
0.001049
0.001048
0.001047
0.001047
0.001046
0.001045
0.001044
0.001044
0.001043
0.001043
0.001042
0.001041
0.001034
0.001022
0.001016
0.001015
0.001014
0.001015
0.001015
0.001014
0.001014
0.001014
0.001013
0.001013
0.001013
0.001012
0.001012
0.001012
0.001012
0.001011
0.001011
0.001011
0.001011
0.001010
0.001010
0.001010
0.001010
0.001009
0.001009
0.001009
0.001008
0.001008
0.001008
0.001008
0.001007
0.001007
0.001007
0.001007
0.001006
0.001006
0.001006
0.001005
0.001005
0.001005
0.001005
0.001004
0.001004
0.001004
0.001004
0.001003
0.001003
0.001003
0.001003
0.001002
0.001002
0.001002
0.001001
0.001001
0.001001
0.001000
0.001000
0.001000
0.000999
0.000999
0.000999
0.000999
0.000998
0.000998
0.000998
0.000997
0.000997
0.000997
0.000996
0.000996
0.000996
0.000995
0.000995
0.000995
0.000995
0.000994
0.000994
0.000994
0.000993
0.000993
0.000993
0.000992
0.000992
0.000992
0.000992
0.000991
0.000991
0.000991
0.000990
0.000990
0.000990
0.000990
0.000989
0.000989
0.000989
0.000989
0.000988
0.000988
0.000980
0.000977
0.000975
0.000975
0.000975
0.000975
0.000975
0.000975
0.000974
0.000974
0.000974
0.000974
0.000974
0.000973
0.000973
0.000973
0.000973
0.000973
0.000973
0.000972
0.000972
0.000972
0.000972
0.000972
0.000972
0.000971
0.000971
0.000971
0.000971
0.000971
0.000971
0.000970
0.000970
0.000970
0.000970
0.000970
0.000970
0.000969
0.000969
0.000969
0.000969
0.000969
0.000968
0.000968
0.000968
0.000968
0.000968
0.000967
0.000967
0.000967
0.000967
0.000967
0.000966
0.000966
0.000966
0.000966
0.000966
0.000966
0.000965
0.000965
0.000965
0.000965
0.000965
0.000964
0.000964
0.000964
0.000964
0.000964
0.000964
0.000963
0.000963
0.000963
0.000963
0.000963
0.000962
0.000962
0.000962
0.000962
0.000962
0.000962
0.000961
0.000961
0.000961
0.000961
0.000961
0.000961
0.000960
0.000960
0.000960
0.000960
0.000960
0.000960
0.000960
0.000959
0.000959
0.000959
0.000959
0.000959
0.000959
0.000958
