0.424589
0.232624
0.091252
0.047582
0.033542
0.026838
0.021646
0.016949
0.013065
0.010296
0.008813
0.008192
0.007897
0.007705
0.007562
0.007452
0.007356
0.007256
0.007127
0.006944
0.006797
0.006705
0.006618
0.006531
0.006440
0.006348
0.006258
0.006168
0.006080
0.005990
0.005896
0.005805
0.005713
0.005620
0.005522
0.005415
0.005298
0.005176
0.005066
0.004962
0.004861
0.004762
0.004664
0.004567
0.004469
0.004370
0.004268
0.004167
0.004071
0.003982
0.003904
0.003831
0.003765
0.003701
0.003640
0.003579
0.003519
0.003461
0.003406
0.003350
0.003294
0.003239
0.003183
0.003126
0.003064
0.002994
0.002919
0.002837
0.002758
0.002678
0.002590
0.002501
0.002416
0.002334
0.002261
0.002201
0.002154
0.002114
0.002083
0.002057
0.002032
0.002006
0.001982
0.001961
0.001944
0.001925
0.001904
0.001887
0.001871
0.001856
0.001841
0.001829
0.001817
0.001802
0.001790
0.001777
0.001763
0.001752
0.001742
0.001734
0.001670
0.001665
0.001671
0.001670
0.001670
0.001667
0.001665
0.001662
0.001660
0.001657
0.001655
0.001652
0.001649
0.001647
0.001643
0.001640
0.001637
0.001633
0.001630
0.001627
0.001624
0.001621
0.001618
0.001615
0.001612
0.001609
0.001606
0.001603
0.001600
0.001596
0.001593
0.001590
0.001587
0.001584
0.001581
0.001577
0.001574
0.001571
0.001568
0.001565
0.001561
0.001558
0.001555
0.001552
0.001548
0.001544
0.001539
0.001534
0.001529
0.001525
0.001521
0.001516
0.001512
0.001508
0.001503
0.001499
0.001495
0.001491
0.001486
0.001481
0.001476
0.001471
0.001466
0.001462
0.001458
0.001454
0.001449
0.001445
0.001442
0.001439
0.001436
0.001434
0.001432
0.001430
0.001428
0.001426
0.001424
0.001423
0.001421
0.001419
0.001418
0.001416
0.001415
0.001414
0.001413
0.001412
0.001411
0.001410
0.001409
0.001408
0.001407
0.001407
0.001406
0.001405
0.001405
0.001404
0.001403
0.001403
0.001402
0.001401
0.001392
0.001397
0.001392
0.001391
0.001389
0.001388
0.001388
0.001388
0.001388
0.001388
0.001387
0.001387
0.001387
0.001387
0.001386
0.001386
0.001386
0.001386
0.001386
0.001386
0.001386
0.001386
0.001386
0.001386
0.001386
0.001386
0.001386
0.001385
0.001385
0.001385
0.001385
0.001385
0.001385
0.001385
0.001385
0.001385
0.001385
0.001385
0.001385
0.001385
0.001385
0.001385
0.001385
0.001385
0.001385
0.001385
0.001385
0.001385
0.001385
0.001385
0.001385
0.001385
0.001385
0.001385
0.001385
0.001385
0.001385
0.001385
0.001385
0.001385
0.001385
0.001385
0.001385
0.001385
0.001385
0.001385
0.001385
0.001385
0.001385
0.001385
0.001385
0.001385
0.001385
0.001385
0.001385
0.001385
0.001384
0.001384
0.001384
0.001384
0.001384
0.001384
0.001384
0.001384
0.001383
0.001383
0.001383
0.001383
0.001383
0.001383
0.001383
0.001383
0.001382
0.001382
0.001382
0.001382
0.001382
0.001382
0.001382
0.001382
0.001368
0.001373
0.001379
0.001382
0.001381
0.001379
0.001376
0.001375
0.001374
0.001373
0.001373
0.001372
0.001372
0.001372
0.001371
0.001371
0.001371
0.001370
0.001370
0.001370
0.001369
0.001369
0.001369
0.001369
0.001369
0.001368
0.001368
0.001368
0.001368
0.001368
0.001368
0.001367
0.001367
0.001367
0.001367
0.001367
0.001367
0.001367
0.001366
0.001366
0.001366
0.001366
0.001366
0.001366
0.001366
0.001366
0.001366
0.001365
0.001365
0.001365
0.001365
0.001365
0.001365
0.001365
0.001365
0.001365
0.001365
0.001365
0.001364
0.001364
0.001364
0.001364
0.001364
0.001364
0.001364
0.001364
0.001364
0.001364
0.001364
0.001364
0.001364
0.001363
0.001363
0.001363
0.001363
0.001363
0.001363
0.001363
0.001363
0.001363
0.001363
0.001363
0.001363
0.001363
0.001363
0.001363
0.001362
0.001362
0.001362
0.001362
0.001362
0.001362
0.001362
0.001362
0.001362
0.001362
0.001362
0.001362
0.001362
0.001362
0.001351
0.001345
0.001345
0.001345
0.001346
0.001346
0.001346
0.001346
0.001346
0.001346
0.001346
0.001346
0.001346
0.001346
0.001346
0.001346
0.001346
0.001346
0.001345
0.001345
0.001345
0.001345
0.001345
0.001345
0.001345
0.001345
0.001345
0.001345
0.001345
0.001345
0.001345
0.001345
0.001345
0.001345
0.001345
0.001345
0.001345
0.001345
0.001345
0.001345
0.001345
0.001345
0.001345
0.001345
0.001345
0.001345
0.001345
0.001345
0.001345
0.001345
0.001345
0.001345
0.001345
0.001345
0.001345
0.001345
0.001345
0.001345
0.001345
0.001345
0.001345
0.001345
0.001345
0.001345
0.001345
0.001345
0.001345
0.001345
0.001345
0.001345
0.001345
0.001345
0.001345
0.001345
0.001344
0.001344
0.001344
0.001344
0.001344
0.001344
0.001344
0.001344
0.001344
0.001344
0.001344
0.001344
0.001344
0.001344
0.001344
0.001344
0.001344
0.001344
0.001344
0.001344
0.001344
0.001344
0.001344
0.001344
0.001344
0.001344
