0.294108
0.069279
0.043318
0.026456
0.014400
0.007732
0.006125
0.005664
0.005351
0.005118
0.004909
0.004721
0.004557
0.004403
0.004250
0.004101
0.003963
0.003831
0.003699
0.003565
0.003432
0.003299
0.003170
0.003047
0.002932
0.002824
0.002721
0.002620
0.002525
0.002437
0.002353
0.002274
0.002200
0.002131
0.002065
0.002001
0.001937
0.001878
0.001818
0.001761
0.001708
0.001658
0.001612
0.001569
0.001532
0.001498
0.001465
0.001435
0.001408
0.001384
0.001363
0.001343
0.001325
0.001309
0.001296
0.001283
0.001272
0.001262
0.001253
0.001245
0.001238
0.001231
0.001225
0.001220
0.001215
0.001211
0.001206
0.001202
0.001198
0.001194
0.001190
0.001186
0.001183
0.001179
0.001176
0.001174
0.001171
0.001167
0.001164
0.001162
0.001159
0.001156
0.001153
0.001149
0.001146
0.001142
0.001138
0.001136
0.001132
0.001128
0.001124
0.001121
0.001118
0.001114
0.001112
0.001109
0.001105
0.001101
0.001097
0.001092
0.001037
0.001032
0.001026
0.001021
0.001020
0.001019
0.001018
0.001017
0.001016
0.001015
0.001013
0.001012
0.001012
0.001011
0.001010
0.001009
0.001008
0.001008
0.001006
0.001005
0.001004
0.001003
0.001003
0.001002
0.001001
0.001000
0.000999
0.000998
0.000997
0.000996
0.000996
0.000995
0.000994
0.000994
0.000993
0.000992
0.000991
0.000990
0.000989
0.000988
0.000988
0.000987
0.000986
0.000985
0.000985
0.000984
0.000984
0.000983
0.000982
0.000981
0.000980
0.000979
0.000978
0.000977
0.000976
0.000976
0.000975
0.000974
0.000973
0.000972
0.000972
0.000971
0.000970
0.000969
0.000969
0.000968
0.000967
0.000966
0.000966
0.000965
0.000964
0.000963
0.000963
0.000962
0.000962
0.000961
0.000960
0.000959
0.000959
0.000958
0.000958
0.000958
0.000958
0.000958
0.000957
0.000957
0.000957
0.000956
0.000955
0.000955
0.000955
0.000954
0.000954
0.000952
0.000951
0.000951
0.000951
0.000950
0.000949
0.000948
0.000928
0.000932
0.000930
0.000931
0.000932
0.000931
0.000931
0.000930
0.000929
0.000929
0.000928
0.000928
0.000927
0.000927
0.000926
0.000926
0.000926
0.000925
0.000925
0.000925
0.000925
0.000924
0.000924
0.000924
0.000923
0.000923
0.000922
0.000922
0.000921
0.000921
0.000920
0.000920
0.000920
0.000920
0.000919
0.000919
0.000919
0.000918
0.000918
0.000917
0.000917
0.000916
0.000916
0.000916
0.000915
0.000915
0.000915
0.000914
0.000914
0.000914
0.000913
0.000913
0.000913
0.000912
0.000912
0.000912
0.000912
0.000911
0.000911
0.000911
0.000910
0.000910
0.000910
0.000910
0.000909
0.000909
0.000909
0.000909
0.000909
0.000908
0.000908
0.000908
0.000908
0.000908
0.000907
0.000907
0.000907
0.000907
0.000906
0.000906
0.000906
0.000906
0.000906
0.000906
0.000906
0.000906
0.000906
0.000905
0.000905
0.000905
0.000905
0.000905
0.000905
0.000904
0.000904
0.000904
0.000904
0.000904
0.000904
0.000904
0.000910
0.000899
0.000906
0.000900
0.000898
0.000895
0.000894
0.000894
0.000894
0.000893
0.000893
0.000893
0.000892
0.000892
0.000892
0.000892
0.000891
0.000891
0.000891
0.000891
0.000891
0.000891
0.000891
0.000890
0.000890
0.000890
0.000890
0.000890
0.000890
0.000890
0.000890
0.000890
0.000890
0.000890
0.000890
0.000890
0.000889
0.000889
0.000889
0.000889
0.000889
0.000889
0.000889
0.000889
0.000889
0.000889
0.000889
0.000889
0.000889
0.000889
0.000889
0.000889
0.000889
0.000889
0.000889
0.000889
0.000889
0.000889
0.000889
0.000889
0.000888
0.000889
0.000888
0.000888
0.000888
0.000888
0.000888
0.000888
0.000888
0.000888
0.000888
0.000888
0.000888
0.000888
0.000888
0.000888
0.000888
0.000888
0.000888
0.000888
0.000888
0.000888
0.000888
0.000888
0.000888
0.000888
0.000888
0.000888
0.000887
0.000887
0.000888
0.000887
0.000887
0.000887
0.000887
0.000887
0.000887
0.000887
0.000887
0.000887
0.000877
0.000872
0.000870
0.000870
0.000869
0.000870
0.000870
0.000870
0.000870
0.000870
0.000870
0.000870
0.000869
0.000869
0.000869
0.000869
0.000869
0.000869
0.000869
0.000869
0.000869
0.000869
0.000869
0.000869
0.000869
0.000869
0.000869
0.000869
0.000869
0.000869
0.000869
0.000869
0.000869
0.000869
0.000869
0.000869
0.000869
0.000869
0.000869
0.000869
0.000869
0.000869
0.000869
0.000869
0.000869
0.000869
0.000869
0.000869
0.000869
0.000869
0.000869
0.000869
0.000869
0.000869
0.000869
0.000869
0.000869
0.000869
0.000869
0.000869
0.000869
0.000869
0.000869
0.000869
0.000869
0.000869
0.000869
0.000869
0.000869
0.000869
0.000869
0.000869
0.000869
0.000869
0.000869
0.000869
0.000869
0.000869
0.000869
0.000869
0.000869
0.000869
0.000869
0.000869
0.000869
0.000869
0.000869
0.000869
0.000869
0.000869
0.000869
0.000869
0.000869
0.000869
0.000869
0.000869
0.000869
0.000869
0.000869
0.000869
