0.382602
0.135668
0.056687
0.035920
0.021666
0.012689
0.007621
0.004922
0.003633
0.003153
0.002924
0.002710
0.002533
0.002416
0.002330
0.002257
0.002188
0.002122
0.002070
0.002024
0.001981
0.001940
0.001901
0.001862
0.001828
0.001799
0.001772
0.001744
0.001716
0.001691
0.001666
0.001641
0.001615
0.001594
0.001575
0.001557
0.001537
0.001518
0.001500
0.001482
0.001463
0.001446
0.001429
0.001411
0.001395
0.001377
0.001360
0.001345
0.001330
0.001315
0.001302
0.001290
0.001280
0.001271
0.001262
0.001255
0.001247
0.001239
0.001231
0.001223
0.001215
0.001207
0.001199
0.001190
0.001181
0.001172
0.001163
0.001154
0.001146
0.001137
0.001129
0.001123
0.001116
0.001110
0.001104
0.001099
0.001094
0.001089
0.001085
0.001081
0.001077
0.001074
0.001071
0.001069
0.001068
0.001067
0.001067
0.001067
0.001067
0.001065
0.001063
0.001060
0.001055
0.001050
0.001045
0.001038
0.001032
0.001026
0.001021
0.001018
0.000995
0.001033
0.001042
0.001034
0.001028
0.001027
0.001027
0.001026
0.001025
0.001024
0.001023
0.001023
0.001023
0.001022
0.001022
0.001021
0.001021
0.001020
0.001020
0.001019
0.001019
0.001019
0.001018
0.001017
0.001017
0.001016
0.001016
0.001015
0.001014
0.001013
0.001013
0.001012
0.001010
0.001010
0.001009
0.001008
0.001008
0.001007
0.001006
0.001005
0.001004
0.001003
0.001002
0.001001
0.001000
0.000999
0.000998
0.000997
0.000996
0.000995
0.000994
0.000993
0.000992
0.000991
0.000990
0.000989
0.000988
0.000988
0.000986
0.000985
0.000985
0.000983
0.000982
0.000981
0.000980
0.000980
0.000978
0.000978
0.000977
0.000977
0.000976
0.000976
0.000975
0.000975
0.000974
0.000974
0.000973
0.000973
0.000972
0.000972
0.000971
0.000971
0.000971
0.000971
0.000971
0.000972
0.000972
0.000973
0.000973
0.000974
0.000974
0.000974
0.000975
0.000976
0.000977
0.000979
0.000980
0.000981
0.000984
0.000985
0.000959
0.000941
0.000945
0.000947
0.000950
0.000951
0.000950
0.000949
0.000948
0.000947
0.000946
0.000945
0.000944
0.000943
0.000942
0.000941
0.000941
0.000940
0.000939
0.000939
0.000938
0.000937
0.000937
0.000936
0.000936
0.000935
0.000935
0.000934
0.000934
0.000933
0.000933
0.000932
0.000932
0.000931
0.000931
0.000931
0.000930
0.000930
0.000929
0.000929
0.000929
0.000929
0.000928
0.000928
0.000928
0.000928
0.000927
0.000927
0.000927
0.000927
0.000926
0.000926
0.000926
0.000926
0.000925
0.000925
0.000925
0.000925
0.000925
0.000924
0.000924
0.000924
0.000924
0.000924
0.000924
0.000923
0.000923
0.000923
0.000923
0.000923
0.000923
0.000923
0.000922
0.000922
0.000922
0.000922
0.000922
0.000922
0.000922
0.000921
0.000922
0.000921
0.000921
0.000921
0.000921
0.000921
0.000921
0.000921
0.000921
0.000921
0.000921
0.000920
0.000920
0.000920
0.000920
0.000920
0.000920
0.000920
0.000920
0.000920
0.000915
0.000928
0.000927
0.000925
0.000926
0.000927
0.000927
0.000926
0.000926
0.000926
0.000925
0.000925
0.000925
0.000924
0.000924
0.000924
0.000923
0.000923
0.000923
0.000923
0.000922
0.000922
0.000922
0.000922
0.000922
0.000922
0.000922
0.000921
0.000921
0.000921
0.000921
0.000921
0.000921
0.000921
0.000921
0.000921
0.000921
0.000920
0.000920
0.000920
0.000920
0.000920
0.000920
0.000920
0.000920
0.000920
0.000920
0.000920
0.000920
0.000920
0.000920
0.000920
0.000920
0.000920
0.000920
0.000919
0.000919
0.000919
0.000919
0.000919
0.000919
0.000919
0.000919
0.000919
0.000919
0.000919
0.000919
0.000919
0.000919
0.000919
0.000919
0.000919
0.000919
0.000919
0.000919
0.000919
0.000918
0.000918
0.000918
0.000918
0.000918
0.000918
0.000918
0.000918
0.000918
0.000918
0.000918
0.000918
0.000918
0.000918
0.000918
0.000918
0.000918
0.000918
0.000917
0.000917
0.000917
0.000917
0.000917
0.000917
0.000903
0.000896
0.000892
0.000892
0.000893
0.000893
0.000892
0.000893
0.000892
0.000892
0.000892
0.000892
0.000892
0.000892
0.000892
0.000892
0.000892
0.000892
0.000892
0.000892
0.000892
0.000892
0.000892
0.000892
0.000892
0.000892
0.000892
0.000892
0.000892
0.000892
0.000892
0.000892
0.000892
0.000892
0.000892
0.000892
0.000892
0.000892
0.000892
0.000892
0.000892
0.000892
0.000892
0.000892
0.000892
0.000892
0.000892
0.000892
0.000892
0.000892
0.000892
0.000892
0.000892
0.000892
0.000892
0.000892
0.000892
0.000892
0.000892
0.000892
0.000892
0.000892
0.000892
0.000892
0.000892
0.000892
0.000893
0.000893
0.000892
0.000893
0.000893
0.000893
0.000893
0.000893
0.000893
0.000893
0.000893
0.000893
0.000893
0.000893
0.000893
0.000893
0.000893
0.000893
0.000893
0.000893
0.000893
0.000893
0.000893
0.000893
0.000893
0.000893
0.000893
0.000893
0.000893
0.000893
0.000893
0.000893
0.000893
0.000893
