0.386628
0.113371
0.027340
0.013437
0.007975
0.005920
0.004875
0.004322
0.003940
0.003666
0.003472
0.003329
0.003205
0.003081
0.002952
0.002823
0.002691
0.002567
0.002454
0.002351
0.002258
0.002173
0.002092
0.002020
0.001957
0.001892
0.001830
0.001771
0.001717
0.001665
0.001619
0.001576
0.001535
0.001494
0.001452
0.001405
0.001362
0.001320
0.001275
0.001238
0.001200
0.001165
0.001129
0.001096
0.001062
0.001025
0.000990
0.000953
0.000912
0.000872
0.000832
0.000797
0.000766
0.000744
0.000727
0.000712
0.000700
0.000690
0.000681
0.000675
0.000669
0.000664
0.000657
0.000651
0.000648
0.000646
0.000643
0.000640
0.000639
0.000639
0.000639
0.000639
0.000639
0.000637
0.000635
0.000634
0.000634
0.000633
0.000630
0.000626
0.000624
0.000623
0.000624
0.000623
0.000620
0.000615
0.000611
0.000609
0.000608
0.000606
0.000605
0.000603
0.000602
0.000600
0.000599
0.000600
0.000598
0.000597
0.000594
0.000591
0.000533
0.000517
0.000510
0.000509
0.000509
0.000508
0.000507
0.000507
0.000507
0.000508
0.000508
0.000508
0.000508
0.000507
0.000506
0.000505
0.000504
0.000502
0.000501
0.000499
0.000497
0.000494
0.000492
0.000490
0.000489
0.000487
0.000485
0.000484
0.000483
0.000482
0.000480
0.000479
0.000478
0.000477
0.000476
0.000475
0.000474
0.000473
0.000472
0.000472
0.000471
0.000470
0.000469
0.000468
0.000468
0.000467
0.000466
0.000466
0.000465
0.000465
0.000464
0.000464
0.000463
0.000463
0.000463
0.000462
0.000462
0.000462
0.000461
0.000461
0.000461
0.000461
0.000460
0.000460
0.000460
0.000460
0.000460
0.000460
0.000460
0.000460
0.000460
0.000460
0.000460
0.000460
0.000460
0.000460
0.000460
0.000461
0.000461
0.000461
0.000461
0.000461
0.000462
0.000462
0.000462
0.000462
0.000461
0.000462
0.000462
0.000462
0.000462
0.000463
0.000462
0.000463
0.000462
0.000462
0.000462
0.000461
0.000461
0.000461
0.000440
0.000437
0.000435
0.000434
0.000433
0.000433
0.000433
0.000433
0.000433
0.000433
0.000433
0.000432
0.000432
0.000432
0.000432
0.000432
0.000432
0.000432
0.000432
0.000432
0.000432
0.000432
0.000431
0.000431
0.000431
0.000430
0.000430
0.000430
0.000429
0.000429
0.000429
0.000428
0.000428
0.000428
0.000427
0.000427
0.000427
0.000426
0.000426
0.000426
0.000425
0.000425
0.000425
0.000425
0.000425
0.000425
0.000424
0.000424
0.000424
0.000424
0.000424
0.000424
0.000424
0.000423
0.000423
0.000423
0.000423
0.000423
0.000422
0.000422
0.000421
0.000421
0.000421
0.000421
0.000420
0.000420
0.000419
0.000419
0.000418
0.000418
0.000418
0.000417
0.000417
0.000416
0.000416
0.000415
0.000414
0.000414
0.000413
0.000412
0.000412
0.000411
0.000410
0.000409
0.000408
0.000408
0.000407
0.000406
0.000405
0.000405
0.000404
0.000404
0.000403
0.000403
0.000402
0.000402
0.000401
0.000401
0.000400
0.000400
0.000396
0.000396
0.000394
0.000394
0.000393
0.000393
0.000393
0.000393
0.000393
0.000392
0.000392
0.000392
0.000392
0.000391
0.000391
0.000391
0.000391
0.000391
0.000390
0.000390
0.000390
0.000390
0.000390
0.000390
0.000389
0.000389
0.000389
0.000389
0.000389
0.000389
0.000388
0.000388
0.000388
0.000388
0.000388
0.000388
0.000388
0.000387
0.000387
0.000387
0.000387
0.000387
0.000387
0.000387
0.000387
0.000386
0.000386
0.000386
0.000386
0.000386
0.000386
0.000386
0.000385
0.000385
0.000385
0.000385
0.000385
0.000385
0.000385
0.000384
0.000384
0.000384
0.000384
0.000384
0.000384
0.000384
0.000383
0.000383
0.000383
0.000383
0.000383
0.000383
0.000382
0.000382
0.000382
0.000382
0.000382
0.000382
0.000382
0.000381
0.000381
0.000381
0.000381
0.000381
0.000381
0.000381
0.000380
0.000380
0.000380
0.000380
0.000380
0.000379
0.000379
0.000379
0.000379
0.000379
0.000378
0.000378
0.000378
0.000378
0.000373
0.000374
0.000378
0.000379
0.000381
0.000381
0.000381
0.000381
0.000381
0.000381
0.000381
0.000380
0.000380
0.000380
0.000379
0.000379
0.000379
0.000379
0.000378
0.000378
0.000378
0.000378
0.000377
0.000377
0.000377
0.000377
0.000377
0.000376
0.000376
0.000376
0.000376
0.000376
0.000376
0.000376
0.000375
0.000375
0.000375
0.000375
0.000375
0.000375
0.000375
0.000375
0.000375
0.000374
0.000374
0.000374
0.000374
0.000374
0.000374
0.000374
0.000374
0.000374
0.000374
0.000374
0.000373
0.000373
0.000373
0.000373
0.000373
0.000373
0.000373
0.000373
0.000373
0.000373
0.000373
0.000372
0.000372
0.000372
0.000372
0.000372
0.000372
0.000372
0.000372
0.000372
0.000372
0.000371
0.000371
0.000371
0.000371
0.000371
0.000371
0.000371
0.000371
0.000371
0.000371
0.000371
0.000371
0.000371
0.000371
0.000370
0.000370
0.000370
0.000370
0.000370
0.000370
0.000370
0.000370
0.000370
0.000370
0.000370
