0.417052
0.218890
0.083780
0.038281
0.023121
0.013634
0.008888
0.006458
0.005140
0.004464
0.003955
0.003571
0.003312
0.003121
0.002978
0.002863
0.002763
0.002666
0.002574
0.002493
0.002404
0.002326
0.002255
0.002189
0.002124
0.002063
0.002005
0.001947
0.001893
0.001849
0.001812
0.001773
0.001735
0.001698
0.001661
0.001624
0.001589
0.001557
0.001528
0.001501
0.001478
0.001455
0.001433
0.001412
0.001392
0.001373
0.001355
0.001338
0.001322
0.001306
0.001291
0.001278
0.001265
0.001254
0.001244
0.001236
0.001230
0.001223
0.001219
0.001214
0.001211
0.001208
0.001205
0.001203
0.001201
0.001199
0.001198
0.001196
0.001195
0.001194
0.001193
0.001192
0.001189
0.001188
0.001187
0.001186
0.001186
0.001185
0.001186
0.001186
0.001186
0.001188
0.001186
0.001188
0.001188
0.001189
0.001190
0.001190
0.001190
0.001191
0.001191
0.001193
0.001193
0.001193
0.001194
0.001193
0.001194
0.001194
0.001193
0.001193
0.001148
0.001161
0.001164
0.001169
0.001171
0.001171
0.001170
0.001169
0.001168
0.001167
0.001167
0.001166
0.001165
0.001165
0.001165
0.001164
0.001164
0.001164
0.001164
0.001163
0.001163
0.001163
0.001162
0.001163
0.001162
0.001162
0.001162
0.001162
0.001162
0.001162
0.001162
0.001161
0.001161
0.001161
0.001161
0.001161
0.001161
0.001161
0.001161
0.001161
0.001161
0.001161
0.001161
0.001161
0.001161
0.001161
0.001160
0.001160
0.001160
0.001160
0.001160
0.001160
0.001160
0.001160
0.001160
0.001161
0.001161
0.001160
0.001160
0.001160
0.001160
0.001160
0.001160
0.001160
0.001160
0.001160
0.001160
0.001160
0.001159
0.001159
0.001159
0.001160
0.001160
0.001159
0.001159
0.001159
0.001159
0.001159
0.001159
0.001159
0.001158
0.001158
0.001157
0.001157
0.001157
0.001157
0.001157
0.001156
0.001157
0.001157
0.001156
0.001156
0.001156
0.001156
0.001155
0.001155
0.001155
0.001155
0.001155
0.001154
0.001132
0.001152
0.001169
0.001176
0.001179
0.001179
0.001180
0.001180
0.001180
0.001179
0.001179
0.001178
0.001177
0.001176
0.001175
0.001174
0.001173
0.001172
0.001171
0.001170
0.001169
0.001169
0.001168
0.001168
0.001167
0.001167
0.001167
0.001166
0.001166
0.001166
0.001166
0.001165
0.001165
0.001165
0.001165
0.001165
0.001165
0.001164
0.001164
0.001164
0.001164
0.001164
0.001164
0.001164
0.001164
0.001163
0.001163
0.001163
0.001163
0.001163
0.001163
0.001163
0.001163
0.001163
0.001163
0.001162
0.001162
0.001162
0.001162
0.001162
0.001162
0.001161
0.001161
0.001161
0.001161
0.001161
0.001161
0.001161
0.001160
0.001160
0.001160
0.001160
0.001160
0.001160
0.001159
0.001159
0.001159
0.001159
0.001159
0.001159
0.001159
0.001158
0.001158
0.001158
0.001158
0.001158
0.001158
0.001158
0.001158
0.001158
0.001158
0.001158
0.001157
0.001157
0.001157
0.001156
0.001156
0.001156
0.001155
0.001155
0.001128
0.001102
0.001097
0.001098
0.001097
0.001097
0.001097
0.001097
0.001097
0.001097
0.001097
0.001097
0.001097
0.001097
0.001097
0.001097
0.001097
0.001097
0.001097
0.001097
0.001097
0.001097
0.001097
0.001097
0.001096
0.001096
0.001096
0.001096
0.001096
0.001096
0.001096
0.001096
0.001096
0.001096
0.001096
0.001096
0.001096
0.001096
0.001096
0.001096
0.001096
0.001096
0.001096
0.001096
0.001096
0.001096
0.001096
0.001096
0.001096
0.001096
0.001096
0.001096
0.001096
0.001096
0.001096
0.001096
0.001096
0.001096
0.001096
0.001096
0.001096
0.001097
0.001097
0.001097
0.001097
0.001097
0.001097
0.001097
0.001097
0.001097
0.001097
0.001097
0.001097
0.001097
0.001098
0.001098
0.001098
0.001098
0.001098
0.001098
0.001098
0.001098
0.001098
0.001098
0.001098
0.001098
0.001098
0.001099
0.001099
0.001099
0.001099
0.001099
0.001099
0.001099
0.001099
0.001099
0.001099
0.001099
0.001099
0.001099
0.001089
0.001088
0.001086
0.001085
0.001085
0.001085
0.001085
0.001085
0.001085
0.001085
0.001085
0.001085
0.001085
0.001085
0.001085
0.001085
0.001085
0.001085
0.001085
0.001085
0.001085
0.001085
0.001085
0.001085
0.001085
0.001084
0.001084
0.001084
0.001084
0.001084
0.001084
0.001084
0.001084
0.001084
0.001084
0.001084
0.001084
0.001084
0.001084
0.001084
0.001084
0.001084
0.001084
0.001084
0.001084
0.001084
0.001084
0.001084
0.001083
0.001084
0.001083
0.001083
0.001083
0.001083
0.001083
0.001083
0.001083
0.001083
0.001083
0.001083
0.001083
0.001083
0.001083
0.001083
0.001083
0.001083
0.001083
0.001083
0.001083
0.001083
0.001083
0.001082
0.001082
0.001082
0.001082
0.001082
0.001082
0.001082
0.001082
0.001082
0.001082
0.001082
0.001082
0.001082
0.001082
0.001082
0.001082
0.001082
0.001082
0.001081
0.001081
0.001081
0.001081
0.001081
0.001081
0.001081
0.001081
0.001081
0.001081
0.001081
