0.513816
0.283883
0.121645
0.063851
0.039014
0.025627
0.014458
0.008013
0.006127
0.005534
0.005137
0.004760
0.004427
0.004132
0.003877
0.003660
0.003475
0.003314
0.003167
0.003032
0.002913
0.002804
0.002709
0.002626
0.002554
0.002490
0.002433
0.002379
0.002330
0.002286
0.002245
0.002204
0.002165
0.002127
0.002088
0.002054
0.002016
0.001981
0.001945
0.001913
0.001885
0.001859
0.001837
0.001816
0.001796
0.001778
0.001761
0.001746
0.001732
0.001719
0.001708
0.001696
0.001685
0.001674
0.001664
0.001654
0.001645
0.001637
0.001628
0.001619
0.001609
0.001597
0.001583
0.001568
0.001552
0.001536
0.001518
0.001503
0.001488
0.001472
0.001457
0.001443
0.001431
0.001419
0.001406
0.001391
0.001376
0.001364
0.001351
0.001339
0.001326
0.001312
0.001297
0.001283
0.001269
0.001257
0.001246
0.001237
0.001228
0.001220
0.001214
0.001208
0.001202
0.001197
0.001191
0.001186
0.001181
0.001175
0.001170
0.001165
0.001130
0.001134
0.001121
0.001115
0.001116
0.001113
0.001110
0.001107
0.001104
0.001101
0.001098
0.001092
0.001089
0.001086
0.001081
0.001077
0.001073
0.001070
0.001067
0.001065
0.001063
0.001061
0.001059
0.001057
0.001056
0.001054
0.001053
0.001052
0.001050
0.001049
0.001048
0.001047
0.001046
0.001045
0.001044
0.001043
0.001042
0.001042
0.001041
0.001040
0.001040
0.001039
0.001038
0.001038
0.001038
0.001037
0.001037
0.001037
0.001036
0.001036
0.001036
0.001035
0.001035
0.001035
0.001035
0.001035
0.001034
0.001034
0.001034
0.001034
0.001034
0.001034
0.001034
0.001034
0.001034
0.001034
0.001034
0.001034
0.001034
0.001035
0.001035
0.001035
0.001035
0.001034
0.001034
0.001034
0.001033
0.001033
0.001033
0.001032
0.001031
0.001030
0.001029
0.001028
0.001027
0.001026
0.001025
0.001024
0.001023
0.001022
0.001021
0.001020
0.001019
0.001019
0.001018
0.001017
0.001017
0.001016
0.001016
0.001015
0.000986
0.000997
0.001007
0.001011
0.001011
0.001010
0.001009
0.001008
0.001008
0.001007
0.001007
0.001007
0.001007
0.001006
0.001006
0.001006
0.001005
0.001005
0.001004
0.001004
0.001004
0.001003
0.001003
0.001003
0.001002
0.001002
0.001002
0.001002
0.001001
0.001001
0.001001
0.001000
0.001000
0.001000
0.001000
0.000999
0.000999
0.000999
0.000999
0.000999
0.000999
0.000998
0.000998
0.000998
0.000998
0.000997
0.000997
0.000997
0.000997
0.000997
0.000997
0.000996
0.000996
0.000996
0.000996
0.000996
0.000996
0.000995
0.000995
0.000995
0.000995
0.000994
0.000994
0.000994
0.000994
0.000994
0.000994
0.000993
0.000993
0.000993
0.000993
0.000993
0.000993
0.000993
0.000992
0.000992
0.000992
0.000992
0.000992
0.000992
0.000992
0.000992
0.000992
0.000991
0.000991
0.000991
0.000991
0.000991
0.000991
0.000990
0.000990
0.000990
0.000990
0.000990
0.000990
0.000990
0.000990
0.000990
0.000989
0.000989
0.000987
0.000967
0.000962
0.000960
0.000959
0.000960
0.000960
0.000960
0.000960
0.000960
0.000960
0.000960
0.000960
0.000960
0.000960
0.000960
0.000960
0.000960
0.000960
0.000960
0.000960
0.000960
0.000960
0.000959
0.000959
0.000959
0.000959
0.000960
0.000960
0.000960
0.000960
0.000960
0.000960
0.000960
0.000960
0.000960
0.000959
0.000959
0.000959
0.000959
0.000959
0.000959
0.000959
0.000959
0.000959
0.000959
0.000959
0.000959
0.000959
0.000959
0.000959
0.000959
0.000959
0.000959
0.000959
0.000959
0.000959
0.000959
0.000959
0.000959
0.000959
0.000959
0.000958
0.000958
0.000958
0.000958
0.000958
0.000958
0.000958
0.000958
0.000958
0.000958
0.000958
0.000958
0.000958
0.000958
0.000958
0.000957
0.000957
0.000957
0.000957
0.000957
0.000957
0.000957
0.000957
0.000957
0.000957
0.000957
0.000957
0.000957
0.000957
0.000956
0.000957
0.000956
0.000956
0.000956
0.000956
0.000956
0.000956
0.000956
0.000945
0.000943
0.000941
0.000940
0.000940
0.000940
0.000940
0.000940
0.000940
0.000940
0.000940
0.000940
0.000940
0.000939
0.000939
0.000939
0.000939
0.000939
0.000939
0.000939
0.000939
0.000939
0.000939
0.000939
0.000939
0.000939
0.000939
0.000939
0.000938
0.000938
0.000938
0.000938
0.000938
0.000938
0.000938
0.000938
0.000938
0.000938
0.000938
0.000938
0.000938
0.000938
0.000937
0.000937
0.000937
0.000937
0.000937
0.000937
0.000937
0.000937
0.000937
0.000937
0.000937
0.000937
0.000937
0.000937
0.000936
0.000936
0.000936
0.000936
0.000936
0.000936
0.000936
0.000936
0.000936
0.000936
0.000936
0.000936
0.000936
0.000936
0.000936
0.000936
0.000935
0.000935
0.000935
0.000935
0.000935
0.000935
0.000935
0.000935
0.000935
0.000935
0.000935
0.000935
0.000935
0.000934
0.000934
0.000934
0.000934
0.000934
0.000934
0.000934
0.000934
0.000934
0.000934
0.000934
0.000934
0.000933
0.000933
0.000933
