0.447205
0.200158
0.058033
0.034768
0.020786
0.013020
0.008455
0.005664
0.004288
0.003710
0.003435
0.003309
0.003183
0.003075
0.002965
0.002875
0.002786
0.002712
0.002650
0.002596
0.002542
0.002495
0.002454
0.002413
0.002372
0.002335
0.002304
0.002274
0.002245
0.002217
0.002187
0.002156
0.002127
0.002100
0.002072
0.002046
0.002022
0.001999
0.001978
0.001958
0.001940
0.001925
0.001913
0.001900
0.001891
0.001878
0.001866
0.001855
0.001841
0.001826
0.001810
0.001793
0.001778
0.001766
0.001754
0.001744
0.001732
0.001720
0.001711
0.001701
0.001690
0.001679
0.001672
0.001664
0.001655
0.001645
0.001637
0.001627
0.001619
0.001612
0.001606
0.001600
0.001594
0.001588
0.001582
0.001575
0.001569
0.001563
0.001557
0.001551
0.001545
0.001540
0.001537
0.001532
0.001527
0.001523
0.001520
0.001516
0.001512
0.001508
0.001504
0.001499
0.001493
0.001487
0.001483
0.001478
0.001473
0.001469
0.001466
0.001461
0.001405
0.001366
0.001347
0.001344
0.001340
0.001337
0.001334
0.001330
0.001327
0.001323
0.001320
0.001317
0.001314
0.001311
0.001308
0.001305
0.001302
0.001300
0.001298
0.001296
0.001294
0.001292
0.001290
0.001289
0.001287
0.001285
0.001284
0.001282
0.001280
0.001279
0.001277
0.001276
0.001274
0.001273
0.001271
0.001270
0.001268
0.001266
0.001265
0.001263
0.001262
0.001260
0.001259
0.001257
0.001255
0.001253
0.001251
0.001249
0.001247
0.001246
0.001244
0.001242
0.001240
0.001238
0.001237
0.001235
0.001233
0.001232
0.001230
0.001228
0.001226
0.001225
0.001223
0.001221
0.001218
0.001217
0.001215
0.001212
0.001210
0.001209
0.001207
0.001205
0.001203
0.001201
0.001199
0.001197
0.001194
0.001193
0.001191
0.001189
0.001186
0.001184
0.001182
0.001180
0.001178
0.001176
0.001174
0.001172
0.001170
0.001168
0.001165
0.001163
0.001161
0.001159
0.001157
0.001155
0.001153
0.001151
0.001150
0.001148
0.001118
0.001143
0.001164
0.001171
0.001171
0.001171
0.001170
0.001169
0.001169
0.001169
0.001169
0.001169
0.001168
0.001168
0.001168
0.001168
0.001167
0.001167
0.001166
0.001166
0.001165
0.001165
0.001164
0.001164
0.001163
0.001163
0.001162
0.001161
0.001160
0.001159
0.001158
0.001158
0.001157
0.001156
0.001156
0.001155
0.001154
0.001153
0.001152
0.001151
0.001151
0.001150
0.001149
0.001148
0.001148
0.001147
0.001146
0.001146
0.001145
0.001144
0.001143
0.001143
0.001142
0.001141
0.001141
0.001140
0.001140
0.001139
0.001138
0.001138
0.001137
0.001137
0.001136
0.001136
0.001135
0.001134
0.001134
0.001133
0.001132
0.001131
0.001131
0.001130
0.001129
0.001128
0.001128
0.001127
0.001127
0.001126
0.001125
0.001124
0.001124
0.001123
0.001122
0.001122
0.001121
0.001121
0.001120
0.001119
0.001119
0.001118
0.001118
0.001117
0.001116
0.001116
0.001115
0.001115
0.001114
0.001114
0.001113
0.001113
0.001092
0.001058
0.001055
0.001055
0.001054
0.001054
0.001054
0.001053
0.001053
0.001053
0.001053
0.001053
0.001053
0.001053
0.001052
0.001052
0.001052
0.001052
0.001052
0.001052
0.001052
0.001052
0.001052
0.001051
0.001051
0.001051
0.001051
0.001051
0.001051
0.001051
0.001051
0.001051
0.001051
0.001051
0.001050
0.001050
0.001050
0.001050
0.001050
0.001050
0.001050
0.001050
0.001050
0.001050
0.001050
0.001050
0.001050
0.001050
0.001050
0.001050
0.001050
0.001050
0.001050
0.001050
0.001050
0.001049
0.001049
0.001049
0.001049
0.001049
0.001049
0.001049
0.001049
0.001049
0.001049
0.001049
0.001049
0.001049
0.001049
0.001049
0.001049
0.001049
0.001049
0.001049
0.001049
0.001049
0.001049
0.001049
0.001049
0.001049
0.001049
0.001049
0.001049
0.001048
0.001048
0.001048
0.001048
0.001048
0.001048
0.001048
0.001048
0.001048
0.001048
0.001048
0.001047
0.001047
0.001047
0.001047
0.001047
0.001047
0.001035
0.001031
0.001028
0.001027
0.001027
0.001027
0.001027
0.001027
0.001027
0.001027
0.001026
0.001026
0.001026
0.001026
0.001026
0.001026
0.001025
0.001025
0.001025
0.001025
0.001025
0.001025
0.001025
0.001024
0.001024
0.001024
0.001024
0.001024
0.001024
0.001024
0.001023
0.001023
0.001023
0.001023
0.001023
0.001023
0.001023
0.001022
0.001022
0.001022
0.001022
0.001022
0.001022
0.001022
0.001021
0.001021
0.001021
0.001021
0.001021
0.001021
0.001021
0.001020
0.001020
0.001020
0.001020
0.001020
0.001020
0.001020
0.001019
0.001019
0.001019
0.001019
0.001019
0.001019
0.001019
0.001018
0.001018
0.001018
0.001018
0.001018
0.001018
0.001018
0.001018
0.001017
0.001017
0.001017
0.001017
0.001017
0.001017
0.001017
0.001016
0.001016
0.001016
0.001016
0.001016
0.001016
0.001016
0.001016
0.001015
0.001015
0.001015
0.001015
0.001015
0.001015
0.001015
0.001015
0.001014
0.001014
0.001014
0.001014
