0.371119
0.133225
0.051272
0.020918
0.009759
0.004627
0.002963
0.002547
0.002260
0.002068
0.001930
0.001822
0.001727
0.001637
0.001556
0.001493
0.001450
0.001416
0.001386
0.001362
0.001341
0.001325
0.001311
0.001295
0.001274
0.001257
0.001246
0.001240
0.001238
0.001239
0.001243
0.001249
0.001252
0.001251
0.001246
0.001238
0.001224
0.001207
0.001193
0.001181
0.001171
0.001166
0.001164
0.001164
0.001161
0.001157
0.001151
0.001143
0.001136
0.001130
0.001126
0.001121
0.001117
0.001113
0.001110
0.001106
0.001101
0.001097
0.001091
0.001086
0.001081
0.001077
0.001072
0.001069
0.001068
0.001064
0.001059
0.001053
0.001047
0.001040
0.001034
0.001028
0.001023
0.001018
0.001015
0.001012
0.001006
0.001001
0.000996
0.000992
0.000988
0.000984
0.000981
0.000979
0.000978
0.000975
0.000974
0.000970
0.000967
0.000964
0.000961
0.000959
0.000956
0.000954
0.000951
0.000950
0.000949
0.000949
0.000948
0.000949
0.000925
0.000933
0.000946
0.000959
0.000967
0.000968
0.000968
0.000968
0.000966
0.000965
0.000963
0.000960
0.000957
0.000954
0.000951
0.000948
0.000946
0.000945
0.000943
0.000941
0.000939
0.000938
0.000937
0.000936
0.000935
0.000934
0.000933
0.000933
0.000932
0.000932
0.000932
0.000931
0.000931
0.000930
0.000930
0.000929
0.000929
0.000928
0.000928
0.000927
0.000926
0.000926
0.000925
0.000925
0.000924
0.000923
0.000923
0.000922
0.000921
0.000921
0.000921
0.000920
0.000920
0.000920
0.000919
0.000919
0.000918
0.000918
0.000918
0.000918
0.000918
0.000918
0.000919
0.000919
0.000919
0.000919
0.000919
0.000919
0.000918
0.000918
0.000918
0.000917
0.000916
0.000916
0.000915
0.000915
0.000914
0.000913
0.000913
0.000912
0.000911
0.000911
0.000910
0.000909
0.000908
0.000907
0.000907
0.000906
0.000906
0.000906
0.000905
0.000905
0.000906
0.000906
0.000905
0.000904
0.000904
0.000903
0.000902
0.000902
0.000853
0.000845
0.000846
0.000846
0.000845
0.000845
0.000844
0.000843
0.000843
0.000842
0.000841
0.000840
0.000840
0.000839
0.000838
0.000837
0.000837
0.000836
0.000835
0.000835
0.000834
0.000834
0.000833
0.000833
0.000832
0.000832
0.000831
0.000831
0.000831
0.000830
0.000830
0.000830
0.000829
0.000829
0.000829
0.000828
0.000828
0.000828
0.000827
0.000827
0.000827
0.000827
0.000826
0.000826
0.000826
0.000825
0.000825
0.000825
0.000825
0.000824
0.000824
0.000824
0.000824
0.000823
0.000823
0.000823
0.000823
0.000823
0.000822
0.000822
0.000822
0.000822
0.000822
0.000822
0.000821
0.000821
0.000821
0.000821
0.000821
0.000821
0.000821
0.000821
0.000821
0.000821
0.000821
0.000821
0.000821
0.000821
0.000821
0.000821
0.000821
0.000821
0.000821
0.000821
0.000821
0.000821
0.000821
0.000822
0.000822
0.000822
0.000822
0.000822
0.000822
0.000822
0.000823
0.000823
0.000823
0.000823
0.000823
0.000823
0.000814
0.000818
0.000816
0.000815
0.000814
0.000814
0.000814
0.000814
0.000814
0.000814
0.000814
0.000814
0.000814
0.000815
0.000815
0.000815
0.000815
0.000815
0.000815
0.000815
0.000815
0.000815
0.000815
0.000815
0.000815
0.000815
0.000815
0.000815
0.000815
0.000815
0.000815
0.000815
0.000816
0.000815
0.000815
0.000815
0.000815
0.000815
0.000815
0.000815
0.000815
0.000815
0.000815
0.000815
0.000815
0.000815
0.000814
0.000814
0.000814
0.000814
0.000814
0.000814
0.000813
0.000813
0.000813
0.000813
0.000813
0.000813
0.000813
0.000812
0.000812
0.000812
0.000812
0.000812
0.000812
0.000811
0.000811
0.000811
0.000811
0.000811
0.000811
0.000810
0.000810
0.000810
0.000810
0.000810
0.000810
0.000809
0.000809
0.000809
0.000809
0.000809
0.000809
0.000809
0.000808
0.000808
0.000808
0.000808
0.000808
0.000808
0.000807
0.000807
0.000807
0.000807
0.000807
0.000807
0.000807
0.000807
0.000806
0.000806
0.000806
0.000805
0.000810
0.000814
0.000818
0.000820
0.000820
0.000818
0.000814
0.000809
0.000806
0.000804
0.000804
0.000803
0.000803
0.000803
0.000802
0.000802
0.000802
0.000801
0.000801
0.000801
0.000801
0.000801
0.000801
0.000800
0.000800
0.000800
0.000800
0.000800
0.000800
0.000800
0.000800
0.000800
0.000800
0.000800
0.000800
0.000800
0.000800
0.000799
0.000799
0.000799
0.000799
0.000799
0.000799
0.000799
0.000799
0.000799
0.000799
0.000799
0.000799
0.000799
0.000799
0.000799
0.000799
0.000799
0.000799
0.000799
0.000799
0.000799
0.000799
0.000799
0.000799
0.000799
0.000799
0.000799
0.000799
0.000799
0.000799
0.000799
0.000799
0.000798
0.000798
0.000798
0.000798
0.000798
0.000798
0.000798
0.000798
0.000798
0.000798
0.000798
0.000798
0.000798
0.000798
0.000798
0.000798
0.000798
0.000798
0.000798
0.000798
0.000798
0.000798
0.000798
0.000798
0.000798
0.000798
0.000798
0.000798
0.000798
