0.432103
0.176769
0.053763
0.038896
0.030388
0.024263
0.019125
0.014896
0.011490
0.008944
0.007241
0.006108
0.005310
0.004809
0.004509
0.004281
0.004110
0.003959
0.003820
0.003683
0.003559
0.003436
0.003314
0.003189
0.003060
0.002934
0.002812
0.002698
0.002596
0.002509
0.002436
0.002369
0.002310
0.002259
0.002216
0.002179
0.002146
0.002114
0.002083
0.002056
0.002030
0.002005
0.001981
0.001958
0.001934
0.001911
0.001889
0.001869
0.001849
0.001829
0.001809
0.001790
0.001773
0.001757
0.001741
0.001726
0.001710
0.001694
0.001679
0.001665
0.001651
0.001637
0.001623
0.001610
0.001596
0.001580
0.001565
0.001548
0.001531
0.001514
0.001497
0.001482
0.001467
0.001453
0.001438
0.001425
0.001412
0.001399
0.001388
0.001377
0.001368
0.001360
0.001352
0.001344
0.001338
0.001332
0.001328
0.001323
0.001319
0.001315
0.001312
0.001309
0.001307
0.001304
0.001303
0.001300
0.001298
0.001297
0.001295
0.001294
0.001259
0.001271
0.001261
0.001263
0.001261
0.001261
0.001260
0.001260
0.001259
0.001259
0.001258
0.001257
0.001257
0.001257
0.001256
0.001256
0.001255
0.001255
0.001255
0.001254
0.001254
0.001254
0.001254
0.001254
0.001254
0.001254
0.001254
0.001254
0.001254
0.001254
0.001254
0.001254
0.001254
0.001253
0.001253
0.001253
0.001252
0.001252
0.001252
0.001251
0.001251
0.001250
0.001250
0.001250
0.001249
0.001249
0.001249
0.001248
0.001248
0.001248
0.001247
0.001247
0.001247
0.001247
0.001246
0.001246
0.001246
0.001245
0.001245
0.001245
0.001244
0.001244
0.001243
0.001243
0.001243
0.001243
0.001242
0.001242
0.001241
0.001240
0.001239
0.001239
0.001237
0.001237
0.001236
0.001235
0.001234
0.001233
0.001232
0.001232
0.001231
0.001231
0.001230
0.001229
0.001229
0.001228
0.001227
0.001227
0.001226
0.001226
0.001225
0.001224
0.001224
0.001223
0.001223
0.001222
0.001222
0.001221
0.001220
0.001220
0.001184
0.001196
0.001200
0.001202
0.001204
0.001205
0.001205
0.001205
0.001205
0.001204
0.001204
0.001204
0.001204
0.001204
0.001203
0.001203
0.001203
0.001203
0.001202
0.001202
0.001202
0.001201
0.001201
0.001201
0.001200
0.001200
0.001200
0.001200
0.001199
0.001199
0.001199
0.001198
0.001198
0.001198
0.001197
0.001197
0.001197
0.001196
0.001196
0.001196
0.001195
0.001195
0.001195
0.001194
0.001194
0.001194
0.001193
0.001193
0.001192
0.001192
0.001191
0.001191
0.001190
0.001190
0.001189
0.001189
0.001189
0.001188
0.001188
0.001187
0.001187
0.001186
0.001186
0.001185
0.001185
0.001185
0.001184
0.001184
0.001183
0.001183
0.001182
0.001181
0.001181
0.001180
0.001180
0.001179
0.001179
0.001178
0.001178
0.001177
0.001177
0.001176
0.001176
0.001175
0.001175
0.001174
0.001174
0.001173
0.001172
0.001172
0.001171
0.001171
0.001170
0.001170
0.001169
0.001168
0.001168
0.001167
0.001166
0.001166
0.001158
0.001134
0.001133
0.001131
0.001131
0.001131
0.001130
0.001130
0.001130
0.001130
0.001130
0.001130
0.001130
0.001130
0.001130
0.001130
0.001130
0.001130
0.001130
0.001129
0.001129
0.001129
0.001129
0.001129
0.001129
0.001129
0.001129
0.001129
0.001129
0.001129
0.001129
0.001129
0.001129
0.001129
0.001129
0.001129
0.001129
0.001129
0.001129
0.001129
0.001129
0.001129
0.001129
0.001129
0.001129
0.001129
0.001129
0.001129
0.001129
0.001129
0.001129
0.001129
0.001129
0.001129
0.001129
0.001129
0.001129
0.001129
0.001129
0.001129
0.001129
0.001129
0.001129
0.001129
0.001129
0.001128
0.001128
0.001129
0.001128
0.001128
0.001128
0.001128
0.001128
0.001128
0.001128
0.001128
0.001128
0.001128
0.001128
0.001128
0.001128
0.001128
0.001128
0.001128
0.001128
0.001128
0.001128
0.001127
0.001127
0.001127
0.001127
0.001127
0.001127
0.001127
0.001127
0.001126
0.001126
0.001126
0.001126
0.001126
0.001117
0.001112
0.001111
0.001110
0.001111
0.001110
0.001110
0.001110
0.001110
0.001110
0.001110
0.001109
0.001109
0.001109
0.001109
0.001109
0.001109
0.001109
0.001109
0.001108
0.001108
0.001108
0.001108
0.001108
0.001108
0.001108
0.001108
0.001107
0.001107
0.001107
0.001107
0.001107
0.001107
0.001107
0.001107
0.001106
0.001106
0.001106
0.001106
0.001106
0.001106
0.001106
0.001106
0.001105
0.001105
0.001105
0.001105
0.001105
0.001105
0.001105
0.001105
0.001104
0.001104
0.001104
0.001104
0.001104
0.001104
0.001104
0.001104
0.001103
0.001103
0.001103
0.001103
0.001103
0.001103
0.001103
0.001102
0.001102
0.001102
0.001102
0.001102
0.001102
0.001102
0.001101
0.001101
0.001101
0.001101
0.001101
0.001101
0.001101
0.001101
0.001100
0.001100
0.001100
0.001100
0.001100
0.001100
0.001099
0.001099
0.001099
0.001099
0.001099
0.001099
0.001098
0.001098
0.001098
0.001098
0.001098
0.001098
0.001097
