0.380994
0.165198
0.071220
0.034022
0.017193
0.009407
0.007245
0.006688
0.006062
0.005749
0.005631
0.005485
0.005314
0.005147
0.004977
0.004807
0.004609
0.004382
0.004144
0.003931
0.003765
0.003633
0.003518
0.003424
0.003298
0.002854
0.002343
0.002114
0.001993
0.001942
0.001900
0.001866
0.001840
0.001817
0.001797
0.001777
0.001762
0.001750
0.001742
0.001731
0.001722
0.001714
0.001708
0.001701
0.001695
0.001685
0.001675
0.001667
0.001660
0.001651
0.001643
0.001638
0.001631
0.001624
0.001617
0.001611
0.001606
0.001601
0.001598
0.001595
0.001593
0.001589
0.001583
0.001579
0.001572
0.001569
0.001566
0.001564
0.001562
0.001559
0.001559
0.001558
0.001557
0.001554
0.001551
0.001547
0.001541
0.001538
0.001534
0.001529
0.001522
0.001518
0.001514
0.001514
0.001514
0.001512
0.001510
0.001510
0.001511
0.001514
0.001516
0.001517
0.001515
0.001508
0.001500
0.001490
0.001483
0.001477
0.001470
0.001464
0.001369
0.001338
0.001332
0.001327
0.001328
0.001325
0.001324
0.001323
0.001321
0.001320
0.001319
0.001318
0.001316
0.001315
0.001314
0.001313
0.001312
0.001311
0.001310
0.001310
0.001310
0.001309
0.001309
0.001308
0.001308
0.001308
0.001308
0.001308
0.001309
0.001310
0.001310
0.001309
0.001309
0.001309
0.001308
0.001307
0.001307
0.001306
0.001305
0.001303
0.001301
0.001300
0.001298
0.001296
0.001295
0.001293
0.001292
0.001291
0.001290
0.001288
0.001287
0.001285
0.001283
0.001282
0.001280
0.001279
0.001278
0.001277
0.001275
0.001274
0.001273
0.001271
0.001270
0.001269
0.001268
0.001268
0.001266
0.001266
0.001265
0.001263
0.001262
0.001261
0.001260
0.001259
0.001259
0.001258
0.001257
0.001256
0.001255
0.001254
0.001253
0.001252
0.001249
0.001248
0.001246
0.001244
0.001243
0.001241
0.001241
0.001239
0.001239
0.001238
0.001237
0.001237
0.001235
0.001235
0.001233
0.001233
0.001232
0.001231
0.001196
0.001199
0.001205
0.001209
0.001206
0.001205
0.001203
0.001202
0.001201
0.001200
0.001199
0.001198
0.001197
0.001196
0.001194
0.001193
0.001192
0.001191
0.001190
0.001189
0.001188
0.001187
0.001187
0.001186
0.001185
0.001184
0.001183
0.001182
0.001182
0.001181
0.001180
0.001179
0.001179
0.001178
0.001177
0.001176
0.001176
0.001175
0.001174
0.001174
0.001173
0.001172
0.001172
0.001171
0.001171
0.001170
0.001169
0.001169
0.001169
0.001168
0.001168
0.001167
0.001167
0.001166
0.001166
0.001166
0.001165
0.001165
0.001165
0.001165
0.001164
0.001164
0.001164
0.001163
0.001163
0.001162
0.001162
0.001161
0.001161
0.001160
0.001160
0.001159
0.001159
0.001158
0.001158
0.001157
0.001157
0.001157
0.001156
0.001156
0.001155
0.001155
0.001154
0.001154
0.001153
0.001153
0.001152
0.001152
0.001151
0.001150
0.001150
0.001150
0.001149
0.001149
0.001148
0.001148
0.001147
0.001147
0.001146
0.001146
0.001134
0.001152
0.001158
0.001154
0.001150
0.001148
0.001148
0.001148
0.001147
0.001147
0.001147
0.001146
0.001146
0.001146
0.001146
0.001145
0.001145
0.001145
0.001145
0.001144
0.001144
0.001144
0.001144
0.001143
0.001143
0.001143
0.001143
0.001143
0.001142
0.001142
0.001142
0.001142
0.001142
0.001141
0.001141
0.001141
0.001141
0.001141
0.001140
0.001140
0.001140
0.001140
0.001139
0.001139
0.001139
0.001139
0.001139
0.001139
0.001139
0.001138
0.001138
0.001138
0.001138
0.001138
0.001138
0.001137
0.001137
0.001137
0.001137
0.001137
0.001136
0.001136
0.001136
0.001136
0.001136
0.001136
0.001135
0.001135
0.001135
0.001135
0.001135
0.001134
0.001134
0.001134
0.001134
0.001134
0.001134
0.001134
0.001133
0.001133
0.001133
0.001133
0.001133
0.001133
0.001133
0.001132
0.001132
0.001132
0.001132
0.001132
0.001132
0.001131
0.001131
0.001131
0.001131
0.001131
0.001131
0.001130
0.001130
0.001130
0.001116
0.001108
0.001104
0.001106
0.001105
0.001105
0.001105
0.001105
0.001105
0.001105
0.001105
0.001105
0.001105
0.001105
0.001105
0.001105
0.001104
0.001104
0.001104
0.001104
0.001104
0.001104
0.001104
0.001104
0.001104
0.001104
0.001104
0.001104
0.001104
0.001104
0.001104
0.001104
0.001104
0.001104
0.001104
0.001104
0.001104
0.001104
0.001104
0.001104
0.001104
0.001104
0.001104
0.001104
0.001103
0.001103
0.001103
0.001103
0.001103
0.001103
0.001103
0.001103
0.001103
0.001103
0.001103
0.001103
0.001103
0.001103
0.001103
0.001103
0.001103
0.001103
0.001103
0.001103
0.001103
0.001103
0.001103
0.001103
0.001103
0.001103
0.001103
0.001102
0.001102
0.001102
0.001102
0.001102
0.001102
0.001102
0.001102
0.001102
0.001102
0.001102
0.001102
0.001102
0.001102
0.001102
0.001102
0.001102
0.001102
0.001101
0.001101
0.001101
0.001101
0.001101
0.001101
0.001101
0.001101
0.001101
0.001101
0.001101
