0.340874
0.100500
0.036650
0.019465
0.011392
0.007969
0.006660
0.006128
0.005864
0.005643
0.005446
0.005272
0.005118
0.004985
0.004871
0.004769
0.004675
0.004590
0.004510
0.004433
0.004358
0.004285
0.004212
0.004141
0.004068
0.003991
0.003914
0.003838
0.003760
0.003678
0.003590
0.003490
0.003374
0.003235
0.003080
0.002924
0.002774
0.002635
0.002510
0.002395
0.002288
0.002195
0.002113
0.002043
0.001980
0.001920
0.001868
0.001820
0.001777
0.001741
0.001708
0.001676
0.001647
0.001619
0.001594
0.001570
0.001548
0.001527
0.001508
0.001490
0.001474
0.001459
0.001445
0.001434
0.001425
0.001416
0.001408
0.001400
0.001394
0.001387
0.001382
0.001375
0.001370
0.001365
0.001359
0.001353
0.001347
0.001341
0.001336
0.001330
0.001326
0.001322
0.001318
0.001313
0.001311
0.001308
0.001305
0.001301
0.001297
0.001295
0.001290
0.001287
0.001284
0.001280
0.001277
0.001274
0.001269
0.001264
0.001261
0.001257
0.001205
0.001198
0.001180
0.001180
0.001178
0.001175
0.001173
0.001172
0.001170
0.001168
0.001167
0.001165
0.001164
0.001162
0.001161
0.001159
0.001158
0.001156
0.001154
0.001153
0.001152
0.001151
0.001149
0.001148
0.001147
0.001145
0.001144
0.001142
0.001141
0.001139
0.001138
0.001137
0.001135
0.001134
0.001132
0.001131
0.001129
0.001128
0.001127
0.001125
0.001124
0.001123
0.001121
0.001120
0.001119
0.001117
0.001115
0.001114
0.001112
0.001110
0.001109
0.001107
0.001106
0.001104
0.001103
0.001102
0.001100
0.001099
0.001097
0.001096
0.001095
0.001094
0.001093
0.001092
0.001090
0.001089
0.001089
0.001088
0.001087
0.001086
0.001085
0.001084
0.001083
0.001082
0.001082
0.001080
0.001079
0.001078
0.001077
0.001077
0.001076
0.001075
0.001074
0.001073
0.001072
0.001071
0.001070
0.001069
0.001068
0.001067
0.001066
0.001065
0.001064
0.001063
0.001063
0.001062
0.001060
0.001059
0.001058
0.001057
0.001024
0.001031
0.001037
0.001040
0.001042
0.001042
0.001042
0.001041
0.001040
0.001039
0.001038
0.001038
0.001037
0.001036
0.001035
0.001034
0.001033
0.001032
0.001031
0.001030
0.001028
0.001027
0.001026
0.001025
0.001024
0.001023
0.001021
0.001020
0.001019
0.001018
0.001017
0.001016
0.001015
0.001014
0.001013
0.001011
0.001010
0.001009
0.001008
0.001007
0.001006
0.001005
0.001004
0.001002
0.001001
0.001000
0.000999
0.000998
0.000997
0.000996
0.000995
0.000994
0.000993
0.000992
0.000991
0.000991
0.000990
0.000989
0.000988
0.000987
0.000986
0.000985
0.000985
0.000984
0.000983
0.000983
0.000982
0.000981
0.000981
0.000980
0.000979
0.000979
0.000978
0.000977
0.000977
0.000976
0.000975
0.000975
0.000974
0.000973
0.000973
0.000972
0.000971
0.000971
0.000970
0.000969
0.000969
0.000968
0.000968
0.000967
0.000967
0.000966
0.000965
0.000965
0.000964
0.000964
0.000963
0.000963
0.000962
0.000962
0.000962
0.000973
0.000974
0.000974
0.000973
0.000971
0.000969
0.000967
0.000966
0.000965
0.000965
0.000965
0.000964
0.000964
0.000963
0.000963
0.000962
0.000962
0.000962
0.000962
0.000961
0.000961
0.000961
0.000961
0.000960
0.000960
0.000960
0.000960
0.000960
0.000959
0.000959
0.000959
0.000959
0.000958
0.000958
0.000958
0.000958
0.000958
0.000958
0.000958
0.000957
0.000957
0.000957
0.000957
0.000957
0.000957
0.000957
0.000957
0.000956
0.000956
0.000956
0.000956
0.000956
0.000956
0.000956
0.000956
0.000956
0.000955
0.000955
0.000955
0.000955
0.000955
0.000955
0.000955
0.000955
0.000954
0.000954
0.000954
0.000954
0.000954
0.000954
0.000954
0.000954
0.000954
0.000953
0.000953
0.000953
0.000953
0.000953
0.000953
0.000953
0.000953
0.000952
0.000952
0.000952
0.000952
0.000952
0.000952
0.000952
0.000952
0.000951
0.000951
0.000951
0.000951
0.000951
0.000951
0.000951
0.000951
0.000950
0.000950
0.000938
0.000932
0.000929
0.000930
0.000930
0.000930
0.000930
0.000930
0.000930
0.000929
0.000929
0.000929
0.000929
0.000929
0.000929
0.000929
0.000929
0.000929
0.000929
0.000929
0.000929
0.000929
0.000929
0.000929
0.000929
0.000929
0.000929
0.000929
0.000929
0.000929
0.000929
0.000929
0.000929
0.000929
0.000929
0.000929
0.000929
0.000929
0.000929
0.000929
0.000929
0.000928
0.000928
0.000928
0.000928
0.000928
0.000928
0.000928
0.000928
0.000928
0.000928
0.000928
0.000928
0.000928
0.000928
0.000928
0.000928
0.000928
0.000928
0.000928
0.000928
0.000928
0.000928
0.000928
0.000928
0.000928
0.000928
0.000928
0.000928
0.000928
0.000928
0.000928
0.000927
0.000927
0.000927
0.000927
0.000927
0.000927
0.000927
0.000927
0.000927
0.000927
0.000927
0.000927
0.000927
0.000927
0.000927
0.000927
0.000927
0.000927
0.000927
0.000927
0.000927
0.000927
0.000927
0.000927
0.000927
0.000927
0.000927
0.000926
