0.457935
0.329534
0.173537
0.081885
0.057034
0.034415
0.019423
0.011839
0.009094
0.008289
0.008044
0.007974
0.007960
0.007965
0.007975
0.007987
0.007997
0.008008
0.008016
0.008023
0.008029
0.008033
0.008037
0.008041
0.008045
0.008048
0.008050
0.008052
0.008055
0.008057
0.008058
0.008059
0.008060
0.008061
0.008061
0.008061
0.008061
0.008061
0.008061
0.008060
0.008058
0.008057
0.008056
0.008053
0.008051
0.008048
0.008043
0.008036
0.008027
0.008020
0.008011
0.008003
0.007993
0.007980
0.007965
0.007947
0.007930
0.007909
0.007887
0.007860
0.007829
0.007796
0.007758
0.007718
0.007679
0.007637
0.007596
0.007555
0.007515
0.007479
0.007436
0.007394
0.007349
0.007299
0.007250
0.007197
0.007137
0.007072
0.007000
0.006931
0.006852
0.006740
0.006575
0.006383
0.006205
0.006063
0.005952
0.005871
0.005808
0.005757
0.005717
0.005683
0.005654
0.005628
0.005602
0.005577
0.005553
0.005529
0.005506
0.005484
0.005409
0.005411
0.005419
0.005410
0.005399
0.005389
0.005380
0.005372
0.005364
0.005355
0.005347
0.005339
0.005331
0.005323
0.005315
0.005308
0.005300
0.005292
0.005283
0.005275
0.005267
0.005259
0.005251
0.005243
0.005235
0.005227
0.005219
0.005211
0.005203
0.005195
0.005187
0.005179
0.005172
0.005164
0.005156
0.005149
0.005141
0.005133
0.005126
0.005118
0.005110
0.005103
0.005095
0.005087
0.005080
0.005073
0.005065
0.005057
0.005049
0.005042
0.005034
0.005027
0.005021
0.005015
0.005008
0.005002
0.004995
0.004988
0.004981
0.004974
0.004967
0.004960
0.004953
0.004946
0.004939
0.004932
0.004925
0.004918
0.004911
0.004905
0.004898
0.004892
0.004886
0.004880
0.004874
0.004868
0.004862
0.004855
0.004849
0.004842
0.004837
0.004832
0.004827
0.004822
0.004817
0.004812
0.004807
0.004802
0.004798
0.004793
0.004789
0.004785
0.004780
0.004776
0.004771
0.004767
0.004761
0.004757
0.004752
0.004748
0.004648
0.004605
0.004601
0.004600
0.004597
0.004595
0.004593
0.004591
0.004589
0.004587
0.004585
0.004583
0.004581
0.004578
0.004576
0.004575
0.004572
0.004570
0.004568
0.004566
0.004564
0.004562
0.004560
0.004558
0.004556
0.004554
0.004552
0.004550
0.004548
0.004546
0.004545
0.004543
0.004541
0.004539
0.004537
0.004535
0.004533
0.004531
0.004529
0.004527
0.004525
0.004523
0.004522
0.004520
0.004518
0.004516
0.004514
0.004512
0.004511
0.004509
0.004507
0.004506
0.004503
0.004502
0.004500
0.004498
0.004496
0.004495
0.004493
0.004491
0.004489
0.004487
0.004485
0.004484
0.004482
0.004480
0.004478
0.004476
0.004475
0.004473
0.004472
0.004469
0.004468
0.004465
0.004464
0.004462
0.004460
0.004458
0.004456
0.004455
0.004453
0.004451
0.004449
0.004447
0.004446
0.004444
0.004442
0.004440
0.004438
0.004436
0.004435
0.004433
0.004431
0.004429
0.004428
0.004426
0.004425
0.004423
0.004421
0.004419
0.004392
0.004393
0.004398
0.004395
0.004394
0.004392
0.004391
0.004390
0.004388
0.004387
0.004386
0.004385
0.004384
0.004383
0.004382
0.004381
0.004380
0.004379
0.004378
0.004377
0.004376
0.004375
0.004373
0.004373
0.004371
0.004371
0.004369
0.004369
0.004367
0.004367
0.004365
0.004364
0.004363
0.004362
0.004361
0.004360
0.004359
0.004358
0.004357
0.004356
0.004355
0.004354
0.004353
0.004351
0.004350
0.004349
0.004348
0.004347
0.004346
0.004345
0.004344
0.004343
0.004341
0.004341
0.004339
0.004338
0.004337
0.004336
0.004335
0.004333
0.004332
0.004331
0.004330
0.004329
0.004328
0.004327
0.004326
0.004324
0.004324
0.004322
0.004322
0.004320
0.004320
0.004318
0.004318
0.004316
0.004316
0.004314
0.004314
0.004312
0.004311
0.004310
0.004309
0.004308
0.004307
0.004306
0.004305
0.004304
0.004303
0.004302
0.004301
0.004300
0.004299
0.004298
0.004297
0.004296
0.004295
0.004294
0.004293
0.004292
0.004288
0.004300
0.004304
0.004303
0.004301
0.004298
0.004297
0.004297
0.004296
0.004295
0.004295
0.004294
0.004294
0.004293
0.004292
0.004292
0.004291
0.004290
0.004290
0.004289
0.004289
0.004288
0.004287
0.004287
0.004286
0.004286
0.004285
0.004285
0.004284
0.004284
0.004283
0.004283
0.004282
0.004282
0.004281
0.004281
0.004280
0.004280
0.004280
0.004279
0.004279
0.004278
0.004278
0.004277
0.004277
0.004276
0.004276
0.004276
0.004275
0.004275
0.004274
0.004274
0.004273
0.004273
0.004273
0.004272
0.004272
0.004271
0.004271
0.004271
0.004270
0.004270
0.004269
0.004269
0.004269
0.004268
0.004268
0.004267
0.004267
0.004266
0.004266
0.004266
0.004265
0.004265
0.004264
0.004264
0.004263
0.004263
0.004263
0.004262
0.004262
0.004262
0.004261
0.004261
0.004261
0.004260
0.004260
0.004259
0.004259
0.004259
0.004258
0.004258
0.004257
0.004257
0.004257
0.004256
0.004256
0.004256
0.004255
0.004255
