0.437548
0.276744
0.165470
0.052515
0.039077
0.028820
0.021990
0.015921
0.011451
0.008674
0.007260
0.006549
0.006166
0.005940
0.005786
0.005665
0.005558
0.005460
0.005369
0.005286
0.005209
0.005139
0.005068
0.004996
0.004925
0.004858
0.004794
0.004730
0.004669
0.004612
0.004558
0.004512
0.004469
0.004430
0.004396
0.004364
0.004334
0.004304
0.004275
0.004250
0.004225
0.004200
0.004174
0.004146
0.004119
0.004088
0.004052
0.004009
0.003968
0.003919
0.003869
0.003819
0.003773
0.003727
0.003679
0.003633
0.003587
0.003545
0.003502
0.003462
0.003423
0.003384
0.003348
0.003313
0.003279
0.003246
0.003211
0.003176
0.003143
0.003102
0.003051
0.002995
0.002930
0.002856
0.002789
0.002744
0.002710
0.002681
0.002662
0.002656
0.002641
0.002612
0.002563
0.002507
0.002461
0.002439
0.002427
0.002418
0.002408
0.002397
0.002388
0.002378
0.002368
0.002360
0.002349
0.002343
0.002335
0.002328
0.002321
0.002314
0.002241
0.002252
0.002270
0.002274
0.002275
0.002274
0.002273
0.002272
0.002270
0.002268
0.002267
0.002265
0.002263
0.002263
0.002262
0.002260
0.002259
0.002258
0.002259
0.002257
0.002256
0.002256
0.002255
0.002254
0.002253
0.002252
0.002251
0.002250
0.002249
0.002248
0.002247
0.002246
0.002245
0.002243
0.002242
0.002240
0.002240
0.002239
0.002239
0.002238
0.002237
0.002236
0.002235
0.002235
0.002234
0.002233
0.002232
0.002231
0.002230
0.002229
0.002230
0.002229
0.002229
0.002227
0.002227
0.002227
0.002227
0.002225
0.002224
0.002222
0.002222
0.002222
0.002220
0.002220
0.002219
0.002219
0.002219
0.002218
0.002217
0.002217
0.002216
0.002215
0.002215
0.002214
0.002213
0.002212
0.002211
0.002210
0.002209
0.002209
0.002208
0.002207
0.002206
0.002205
0.002205
0.002204
0.002203
0.002202
0.002202
0.002201
0.002201
0.002200
0.002199
0.002199
0.002198
0.002198
0.002196
0.002195
0.002194
0.002193
0.002149
0.002109
0.002091
0.002097
0.002093
0.002094
0.002094
0.002094
0.002093
0.002094
0.002093
0.002094
0.002093
0.002094
0.002093
0.002094
0.002093
0.002094
0.002093
0.002094
0.002093
0.002093
0.002093
0.002094
0.002094
0.002093
0.002094
0.002094
0.002094
0.002094
0.002094
0.002094
0.002094
0.002094
0.002095
0.002095
0.002095
0.002095
0.002095
0.002095
0.002095
0.002095
0.002096
0.002096
0.002096
0.002096
0.002096
0.002096
0.002096
0.002096
0.002097
0.002097
0.002097
0.002097
0.002097
0.002097
0.002098
0.002098
0.002098
0.002098
0.002098
0.002098
0.002098
0.002098
0.002098
0.002098
0.002099
0.002099
0.002099
0.002099
0.002099
0.002099
0.002099
0.002099
0.002100
0.002100
0.002100
0.002100
0.002100
0.002100
0.002100
0.002100
0.002100
0.002100
0.002100
0.002100
0.002100
0.002101
0.002101
0.002101
0.002101
0.002101
0.002101
0.002101
0.002101
0.002101
0.002101
0.002102
0.002101
0.002102
0.002083
0.002077
0.002075
0.002073
0.002072
0.002072
0.002072
0.002072
0.002072
0.002072
0.002072
0.002072
0.002072
0.002071
0.002071
0.002071
0.002071
0.002071
0.002071
0.002071
0.002071
0.002071
0.002071
0.002071
0.002071
0.002071
0.002071
0.002071
0.002071
0.002071
0.002071
0.002070
0.002070
0.002070
0.002070
0.002070
0.002070
0.002070
0.002070
0.002070
0.002070
0.002070
0.002070
0.002070
0.002070
0.002070
0.002070
0.002070
0.002070
0.002070
0.002070
0.002070
0.002070
0.002070
0.002070
0.002070
0.002070
0.002070
0.002070
0.002070
0.002070
0.002070
0.002070
0.002070
0.002070
0.002070
0.002070
0.002069
0.002069
0.002069
0.002069
0.002069
0.002069
0.002069
0.002069
0.002069
0.002069
0.002069
0.002069
0.002069
0.002069
0.002069
0.002069
0.002069
0.002069
0.002069
0.002069
0.002069
0.002068
0.002068
0.002068
0.002068
0.002068
0.002068
0.002068
0.002068
0.002068
0.002068
0.002068
0.002067
0.002060
0.002065
0.002069
0.002070
0.002071
0.002071
0.002071
0.002071
0.002071
0.002071
0.002070
0.002070
0.002070
0.002070
0.002070
0.002070
0.002069
0.002069
0.002069
0.002069
0.002068
0.002068
0.002068
0.002068
0.002067
0.002067
0.002066
0.002066
0.002066
0.002065
0.002065
0.002064
0.002064
0.002063
0.002063
0.002062
0.002062
0.002061
0.002061
0.002060
0.002059
0.002059
0.002058
0.002057
0.002057
0.002056
0.002056
0.002055
0.002055
0.002054
0.002054
0.002053
0.002053
0.002052
0.002052
0.002051
0.002051
0.002050
0.002050
0.002050
0.002049
0.002049
0.002049
0.002048
0.002048
0.002048
0.002048
0.002047
0.002047
0.002047
0.002047
0.002047
0.002047
0.002046
0.002046
0.002046
0.002046
0.002046
0.002046
0.002046
0.002046
0.002045
0.002045
0.002045
0.002045
0.002045
0.002045
0.002045
0.002045
0.002045
0.002045
0.002045
0.002045
0.002044
0.002044
0.002044
0.002044
0.002044
0.002044
0.002044
