0.466850
0.345164
0.186449
0.074794
0.045527
0.029110
0.019059
0.012318
0.008404
0.006879
0.006464
0.006305
0.006181
0.006067
0.005965
0.005867
0.005765
0.005648
0.005504
0.005336
0.005155
0.004975
0.004808
0.004666
0.004548
0.004440
0.004336
0.004237
0.004140
0.004046
0.003953
0.003861
0.003768
0.003673
0.003575
0.003468
0.003357
0.003241
0.003121
0.003005
0.002895
0.002793
0.002699
0.002610
0.002528
0.002452
0.002382
0.002317
0.002258
0.002203
0.002153
0.002107
0.002065
0.002027
0.001991
0.001959
0.001931
0.001904
0.001879
0.001857
0.001837
0.001819
0.001802
0.001786
0.001772
0.001758
0.001746
0.001735
0.001724
0.001715
0.001707
0.001699
0.001691
0.001684
0.001677
0.001670
0.001663
0.001658
0.001652
0.001647
0.001643
0.001639
0.001635
0.001631
0.001627
0.001624
0.001621
0.001618
0.001615
0.001612
0.001609
0.001607
0.001603
0.001601
0.001598
0.001596
0.001594
0.001591
0.001588
0.001586
0.001541
0.001537
0.001547
0.001552
0.001553
0.001551
0.001550
0.001548
0.001546
0.001544
0.001543
0.001541
0.001539
0.001538
0.001537
0.001535
0.001534
0.001532
0.001531
0.001530
0.001529
0.001527
0.001526
0.001525
0.001524
0.001523
0.001522
0.001521
0.001520
0.001519
0.001518
0.001518
0.001517
0.001516
0.001515
0.001514
0.001514
0.001513
0.001512
0.001512
0.001511
0.001511
0.001510
0.001510
0.001509
0.001508
0.001508
0.001507
0.001507
0.001506
0.001506
0.001506
0.001505
0.001505
0.001504
0.001504
0.001503
0.001503
0.001503
0.001502
0.001502
0.001502
0.001501
0.001501
0.001501
0.001501
0.001500
0.001500
0.001500
0.001499
0.001499
0.001499
0.001499
0.001498
0.001498
0.001498
0.001498
0.001498
0.001497
0.001497
0.001497
0.001497
0.001497
0.001497
0.001496
0.001496
0.001496
0.001496
0.001496
0.001496
0.001495
0.001495
0.001495
0.001495
0.001495
0.001495
0.001495
0.001494
0.001494
0.001494
0.001489
0.001508
0.001521
0.001523
0.001522
0.001520
0.001519
0.001519
0.001519
0.001519
0.001520
0.001520
0.001520
0.001521
0.001521
0.001522
0.001522
0.001523
0.001524
0.001524
0.001525
0.001526
0.001527
0.001527
0.001528
0.001529
0.001529
0.001529
0.001530
0.001529
0.001529
0.001528
0.001528
0.001527
0.001526
0.001525
0.001524
0.001523
0.001521
0.001520
0.001519
0.001518
0.001517
0.001517
0.001516
0.001516
0.001515
0.001514
0.001514
0.001513
0.001513
0.001513
0.001512
0.001511
0.001511
0.001511
0.001511
0.001510
0.001510
0.001510
0.001510
0.001509
0.001509
0.001509
0.001509
0.001509
0.001508
0.001508
0.001508
0.001508
0.001508
0.001507
0.001507
0.001507
0.001507
0.001507
0.001506
0.001506
0.001506
0.001506
0.001506
0.001506
0.001506
0.001506
0.001506
0.001506
0.001506
0.001506
0.001506
0.001505
0.001505
0.001505
0.001505
0.001505
0.001505
0.001505
0.001505
0.001505
0.001504
0.001504
0.001482
0.001464
0.001458
0.001459
0.001459
0.001459
0.001459
0.001459
0.001459
0.001459
0.001459
0.001459
0.001459
0.001459
0.001459
0.001459
0.001459
0.001459
0.001459
0.001459
0.001459
0.001458
0.001458
0.001458
0.001458
0.001458
0.001458
0.001458
0.001458
0.001458
0.001458
0.001458
0.001458
0.001458
0.001458
0.001458
0.001458
0.001458
0.001458
0.001458
0.001459
0.001459
0.001459
0.001459
0.001459
0.001459
0.001459
0.001459
0.001459
0.001459
0.001459
0.001459
0.001459
0.001459
0.001459
0.001459
0.001459
0.001459
0.001459
0.001459
0.001459
0.001459
0.001459
0.001459
0.001459
0.001459
0.001459
0.001459
0.001459
0.001459
0.001459
0.001459
0.001459
0.001459
0.001459
0.001459
0.001459
0.001459
0.001459
0.001459
0.001459
0.001459
0.001459
0.001458
0.001458
0.001458
0.001458
0.001458
0.001458
0.001458
0.001457
0.001457
0.001457
0.001456
0.001456
0.001455
0.001454
0.001453
0.001452
0.001450
0.001442
0.001440
0.001441
0.001439
0.001438
0.001438
0.001437
0.001437
0.001437
0.001437
0.001436
0.001436
0.001436
0.001436
0.001435
0.001435
0.001435
0.001435
0.001435
0.001435
0.001434
0.001434
0.001434
0.001434
0.001434
0.001434
0.001434
0.001433
0.001433
0.001433
0.001433
0.001433
0.001433
0.001433
0.001432
0.001432
0.001432
0.001432
0.001432
0.001432
0.001432
0.001432
0.001431
0.001431
0.001431
0.001431
0.001431
0.001431
0.001431
0.001431
0.001431
0.001430
0.001430
0.001430
0.001430
0.001430
0.001430
0.001430
0.001430
0.001430
0.001429
0.001429
0.001429
0.001429
0.001429
0.001429
0.001429
0.001429
0.001429
0.001429
0.001428
0.001428
0.001428
0.001428
0.001428
0.001428
0.001428
0.001428
0.001428
0.001428
0.001428
0.001427
0.001427
0.001427
0.001427
0.001427
0.001427
0.001427
0.001427
0.001427
0.001427
0.001426
0.001426
0.001426
0.001426
0.001426
0.001426
0.001426
0.001426
0.001426
