0.478098
0.284311
0.114595
0.040826
0.028514
0.019389
0.013481
0.009713
0.007455
0.006265
0.005543
0.005048
0.004637
0.004258
0.003940
0.003701
0.003509
0.003350
0.003222
0.003112
0.003018
0.002936
0.002862
0.002800
0.002747
0.002699
0.002655
0.002616
0.002581
0.002550
0.002519
0.002489
0.002461
0.002435
0.002410
0.002388
0.002368
0.002347
0.002327
0.002305
0.002283
0.002260
0.002239
0.002218
0.002196
0.002175
0.002153
0.002130
0.002107
0.002085
0.002065
0.002044
0.002023
0.002003
0.001982
0.001962
0.001942
0.001923
0.001904
0.001886
0.001868
0.001850
0.001831
0.001812
0.001794
0.001776
0.001759
0.001743
0.001727
0.001710
0.001694
0.001680
0.001666
0.001651
0.001637
0.001622
0.001607
0.001592
0.001579
0.001568
0.001557
0.001545
0.001535
0.001524
0.001512
0.001501
0.001492
0.001482
0.001472
0.001464
0.001455
0.001445
0.001433
0.001422
0.001411
0.001400
0.001390
0.001381
0.001373
0.001367
0.001271
0.001260
0.001259
0.001259
0.001259
0.001257
0.001253
0.001249
0.001244
0.001240
0.001235
0.001231
0.001227
0.001223
0.001220
0.001216
0.001213
0.001210
0.001206
0.001203
0.001200
0.001197
0.001194
0.001191
0.001188
0.001186
0.001183
0.001181
0.001178
0.001176
0.001173
0.001171
0.001168
0.001165
0.001163
0.001160
0.001158
0.001156
0.001154
0.001152
0.001150
0.001147
0.001145
0.001143
0.001142
0.001140
0.001137
0.001135
0.001134
0.001132
0.001130
0.001128
0.001127
0.001125
0.001123
0.001121
0.001120
0.001118
0.001117
0.001115
0.001113
0.001111
0.001109
0.001107
0.001106
0.001104
0.001103
0.001102
0.001100
0.001098
0.001097
0.001096
0.001094
0.001092
0.001091
0.001088
0.001087
0.001084
0.001081
0.001078
0.001076
0.001074
0.001072
0.001071
0.001069
0.001068
0.001066
0.001064
0.001062
0.001060
0.001059
0.001058
0.001056
0.001055
0.001053
0.001051
0.001050
0.001049
0.001048
0.001046
0.001026
0.001036
0.001033
0.001027
0.001026
0.001026
0.001025
0.001024
0.001024
0.001023
0.001022
0.001022
0.001021
0.001020
0.001020
0.001019
0.001018
0.001018
0.001017
0.001016
0.001015
0.001014
0.001014
0.001013
0.001012
0.001011
0.001010
0.001009
0.001008
0.001008
0.001007
0.001006
0.001005
0.001004
0.001004
0.001003
0.001002
0.001001
0.001000
0.001000
0.000999
0.000998
0.000997
0.000997
0.000996
0.000995
0.000995
0.000994
0.000993
0.000993
0.000992
0.000991
0.000991
0.000990
0.000989
0.000989
0.000988
0.000988
0.000987
0.000986
0.000986
0.000985
0.000985
0.000985
0.000984
0.000984
0.000983
0.000982
0.000982
0.000982
0.000981
0.000981
0.000980
0.000980
0.000979
0.000979
0.000978
0.000978
0.000977
0.000976
0.000976
0.000975
0.000975
0.000974
0.000974
0.000973
0.000973
0.000973
0.000972
0.000972
0.000971
0.000971
0.000971
0.000970
0.000970
0.000970
0.000969
0.000969
0.000968
0.000968
0.000965
0.000972
0.000974
0.000976
0.000976
0.000976
0.000974
0.000972
0.000971
0.000969
0.000968
0.000967
0.000966
0.000965
0.000965
0.000964
0.000964
0.000963
0.000963
0.000962
0.000962
0.000962
0.000961
0.000961
0.000961
0.000961
0.000960
0.000960
0.000960
0.000959
0.000959
0.000959
0.000959
0.000959
0.000958
0.000958
0.000958
0.000958
0.000958
0.000957
0.000957
0.000957
0.000957
0.000957
0.000956
0.000956
0.000956
0.000956
0.000956
0.000956
0.000955
0.000955
0.000955
0.000955
0.000955
0.000955
0.000955
0.000954
0.000954
0.000954
0.000954
0.000954
0.000954
0.000954
0.000953
0.000953
0.000953
0.000953
0.000953
0.000953
0.000953
0.000952
0.000952
0.000952
0.000952
0.000952
0.000952
0.000952
0.000952
0.000951
0.000951
0.000951
0.000951
0.000951
0.000951
0.000951
0.000951
0.000951
0.000950
0.000950
0.000950
0.000950
0.000950
0.000950
0.000950
0.000949
0.000949
0.000949
0.000949
0.000949
0.000938
0.000933
0.000932
0.000932
0.000932
0.000932
0.000932
0.000932
0.000932
0.000932
0.000932
0.000932
0.000932
0.000932
0.000932
0.000932
0.000932
0.000932
0.000932
0.000931
0.000931
0.000931
0.000931
0.000931
0.000931
0.000931
0.000931
0.000931
0.000931
0.000931
0.000931
0.000931
0.000931
0.000931
0.000931
0.000931
0.000931
0.000931
0.000931
0.000931
0.000931
0.000930
0.000930
0.000930
0.000930
0.000930
0.000930
0.000930
0.000930
0.000930
0.000930
0.000930
0.000930
0.000930
0.000930
0.000930
0.000930
0.000930
0.000930
0.000930
0.000930
0.000930
0.000930
0.000930
0.000930
0.000930
0.000930
0.000930
0.000930
0.000930
0.000929
0.000929
0.000929
0.000929
0.000929
0.000929
0.000929
0.000929
0.000929
0.000929
0.000929
0.000929
0.000929
0.000929
0.000929
0.000929
0.000929
0.000929
0.000929
0.000929
0.000929
0.000929
0.000929
0.000929
0.000929
0.000929
0.000929
0.000928
0.000929
0.000928
