0.505661
0.416858
0.321005
0.222594
0.114892
0.067016
0.041095
0.029682
0.023209
0.018629
0.015131
0.012626
0.010849
0.009575
0.008641
0.007961
0.007489
0.007166
0.006927
0.006737
0.006573
0.006411
0.006236
0.005995
0.005624
0.005095
0.004533
0.004098
0.003799
0.003602
0.003467
0.003363
0.003279
0.003212
0.003150
0.003092
0.003039
0.002993
0.002949
0.002908
0.002869
0.002833
0.002797
0.002763
0.002730
0.002698
0.002668
0.002638
0.002608
0.002582
0.002555
0.002529
0.002503
0.002480
0.002458
0.002436
0.002415
0.002397
0.002378
0.002359
0.002340
0.002318
0.002295
0.002272
0.002250
0.002228
0.002206
0.002184
0.002163
0.002140
0.002117
0.002099
0.002078
0.002057
0.002040
0.002020
0.002000
0.001985
0.001970
0.001950
0.001931
0.001913
0.001897
0.001881
0.001866
0.001852
0.001839
0.001827
0.001819
0.001808
0.001796
0.001784
0.001775
0.001768
0.001759
0.001751
0.001746
0.001739
0.001731
0.001726
0.001660
0.001633
0.001636
0.001632
0.001632
0.001630
0.001628
0.001626
0.001624
0.001622
0.001620
0.001618
0.001616
0.001613
0.001612
0.001608
0.001606
0.001604
0.001602
0.001600
0.001598
0.001596
0.001594
0.001592
0.001590
0.001588
0.001586
0.001584
0.001583
0.001581
0.001579
0.001578
0.001576
0.001575
0.001573
0.001572
0.001570
0.001569
0.001568
0.001567
0.001565
0.001564
0.001563
0.001562
0.001561
0.001560
0.001558
0.001557
0.001556
0.001555
0.001554
0.001553
0.001552
0.001551
0.001550
0.001549
0.001548
0.001547
0.001546
0.001544
0.001543
0.001542
0.001541
0.001540
0.001539
0.001538
0.001537
0.001535
0.001534
0.001533
0.001532
0.001531
0.001530
0.001529
0.001528
0.001527
0.001526
0.001525
0.001524
0.001523
0.001521
0.001520
0.001519
0.001518
0.001517
0.001516
0.001515
0.001514
0.001513
0.001511
0.001511
0.001510
0.001509
0.001507
0.001507
0.001506
0.001505
0.001504
0.001503
0.001502
0.001482
0.001481
0.001480
0.001479
0.001479
0.001478
0.001478
0.001477
0.001477
0.001476
0.001475
0.001475
0.001474
0.001474
0.001473
0.001472
0.001472
0.001471
0.001471
0.001470
0.001469
0.001468
0.001468
0.001467
0.001466
0.001466
0.001465
0.001464
0.001464
0.001463
0.001462
0.001462
0.001461
0.001460
0.001460
0.001459
0.001458
0.001458
0.001457
0.001457
0.001456
0.001455
0.001455
0.001454
0.001454
0.001453
0.001453
0.001453
0.001453
0.001452
0.001451
0.001451
0.001450
0.001450
0.001450
0.001449
0.001449
0.001449
0.001448
0.001448
0.001448
0.001447
0.001447
0.001447
0.001447
0.001446
0.001446
0.001446
0.001445
0.001445
0.001445
0.001444
0.001444
0.001444
0.001444
0.001443
0.001443
0.001443
0.001442
0.001442
0.001442
0.001441
0.001441
0.001441
0.001441
0.001440
0.001440
0.001440
0.001440
0.001439
0.001439
0.001439
0.001439
0.001438
0.001438
0.001438
0.001437
0.001437
0.001437
0.001437
0.001430
0.001419
0.001414
0.001416
0.001415
0.001415
0.001415
0.001415
0.001415
0.001415
0.001414
0.001414
0.001414
0.001414
0.001414
0.001414
0.001414
0.001413
0.001414
0.001414
0.001413
0.001413
0.001413
0.001413
0.001413
0.001413
0.001413
0.001412
0.001413
0.001413
0.001412
0.001412
0.001412
0.001412
0.001412
0.001412
0.001412
0.001412
0.001411
0.001412
0.001412
0.001411
0.001411
0.001411
0.001411
0.001411
0.001411
0.001411
0.001411
0.001411
0.001410
0.001410
0.001410
0.001410
0.001410
0.001410
0.001410
0.001410
0.001409
0.001409
0.001409
0.001409
0.001409
0.001409
0.001409
0.001409
0.001409
0.001408
0.001408
0.001408
0.001408
0.001408
0.001408
0.001408
0.001408
0.001408
0.001408
0.001407
0.001407
0.001407
0.001407
0.001407
0.001407
0.001407
0.001407
0.001406
0.001406
0.001406
0.001406
0.001406
0.001406
0.001406
0.001406
0.001406
0.001405
0.001405
0.001405
0.001405
0.001405
0.001405
0.001397
0.001398
0.001398
0.001398
0.001398
0.001398
0.001398
0.001398
0.001398
0.001397
0.001397
0.001397
0.001397
0.001397
0.001397
0.001397
0.001397
0.001397
0.001397
0.001397
0.001397
0.001396
0.001396
0.001396
0.001396
0.001396
0.001396
0.001396
0.001396
0.001396
0.001396
0.001396
0.001395
0.001395
0.001395
0.001395
0.001395
0.001395
0.001395
0.001395
0.001395
0.001395
0.001395
0.001395
0.001394
0.001394
0.001394
0.001394
0.001394
0.001394
0.001394
0.001394
0.001394
0.001394
0.001394
0.001394
0.001393
0.001393
0.001393
0.001393
0.001393
0.001393
0.001393
0.001393
0.001393
0.001393
0.001393
0.001393
0.001392
0.001392
0.001392
0.001392
0.001392
0.001392
0.001392
0.001392
0.001392
0.001392
0.001392
0.001392
0.001392
0.001392
0.001391
0.001391
0.001391
0.001391
0.001391
0.001391
0.001391
0.001391
0.001391
0.001391
0.001391
0.001391
0.001390
0.001390
0.001390
0.001390
0.001390
0.001390
