0.502973
0.391076
0.253147
0.152280
0.099660
0.053527
0.025997
0.016325
0.011047
0.007976
0.006245
0.005458
0.004957
0.004519
0.004183
0.003866
0.003595
0.003363
0.003181
0.003042
0.002930
0.002838
0.002759
0.002692
0.002635
0.002585
0.002539
0.002492
0.002448
0.002411
0.002371
0.002333
0.002302
0.002273
0.002244
0.002215
0.002184
0.002158
0.002132
0.002107
0.002084
0.002061
0.002040
0.002019
0.001999
0.001981
0.001961
0.001943
0.001926
0.001909
0.001893
0.001877
0.001862
0.001849
0.001835
0.001822
0.001809
0.001798
0.001785
0.001774
0.001763
0.001753
0.001742
0.001732
0.001722
0.001712
0.001703
0.001693
0.001684
0.001675
0.001667
0.001660
0.001652
0.001644
0.001636
0.001629
0.001623
0.001616
0.001609
0.001603
0.001597
0.001590
0.001582
0.001577
0.001572
0.001566
0.001560
0.001554
0.001550
0.001545
0.001540
0.001536
0.001531
0.001527
0.001524
0.001519
0.001513
0.001510
0.001506
0.001499
0.001447
0.001457
0.001441
0.001441
0.001438
0.001436
0.001434
0.001433
0.001431
0.001429
0.001428
0.001426
0.001425
0.001424
0.001422
0.001421
0.001419
0.001418
0.001417
0.001415
0.001414
0.001413
0.001411
0.001410
0.001408
0.001407
0.001405
0.001404
0.001402
0.001401
0.001400
0.001399
0.001398
0.001397
0.001395
0.001394
0.001392
0.001390
0.001389
0.001388
0.001386
0.001386
0.001384
0.001383
0.001381
0.001380
0.001379
0.001378
0.001377
0.001375
0.001374
0.001373
0.001372
0.001371
0.001370
0.001368
0.001367
0.001367
0.001365
0.001364
0.001363
0.001362
0.001361
0.001361
0.001360
0.001359
0.001358
0.001357
0.001356
0.001355
0.001353
0.001353
0.001351
0.001351
0.001349
0.001349
0.001347
0.001345
0.001344
0.001343
0.001341
0.001340
0.001338
0.001337
0.001337
0.001335
0.001334
0.001333
0.001332
0.001331
0.001330
0.001329
0.001329
0.001328
0.001327
0.001326
0.001326
0.001324
0.001324
0.001324
0.001290
0.001295
0.001298
0.001298
0.001297
0.001296
0.001296
0.001295
0.001295
0.001294
0.001294
0.001294
0.001294
0.001293
0.001293
0.001292
0.001292
0.001292
0.001291
0.001291
0.001291
0.001290
0.001289
0.001289
0.001288
0.001288
0.001287
0.001286
0.001286
0.001285
0.001285
0.001284
0.001283
0.001282
0.001282
0.001281
0.001280
0.001279
0.001278
0.001277
0.001276
0.001276
0.001275
0.001274
0.001273
0.001272
0.001271
0.001270
0.001270
0.001269
0.001268
0.001267
0.001267
0.001266
0.001266
0.001265
0.001264
0.001264
0.001263
0.001263
0.001262
0.001262
0.001261
0.001261
0.001261
0.001260
0.001260
0.001259
0.001259
0.001259
0.001258
0.001258
0.001258
0.001257
0.001257
0.001257
0.001257
0.001256
0.001256
0.001256
0.001256
0.001255
0.001255
0.001254
0.001254
0.001254
0.001254
0.001254
0.001253
0.001253
0.001253
0.001253
0.001252
0.001252
0.001252
0.001252
0.001251
0.001251
0.001251
0.001251
0.001240
0.001233
0.001229
0.001230
0.001230
0.001229
0.001230
0.001229
0.001229
0.001229
0.001229
0.001229
0.001229
0.001229
0.001229
0.001229
0.001229
0.001229
0.001229
0.001229
0.001229
0.001229
0.001229
0.001229
0.001229
0.001229
0.001229
0.001229
0.001229
0.001228
0.001229
0.001228
0.001229
0.001228
0.001228
0.001228
0.001228
0.001228
0.001228
0.001228
0.001228
0.001228
0.001228
0.001228
0.001228
0.001228
0.001228
0.001228
0.001228
0.001228
0.001228
0.001228
0.001228
0.001228
0.001228
0.001228
0.001227
0.001228
0.001227
0.001227
0.001227
0.001227
0.001227
0.001227
0.001227
0.001227
0.001227
0.001226
0.001226
0.001226
0.001226
0.001226
0.001226
0.001226
0.001226
0.001225
0.001225
0.001225
0.001225
0.001225
0.001225
0.001225
0.001225
0.001224
0.001224
0.001224
0.001224
0.001224
0.001224
0.001224
0.001223
0.001223
0.001223
0.001223
0.001223
0.001223
0.001223
0.001223
0.001222
0.001222
0.001214
0.001208
0.001206
0.001206
0.001206
0.001206
0.001206
0.001206
0.001206
0.001206
0.001206
0.001206
0.001205
0.001205
0.001205
0.001205
0.001205
0.001205
0.001205
0.001205
0.001205
0.001205
0.001205
0.001205
0.001204
0.001204
0.001204
0.001204
0.001204
0.001204
0.001204
0.001204
0.001204
0.001204
0.001204
0.001203
0.001203
0.001203
0.001203
0.001203
0.001203
0.001203
0.001203
0.001203
0.001203
0.001203
0.001203
0.001202
0.001202
0.001202
0.001202
0.001202
0.001202
0.001202
0.001202
0.001202
0.001202
0.001202
0.001202
0.001202
0.001201
0.001201
0.001201
0.001201
0.001201
0.001201
0.001201
0.001201
0.001201
0.001201
0.001201
0.001200
0.001200
0.001200
0.001200
0.001200
0.001200
0.001200
0.001200
0.001200
0.001200
0.001200
0.001199
0.001199
0.001199
0.001199
0.001199
0.001199
0.001199
0.001199
0.001199
0.001199
0.001199
0.001198
0.001198
0.001198
0.001198
0.001198
0.001198
0.001198
