0.499795
0.321150
0.173323
0.071967
0.051578
0.036554
0.025315
0.016731
0.011340
0.008902
0.007912
0.007512
0.007341
0.007259
0.007214
0.007181
0.007150
0.007119
0.007086
0.007051
0.007008
0.006959
0.006908
0.006853
0.006797
0.006737
0.006676
0.006613
0.006550
0.006488
0.006424
0.006359
0.006288
0.006212
0.006126
0.006025
0.005922
0.005822
0.005725
0.005627
0.005527
0.005422
0.005318
0.005215
0.005117
0.005021
0.004928
0.004839
0.004753
0.004670
0.004590
0.004509
0.004432
0.004357
0.004282
0.004208
0.004132
0.004057
0.003979
0.003904
0.003829
0.003755
0.003678
0.003602
0.003526
0.003450
0.003376
0.003304
0.003235
0.003171
0.003112
0.003055
0.003002
0.002951
0.002902
0.002853
0.002804
0.002757
0.002710
0.002665
0.002623
0.002583
0.002546
0.002512
0.002479
0.002448
0.002418
0.002387
0.002357
0.002327
0.002298
0.002269
0.002240
0.002213
0.002186
0.002158
0.002130
0.002102
0.002074
0.002048
0.001943
0.001939
0.001929
0.001920
0.001908
0.001895
0.001882
0.001869
0.001856
0.001844
0.001831
0.001819
0.001807
0.001795
0.001784
0.001773
0.001763
0.001753
0.001743
0.001734
0.001726
0.001717
0.001709
0.001701
0.001694
0.001686
0.001679
0.001672
0.001665
0.001659
0.001652
0.001646
0.001640
0.001634
0.001628
0.001623
0.001617
0.001612
0.001607
0.001603
0.001598
0.001594
0.001590
0.001586
0.001582
0.001578
0.001574
0.001570
0.001566
0.001563
0.001559
0.001555
0.001552
0.001548
0.001544
0.001541
0.001538
0.001534
0.001531
0.001528
0.001525
0.001522
0.001519
0.001516
0.001514
0.001511
0.001508
0.001506
0.001503
0.001501
0.001499
0.001497
0.001495
0.001492
0.001491
0.001489
0.001488
0.001486
0.001484
0.001483
0.001482
0.001481
0.001479
0.001478
0.001477
0.001476
0.001475
0.001474
0.001473
0.001472
0.001472
0.001471
0.001470
0.001469
0.001468
0.001468
0.001467
0.001466
0.001465
0.001465
0.001446
0.001465
0.001475
0.001476
0.001477
0.001478
0.001477
0.001476
0.001476
0.001475
0.001475
0.001474
0.001474
0.001473
0.001473
0.001472
0.001472
0.001471
0.001471
0.001470
0.001470
0.001470
0.001469
0.001469
0.001468
0.001468
0.001468
0.001467
0.001467
0.001466
0.001466
0.001465
0.001465
0.001465
0.001464
0.001464
0.001464
0.001463
0.001463
0.001463
0.001463
0.001463
0.001462
0.001462
0.001462
0.001462
0.001462
0.001461
0.001461
0.001461
0.001461
0.001461
0.001461
0.001460
0.001460
0.001460
0.001460
0.001460
0.001459
0.001459
0.001459
0.001459
0.001458
0.001458
0.001458
0.001458
0.001457
0.001457
0.001457
0.001457
0.001456
0.001456
0.001456
0.001456
0.001456
0.001455
0.001455
0.001455
0.001455
0.001455
0.001455
0.001454
0.001454
0.001454
0.001454
0.001454
0.001454
0.001453
0.001453
0.001453
0.001453
0.001453
0.001453
0.001453
0.001453
0.001452
0.001452
0.001452
0.001452
0.001452
0.001441
0.001426
0.001423
0.001420
0.001420
0.001421
0.001420
0.001420
0.001420
0.001420
0.001420
0.001420
0.001420
0.001420
0.001420
0.001420
0.001421
0.001421
0.001421
0.001421
0.001421
0.001421
0.001421
0.001421
0.001421
0.001421
0.001421
0.001421
0.001421
0.001421
0.001421
0.001421
0.001421
0.001421
0.001421
0.001421
0.001421
0.001421
0.001421
0.001421
0.001421
0.001421
0.001421
0.001421
0.001421
0.001421
0.001421
0.001421
0.001421
0.001421
0.001421
0.001421
0.001421
0.001421
0.001421
0.001421
0.001421
0.001422
0.001421
0.001421
0.001422
0.001422
0.001421
0.001421
0.001422
0.001422
0.001422
0.001422
0.001422
0.001422
0.001422
0.001422
0.001422
0.001422
0.001422
0.001422
0.001422
0.001422
0.001422
0.001422
0.001422
0.001422
0.001422
0.001422
0.001422
0.001422
0.001422
0.001422
0.001422
0.001422
0.001422
0.001422
0.001422
0.001422
0.001422
0.001422
0.001422
0.001422
0.001422
0.001422
0.001413
0.001410
0.001409
0.001409
0.001408
0.001408
0.001408
0.001408
0.001408
0.001408
0.001408
0.001408
0.001408
0.001408
0.001408
0.001408
0.001408
0.001408
0.001408
0.001408
0.001408
0.001408
0.001408
0.001408
0.001408
0.001408
0.001408
0.001408
0.001408
0.001408
0.001408
0.001408
0.001408
0.001408
0.001408
0.001408
0.001408
0.001408
0.001408
0.001408
0.001408
0.001408
0.001408
0.001408
0.001408
0.001408
0.001408
0.001408
0.001408
0.001408
0.001408
0.001408
0.001408
0.001408
0.001408
0.001408
0.001408
0.001408
0.001408
0.001408
0.001408
0.001408
0.001408
0.001408
0.001408
0.001408
0.001408
0.001408
0.001408
0.001408
0.001408
0.001408
0.001408
0.001408
0.001408
0.001408
0.001408
0.001408
0.001408
0.001408
0.001408
0.001408
0.001408
0.001408
0.001408
0.001408
0.001408
0.001408
0.001408
0.001408
0.001408
0.001408
0.001408
0.001408
0.001408
0.001408
0.001408
0.001408
0.001408
0.001408
