0.462281
0.331073
0.175040
0.079322
0.046332
0.029863
0.022912
0.018054
0.014453
0.011759
0.010049
0.008927
0.008063
0.007410
0.006906
0.006507
0.006181
0.005904
0.005648
0.005404
0.005167
0.004933
0.004700
0.004478
0.004264
0.004063
0.003877
0.003707
0.003552
0.003394
0.003174
0.002935
0.002773
0.002644
0.002556
0.002492
0.002445
0.002407
0.002375
0.002346
0.002317
0.002288
0.002263
0.002245
0.002232
0.002218
0.002203
0.002188
0.002175
0.002160
0.002148
0.002132
0.002119
0.002107
0.002094
0.002081
0.002067
0.002053
0.002039
0.002026
0.002010
0.001992
0.001976
0.001956
0.001940
0.001924
0.001911
0.001897
0.001883
0.001869
0.001855
0.001842
0.001830
0.001817
0.001803
0.001790
0.001778
0.001765
0.001754
0.001742
0.001731
0.001721
0.001711
0.001702
0.001693
0.001685
0.001678
0.001670
0.001663
0.001655
0.001648
0.001643
0.001637
0.001631
0.001625
0.001619
0.001613
0.001608
0.001602
0.001597
0.001593
0.001585
0.001576
0.001575
0.001572
0.001570
0.001568
0.001566
0.001563
0.001562
0.001560
0.001558
0.001556
0.001554
0.001552
0.001550
0.001548
0.001546
0.001544
0.001543
0.001541
0.001539
0.001537
0.001536
0.001534
0.001533
0.001531
0.001530
0.001528
0.001527
0.001525
0.001524
0.001523
0.001521
0.001520
0.001518
0.001517
0.001515
0.001514
0.001513
0.001511
0.001509
0.001508
0.001506
0.001505
0.001504
0.001502
0.001501
0.001500
0.001500
0.001498
0.001497
0.001495
0.001494
0.001492
0.001491
0.001490
0.001489
0.001488
0.001487
0.001486
0.001485
0.001484
0.001483
0.001482
0.001481
0.001480
0.001479
0.001478
0.001477
0.001476
0.001475
0.001474
0.001473
0.001471
0.001471
0.001469
0.001468
0.001467
0.001466
0.001465
0.001464
0.001463
0.001462
0.001462
0.001461
0.001460
0.001459
0.001457
0.001456
0.001455
0.001454
0.001453
0.001452
0.001451
0.001450
0.001450
0.001448
0.001447
0.001445
0.001427
0.001405
0.001402
0.001405
0.001403
0.001402
0.001402
0.001401
0.001401
0.001400
0.001400
0.001399
0.001399
0.001398
0.001398
0.001398
0.001397
0.001397
0.001397
0.001396
0.001396
0.001395
0.001395
0.001394
0.001394
0.001394
0.001393
0.001393
0.001392
0.001392
0.001391
0.001391
0.001391
0.001390
0.001390
0.001389
0.001389
0.001388
0.001388
0.001387
0.001387
0.001386
0.001386
0.001386
0.001385
0.001385
0.001384
0.001384
0.001383
0.001383
0.001383
0.001382
0.001382
0.001381
0.001381
0.001381
0.001380
0.001380
0.001379
0.001379
0.001379
0.001378
0.001378
0.001377
0.001377
0.001377
0.001376
0.001376
0.001375
0.001375
0.001375
0.001375
0.001374
0.001374
0.001373
0.001373
0.001373
0.001373
0.001372
0.001372
0.001372
0.001371
0.001371
0.001371
0.001371
0.001370
0.001370
0.001370
0.001369
0.001369
0.001369
0.001368
0.001368
0.001367
0.001367
0.001367
0.001366
0.001366
0.001366
0.001366
0.001355
0.001355
0.001353
0.001351
0.001351
0.001351
0.001351
0.001350
0.001350
0.001350
0.001350
0.001350
0.001350
0.001349
0.001349
0.001349
0.001349
0.001349
0.001348
0.001348
0.001348
0.001348
0.001348
0.001348
0.001347
0.001347
0.001347
0.001347
0.001347
0.001346
0.001346
0.001346
0.001346
0.001346
0.001346
0.001345
0.001345
0.001345
0.001345
0.001344
0.001344
0.001344
0.001344
0.001344
0.001344
0.001343
0.001343
0.001343
0.001343
0.001343
0.001343
0.001342
0.001342
0.001342
0.001342
0.001342
0.001341
0.001341
0.001341
0.001341
0.001341
0.001341
0.001340
0.001340
0.001340
0.001340
0.001340
0.001340
0.001339
0.001339
0.001339
0.001339
0.001339
0.001338
0.001338
0.001338
0.001338
0.001338
0.001338
0.001337
0.001337
0.001337
0.001337
0.001337
0.001337
0.001336
0.001336
0.001336
0.001336
0.001336
0.001335
0.001335
0.001335
0.001335
0.001335
0.001334
0.001334
0.001334
0.001334
0.001334
0.001330
0.001333
0.001336
0.001336
0.001336
0.001336
0.001335
0.001335
0.001335
0.001335
0.001335
0.001334
0.001334
0.001334
0.001334
0.001334
0.001334
0.001334
0.001333
0.001333
0.001333
0.001333
0.001333
0.001333
0.001332
0.001332
0.001332
0.001332
0.001332
0.001332
0.001332
0.001331
0.001331
0.001331
0.001331
0.001331
0.001331
0.001331
0.001331
0.001330
0.001330
0.001330
0.001330
0.001330
0.001330
0.001330
0.001330
0.001330
0.001329
0.001329
0.001329
0.001329
0.001329
0.001329
0.001329
0.001329
0.001328
0.001328
0.001328
0.001328
0.001328
0.001328
0.001328
0.001328
0.001327
0.001327
0.001327
0.001327
0.001327
0.001327
0.001327
0.001327
0.001326
0.001326
0.001326
0.001326
0.001326
0.001326
0.001326
0.001326
0.001326
0.001326
0.001325
0.001325
0.001325
0.001325
0.001325
0.001325
0.001325
0.001325
0.001325
0.001324
0.001324
0.001324
0.001324
0.001324
0.001324
0.001324
0.001324
0.001323
