0.369988
0.122150
0.054967
0.033046
0.018299
0.009447
0.005801
0.003753
0.002808
0.002487
0.002347
0.002229
0.002131
0.002060
0.002001
0.001948
0.001905
0.001871
0.001844
0.001819
0.001793
0.001768
0.001742
0.001718
0.001695
0.001672
0.001651
0.001634
0.001617
0.001602
0.001587
0.001575
0.001563
0.001550
0.001538
0.001527
0.001516
0.001504
0.001491
0.001480
0.001467
0.001457
0.001448
0.001440
0.001428
0.001418
0.001405
0.001397
0.001390
0.001381
0.001372
0.001363
0.001356
0.001347
0.001338
0.001329
0.001323
0.001314
0.001309
0.001300
0.001293
0.001287
0.001281
0.001274
0.001267
0.001261
0.001254
0.001248
0.001243
0.001240
0.001234
0.001225
0.001218
0.001213
0.001209
0.001203
0.001198
0.001192
0.001187
0.001182
0.001176
0.001171
0.001165
0.001160
0.001156
0.001152
0.001145
0.001140
0.001134
0.001129
0.001123
0.001118
0.001113
0.001106
0.001100
0.001093
0.001085
0.001081
0.001075
0.001069
0.000981
0.000988
0.000978
0.000980
0.000976
0.000973
0.000969
0.000966
0.000963
0.000960
0.000957
0.000954
0.000952
0.000949
0.000947
0.000945
0.000943
0.000942
0.000941
0.000939
0.000938
0.000937
0.000936
0.000936
0.000935
0.000935
0.000934
0.000934
0.000934
0.000934
0.000934
0.000934
0.000934
0.000934
0.000934
0.000934
0.000935
0.000935
0.000935
0.000935
0.000935
0.000934
0.000934
0.000934
0.000933
0.000933
0.000934
0.000934
0.000934
0.000934
0.000933
0.000933
0.000932
0.000932
0.000932
0.000931
0.000930
0.000930
0.000929
0.000929
0.000929
0.000928
0.000928
0.000927
0.000926
0.000926
0.000925
0.000924
0.000924
0.000923
0.000923
0.000922
0.000922
0.000921
0.000921
0.000920
0.000920
0.000920
0.000919
0.000919
0.000919
0.000918
0.000918
0.000917
0.000917
0.000917
0.000916
0.000916
0.000915
0.000915
0.000914
0.000913
0.000912
0.000912
0.000912
0.000912
0.000911
0.000910
0.000910
0.000910
0.000875
0.000881
0.000885
0.000890
0.000894
0.000895
0.000895
0.000895
0.000894
0.000893
0.000893
0.000892
0.000892
0.000891
0.000890
0.000890
0.000889
0.000888
0.000887
0.000887
0.000886
0.000885
0.000884
0.000883
0.000883
0.000882
0.000881
0.000880
0.000879
0.000879
0.000878
0.000877
0.000876
0.000875
0.000875
0.000874
0.000873
0.000872
0.000872
0.000871
0.000870
0.000870
0.000869
0.000868
0.000868
0.000867
0.000866
0.000866
0.000865
0.000864
0.000864
0.000863
0.000862
0.000862
0.000861
0.000861
0.000861
0.000860
0.000860
0.000859
0.000859
0.000858
0.000858
0.000857
0.000857
0.000857
0.000856
0.000856
0.000856
0.000855
0.000855
0.000854
0.000854
0.000854
0.000853
0.000853
0.000853
0.000852
0.000852
0.000851
0.000851
0.000850
0.000850
0.000850
0.000849
0.000849
0.000849
0.000848
0.000848
0.000847
0.000847
0.000847
0.000846
0.000846
0.000846
0.000845
0.000845
0.000845
0.000844
0.000844
0.000835
0.000847
0.000844
0.000847
0.000850
0.000850
0.000850
0.000851
0.000851
0.000851
0.000852
0.000852
0.000853
0.000853
0.000853
0.000854
0.000854
0.000855
0.000855
0.000855
0.000855
0.000855
0.000855
0.000855
0.000855
0.000855
0.000854
0.000854
0.000854
0.000854
0.000853
0.000853
0.000852
0.000852
0.000852
0.000851
0.000851
0.000851
0.000850
0.000850
0.000850
0.000850
0.000850
0.000849
0.000849
0.000849
0.000849
0.000849
0.000849
0.000848
0.000848
0.000848
0.000848
0.000848
0.000848
0.000848
0.000848
0.000847
0.000847
0.000847
0.000847
0.000847
0.000847
0.000847
0.000847
0.000847
0.000847
0.000847
0.000847
0.000847
0.000847
0.000847
0.000847
0.000847
0.000846
0.000846
0.000846
0.000846
0.000846
0.000846
0.000846
0.000846
0.000846
0.000846
0.000846
0.000846
0.000846
0.000846
0.000846
0.000846
0.000846
0.000846
0.000846
0.000846
0.000846
0.000845
0.000846
0.000846
0.000846
0.000846
0.000829
0.000816
0.000814
0.000815
0.000815
0.000815
0.000815
0.000815
0.000815
0.000815
0.000815
0.000815
0.000815
0.000815
0.000815
0.000815
0.000815
0.000815
0.000815
0.000815
0.000815
0.000815
0.000815
0.000815
0.000815
0.000815
0.000815
0.000815
0.000815
0.000815
0.000815
0.000815
0.000815
0.000815
0.000815
0.000815
0.000815
0.000815
0.000815
0.000815
0.000815
0.000815
0.000815
0.000815
0.000815
0.000815
0.000815
0.000815
0.000815
0.000815
0.000815
0.000815
0.000815
0.000815
0.000815
0.000815
0.000815
0.000815
0.000815
0.000815
0.000815
0.000815
0.000815
0.000815
0.000815
0.000815
0.000815
0.000815
0.000816
0.000816
0.000816
0.000816
0.000816
0.000816
0.000816
0.000816
0.000816
0.000816
0.000816
0.000816
0.000816
0.000816
0.000816
0.000816
0.000816
0.000816
0.000816
0.000816
0.000816
0.000816
0.000816
0.000816
0.000816
0.000816
0.000816
0.000816
0.000816
0.000816
0.000816
0.000816
