0.434318
0.267939
0.109982
0.049916
0.037368
0.029256
0.023250
0.018380
0.014533
0.011476
0.009098
0.007263
0.005894
0.004924
0.004267
0.003824
0.003523
0.003308
0.003146
0.003021
0.002921
0.002840
0.002764
0.002694
0.002629
0.002567
0.002510
0.002455
0.002405
0.002354
0.002303
0.002257
0.002214
0.002169
0.002128
0.002092
0.002055
0.002022
0.001992
0.001963
0.001937
0.001912
0.001888
0.001864
0.001843
0.001823
0.001805
0.001787
0.001770
0.001754
0.001739
0.001723
0.001707
0.001693
0.001679
0.001665
0.001650
0.001636
0.001621
0.001607
0.001593
0.001579
0.001567
0.001555
0.001542
0.001530
0.001520
0.001510
0.001499
0.001487
0.001477
0.001468
0.001459
0.001449
0.001440
0.001430
0.001421
0.001411
0.001403
0.001395
0.001389
0.001382
0.001374
0.001366
0.001358
0.001351
0.001345
0.001339
0.001334
0.001329
0.001323
0.001318
0.001312
0.001307
0.001303
0.001298
0.001293
0.001289
0.001285
0.001281
0.001236
0.001267
0.001289
0.001295
0.001296
0.001294
0.001291
0.001288
0.001284
0.001281
0.001278
0.001275
0.001272
0.001270
0.001268
0.001266
0.001264
0.001263
0.001261
0.001259
0.001258
0.001256
0.001255
0.001253
0.001251
0.001249
0.001248
0.001247
0.001246
0.001245
0.001243
0.001242
0.001241
0.001239
0.001237
0.001236
0.001234
0.001233
0.001232
0.001231
0.001230
0.001229
0.001229
0.001227
0.001226
0.001224
0.001223
0.001221
0.001220
0.001218
0.001217
0.001215
0.001214
0.001212
0.001211
0.001210
0.001208
0.001207
0.001206
0.001205
0.001203
0.001202
0.001201
0.001199
0.001198
0.001197
0.001196
0.001195
0.001194
0.001193
0.001191
0.001190
0.001188
0.001187
0.001185
0.001184
0.001182
0.001181
0.001179
0.001176
0.001174
0.001172
0.001170
0.001167
0.001165
0.001163
0.001160
0.001158
0.001156
0.001153
0.001150
0.001147
0.001144
0.001140
0.001136
0.001132
0.001128
0.001123
0.001118
0.001113
0.001083
0.001030
0.001023
0.001022
0.001017
0.001015
0.001012
0.001009
0.001007
0.001004
0.001002
0.000999
0.000997
0.000994
0.000992
0.000990
0.000987
0.000985
0.000983
0.000981
0.000978
0.000976
0.000974
0.000972
0.000970
0.000969
0.000967
0.000965
0.000964
0.000962
0.000961
0.000959
0.000958
0.000957
0.000955
0.000954
0.000953
0.000952
0.000951
0.000950
0.000949
0.000948
0.000947
0.000946
0.000945
0.000944
0.000944
0.000943
0.000942
0.000942
0.000941
0.000940
0.000940
0.000939
0.000938
0.000938
0.000937
0.000937
0.000936
0.000936
0.000935
0.000935
0.000934
0.000934
0.000933
0.000933
0.000932
0.000932
0.000932
0.000931
0.000931
0.000931
0.000930
0.000930
0.000930
0.000929
0.000929
0.000929
0.000929
0.000928
0.000928
0.000928
0.000928
0.000927
0.000927
0.000927
0.000927
0.000926
0.000926
0.000926
0.000926
0.000926
0.000925
0.000925
0.000925
0.000925
0.000924
0.000924
0.000924
0.000924
0.000915
0.000909
0.000906
0.000906
0.000906
0.000906
0.000905
0.000905
0.000905
0.000905
0.000905
0.000904
0.000904
0.000904
0.000904
0.000904
0.000903
0.000903
0.000903
0.000903
0.000902
0.000902
0.000902
0.000902
0.000902
0.000901
0.000901
0.000901
0.000901
0.000901
0.000901
0.000900
0.000900
0.000900
0.000900
0.000900
0.000900
0.000899
0.000899
0.000899
0.000899
0.000899
0.000899
0.000899
0.000898
0.000898
0.000898
0.000898
0.000898
0.000898
0.000897
0.000897
0.000897
0.000897
0.000897
0.000897
0.000896
0.000896
0.000896
0.000896
0.000896
0.000896
0.000896
0.000896
0.000895
0.000895
0.000895
0.000895
0.000895
0.000895
0.000895
0.000894
0.000894
0.000894
0.000894
0.000894
0.000894
0.000894
0.000893
0.000893
0.000893
0.000893
0.000893
0.000893
0.000893
0.000892
0.000892
0.000892
0.000892
0.000892
0.000892
0.000892
0.000891
0.000891
0.000891
0.000891
0.000891
0.000891
0.000891
0.000891
0.000887
0.000887
0.000888
0.000888
0.000888
0.000887
0.000887
0.000887
0.000887
0.000887
0.000887
0.000887
0.000887
0.000887
0.000887
0.000887
0.000886
0.000886
0.000886
0.000886
0.000886
0.000886
0.000886
0.000886
0.000886
0.000886
0.000885
0.000885
0.000885
0.000885
0.000885
0.000885
0.000885
0.000885
0.000885
0.000885
0.000885
0.000885
0.000884
0.000884
0.000884
0.000884
0.000884
0.000884
0.000884
0.000884
0.000884
0.000884
0.000884
0.000884
0.000884
0.000884
0.000883
0.000883
0.000883
0.000883
0.000883
0.000883
0.000883
0.000883
0.000883
0.000883
0.000883
0.000883
0.000883
0.000883
0.000883
0.000882
0.000882
0.000882
0.000882
0.000882
0.000882
0.000882
0.000882
0.000882
0.000882
0.000882
0.000882
0.000882
0.000882
0.000882
0.000882
0.000881
0.000881
0.000881
0.000881
0.000881
0.000881
0.000881
0.000881
0.000881
0.000881
0.000881
0.000881
0.000881
0.000881
0.000881
0.000881
0.000881
