0.427183
0.205906
0.059811
0.033144
0.018833
0.009086
0.004752
0.003694
0.003263
0.003027
0.002828
0.002645
0.002501
0.002383
0.002281
0.002184
0.002100
0.002028
0.001971
0.001921
0.001874
0.001832
0.001795
0.001758
0.001723
0.001688
0.001653
0.001620
0.001587
0.001549
0.001509
0.001472
0.001434
0.001397
0.001357
0.001321
0.001300
0.001275
0.001256
0.001240
0.001227
0.001216
0.001206
0.001198
0.001190
0.001184
0.001179
0.001174
0.001168
0.001164
0.001163
0.001161
0.001158
0.001156
0.001155
0.001153
0.001149
0.001145
0.001144
0.001143
0.001139
0.001137
0.001136
0.001134
0.001133
0.001131
0.001129
0.001126
0.001123
0.001120
0.001115
0.001111
0.001109
0.001109
0.001109
0.001109
0.001107
0.001106
0.001103
0.001098
0.001095
0.001094
0.001094
0.001093
0.001090
0.001088
0.001086
0.001083
0.001081
0.001080
0.001079
0.001078
0.001077
0.001075
0.001074
0.001073
0.001072
0.001071
0.001068
0.001066
0.001000
0.001027
0.001018
0.001014
0.001012
0.001008
0.001007
0.001006
0.001004
0.001003
0.001002
0.001001
0.001000
0.001000
0.000999
0.000998
0.000998
0.000998
0.000998
0.000997
0.000997
0.000997
0.000997
0.000997
0.000998
0.000997
0.000998
0.000998
0.000998
0.000999
0.000999
0.000999
0.000999
0.000999
0.000999
0.000999
0.000999
0.000999
0.000999
0.000999
0.000999
0.000999
0.000999
0.000999
0.000999
0.000998
0.000998
0.000998
0.000998
0.000998
0.000998
0.000997
0.000997
0.000997
0.000997
0.000996
0.000996
0.000995
0.000994
0.000992
0.000992
0.000991
0.000991
0.000990
0.000990
0.000990
0.000990
0.000989
0.000989
0.000989
0.000989
0.000989
0.000989
0.000989
0.000988
0.000987
0.000987
0.000986
0.000985
0.000985
0.000985
0.000985
0.000985
0.000985
0.000985
0.000985
0.000985
0.000985
0.000985
0.000985
0.000984
0.000984
0.000984
0.000984
0.000984
0.000984
0.000984
0.000984
0.000984
0.000984
0.000956
0.000969
0.000974
0.000978
0.000979
0.000980
0.000980
0.000980
0.000980
0.000980
0.000980
0.000979
0.000979
0.000979
0.000979
0.000979
0.000979
0.000979
0.000979
0.000978
0.000978
0.000978
0.000978
0.000978
0.000978
0.000977
0.000977
0.000977
0.000977
0.000977
0.000977
0.000977
0.000977
0.000977
0.000977
0.000977
0.000976
0.000976
0.000976
0.000976
0.000976
0.000976
0.000976
0.000976
0.000976
0.000976
0.000975
0.000975
0.000975
0.000975
0.000975
0.000975
0.000974
0.000974
0.000974
0.000974
0.000974
0.000973
0.000973
0.000973
0.000973
0.000973
0.000973
0.000973
0.000973
0.000973
0.000972
0.000972
0.000972
0.000972
0.000972
0.000972
0.000972
0.000972
0.000971
0.000971
0.000971
0.000971
0.000971
0.000971
0.000970
0.000970
0.000970
0.000970
0.000970
0.000969
0.000969
0.000969
0.000969
0.000969
0.000969
0.000969
0.000969
0.000968
0.000968
0.000968
0.000968
0.000968
0.000968
0.000968
0.000960
0.000926
0.000923
0.000923
0.000922
0.000922
0.000922
0.000922
0.000922
0.000922
0.000922
0.000922
0.000922
0.000922
0.000922
0.000922
0.000922
0.000922
0.000922
0.000922
0.000922
0.000922
0.000922
0.000922
0.000922
0.000922
0.000922
0.000922
0.000922
0.000922
0.000922
0.000922
0.000922
0.000922
0.000922
0.000922
0.000922
0.000922
0.000922
0.000922
0.000922
0.000922
0.000922
0.000922
0.000922
0.000922
0.000922
0.000922
0.000922
0.000922
0.000922
0.000922
0.000922
0.000922
0.000922
0.000923
0.000923
0.000923
0.000923
0.000923
0.000923
0.000923
0.000923
0.000923
0.000923
0.000923
0.000923
0.000923
0.000923
0.000923
0.000923
0.000923
0.000923
0.000923
0.000923
0.000923
0.000923
0.000923
0.000923
0.000923
0.000923
0.000923
0.000923
0.000923
0.000923
0.000923
0.000923
0.000923
0.000923
0.000923
0.000923
0.000923
0.000923
0.000923
0.000923
0.000924
0.000924
0.000924
0.000924
0.000924
0.000912
0.000905
0.000904
0.000903
0.000903
0.000903
0.000903
0.000903
0.000903
0.000903
0.000903
0.000903
0.000903
0.000903
0.000903
0.000903
0.000903
0.000903
0.000903
0.000903
0.000903
0.000903
0.000903
0.000903
0.000903
0.000903
0.000903
0.000903
0.000903
0.000903
0.000903
0.000903
0.000903
0.000903
0.000903
0.000903
0.000903
0.000903
0.000903
0.000903
0.000903
0.000903
0.000903
0.000903
0.000903
0.000903
0.000903
0.000903
0.000903
0.000903
0.000903
0.000903
0.000903
0.000903
0.000903
0.000903
0.000903
0.000903
0.000903
0.000903
0.000903
0.000903
0.000903
0.000903
0.000903
0.000903
0.000903
0.000903
0.000903
0.000903
0.000903
0.000903
0.000903
0.000903
0.000903
0.000903
0.000903
0.000903
0.000903
0.000903
0.000903
0.000903
0.000903
0.000903
0.000903
0.000903
0.000903
0.000903
0.000903
0.000903
0.000903
0.000903
0.000903
0.000903
0.000903
0.000903
0.000903
0.000903
0.000902
0.000902
