0.287094
0.054791
0.026698
0.015302
0.010200
0.008177
0.007099
0.006191
0.005677
0.005325
0.005026
0.004781
0.004561
0.004370
0.004206
0.004058
0.003916
0.003786
0.003662
0.003537
0.003417
0.003302
0.003192
0.003089
0.002991
0.002895
0.002804
0.002718
0.002634
0.002556
0.002483
0.002416
0.002354
0.002295
0.002239
0.002183
0.002127
0.002069
0.002012
0.001957
0.001905
0.001854
0.001803
0.001751
0.001704
0.001661
0.001620
0.001583
0.001548
0.001516
0.001486
0.001456
0.001424
0.001392
0.001357
0.001322
0.001288
0.001256
0.001225
0.001195
0.001168
0.001142
0.001118
0.001096
0.001079
0.001063
0.001048
0.001035
0.001023
0.001010
0.000998
0.000988
0.000978
0.000968
0.000958
0.000948
0.000941
0.000933
0.000926
0.000919
0.000913
0.000907
0.000900
0.000893
0.000888
0.000883
0.000878
0.000871
0.000865
0.000859
0.000855
0.000850
0.000846
0.000843
0.000838
0.000833
0.000827
0.000821
0.000817
0.000810
0.000754
0.000723
0.000714
0.000708
0.000705
0.000704
0.000702
0.000701
0.000700
0.000698
0.000697
0.000696
0.000695
0.000694
0.000693
0.000692
0.000691
0.000690
0.000689
0.000689
0.000688
0.000687
0.000687
0.000686
0.000686
0.000685
0.000685
0.000684
0.000683
0.000683
0.000682
0.000681
0.000680
0.000679
0.000678
0.000677
0.000676
0.000675
0.000674
0.000673
0.000672
0.000670
0.000668
0.000667
0.000666
0.000664
0.000662
0.000660
0.000658
0.000655
0.000653
0.000651
0.000648
0.000646
0.000644
0.000642
0.000640
0.000638
0.000636
0.000634
0.000632
0.000630
0.000628
0.000627
0.000625
0.000623
0.000622
0.000620
0.000619
0.000617
0.000616
0.000615
0.000613
0.000611
0.000610
0.000608
0.000606
0.000605
0.000604
0.000602
0.000601
0.000601
0.000600
0.000600
0.000599
0.000598
0.000597
0.000595
0.000593
0.000592
0.000591
0.000590
0.000588
0.000587
0.000586
0.000584
0.000582
0.000581
0.000579
0.000578
0.000552
0.000546
0.000539
0.000537
0.000536
0.000536
0.000535
0.000534
0.000533
0.000532
0.000532
0.000531
0.000530
0.000530
0.000529
0.000528
0.000528
0.000527
0.000527
0.000526
0.000525
0.000525
0.000524
0.000524
0.000523
0.000523
0.000522
0.000522
0.000521
0.000521
0.000520
0.000520
0.000519
0.000519
0.000518
0.000518
0.000517
0.000517
0.000516
0.000516
0.000515
0.000515
0.000515
0.000514
0.000514
0.000513
0.000513
0.000512
0.000512
0.000512
0.000511
0.000511
0.000511
0.000510
0.000510
0.000509
0.000509
0.000509
0.000509
0.000508
0.000508
0.000508
0.000507
0.000507
0.000506
0.000505
0.000505
0.000504
0.000504
0.000503
0.000503
0.000502
0.000501
0.000501
0.000500
0.000500
0.000499
0.000498
0.000498
0.000497
0.000497
0.000496
0.000496
0.000495
0.000494
0.000494
0.000493
0.000492
0.000492
0.000491
0.000491
0.000490
0.000489
0.000489
0.000488
0.000487
0.000487
0.000486
0.000486
0.000485
0.000474
0.000474
0.000476
0.000476
0.000476
0.000475
0.000475
0.000474
0.000474
0.000473
0.000473
0.000472
0.000471
0.000471
0.000471
0.000470
0.000470
0.000469
0.000469
0.000468
0.000468
0.000467
0.000466
0.000466
0.000465
0.000465
0.000464
0.000464
0.000463
0.000462
0.000462
0.000461
0.000460
0.000460
0.000459
0.000458
0.000458
0.000457
0.000457
0.000456
0.000455
0.000455
0.000454
0.000453
0.000453
0.000452
0.000451
0.000451
0.000450
0.000449
0.000449
0.000448
0.000447
0.000447
0.000446
0.000445
0.000445
0.000444
0.000444
0.000443
0.000442
0.000442
0.000441
0.000441
0.000440
0.000439
0.000439
0.000438
0.000438
0.000437
0.000437
0.000436
0.000436
0.000435
0.000435
0.000434
0.000434
0.000433
0.000433
0.000432
0.000432
0.000431
0.000431
0.000430
0.000430
0.000429
0.000429
0.000428
0.000428
0.000427
0.000427
0.000426
0.000426
0.000425
0.000425
0.000424
0.000424
0.000424
0.000423
0.000423
0.000420
0.000422
0.000423
0.000423
0.000423
0.000422
0.000422
0.000422
0.000422
0.000422
0.000421
0.000421
0.000421
0.000421
0.000421
0.000420
0.000420
0.000420
0.000420
0.000420
0.000420
0.000419
0.000419
0.000419
0.000419
0.000419
0.000418
0.000418
0.000418
0.000418
0.000418
0.000418
0.000418
0.000417
0.000417
0.000417
0.000417
0.000417
0.000416
0.000416
0.000416
0.000416
0.000416
0.000416
0.000415
0.000415
0.000415
0.000415
0.000415
0.000415
0.000414
0.000414
0.000414
0.000414
0.000414
0.000414
0.000413
0.000413
0.000413
0.000413
0.000413
0.000413
0.000412
0.000412
0.000412
0.000412
0.000412
0.000412
0.000412
0.000411
0.000411
0.000411
0.000411
0.000411
0.000411
0.000411
0.000410
0.000410
0.000410
0.000410
0.000410
0.000410
0.000410
0.000409
0.000409
0.000409
0.000409
0.000409
0.000409
0.000409
0.000408
0.000408
0.000408
0.000408
0.000408
0.000408
0.000408
0.000407
0.000407
0.000407
