0.693016
0.477380
0.337443
0.211000
0.108256
0.062378
0.049212
0.041468
0.034895
0.028835
0.023418
0.018828
0.015212
0.012576
0.010799
0.009655
0.008934
0.008490
0.008227
0.008079
0.007998
0.007954
0.007930
0.007915
0.007905
0.007898
0.007892
0.007886
0.007880
0.007875
0.007871
0.007866
0.007860
0.007855
0.007850
0.007844
0.007838
0.007832
0.007826
0.007818
0.007811
0.007802
0.007792
0.007782
0.007771
0.007760
0.007748
0.007735
0.007720
0.007705
0.007688
0.007672
0.007655
0.007638
0.007620
0.007602
0.007582
0.007561
0.007540
0.007517
0.007494
0.007471
0.007446
0.007420
0.007394
0.007366
0.007339
0.007311
0.007283
0.007254
0.007226
0.007198
0.007170
0.007143
0.007115
0.007088
0.007060
0.007033
0.007005
0.006976
0.006946
0.006915
0.006883
0.006851
0.006817
0.006783
0.006749
0.006714
0.006677
0.006638
0.006597
0.006554
0.006509
0.006461
0.006411
0.006357
0.006299
0.006240
0.006176
0.006107
0.005937
0.005880
0.005841
0.005803
0.005766
0.005728
0.005689
0.005652
0.005616
0.005582
0.005549
0.005518
0.005488
0.005461
0.005435
0.005411
0.005389
0.005367
0.005348
0.005330
0.005313
0.005297
0.005282
0.005269
0.005256
0.005244
0.005233
0.005223
0.005214
0.005205
0.005196
0.005189
0.005182
0.005176
0.005170
0.005165
0.005160
0.005155
0.005151
0.005147
0.005144
0.005141
0.005138
0.005134
0.005132
0.005129
0.005127
0.005124
0.005122
0.005120
0.005118
0.005116
0.005114
0.005113
0.005111
0.005110
0.005108
0.005106
0.005105
0.005103
0.005102
0.005100
0.005100
0.005098
0.005097
0.005095
0.005094
0.005092
0.005091
0.005089
0.005088
0.005087
0.005086
0.005085
0.005083
0.005082
0.005081
0.005079
0.005078
0.005076
0.005075
0.005074
0.005072
0.005071
0.005069
0.005068
0.005066
0.005065
0.005064
0.005062
0.005060
0.005059
0.005057
0.005055
0.005053
0.005051
0.005050
0.005048
0.005046
0.005044
0.005005
0.004978
0.004972
0.004975
0.004972
0.004971
0.004971
0.004970
0.004969
0.004968
0.004967
0.004966
0.004965
0.004964
0.004963
0.004962
0.004961
0.004960
0.004959
0.004958
0.004957
0.004956
0.004955
0.004954
0.004953
0.004952
0.004951
0.004950
0.004949
0.004948
0.004947
0.004945
0.004944
0.004943
0.004942
0.004941
0.004939
0.004938
0.004937
0.004935
0.004934
0.004933
0.004931
0.004930
0.004929
0.004928
0.004926
0.004925
0.004924
0.004922
0.004921
0.004920
0.004919
0.004917
0.004916
0.004914
0.004913
0.004912
0.004910
0.004909
0.004908
0.004906
0.004905
0.004903
0.004902
0.004901
0.004899
0.004898
0.004896
0.004895
0.004894
0.004892
0.004891
0.004889
0.004887
0.004886
0.004884
0.004883
0.004881
0.004880
0.004878
0.004876
0.004875
0.004873
0.004871
0.004870
0.004868
0.004867
0.004865
0.004863
0.004862
0.004860
0.004858
0.004857
0.004855
0.004853
0.004851
0.004849
0.004847
0.004845
0.004830
0.004836
0.004836
0.004833
0.004831
0.004830
0.004829
0.004828
0.004827
0.004825
0.004824
0.004823
0.004822
0.004821
0.004820
0.004819
0.004817
0.004816
0.004815
0.004814
0.004813
0.004812
0.004810
0.004809
0.004808
0.004807
0.004806
0.004804
0.004803
0.004802
0.004801
0.004800
0.004798
0.004797
0.004795
0.004794
0.004793
0.004791
0.004790
0.004789
0.004787
0.004786
0.004785
0.004784
0.004783
0.004781
0.004780
0.004779
0.004777
0.004776
0.004775
0.004773
0.004772
0.004771
0.004769
0.004768
0.004767
0.004765
0.004764
0.004763
0.004761
0.004760
0.004759
0.004757
0.004756
0.004755
0.004753
0.004752
0.004751
0.004749
0.004748
0.004747
0.004745
0.004744
0.004743
0.004741
0.004740
0.004739
0.004737
0.004736
0.004735
0.004733
0.004732
0.004731
0.004729
0.004728
0.004726
0.004725
0.004724
0.004722
0.004721
0.004720
0.004718
0.004717
0.004716
0.004714
0.004713
0.004712
0.004710
0.004709
0.004702
0.004706
0.004708
0.004707
0.004705
0.004704
0.004703
0.004702
0.004701
0.004700
0.004700
0.004699
0.004698
0.004697
0.004696
0.004696
0.004695
0.004694
0.004693
0.004692
0.004692
0.004691
0.004690
0.004689
0.004688
0.004688
0.004687
0.004686
0.004685
0.004684
0.004683
0.004683
0.004682
0.004681
0.004680
0.004679
0.004679
0.004678
0.004677
0.004676
0.004675
0.004675
0.004674
0.004673
0.004672
0.004671
0.004671
0.004670
0.004669
0.004668
0.004667
0.004666
0.004666
0.004665
0.004664
0.004663
0.004662
0.004661
0.004660
0.004659
0.004658
0.004658
0.004657
0.004656
0.004655
0.004654
0.004653
0.004652
0.004651
0.004651
0.004650
0.004649
0.004648
0.004647
0.004646
0.004645
0.004644
0.004644
0.004643
0.004642
0.004641
0.004640
0.004639
0.004638
0.004637
0.004636
0.004635
0.004634
0.004633
0.004633
0.004632
0.004631
0.004630
0.004629
0.004628
0.004627
0.004626
0.004625
0.004624
0.004623
