0.458838
0.330778
0.253551
0.155218
0.047413
0.029757
0.022066
0.017509
0.014118
0.011664
0.009950
0.008857
0.008183
0.007755
0.007477
0.007310
0.007211
0.007135
0.007067
0.007006
0.006956
0.006906
0.006866
0.006831
0.006799
0.006769
0.006742
0.006716
0.006690
0.006666
0.006639
0.006616
0.006591
0.006566
0.006542
0.006516
0.006490
0.006462
0.006432
0.006403
0.006373
0.006341
0.006309
0.006273
0.006239
0.006200
0.006161
0.006122
0.006080
0.006037
0.005993
0.005948
0.005901
0.005851
0.005801
0.005748
0.005694
0.005640
0.005584
0.005525
0.005465
0.005402
0.005341
0.005275
0.005207
0.005138
0.005066
0.004991
0.004916
0.004841
0.004765
0.004685
0.004603
0.004513
0.004421
0.004325
0.004217
0.004085
0.003936
0.003785
0.003644
0.003521
0.003431
0.003355
0.003290
0.003230
0.003177
0.003129
0.003086
0.003047
0.003010
0.002972
0.002937
0.002908
0.002879
0.002854
0.002829
0.002799
0.002770
0.002741
0.002675
0.002583
0.002549
0.002546
0.002524
0.002513
0.002499
0.002486
0.002472
0.002460
0.002447
0.002435
0.002422
0.002411
0.002398
0.002386
0.002375
0.002363
0.002352
0.002342
0.002331
0.002321
0.002310
0.002301
0.002291
0.002281
0.002272
0.002263
0.002253
0.002244
0.002236
0.002227
0.002219
0.002211
0.002202
0.002195
0.002187
0.002181
0.002173
0.002167
0.002160
0.002152
0.002147
0.002140
0.002134
0.002127
0.002122
0.002115
0.002108
0.002101
0.002093
0.002086
0.002079
0.002070
0.002060
0.002050
0.002041
0.002031
0.002022
0.002013
0.002004
0.001996
0.001988
0.001979
0.001970
0.001962
0.001954
0.001946
0.001936
0.001929
0.001921
0.001913
0.001905
0.001898
0.001891
0.001883
0.001876
0.001869
0.001862
0.001854
0.001848
0.001842
0.001836
0.001831
0.001826
0.001820
0.001815
0.001810
0.001804
0.001798
0.001793
0.001787
0.001782
0.001775
0.001770
0.001765
0.001760
0.001755
0.001750
0.001745
0.001712
0.001705
0.001701
0.001697
0.001693
0.001691
0.001689
0.001686
0.001684
0.001682
0.001680
0.001677
0.001675
0.001673
0.001671
0.001669
0.001667
0.001664
0.001662
0.001660
0.001658
0.001655
0.001653
0.001651
0.001649
0.001647
0.001645
0.001643
0.001641
0.001640
0.001637
0.001636
0.001634
0.001632
0.001630
0.001628
0.001627
0.001625
0.001623
0.001622
0.001620
0.001618
0.001617
0.001615
0.001614
0.001612
0.001610
0.001609
0.001607
0.001606
0.001604
0.001603
0.001601
0.001599
0.001598
0.001596
0.001595
0.001593
0.001592
0.001590
0.001589
0.001588
0.001586
0.001584
0.001583
0.001582
0.001580
0.001578
0.001577
0.001576
0.001574
0.001573
0.001571
0.001570
0.001569
0.001567
0.001566
0.001564
0.001563
0.001562
0.001561
0.001559
0.001558
0.001557
0.001555
0.001554
0.001553
0.001552
0.001551
0.001550
0.001548
0.001547
0.001546
0.001545
0.001544
0.001543
0.001542
0.001540
0.001539
0.001538
0.001528
0.001532
0.001535
0.001536
0.001536
0.001536
0.001536
0.001535
0.001534
0.001534
0.001533
0.001533
0.001532
0.001531
0.001531
0.001530
0.001530
0.001529
0.001528
0.001528
0.001527
0.001527
0.001526
0.001525
0.001525
0.001524
0.001524
0.001523
0.001522
0.001522
0.001521
0.001520
0.001520
0.001519
0.001519
0.001518
0.001517
0.001517
0.001516
0.001515
0.001515
0.001514
0.001514
0.001513
0.001512
0.001512
0.001511
0.001510
0.001510
0.001509
0.001508
0.001508
0.001507
0.001507
0.001506
0.001506
0.001505
0.001504
0.001504
0.001503
0.001502
0.001502
0.001501
0.001500
0.001500
0.001499
0.001498
0.001498
0.001497
0.001497
0.001496
0.001495
0.001495
0.001494
0.001493
0.001492
0.001492
0.001491
0.001490
0.001490
0.001489
0.001488
0.001487
0.001487
0.001486
0.001485
0.001485
0.001484
0.001483
0.001483
0.001482
0.001481
0.001481
0.001480
0.001479
0.001479
0.001478
0.001477
0.001477
0.001476
0.001475
0.001474
0.001468
0.001467
0.001467
0.001467
0.001467
0.001466
0.001466
0.001466
0.001465
0.001465
0.001465
0.001465
0.001464
0.001464
0.001464
0.001464
0.001463
0.001463
0.001463
0.001462
0.001462
0.001462
0.001462
0.001461
0.001461
0.001461
0.001460
0.001460
0.001460
0.001460
0.001459
0.001459
0.001459
0.001458
0.001458
0.001458
0.001458
0.001457
0.001457
0.001457
0.001457
0.001456
0.001456
0.001456
0.001455
0.001455
0.001455
0.001454
0.001454
0.001454
0.001453
0.001453
0.001453
0.001452
0.001452
0.001452
0.001452
0.001451
0.001451
0.001450
0.001450
0.001450
0.001450
0.001449
0.001449
0.001449
0.001448
0.001448
0.001448
0.001447
0.001447
0.001446
0.001446
0.001446
0.001445
0.001445
0.001445
0.001444
0.001444
0.001444
0.001443
0.001443
0.001443
0.001442
0.001442
0.001442
0.001441
0.001441
0.001440
0.001440
0.001440
0.001439
0.001439
0.001438
0.001438
0.001438
0.001437
0.001437
