0.431589
0.234832
0.092715
0.030149
0.017026
0.010741
0.007132
0.004878
0.003799
0.003362
0.003116
0.002923
0.002760
0.002619
0.002492
0.002375
0.002274
0.002191
0.002122
0.002061
0.002002
0.001947
0.001893
0.001842
0.001794
0.001748
0.001708
0.001676
0.001650
0.001625
0.001599
0.001576
0.001556
0.001537
0.001518
0.001502
0.001488
0.001473
0.001458
0.001447
0.001436
0.001428
0.001421
0.001413
0.001404
0.001394
0.001386
0.001381
0.001377
0.001375
0.001371
0.001366
0.001362
0.001358
0.001353
0.001347
0.001342
0.001335
0.001328
0.001321
0.001312
0.001303
0.001293
0.001282
0.001273
0.001265
0.001255
0.001247
0.001237
0.001227
0.001217
0.001208
0.001200
0.001195
0.001190
0.001186
0.001182
0.001177
0.001173
0.001167
0.001162
0.001156
0.001151
0.001147
0.001141
0.001136
0.001131
0.001126
0.001122
0.001119
0.001116
0.001114
0.001110
0.001107
0.001103
0.001100
0.001097
0.001095
0.001091
0.001088
0.001003
0.000978
0.000978
0.000979
0.000979
0.000978
0.000976
0.000975
0.000973
0.000971
0.000969
0.000968
0.000966
0.000965
0.000963
0.000962
0.000961
0.000960
0.000959
0.000958
0.000958
0.000957
0.000956
0.000955
0.000955
0.000954
0.000953
0.000953
0.000952
0.000952
0.000951
0.000951
0.000951
0.000950
0.000950
0.000950
0.000949
0.000949
0.000949
0.000949
0.000949
0.000949
0.000948
0.000949
0.000949
0.000949
0.000950
0.000950
0.000951
0.000952
0.000953
0.000953
0.000954
0.000955
0.000956
0.000956
0.000957
0.000957
0.000958
0.000958
0.000959
0.000959
0.000959
0.000960
0.000960
0.000960
0.000960
0.000960
0.000960
0.000960
0.000960
0.000960
0.000960
0.000960
0.000960
0.000960
0.000960
0.000960
0.000960
0.000960
0.000960
0.000959
0.000960
0.000960
0.000960
0.000959
0.000959
0.000959
0.000959
0.000960
0.000960
0.000959
0.000959
0.000959
0.000959
0.000959
0.000959
0.000959
0.000960
0.000960
0.000926
0.000930
0.000931
0.000930
0.000930
0.000929
0.000929
0.000929
0.000929
0.000930
0.000930
0.000930
0.000930
0.000930
0.000930
0.000931
0.000931
0.000931
0.000931
0.000931
0.000931
0.000931
0.000930
0.000930
0.000930
0.000930
0.000930
0.000930
0.000930
0.000930
0.000929
0.000929
0.000929
0.000929
0.000928
0.000928
0.000928
0.000928
0.000927
0.000927
0.000926
0.000926
0.000926
0.000925
0.000925
0.000924
0.000924
0.000923
0.000923
0.000922
0.000922
0.000921
0.000920
0.000920
0.000920
0.000919
0.000918
0.000918
0.000917
0.000917
0.000917
0.000916
0.000916
0.000915
0.000915
0.000914
0.000914
0.000914
0.000914
0.000913
0.000913
0.000913
0.000912
0.000912
0.000912
0.000911
0.000911
0.000911
0.000911
0.000910
0.000910
0.000910
0.000910
0.000909
0.000909
0.000909
0.000909
0.000909
0.000909
0.000908
0.000908
0.000908
0.000908
0.000908
0.000908
0.000907
0.000907
0.000907
0.000907
0.000907
0.000904
0.000905
0.000902
0.000903
0.000903
0.000903
0.000903
0.000903
0.000902
0.000902
0.000902
0.000902
0.000902
0.000902
0.000902
0.000902
0.000902
0.000902
0.000902
0.000902
0.000902
0.000902
0.000901
0.000901
0.000901
0.000901
0.000901
0.000901
0.000901
0.000901
0.000901
0.000901
0.000901
0.000901
0.000901
0.000901
0.000901
0.000901
0.000901
0.000901
0.000900
0.000900
0.000900
0.000900
0.000900
0.000900
0.000900
0.000900
0.000900
0.000900
0.000900
0.000900
0.000900
0.000900
0.000900
0.000900
0.000900
0.000900
0.000900
0.000900
0.000900
0.000900
0.000899
0.000899
0.000899
0.000899
0.000899
0.000899
0.000899
0.000899
0.000899
0.000899
0.000899
0.000899
0.000899
0.000899
0.000899
0.000899
0.000899
0.000899
0.000899
0.000899
0.000899
0.000899
0.000899
0.000898
0.000898
0.000898
0.000898
0.000898
0.000898
0.000898
0.000898
0.000898
0.000898
0.000898
0.000898
0.000898
0.000898
0.000898
0.000901
0.000902
0.000896
0.000892
0.000893
0.000893
0.000892
0.000892
0.000892
0.000892
0.000892
0.000892
0.000891
0.000891
0.000891
0.000891
0.000891
0.000891
0.000891
0.000890
0.000890
0.000890
0.000890
0.000890
0.000890
0.000890
0.000890
0.000890
0.000890
0.000889
0.000889
0.000889
0.000889
0.000889
0.000889
0.000889
0.000889
0.000889
0.000889
0.000889
0.000889
0.000888
0.000888
0.000888
0.000888
0.000888
0.000888
0.000888
0.000888
0.000888
0.000888
0.000888
0.000888
0.000888
0.000887
0.000887
0.000887
0.000887
0.000887
0.000887
0.000887
0.000887
0.000887
0.000887
0.000887
0.000887
0.000887
0.000887
0.000887
0.000886
0.000886
0.000886
0.000886
0.000886
0.000886
0.000886
0.000886
0.000886
0.000886
0.000886
0.000886
0.000886
0.000886
0.000886
0.000886
0.000886
0.000885
0.000885
0.000885
0.000885
0.000885
0.000885
0.000885
0.000885
0.000885
0.000885
0.000885
0.000885
0.000885
0.000885
