0.365171
0.077538
0.024320
0.011539
0.007230
0.005102
0.004033
0.003443
0.003089
0.002842
0.002643
0.002478
0.002338
0.002226
0.002141
0.002078
0.002019
0.001957
0.001893
0.001825
0.001757
0.001692
0.001635
0.001583
0.001537
0.001499
0.001467
0.001436
0.001401
0.001363
0.001333
0.001308
0.001282
0.001252
0.001222
0.001194
0.001171
0.001152
0.001134
0.001114
0.001092
0.001072
0.001053
0.001033
0.001016
0.000998
0.000980
0.000964
0.000948
0.000933
0.000918
0.000901
0.000879
0.000867
0.000849
0.000826
0.000804
0.000784
0.000764
0.000744
0.000725
0.000706
0.000689
0.000675
0.000662
0.000649
0.000634
0.000618
0.000603
0.000587
0.000571
0.000558
0.000545
0.000536
0.000528
0.000523
0.000519
0.000516
0.000512
0.000511
0.000509
0.000507
0.000507
0.000505
0.000505
0.000504
0.000504
0.000504
0.000503
0.000503
0.000502
0.000501
0.000501
0.000501
0.000502
0.000504
0.000506
0.000508
0.000510
0.000511
0.000439
0.000430
0.000432
0.000434
0.000435
0.000434
0.000432
0.000430
0.000427
0.000425
0.000423
0.000420
0.000417
0.000415
0.000412
0.000410
0.000408
0.000406
0.000405
0.000403
0.000402
0.000401
0.000399
0.000398
0.000397
0.000396
0.000395
0.000395
0.000394
0.000393
0.000392
0.000392
0.000391
0.000391
0.000390
0.000390
0.000389
0.000389
0.000389
0.000388
0.000388
0.000388
0.000388
0.000388
0.000388
0.000389
0.000389
0.000390
0.000392
0.000393
0.000396
0.000398
0.000400
0.000402
0.000404
0.000406
0.000407
0.000408
0.000408
0.000408
0.000408
0.000408
0.000407
0.000406
0.000405
0.000404
0.000403
0.000402
0.000401
0.000401
0.000400
0.000399
0.000398
0.000398
0.000397
0.000397
0.000396
0.000396
0.000395
0.000394
0.000393
0.000392
0.000392
0.000391
0.000390
0.000390
0.000389
0.000389
0.000388
0.000387
0.000387
0.000386
0.000386
0.000385
0.000385
0.000384
0.000384
0.000383
0.000383
0.000382
0.000359
0.000355
0.000352
0.000349
0.000349
0.000350
0.000350
0.000350
0.000350
0.000350
0.000350
0.000350
0.000350
0.000351
0.000351
0.000351
0.000351
0.000352
0.000352
0.000352
0.000352
0.000353
0.000353
0.000353
0.000353
0.000354
0.000354
0.000354
0.000354
0.000354
0.000355
0.000355
0.000355
0.000355
0.000355
0.000355
0.000355
0.000355
0.000355
0.000355
0.000355
0.000355
0.000355
0.000355
0.000355
0.000355
0.000355
0.000355
0.000354
0.000354
0.000354
0.000354
0.000354
0.000353
0.000353
0.000353
0.000353
0.000353
0.000352
0.000352
0.000352
0.000352
0.000352
0.000352
0.000351
0.000351
0.000351
0.000351
0.000351
0.000351
0.000350
0.000350
0.000350
0.000350
0.000350
0.000350
0.000350
0.000350
0.000349
0.000349
0.000349
0.000349
0.000349
0.000349
0.000349
0.000349
0.000348
0.000348
0.000348
0.000348
0.000348
0.000348
0.000348
0.000348
0.000347
0.000347
0.000347
0.000347
0.000347
0.000347
0.000336
0.000328
0.000327
0.000328
0.000328
0.000328
0.000328
0.000328
0.000327
0.000327
0.000327
0.000327
0.000327
0.000327
0.000327
0.000326
0.000326
0.000326
0.000326
0.000326
0.000326
0.000326
0.000326
0.000326
0.000326
0.000325
0.000325
0.000325
0.000325
0.000325
0.000325
0.000325
0.000325
0.000325
0.000325
0.000325
0.000325
0.000325
0.000325
0.000325
0.000325
0.000324
0.000324
0.000324
0.000324
0.000324
0.000324
0.000324
0.000324
0.000324
0.000324
0.000324
0.000324
0.000324
0.000324
0.000324
0.000324
0.000324
0.000324
0.000324
0.000324
0.000324
0.000324
0.000324
0.000324
0.000324
0.000324
0.000324
0.000324
0.000324
0.000324
0.000324
0.000324
0.000324
0.000325
0.000325
0.000325
0.000325
0.000325
0.000325
0.000325
0.000325
0.000325
0.000325
0.000325
0.000325
0.000325
0.000325
0.000325
0.000325
0.000325
0.000325
0.000325
0.000325
0.000325
0.000325
0.000325
0.000325
0.000325
0.000325
0.000320
0.000321
0.000322
0.000322
0.000322
0.000321
0.000321
0.000321
0.000321
0.000321
0.000321
0.000321
0.000321
0.000321
0.000321
0.000321
0.000321
0.000321
0.000321
0.000321
0.000321
0.000321
0.000321
0.000321
0.000321
0.000321
0.000321
0.000321
0.000321
0.000321
0.000321
0.000321
0.000321
0.000321
0.000321
0.000321
0.000321
0.000321
0.000321
0.000321
0.000321
0.000321
0.000321
0.000321
0.000320
0.000320
0.000320
0.000320
0.000320
0.000320
0.000320
0.000320
0.000320
0.000320
0.000320
0.000320
0.000320
0.000320
0.000320
0.000320
0.000320
0.000320
0.000319
0.000319
0.000319
0.000319
0.000319
0.000319
0.000319
0.000319
0.000319
0.000319
0.000319
0.000319
0.000319
0.000319
0.000318
0.000318
0.000318
0.000318
0.000318
0.000318
0.000318
0.000318
0.000318
0.000318
0.000318
0.000318
0.000317
0.000317
0.000317
0.000317
0.000317
0.000317
0.000317
0.000317
0.000317
0.000317
0.000317
0.000317
