0.434031
0.183464
0.039593
0.015636
0.008601
0.007070
0.006383
0.005887
0.005411
0.004991
0.004628
0.004295
0.003994
0.003731
0.003511
0.003318
0.003153
0.003008
0.002883
0.002774
0.002680
0.002595
0.002526
0.002459
0.002396
0.002340
0.002290
0.002243
0.002200
0.002161
0.002124
0.002089
0.002054
0.002021
0.001988
0.001954
0.001923
0.001891
0.001861
0.001830
0.001800
0.001772
0.001745
0.001718
0.001693
0.001670
0.001646
0.001622
0.001599
0.001578
0.001556
0.001535
0.001513
0.001493
0.001472
0.001451
0.001430
0.001409
0.001387
0.001365
0.001342
0.001319
0.001296
0.001273
0.001250
0.001227
0.001205
0.001183
0.001161
0.001140
0.001119
0.001100
0.001082
0.001065
0.001050
0.001035
0.001022
0.001008
0.000997
0.000987
0.000978
0.000969
0.000960
0.000952
0.000944
0.000937
0.000930
0.000924
0.000919
0.000913
0.000907
0.000901
0.000896
0.000892
0.000888
0.000885
0.000880
0.000877
0.000872
0.000867
0.000830
0.000819
0.000817
0.000816
0.000813
0.000811
0.000809
0.000808
0.000806
0.000804
0.000802
0.000801
0.000799
0.000797
0.000795
0.000794
0.000792
0.000791
0.000789
0.000787
0.000786
0.000784
0.000783
0.000781
0.000780
0.000778
0.000777
0.000775
0.000774
0.000772
0.000771
0.000770
0.000769
0.000767
0.000766
0.000765
0.000763
0.000762
0.000761
0.000759
0.000758
0.000757
0.000756
0.000755
0.000754
0.000753
0.000752
0.000751
0.000749
0.000748
0.000747
0.000746
0.000744
0.000744
0.000742
0.000741
0.000740
0.000739
0.000738
0.000736
0.000735
0.000734
0.000733
0.000732
0.000730
0.000729
0.000728
0.000727
0.000726
0.000725
0.000724
0.000722
0.000721
0.000720
0.000719
0.000717
0.000716
0.000715
0.000714
0.000713
0.000711
0.000710
0.000709
0.000707
0.000706
0.000705
0.000704
0.000703
0.000701
0.000700
0.000699
0.000698
0.000697
0.000695
0.000694
0.000693
0.000692
0.000691
0.000690
0.000688
0.000675
0.000675
0.000676
0.000676
0.000675
0.000674
0.000674
0.000673
0.000672
0.000672
0.000671
0.000671
0.000670
0.000670
0.000669
0.000668
0.000668
0.000667
0.000667
0.000666
0.000666
0.000665
0.000664
0.000664
0.000663
0.000663
0.000662
0.000661
0.000661
0.000660
0.000659
0.000659
0.000658
0.000658
0.000657
0.000656
0.000656
0.000655
0.000654
0.000654
0.000653
0.000653
0.000652
0.000651
0.000651
0.000650
0.000650
0.000649
0.000648
0.000648
0.000647
0.000646
0.000646
0.000645
0.000645
0.000644
0.000643
0.000643
0.000642
0.000642
0.000641
0.000640
0.000640
0.000639
0.000639
0.000638
0.000638
0.000637
0.000637
0.000636
0.000635
0.000635
0.000634
0.000634
0.000633
0.000633
0.000632
0.000632
0.000631
0.000630
0.000630
0.000629
0.000629
0.000628
0.000627
0.000627
0.000626
0.000626
0.000625
0.000625
0.000624
0.000624
0.000623
0.000622
0.000622
0.000621
0.000621
0.000620
0.000619
0.000619
0.000612
0.000615
0.000618
0.000619
0.000619
0.000619
0.000619
0.000619
0.000619
0.000618
0.000618
0.000618
0.000617
0.000617
0.000616
0.000616
0.000616
0.000615
0.000615
0.000614
0.000614
0.000614
0.000613
0.000613
0.000612
0.000612
0.000612
0.000611
0.000611
0.000610
0.000610
0.000610
0.000609
0.000609
0.000608
0.000608
0.000608
0.000607
0.000607
0.000606
0.000606
0.000606
0.000605
0.000605
0.000604
0.000604
0.000604
0.000603
0.000603
0.000603
0.000602
0.000602
0.000602
0.000601
0.000601
0.000600
0.000600
0.000600
0.000599
0.000599
0.000598
0.000598
0.000598
0.000597
0.000597
0.000596
0.000596
0.000595
0.000595
0.000595
0.000594
0.000594
0.000594
0.000593
0.000593
0.000593
0.000592
0.000592
0.000591
0.000591
0.000591
0.000590
0.000590
0.000590
0.000589
0.000589
0.000589
0.000588
0.000588
0.000588
0.000587
0.000587
0.000587
0.000586
0.000586
0.000585
0.000585
0.000585
0.000584
0.000584
0.000581
0.000576
0.000574
0.000574
0.000574
0.000574
0.000573
0.000573
0.000573
0.000573
0.000573
0.000573
0.000573
0.000572
0.000572
0.000572
0.000572
0.000572
0.000572
0.000571
0.000571
0.000571
0.000571
0.000571
0.000571
0.000571
0.000571
0.000570
0.000570
0.000570
0.000570
0.000570
0.000570
0.000570
0.000569
0.000569
0.000569
0.000569
0.000569
0.000569
0.000569
0.000568
0.000568
0.000568
0.000568
0.000568
0.000568
0.000568
0.000568
0.000567
0.000567
0.000567
0.000567
0.000567
0.000567
0.000567
0.000566
0.000566
0.000566
0.000566
0.000566
0.000566
0.000566
0.000566
0.000565
0.000565
0.000565
0.000565
0.000565
0.000565
0.000565
0.000565
0.000565
0.000564
0.000564
0.000564
0.000564
0.000564
0.000564
0.000564
0.000564
0.000564
0.000563
0.000563
0.000563
0.000563
0.000563
0.000563
0.000563
0.000563
0.000562
0.000562
0.000562
0.000562
0.000562
0.000562
0.000562
0.000562
0.000562
0.000561
