0.444450
0.273856
0.126668
0.047706
0.032259
0.023337
0.017424
0.013123
0.010267
0.008402
0.007180
0.006411
0.005935
0.005628
0.005402
0.005210
0.005038
0.004875
0.004717
0.004565
0.004433
0.004304
0.004186
0.004075
0.003963
0.003855
0.003749
0.003641
0.003535
0.003430
0.003331
0.003233
0.003139
0.003049
0.002965
0.002886
0.002811
0.002744
0.002682
0.002625
0.002572
0.002522
0.002476
0.002433
0.002396
0.002362
0.002331
0.002304
0.002279
0.002256
0.002236
0.002216
0.002198
0.002181
0.002165
0.002149
0.002134
0.002120
0.002106
0.002091
0.002077
0.002064
0.002050
0.002037
0.002025
0.002012
0.002000
0.001988
0.001975
0.001963
0.001953
0.001942
0.001932
0.001920
0.001911
0.001901
0.001892
0.001882
0.001874
0.001864
0.001856
0.001847
0.001838
0.001830
0.001821
0.001812
0.001804
0.001797
0.001790
0.001784
0.001777
0.001771
0.001765
0.001759
0.001753
0.001748
0.001742
0.001737
0.001732
0.001728
0.001711
0.001723
0.001720
0.001713
0.001709
0.001707
0.001705
0.001703
0.001701
0.001698
0.001696
0.001694
0.001692
0.001691
0.001689
0.001687
0.001685
0.001683
0.001682
0.001680
0.001678
0.001677
0.001675
0.001673
0.001671
0.001669
0.001668
0.001666
0.001665
0.001664
0.001662
0.001660
0.001659
0.001657
0.001655
0.001654
0.001652
0.001650
0.001648
0.001647
0.001645
0.001643
0.001642
0.001640
0.001639
0.001637
0.001635
0.001634
0.001632
0.001631
0.001629
0.001628
0.001626
0.001625
0.001624
0.001622
0.001621
0.001619
0.001618
0.001617
0.001615
0.001614
0.001612
0.001611
0.001609
0.001608
0.001606
0.001605
0.001603
0.001602
0.001600
0.001599
0.001598
0.001597
0.001596
0.001594
0.001593
0.001592
0.001591
0.001590
0.001588
0.001586
0.001585
0.001583
0.001582
0.001581
0.001580
0.001578
0.001577
0.001576
0.001575
0.001574
0.001573
0.001571
0.001570
0.001569
0.001568
0.001567
0.001566
0.001564
0.001562
0.001533
0.001542
0.001535
0.001535
0.001532
0.001532
0.001531
0.001531
0.001530
0.001530
0.001529
0.001529
0.001528
0.001527
0.001527
0.001527
0.001526
0.001526
0.001525
0.001525
0.001524
0.001524
0.001523
0.001523
0.001522
0.001522
0.001521
0.001521
0.001521
0.001520
0.001520
0.001519
0.001519
0.001518
0.001518
0.001518
0.001517
0.001517
0.001517
0.001516
0.001516
0.001515
0.001515
0.001515
0.001514
0.001514
0.001513
0.001513
0.001512
0.001512
0.001512
0.001511
0.001511
0.001510
0.001510
0.001509
0.001509
0.001508
0.001508
0.001508
0.001507
0.001507
0.001506
0.001506
0.001505
0.001505
0.001504
0.001504
0.001503
0.001503
0.001502
0.001502
0.001502
0.001501
0.001501
0.001500
0.001500
0.001500
0.001499
0.001499
0.001498
0.001498
0.001497
0.001497
0.001496
0.001496
0.001495
0.001495
0.001494
0.001494
0.001493
0.001493
0.001492
0.001492
0.001491
0.001491
0.001491
0.001490
0.001490
0.001469
0.001467
0.001463
0.001461
0.001461
0.001461
0.001460
0.001460
0.001460
0.001459
0.001459
0.001459
0.001458
0.001458
0.001458
0.001457
0.001457
0.001457
0.001456
0.001456
0.001456
0.001455
0.001455
0.001455
0.001454
0.001454
0.001454
0.001453
0.001453
0.001453
0.001452
0.001452
0.001452
0.001451
0.001451
0.001451
0.001450
0.001450
0.001450
0.001449
0.001449
0.001449
0.001448
0.001448
0.001448
0.001447
0.001447
0.001447
0.001446
0.001446
0.001446
0.001445
0.001445
0.001445
0.001444
0.001444
0.001444
0.001443
0.001443
0.001443
0.001442
0.001442
0.001442
0.001441
0.001441
0.001441
0.001440
0.001440
0.001440
0.001439
0.001439
0.001438
0.001438
0.001438
0.001437
0.001437
0.001437
0.001436
0.001436
0.001436
0.001435
0.001435
0.001434
0.001434
0.001434
0.001433
0.001433
0.001433
0.001432
0.001432
0.001432
0.001431
0.001431
0.001431
0.001430
0.001430
0.001430
0.001429
0.001429
0.001429
0.001422
0.001427
0.001432
0.001433
0.001434
0.001434
0.001434
0.001434
0.001434
0.001434
0.001433
0.001433
0.001433
0.001433
0.001432
0.001432
0.001432
0.001432
0.001431
0.001431
0.001431
0.001431
0.001430
0.001430
0.001430
0.001430
0.001429
0.001429
0.001429
0.001429
0.001428
0.001428
0.001428
0.001428
0.001428
0.001427
0.001427
0.001427
0.001427
0.001426
0.001426
0.001426
0.001426
0.001426
0.001425
0.001425
0.001425
0.001425
0.001425
0.001424
0.001424
0.001424
0.001424
0.001424
0.001423
0.001423
0.001423
0.001423
0.001423
0.001422
0.001422
0.001422
0.001422
0.001422
0.001422
0.001421
0.001421
0.001421
0.001421
0.001421
0.001420
0.001420
0.001420
0.001420
0.001420
0.001420
0.001419
0.001419
0.001419
0.001419
0.001419
0.001419
0.001418
0.001418
0.001418
0.001418
0.001418
0.001418
0.001418
0.001417
0.001417
0.001417
0.001417
0.001417
0.001417
0.001416
0.001416
0.001416
0.001416
0.001416
