0.585958
0.376692
0.236795
0.135085
0.056626
0.039935
0.029894
0.023483
0.018926
0.015871
0.013795
0.012223
0.010936
0.009893
0.009048
0.008376
0.007871
0.007497
0.007229
0.007033
0.006880
0.006754
0.006639
0.006530
0.006426
0.006315
0.006206
0.006097
0.005983
0.005869
0.005760
0.005663
0.005570
0.005482
0.005396
0.005315
0.005240
0.005170
0.005106
0.005048
0.004991
0.004933
0.004875
0.004812
0.004747
0.004685
0.004618
0.004550
0.004483
0.004415
0.004344
0.004268
0.004189
0.004107
0.004024
0.003937
0.003842
0.003746
0.003650
0.003553
0.003453
0.003354
0.003258
0.003175
0.003103
0.003036
0.002974
0.002914
0.002862
0.002813
0.002769
0.002730
0.002696
0.002667
0.002639
0.002612
0.002586
0.002562
0.002540
0.002520
0.002501
0.002482
0.002464
0.002447
0.002430
0.002414
0.002399
0.002385
0.002371
0.002358
0.002344
0.002330
0.002316
0.002303
0.002291
0.002281
0.002269
0.002258
0.002247
0.002237
0.002177
0.002172
0.002164
0.002158
0.002150
0.002145
0.002139
0.002134
0.002129
0.002123
0.002119
0.002114
0.002109
0.002104
0.002099
0.002094
0.002089
0.002085
0.002080
0.002076
0.002071
0.002068
0.002063
0.002059
0.002055
0.002051
0.002047
0.002043
0.002039
0.002035
0.002032
0.002028
0.002025
0.002021
0.002018
0.002014
0.002011
0.002007
0.002004
0.002001
0.001997
0.001994
0.001990
0.001988
0.001984
0.001981
0.001977
0.001975
0.001972
0.001968
0.001966
0.001963
0.001959
0.001957
0.001953
0.001951
0.001948
0.001946
0.001942
0.001940
0.001936
0.001934
0.001931
0.001928
0.001926
0.001924
0.001921
0.001918
0.001915
0.001913
0.001911
0.001908
0.001905
0.001903
0.001900
0.001898
0.001895
0.001893
0.001891
0.001889
0.001886
0.001884
0.001881
0.001879
0.001877
0.001874
0.001872
0.001870
0.001867
0.001865
0.001862
0.001860
0.001857
0.001855
0.001852
0.001850
0.001847
0.001845
0.001843
0.001841
0.001825
0.001826
0.001822
0.001822
0.001819
0.001817
0.001816
0.001815
0.001813
0.001813
0.001811
0.001810
0.001809
0.001808
0.001807
0.001806
0.001805
0.001804
0.001803
0.001801
0.001800
0.001799
0.001798
0.001797
0.001796
0.001795
0.001794
0.001793
0.001792
0.001791
0.001790
0.001789
0.001788
0.001787
0.001786
0.001785
0.001784
0.001783
0.001782
0.001781
0.001780
0.001779
0.001777
0.001776
0.001775
0.001774
0.001773
0.001772
0.001771
0.001770
0.001769
0.001768
0.001767
0.001766
0.001765
0.001764
0.001763
0.001762
0.001761
0.001760
0.001759
0.001758
0.001757
0.001756
0.001755
0.001754
0.001753
0.001752
0.001751
0.001750
0.001750
0.001749
0.001748
0.001747
0.001746
0.001745
0.001744
0.001743
0.001742
0.001741
0.001740
0.001740
0.001739
0.001738
0.001737
0.001735
0.001734
0.001733
0.001732
0.001731
0.001730
0.001729
0.001728
0.001727
0.001726
0.001725
0.001724
0.001723
0.001722
0.001721
0.001696
0.001690
0.001688
0.001687
0.001686
0.001685
0.001684
0.001684
0.001683
0.001683
0.001682
0.001682
0.001681
0.001680
0.001680
0.001679
0.001679
0.001678
0.001678
0.001677
0.001676
0.001676
0.001675
0.001675
0.001674
0.001674
0.001673
0.001672
0.001672
0.001671
0.001671
0.001670
0.001670
0.001669
0.001669
0.001668
0.001667
0.001667
0.001666
0.001666
0.001665
0.001665
0.001664
0.001663
0.001663
0.001662
0.001662
0.001661
0.001661
0.001660
0.001660
0.001659
0.001658
0.001658
0.001657
0.001657
0.001656
0.001655
0.001655
0.001654
0.001654
0.001653
0.001653
0.001652
0.001652
0.001651
0.001650
0.001650
0.001649
0.001649
0.001648
0.001648
0.001647
0.001647
0.001646
0.001645
0.001645
0.001644
0.001644
0.001643
0.001642
0.001642
0.001641
0.001641
0.001640
0.001640
0.001639
0.001638
0.001638
0.001637
0.001637
0.001636
0.001636
0.001635
0.001634
0.001634
0.001633
0.001633
0.001632
0.001632
0.001625
0.001628
0.001631
0.001632
0.001632
0.001631
0.001631
0.001631
0.001630
0.001630
0.001629
0.001629
0.001629
0.001628
0.001628
0.001628
0.001627
0.001627
0.001626
0.001626
0.001626
0.001625
0.001625
0.001625
0.001625
0.001624
0.001624
0.001623
0.001623
0.001623
0.001623
0.001622
0.001622
0.001622
0.001621
0.001621
0.001621
0.001621
0.001620
0.001620
0.001620
0.001619
0.001619
0.001619
0.001618
0.001618
0.001618
0.001617
0.001617
0.001617
0.001616
0.001616
0.001616
0.001615
0.001615
0.001615
0.001614
0.001614
0.001614
0.001614
0.001613
0.001613
0.001613
0.001613
0.001612
0.001612
0.001612
0.001611
0.001611
0.001611
0.001611
0.001610
0.001610
0.001610
0.001609
0.001609
0.001609
0.001609
0.001608
0.001608
0.001608
0.001607
0.001607
0.001607
0.001607
0.001606
0.001606
0.001606
0.001605
0.001605
0.001605
0.001605
0.001604
0.001604
0.001604
0.001604
0.001603
0.001603
0.001603
0.001603
