0.551794
0.406380
0.236345
0.073463
0.040797
0.025221
0.013665
0.008219
0.005382
0.004132
0.003569
0.003198
0.002962
0.002807
0.002689
0.002595
0.002523
0.002466
0.002415
0.002371
0.002335
0.002300
0.002267
0.002237
0.002207
0.002177
0.002149
0.002122
0.002096
0.002071
0.002049
0.002027
0.002006
0.001984
0.001964
0.001944
0.001922
0.001901
0.001884
0.001866
0.001848
0.001830
0.001814
0.001798
0.001782
0.001765
0.001749
0.001734
0.001719
0.001702
0.001685
0.001670
0.001656
0.001643
0.001630
0.001618
0.001605
0.001594
0.001582
0.001570
0.001560
0.001548
0.001537
0.001527
0.001517
0.001508
0.001499
0.001491
0.001482
0.001472
0.001463
0.001454
0.001445
0.001437
0.001428
0.001421
0.001414
0.001408
0.001401
0.001395
0.001388
0.001382
0.001374
0.001367
0.001360
0.001353
0.001346
0.001340
0.001334
0.001329
0.001323
0.001318
0.001312
0.001307
0.001302
0.001296
0.001290
0.001286
0.001281
0.001276
0.001204
0.001191
0.001184
0.001186
0.001184
0.001181
0.001178
0.001174
0.001170
0.001165
0.001160
0.001156
0.001152
0.001147
0.001143
0.001139
0.001135
0.001132
0.001128
0.001125
0.001122
0.001119
0.001116
0.001113
0.001111
0.001109
0.001106
0.001103
0.001101
0.001099
0.001097
0.001095
0.001093
0.001091
0.001090
0.001088
0.001086
0.001085
0.001083
0.001081
0.001080
0.001078
0.001077
0.001076
0.001074
0.001072
0.001070
0.001068
0.001067
0.001065
0.001063
0.001061
0.001060
0.001058
0.001056
0.001054
0.001053
0.001051
0.001050
0.001048
0.001047
0.001046
0.001044
0.001043
0.001041
0.001040
0.001039
0.001038
0.001037
0.001036
0.001034
0.001033
0.001033
0.001032
0.001031
0.001030
0.001029
0.001028
0.001027
0.001026
0.001025
0.001024
0.001024
0.001023
0.001022
0.001021
0.001020
0.001019
0.001018
0.001018
0.001017
0.001016
0.001015
0.001014
0.001013
0.001013
0.001012
0.001011
0.001010
0.001009
0.000984
0.000997
0.001005
0.001005
0.001002
0.001000
0.000999
0.000999
0.000998
0.000998
0.000998
0.000998
0.000997
0.000997
0.000997
0.000997
0.000996
0.000996
0.000996
0.000995
0.000995
0.000995
0.000995
0.000994
0.000994
0.000993
0.000993
0.000992
0.000992
0.000992
0.000991
0.000991
0.000990
0.000990
0.000989
0.000989
0.000988
0.000988
0.000987
0.000987
0.000986
0.000986
0.000985
0.000985
0.000984
0.000984
0.000983
0.000982
0.000982
0.000981
0.000981
0.000980
0.000979
0.000978
0.000978
0.000977
0.000976
0.000975
0.000975
0.000974
0.000973
0.000972
0.000972
0.000971
0.000970
0.000969
0.000968
0.000967
0.000966
0.000965
0.000964
0.000964
0.000962
0.000961
0.000960
0.000959
0.000958
0.000957
0.000956
0.000955
0.000954
0.000954
0.000953
0.000952
0.000951
0.000950
0.000949
0.000948
0.000947
0.000947
0.000946
0.000945
0.000944
0.000944
0.000943
0.000942
0.000942
0.000941
0.000940
0.000940
0.000940
0.000936
0.000934
0.000933
0.000931
0.000931
0.000931
0.000932
0.000931
0.000931
0.000931
0.000931
0.000932
0.000932
0.000932
0.000932
0.000932
0.000932
0.000932
0.000932
0.000932
0.000932
0.000932
0.000932
0.000932
0.000932
0.000932
0.000932
0.000932
0.000932
0.000932
0.000932
0.000931
0.000931
0.000931
0.000931
0.000931
0.000931
0.000931
0.000931
0.000931
0.000931
0.000931
0.000931
0.000931
0.000931
0.000931
0.000931
0.000931
0.000931
0.000931
0.000931
0.000931
0.000931
0.000931
0.000931
0.000931
0.000930
0.000930
0.000930
0.000930
0.000930
0.000930
0.000930
0.000930
0.000930
0.000930
0.000930
0.000930
0.000930
0.000930
0.000929
0.000929
0.000929
0.000929
0.000929
0.000929
0.000929
0.000929
0.000929
0.000929
0.000929
0.000929
0.000928
0.000928
0.000928
0.000928
0.000928
0.000928
0.000928
0.000928
0.000928
0.000928
0.000928
0.000927
0.000927
0.000927
0.000927
0.000927
0.000927
0.000914
0.000911
0.000908
0.000907
0.000908
0.000908
0.000907
0.000907
0.000907
0.000907
0.000907
0.000907
0.000907
0.000907
0.000907
0.000907
0.000907
0.000907
0.000907
0.000907
0.000907
0.000907
0.000907
0.000906
0.000906
0.000906
0.000906
0.000906
0.000906
0.000906
0.000906
0.000906
0.000906
0.000906
0.000906
0.000906
0.000906
0.000906
0.000906
0.000906
0.000906
0.000906
0.000906
0.000905
0.000905
0.000905
0.000905
0.000905
0.000905
0.000905
0.000905
0.000905
0.000905
0.000905
0.000905
0.000905
0.000905
0.000905
0.000905
0.000905
0.000905
0.000905
0.000905
0.000905
0.000905
0.000904
0.000904
0.000904
0.000904
0.000904
0.000904
0.000904
0.000904
0.000904
0.000904
0.000904
0.000904
0.000904
0.000904
0.000904
0.000904
0.000904
0.000904
0.000904
0.000904
0.000903
0.000903
0.000903
0.000903
0.000903
0.000903
0.000903
0.000903
0.000903
0.000903
0.000903
0.000903
0.000903
0.000903
0.000903
