0.407199
0.221472
0.086076
0.034419
0.015335
0.007511
0.004450
0.003341
0.002950
0.002705
0.002537
0.002403
0.002299
0.002208
0.002130
0.002060
0.002000
0.001949
0.001905
0.001865
0.001827
0.001793
0.001763
0.001731
0.001701
0.001673
0.001645
0.001618
0.001594
0.001568
0.001544
0.001522
0.001501
0.001482
0.001463
0.001448
0.001435
0.001424
0.001413
0.001403
0.001391
0.001379
0.001369
0.001360
0.001352
0.001343
0.001335
0.001328
0.001321
0.001315
0.001308
0.001302
0.001295
0.001289
0.001282
0.001275
0.001268
0.001262
0.001255
0.001250
0.001244
0.001239
0.001235
0.001232
0.001229
0.001227
0.001225
0.001225
0.001223
0.001221
0.001219
0.001216
0.001213
0.001210
0.001205
0.001201
0.001197
0.001192
0.001189
0.001185
0.001181
0.001177
0.001172
0.001167
0.001162
0.001157
0.001152
0.001148
0.001144
0.001139
0.001133
0.001127
0.001120
0.001113
0.001107
0.001102
0.001098
0.001095
0.001092
0.001090
0.001036
0.001041
0.001012
0.001014
0.001013
0.001011
0.001009
0.001009
0.001008
0.001007
0.001006
0.001005
0.001004
0.001004
0.001003
0.001003
0.001002
0.001002
0.001002
0.001001
0.001001
0.001001
0.001000
0.001000
0.000999
0.000999
0.000998
0.000998
0.000998
0.000998
0.000997
0.000996
0.000995
0.000995
0.000994
0.000992
0.000992
0.000991
0.000990
0.000989
0.000989
0.000988
0.000987
0.000986
0.000986
0.000985
0.000984
0.000983
0.000982
0.000981
0.000980
0.000979
0.000978
0.000978
0.000977
0.000976
0.000976
0.000975
0.000974
0.000973
0.000972
0.000972
0.000971
0.000970
0.000969
0.000968
0.000967
0.000966
0.000965
0.000964
0.000964
0.000963
0.000962
0.000961
0.000960
0.000959
0.000959
0.000958
0.000957
0.000956
0.000956
0.000955
0.000955
0.000954
0.000953
0.000953
0.000952
0.000952
0.000951
0.000951
0.000950
0.000949
0.000949
0.000948
0.000947
0.000947
0.000946
0.000946
0.000945
0.000944
0.000909
0.000912
0.000919
0.000921
0.000922
0.000922
0.000921
0.000921
0.000921
0.000921
0.000921
0.000920
0.000920
0.000920
0.000919
0.000919
0.000919
0.000918
0.000918
0.000918
0.000917
0.000917
0.000917
0.000916
0.000916
0.000915
0.000914
0.000914
0.000913
0.000913
0.000912
0.000911
0.000910
0.000910
0.000909
0.000908
0.000907
0.000906
0.000905
0.000904
0.000904
0.000903
0.000902
0.000901
0.000900
0.000899
0.000898
0.000896
0.000895
0.000894
0.000893
0.000892
0.000891
0.000890
0.000889
0.000888
0.000887
0.000886
0.000885
0.000884
0.000883
0.000882
0.000882
0.000881
0.000880
0.000879
0.000878
0.000878
0.000877
0.000876
0.000876
0.000875
0.000875
0.000874
0.000873
0.000873
0.000872
0.000872
0.000871
0.000871
0.000870
0.000870
0.000870
0.000869
0.000869
0.000869
0.000868
0.000868
0.000868
0.000867
0.000867
0.000867
0.000866
0.000866
0.000866
0.000866
0.000865
0.000865
0.000865
0.000864
0.000862
0.000876
0.000875
0.000877
0.000878
0.000878
0.000880
0.000881
0.000882
0.000884
0.000885
0.000886
0.000887
0.000888
0.000888
0.000887
0.000886
0.000885
0.000884
0.000882
0.000881
0.000880
0.000879
0.000878
0.000877
0.000877
0.000876
0.000876
0.000875
0.000875
0.000874
0.000874
0.000874
0.000874
0.000873
0.000873
0.000873
0.000873
0.000873
0.000872
0.000872
0.000872
0.000872
0.000872
0.000872
0.000872
0.000871
0.000871
0.000871
0.000871
0.000871
0.000871
0.000871
0.000871
0.000871
0.000870
0.000870
0.000870
0.000870
0.000870
0.000870
0.000870
0.000870
0.000870
0.000870
0.000870
0.000870
0.000869
0.000869
0.000869
0.000869
0.000869
0.000869
0.000869
0.000869
0.000869
0.000869
0.000869
0.000869
0.000869
0.000869
0.000868
0.000868
0.000868
0.000868
0.000868
0.000868
0.000868
0.000868
0.000868
0.000868
0.000868
0.000868
0.000867
0.000867
0.000867
0.000867
0.000867
0.000867
0.000867
0.000852
0.000845
0.000841
0.000842
0.000842
0.000842
0.000842
0.000842
0.000841
0.000841
0.000841
0.000841
0.000841
0.000841
0.000841
0.000841
0.000841
0.000841
0.000841
0.000841
0.000841
0.000841
0.000841
0.000841
0.000841
0.000841
0.000841
0.000841
0.000841
0.000841
0.000841
0.000841
0.000841
0.000841
0.000841
0.000841
0.000841
0.000841
0.000841
0.000841
0.000841
0.000841
0.000841
0.000840
0.000840
0.000840
0.000840
0.000840
0.000840
0.000840
0.000840
0.000840
0.000840
0.000840
0.000840
0.000840
0.000840
0.000840
0.000840
0.000840
0.000840
0.000840
0.000840
0.000840
0.000840
0.000840
0.000840
0.000840
0.000840
0.000840
0.000840
0.000840
0.000840
0.000840
0.000840
0.000840
0.000840
0.000840
0.000840
0.000840
0.000840
0.000840
0.000840
0.000840
0.000840
0.000840
0.000840
0.000840
0.000840
0.000840
0.000840
0.000840
0.000840
0.000840
0.000840
0.000840
0.000840
0.000840
0.000840
0.000840
