0.403463
0.180011
0.103426
0.073174
0.049232
0.028784
0.013101
0.007484
0.006202
0.005756
0.005331
0.004960
0.004641
0.004393
0.004189
0.004010
0.003846
0.003704
0.003580
0.003472
0.003377
0.003292
0.003213
0.003139
0.003066
0.002999
0.002934
0.002874
0.002818
0.002764
0.002711
0.002657
0.002604
0.002557
0.002519
0.002480
0.002442
0.002405
0.002371
0.002339
0.002313
0.002288
0.002265
0.002244
0.002222
0.002204
0.002186
0.002167
0.002152
0.002138
0.002123
0.002107
0.002090
0.002072
0.002056
0.002039
0.002022
0.002006
0.001991
0.001978
0.001964
0.001949
0.001936
0.001923
0.001909
0.001900
0.001890
0.001880
0.001871
0.001860
0.001849
0.001835
0.001821
0.001808
0.001794
0.001782
0.001770
0.001758
0.001745
0.001733
0.001722
0.001710
0.001697
0.001685
0.001674
0.001663
0.001651
0.001640
0.001630
0.001621
0.001612
0.001604
0.001595
0.001587
0.001579
0.001572
0.001565
0.001558
0.001551
0.001544
0.001438
0.001447
0.001459
0.001467
0.001470
0.001470
0.001469
0.001467
0.001464
0.001460
0.001457
0.001453
0.001449
0.001446
0.001443
0.001439
0.001435
0.001431
0.001427
0.001422
0.001418
0.001413
0.001409
0.001404
0.001400
0.001396
0.001391
0.001386
0.001382
0.001377
0.001372
0.001367
0.001362
0.001358
0.001353
0.001349
0.001344
0.001339
0.001335
0.001330
0.001325
0.001320
0.001315
0.001310
0.001304
0.001299
0.001294
0.001289
0.001284
0.001279
0.001273
0.001267
0.001261
0.001254
0.001247
0.001241
0.001234
0.001228
0.001223
0.001217
0.001212
0.001206
0.001201
0.001196
0.001190
0.001185
0.001179
0.001173
0.001167
0.001162
0.001156
0.001150
0.001145
0.001140
0.001134
0.001130
0.001125
0.001120
0.001115
0.001111
0.001106
0.001102
0.001098
0.001094
0.001090
0.001087
0.001084
0.001080
0.001077
0.001073
0.001070
0.001067
0.001064
0.001062
0.001059
0.001056
0.001054
0.001052
0.001049
0.001047
0.001043
0.001052
0.001043
0.001038
0.001038
0.001037
0.001036
0.001035
0.001034
0.001033
0.001032
0.001031
0.001030
0.001029
0.001028
0.001027
0.001026
0.001025
0.001025
0.001024
0.001023
0.001022
0.001022
0.001021
0.001020
0.001020
0.001019
0.001018
0.001018
0.001017
0.001016
0.001016
0.001015
0.001015
0.001014
0.001014
0.001013
0.001013
0.001012
0.001012
0.001012
0.001011
0.001011
0.001010
0.001010
0.001009
0.001009
0.001008
0.001008
0.001008
0.001007
0.001007
0.001006
0.001006
0.001005
0.001005
0.001004
0.001004
0.001003
0.001003
0.001002
0.001002
0.001001
0.001001
0.001000
0.001000
0.000999
0.000999
0.000998
0.000998
0.000997
0.000996
0.000996
0.000995
0.000995
0.000994
0.000994
0.000993
0.000992
0.000992
0.000991
0.000991
0.000990
0.000990
0.000989
0.000989
0.000988
0.000987
0.000987
0.000986
0.000986
0.000985
0.000985
0.000984
0.000984
0.000983
0.000983
0.000982
0.000982
0.000981
0.000980
0.000999
0.001017
0.001031
0.001037
0.001034
0.001022
0.001008
0.000997
0.000993
0.000992
0.000992
0.000991
0.000989
0.000989
0.000988
0.000987
0.000987
0.000986
0.000986
0.000985
0.000985
0.000984
0.000984
0.000984
0.000983
0.000983
0.000983
0.000983
0.000982
0.000982
0.000982
0.000982
0.000982
0.000981
0.000981
0.000981
0.000981
0.000981
0.000980
0.000980
0.000980
0.000980
0.000980
0.000980
0.000980
0.000979
0.000979
0.000979
0.000979
0.000979
0.000979
0.000979
0.000979
0.000979
0.000979
0.000978
0.000978
0.000978
0.000978
0.000978
0.000978
0.000978
0.000978
0.000978
0.000978
0.000978
0.000977
0.000977
0.000977
0.000977
0.000977
0.000977
0.000977
0.000977
0.000977
0.000977
0.000977
0.000976
0.000976
0.000976
0.000976
0.000976
0.000976
0.000976
0.000976
0.000976
0.000976
0.000975
0.000975
0.000975
0.000975
0.000975
0.000975
0.000975
0.000975
0.000975
0.000975
0.000975
0.000975
0.000963
0.000958
0.000955
0.000955
0.000955
0.000955
0.000955
0.000955
0.000955
0.000955
0.000955
0.000955
0.000954
0.000954
0.000954
0.000954
0.000954
0.000954
0.000954
0.000954
0.000954
0.000954
0.000954
0.000954
0.000954
0.000954
0.000954
0.000954
0.000954
0.000954
0.000954
0.000954
0.000954
0.000954
0.000954
0.000954
0.000954
0.000954
0.000953
0.000953
0.000953
0.000953
0.000953
0.000953
0.000953
0.000953
0.000953
0.000953
0.000953
0.000953
0.000953
0.000953
0.000953
0.000953
0.000953
0.000953
0.000953
0.000953
0.000953
0.000953
0.000953
0.000953
0.000953
0.000953
0.000953
0.000953
0.000953
0.000953
0.000953
0.000952
0.000952
0.000952
0.000952
0.000952
0.000952
0.000952
0.000952
0.000952
0.000952
0.000952
0.000952
0.000952
0.000952
0.000952
0.000952
0.000952
0.000952
0.000952
0.000952
0.000952
0.000952
0.000952
0.000952
0.000952
0.000952
0.000952
0.000952
0.000951
0.000951
0.000951
