0.401131
0.160452
0.050921
0.030992
0.018745
0.011545
0.007940
0.006944
0.006648
0.006375
0.006144
0.005941
0.005757
0.005587
0.005428
0.005279
0.005138
0.005003
0.004876
0.004756
0.004643
0.004534
0.004431
0.004333
0.004235
0.004138
0.004043
0.003947
0.003849
0.003751
0.003654
0.003557
0.003463
0.003371
0.003282
0.003193
0.003103
0.003013
0.002923
0.002834
0.002748
0.002665
0.002587
0.002512
0.002442
0.002375
0.002312
0.002252
0.002195
0.002140
0.002088
0.002040
0.001994
0.001951
0.001910
0.001871
0.001834
0.001800
0.001767
0.001736
0.001707
0.001680
0.001655
0.001631
0.001608
0.001587
0.001568
0.001549
0.001532
0.001516
0.001501
0.001486
0.001473
0.001460
0.001449
0.001438
0.001428
0.001418
0.001409
0.001400
0.001391
0.001382
0.001374
0.001366
0.001359
0.001351
0.001344
0.001337
0.001331
0.001325
0.001318
0.001312
0.001306
0.001301
0.001296
0.001291
0.001287
0.001283
0.001279
0.001275
0.001254
0.001268
0.001278
0.001274
0.001267
0.001264
0.001264
0.001263
0.001262
0.001261
0.001259
0.001258
0.001257
0.001256
0.001254
0.001253
0.001252
0.001251
0.001250
0.001249
0.001247
0.001246
0.001245
0.001244
0.001243
0.001241
0.001240
0.001239
0.001238
0.001236
0.001235
0.001234
0.001233
0.001232
0.001231
0.001229
0.001228
0.001227
0.001226
0.001224
0.001223
0.001222
0.001221
0.001219
0.001218
0.001217
0.001216
0.001215
0.001214
0.001213
0.001211
0.001210
0.001208
0.001207
0.001205
0.001204
0.001203
0.001201
0.001200
0.001198
0.001197
0.001196
0.001195
0.001193
0.001191
0.001190
0.001188
0.001187
0.001185
0.001184
0.001182
0.001180
0.001179
0.001177
0.001176
0.001174
0.001173
0.001171
0.001169
0.001167
0.001165
0.001163
0.001161
0.001160
0.001158
0.001156
0.001155
0.001153
0.001152
0.001150
0.001148
0.001146
0.001144
0.001142
0.001140
0.001138
0.001136
0.001135
0.001133
0.001131
0.001105
0.001117
0.001122
0.001120
0.001118
0.001116
0.001115
0.001114
0.001113
0.001113
0.001112
0.001110
0.001110
0.001108
0.001107
0.001106
0.001105
0.001104
0.001103
0.001102
0.001101
0.001100
0.001099
0.001099
0.001098
0.001097
0.001096
0.001095
0.001094
0.001093
0.001093
0.001092
0.001091
0.001090
0.001089
0.001088
0.001087
0.001086
0.001085
0.001084
0.001084
0.001083
0.001082
0.001081
0.001080
0.001079
0.001078
0.001077
0.001076
0.001076
0.001075
0.001074
0.001074
0.001073
0.001072
0.001071
0.001071
0.001070
0.001069
0.001069
0.001068
0.001067
0.001066
0.001066
0.001065
0.001064
0.001064
0.001063
0.001063
0.001062
0.001061
0.001060
0.001059
0.001059
0.001058
0.001057
0.001056
0.001055
0.001055
0.001054
0.001053
0.001052
0.001051
0.001050
0.001049
0.001048
0.001047
0.001046
0.001045
0.001044
0.001043
0.001042
0.001041
0.001041
0.001040
0.001039
0.001038
0.001037
0.001036
0.001035
0.001025
0.001003
0.000998
0.000999
0.000997
0.000997
0.000997
0.000996
0.000995
0.000995
0.000995
0.000994
0.000994
0.000993
0.000993
0.000992
0.000992
0.000991
0.000991
0.000990
0.000990
0.000989
0.000989
0.000988
0.000988
0.000987
0.000987
0.000987
0.000986
0.000986
0.000985
0.000985
0.000985
0.000984
0.000984
0.000983
0.000983
0.000983
0.000982
0.000982
0.000981
0.000981
0.000981
0.000980
0.000980
0.000979
0.000979
0.000979
0.000978
0.000978
0.000977
0.000977
0.000977
0.000976
0.000976
0.000976
0.000975
0.000975
0.000975
0.000974
0.000974
0.000973
0.000973
0.000973
0.000972
0.000972
0.000972
0.000971
0.000971
0.000971
0.000970
0.000970
0.000970
0.000969
0.000969
0.000968
0.000968
0.000968
0.000967
0.000967
0.000967
0.000966
0.000966
0.000966
0.000965
0.000965
0.000965
0.000964
0.000964
0.000964
0.000963
0.000963
0.000963
0.000962
0.000962
0.000961
0.000961
0.000961
0.000961
0.000960
0.000951
0.000949
0.000947
0.000947
0.000947
0.000946
0.000946
0.000946
0.000946
0.000946
0.000945
0.000945
0.000945
0.000945
0.000945
0.000944
0.000944
0.000944
0.000944
0.000943
0.000943
0.000943
0.000943
0.000943
0.000942
0.000942
0.000942
0.000942
0.000942
0.000941
0.000941
0.000941
0.000941
0.000941
0.000940
0.000940
0.000940
0.000940
0.000940
0.000940
0.000939
0.000939
0.000939
0.000939
0.000939
0.000939
0.000938
0.000938
0.000938
0.000938
0.000938
0.000937
0.000937
0.000937
0.000937
0.000937
0.000937
0.000937
0.000936
0.000936
0.000936
0.000936
0.000936
0.000936
0.000935
0.000935
0.000935
0.000935
0.000935
0.000935
0.000935
0.000934
0.000934
0.000934
0.000934
0.000934
0.000934
0.000934
0.000933
0.000933
0.000933
0.000933
0.000933
0.000933
0.000933
0.000933
0.000932
0.000932
0.000932
0.000932
0.000932
0.000932
0.000932
0.000932
0.000931
0.000931
0.000931
0.000931
0.000931
0.000931
