0.405350
0.227764
0.146502
0.104050
0.077632
0.060496
0.049238
0.040758
0.033632
0.027638
0.022622
0.017786
0.012062
0.007123
0.005360
0.005019
0.004830
0.004646
0.004416
0.004258
0.004168
0.004074
0.003975
0.003879
0.003791
0.003707
0.003623
0.003539
0.003454
0.003370
0.003286
0.003205
0.003125
0.003047
0.002973
0.002900
0.002829
0.002759
0.002689
0.002619
0.002549
0.002481
0.002413
0.002346
0.002281
0.002217
0.002155
0.002092
0.002030
0.001971
0.001916
0.001863
0.001813
0.001762
0.001710
0.001661
0.001613
0.001568
0.001526
0.001486
0.001447
0.001411
0.001377
0.001344
0.001312
0.001282
0.001255
0.001229
0.001205
0.001183
0.001164
0.001146
0.001129
0.001113
0.001099
0.001085
0.001072
0.001060
0.001048
0.001038
0.001026
0.001016
0.001007
0.000999
0.000991
0.000983
0.000976
0.000968
0.000961
0.000955
0.000949
0.000943
0.000935
0.000929
0.000924
0.000920
0.000915
0.000911
0.000908
0.000905
0.000830
0.000829
0.000817
0.000815
0.000812
0.000809
0.000807
0.000804
0.000802
0.000799
0.000797
0.000795
0.000792
0.000790
0.000788
0.000785
0.000783
0.000782
0.000780
0.000778
0.000776
0.000774
0.000772
0.000771
0.000769
0.000767
0.000766
0.000765
0.000763
0.000762
0.000761
0.000760
0.000758
0.000757
0.000756
0.000755
0.000754
0.000753
0.000752
0.000751
0.000750
0.000749
0.000748
0.000746
0.000745
0.000744
0.000743
0.000742
0.000741
0.000740
0.000739
0.000738
0.000736
0.000735
0.000734
0.000733
0.000731
0.000731
0.000730
0.000729
0.000727
0.000726
0.000725
0.000724
0.000723
0.000721
0.000720
0.000719
0.000718
0.000717
0.000716
0.000715
0.000714
0.000712
0.000711
0.000710
0.000709
0.000708
0.000707
0.000706
0.000704
0.000703
0.000701
0.000700
0.000699
0.000698
0.000697
0.000696
0.000694
0.000693
0.000692
0.000691
0.000689
0.000688
0.000686
0.000685
0.000684
0.000683
0.000681
0.000680
0.000663
0.000659
0.000658
0.000658
0.000658
0.000657
0.000657
0.000656
0.000656
0.000655
0.000655
0.000654
0.000653
0.000653
0.000652
0.000652
0.000651
0.000651
0.000650
0.000650
0.000649
0.000649
0.000648
0.000648
0.000647
0.000647
0.000646
0.000646
0.000645
0.000645
0.000645
0.000644
0.000644
0.000643
0.000643
0.000642
0.000642
0.000641
0.000641
0.000640
0.000640
0.000640
0.000639
0.000639
0.000638
0.000638
0.000637
0.000637
0.000637
0.000636
0.000636
0.000635
0.000635
0.000635
0.000634
0.000634
0.000633
0.000633
0.000633
0.000632
0.000632
0.000631
0.000631
0.000631
0.000630
0.000630
0.000630
0.000629
0.000629
0.000629
0.000628
0.000628
0.000627
0.000627
0.000627
0.000626
0.000626
0.000626
0.000625
0.000625
0.000625
0.000624
0.000624
0.000624
0.000623
0.000623
0.000623
0.000623
0.000622
0.000622
0.000622
0.000621
0.000621
0.000621
0.000620
0.000620
0.000620
0.000619
0.000619
0.000619
0.000612
0.000620
0.000624
0.000625
0.000625
0.000625
0.000624
0.000624
0.000624
0.000623
0.000623
0.000623
0.000622
0.000622
0.000622
0.000622
0.000621
0.000621
0.000621
0.000620
0.000620
0.000620
0.000620
0.000620
0.000619
0.000619
0.000619
0.000619
0.000619
0.000618
0.000618
0.000618
0.000618
0.000617
0.000617
0.000617
0.000617
0.000617
0.000616
0.000616
0.000616
0.000616
0.000616
0.000615
0.000615
0.000615
0.000615
0.000614
0.000614
0.000614
0.000614
0.000614
0.000614
0.000613
0.000613
0.000613
0.000613
0.000613
0.000612
0.000612
0.000612
0.000612
0.000612
0.000611
0.000611
0.000611
0.000611
0.000611
0.000611
0.000610
0.000610
0.000610
0.000610
0.000610
0.000609
0.000609
0.000609
0.000609
0.000609
0.000608
0.000608
0.000608
0.000608
0.000608
0.000608
0.000607
0.000607
0.000607
0.000607
0.000607
0.000606
0.000606
0.000606
0.000606
0.000606
0.000605
0.000605
0.000605
0.000605
0.000605
0.000598
0.000591
0.000588
0.000588
0.000588
0.000588
0.000588
0.000588
0.000588
0.000588
0.000588
0.000588
0.000587
0.000587
0.000587
0.000587
0.000587
0.000587
0.000587
0.000587
0.000587
0.000587
0.000587
0.000587
0.000587
0.000587
0.000586
0.000586
0.000586
0.000586
0.000586
0.000586
0.000586
0.000586
0.000586
0.000586
0.000586
0.000586
0.000586
0.000585
0.000585
0.000585
0.000585
0.000585
0.000585
0.000585
0.000585
0.000585
0.000585
0.000585
0.000585
0.000585
0.000585
0.000584
0.000584
0.000584
0.000584
0.000584
0.000584
0.000584
0.000584
0.000584
0.000584
0.000584
0.000584
0.000583
0.000583
0.000583
0.000583
0.000583
0.000583
0.000583
0.000583
0.000583
0.000583
0.000583
0.000582
0.000582
0.000582
0.000582
0.000582
0.000582
0.000582
0.000582
0.000582
0.000582
0.000581
0.000581
0.000581
0.000581
0.000581
0.000581
0.000581
0.000581
0.000581
0.000581
0.000580
0.000580
0.000580
0.000580
