0.393950
0.078246
0.025015
0.013417
0.009534
0.007940
0.007278
0.006735
0.006327
0.005969
0.005660
0.005362
0.005083
0.004822
0.004561
0.004308
0.004073
0.003863
0.003682
0.003532
0.003407
0.003298
0.003195
0.003099
0.003007
0.002919
0.002830
0.002741
0.002650
0.002559
0.002470
0.002379
0.002286
0.002199
0.002114
0.002029
0.001946
0.001867
0.001789
0.001712
0.001639
0.001573
0.001513
0.001463
0.001420
0.001383
0.001349
0.001318
0.001289
0.001262
0.001237
0.001213
0.001192
0.001172
0.001155
0.001138
0.001122
0.001108
0.001096
0.001083
0.001068
0.001054
0.001041
0.001028
0.001017
0.001007
0.000997
0.000988
0.000979
0.000970
0.000959
0.000950
0.000942
0.000934
0.000929
0.000924
0.000917
0.000911
0.000904
0.000897
0.000893
0.000888
0.000884
0.000879
0.000874
0.000869
0.000864
0.000860
0.000856
0.000850
0.000845
0.000842
0.000838
0.000832
0.000828
0.000824
0.000819
0.000815
0.000809
0.000804
0.000754
0.000722
0.000719
0.000715
0.000713
0.000712
0.000711
0.000710
0.000709
0.000708
0.000707
0.000706
0.000705
0.000704
0.000703
0.000702
0.000702
0.000701
0.000700
0.000700
0.000699
0.000698
0.000697
0.000696
0.000695
0.000694
0.000693
0.000692
0.000691
0.000689
0.000688
0.000687
0.000686
0.000685
0.000684
0.000683
0.000681
0.000681
0.000680
0.000679
0.000678
0.000677
0.000677
0.000676
0.000675
0.000675
0.000674
0.000674
0.000673
0.000672
0.000672
0.000672
0.000671
0.000670
0.000670
0.000669
0.000669
0.000669
0.000668
0.000668
0.000668
0.000668
0.000667
0.000667
0.000666
0.000666
0.000665
0.000664
0.000664
0.000663
0.000663
0.000662
0.000661
0.000661
0.000661
0.000661
0.000660
0.000659
0.000659
0.000658
0.000657
0.000657
0.000656
0.000656
0.000655
0.000654
0.000653
0.000652
0.000652
0.000651
0.000650
0.000650
0.000649
0.000648
0.000647
0.000647
0.000646
0.000645
0.000644
0.000642
0.000610
0.000601
0.000593
0.000592
0.000592
0.000591
0.000590
0.000590
0.000589
0.000589
0.000589
0.000588
0.000588
0.000588
0.000587
0.000587
0.000587
0.000586
0.000586
0.000586
0.000585
0.000585
0.000585
0.000585
0.000584
0.000584
0.000583
0.000583
0.000583
0.000582
0.000582
0.000582
0.000581
0.000581
0.000580
0.000580
0.000579
0.000579
0.000579
0.000578
0.000578
0.000577
0.000577
0.000576
0.000576
0.000575
0.000575
0.000574
0.000574
0.000573
0.000573
0.000572
0.000572
0.000571
0.000571
0.000570
0.000570
0.000569
0.000569
0.000569
0.000568
0.000567
0.000567
0.000566
0.000566
0.000565
0.000565
0.000564
0.000564
0.000563
0.000562
0.000562
0.000561
0.000560
0.000560
0.000559
0.000558
0.000558
0.000557
0.000557
0.000556
0.000555
0.000555
0.000554
0.000554
0.000553
0.000553
0.000552
0.000552
0.000551
0.000551
0.000551
0.000550
0.000550
0.000549
0.000549
0.000549
0.000548
0.000548
0.000547
0.000533
0.000532
0.000534
0.000534
0.000534
0.000534
0.000534
0.000533
0.000533
0.000532
0.000532
0.000531
0.000531
0.000530
0.000530
0.000529
0.000529
0.000528
0.000527
0.000527
0.000526
0.000526
0.000525
0.000525
0.000524
0.000524
0.000523
0.000522
0.000522
0.000521
0.000521
0.000520
0.000520
0.000519
0.000518
0.000518
0.000517
0.000517
0.000516
0.000516
0.000515
0.000515
0.000514
0.000514
0.000513
0.000513
0.000512
0.000512
0.000511
0.000511
0.000511
0.000510
0.000510
0.000509
0.000509
0.000508
0.000508
0.000507
0.000507
0.000506
0.000506
0.000506
0.000505
0.000505
0.000504
0.000504
0.000504
0.000503
0.000503
0.000503
0.000502
0.000502
0.000501
0.000501
0.000501
0.000500
0.000500
0.000500
0.000499
0.000499
0.000499
0.000498
0.000498
0.000497
0.000497
0.000497
0.000496
0.000496
0.000496
0.000495
0.000495
0.000495
0.000494
0.000494
0.000493
0.000493
0.000493
0.000492
0.000492
0.000492
0.000487
0.000491
0.000492
0.000492
0.000492
0.000492
0.000492
0.000492
0.000492
0.000492
0.000492
0.000492
0.000491
0.000491
0.000491
0.000491
0.000491
0.000491
0.000490
0.000490
0.000490
0.000490
0.000490
0.000489
0.000489
0.000489
0.000489
0.000489
0.000488
0.000488
0.000488
0.000488
0.000488
0.000488
0.000487
0.000487
0.000487
0.000487
0.000487
0.000487
0.000486
0.000486
0.000486
0.000486
0.000486
0.000485
0.000485
0.000485
0.000485
0.000485
0.000484
0.000484
0.000484
0.000484
0.000484
0.000484
0.000483
0.000483
0.000483
0.000483
0.000483
0.000483
0.000482
0.000482
0.000482
0.000482
0.000482
0.000481
0.000481
0.000481
0.000481
0.000481
0.000481
0.000480
0.000480
0.000480
0.000480
0.000480
0.000480
0.000479
0.000479
0.000479
0.000479
0.000479
0.000478
0.000478
0.000478
0.000478
0.000478
0.000478
0.000478
0.000477
0.000477
0.000477
0.000477
0.000477
0.000477
0.000476
0.000476
0.000476
