0.437132
0.222384
0.100170
0.068987
0.050820
0.037146
0.024920
0.015521
0.010255
0.008002
0.007056
0.006676
0.006508
0.006388
0.006304
0.006229
0.006158
0.006093
0.006035
0.005981
0.005929
0.005880
0.005833
0.005790
0.005750
0.005713
0.005679
0.005649
0.005620
0.005593
0.005568
0.005543
0.005520
0.005497
0.005476
0.005456
0.005436
0.005418
0.005401
0.005384
0.005369
0.005353
0.005337
0.005324
0.005309
0.005296
0.005283
0.005271
0.005259
0.005246
0.005236
0.005225
0.005214
0.005204
0.005193
0.005183
0.005174
0.005164
0.005154
0.005145
0.005136
0.005125
0.005114
0.005102
0.005091
0.005078
0.005064
0.005053
0.005041
0.005026
0.005010
0.004994
0.004977
0.004960
0.004940
0.004921
0.004903
0.004885
0.004866
0.004850
0.004832
0.004817
0.004803
0.004791
0.004779
0.004768
0.004758
0.004749
0.004739
0.004732
0.004724
0.004717
0.004711
0.004705
0.004699
0.004692
0.004688
0.004682
0.004678
0.004674
0.004611
0.004667
0.004681
0.004682
0.004680
0.004679
0.004679
0.004679
0.004678
0.004676
0.004674
0.004672
0.004670
0.004667
0.004664
0.004661
0.004658
0.004656
0.004653
0.004650
0.004647
0.004644
0.004641
0.004638
0.004635
0.004632
0.004630
0.004628
0.004625
0.004623
0.004620
0.004619
0.004616
0.004612
0.004608
0.004603
0.004597
0.004590
0.004581
0.004571
0.004560
0.004549
0.004539
0.004531
0.004525
0.004520
0.004515
0.004512
0.004508
0.004504
0.004501
0.004498
0.004495
0.004492
0.004489
0.004486
0.004482
0.004478
0.004476
0.004473
0.004470
0.004466
0.004461
0.004457
0.004453
0.004449
0.004444
0.004439
0.004434
0.004427
0.004419
0.004409
0.004399
0.004388
0.004376
0.004365
0.004350
0.004336
0.004319
0.004301
0.004277
0.004255
0.004232
0.004206
0.004180
0.004151
0.004126
0.004096
0.004070
0.004049
0.004026
0.004002
0.003979
0.003963
0.003945
0.003932
0.003919
0.003906
0.003891
0.003883
0.003833
0.003790
0.003777
0.003765
0.003764
0.003759
0.003754
0.003749
0.003745
0.003740
0.003735
0.003731
0.003726
0.003721
0.003716
0.003712
0.003707
0.003702
0.003697
0.003692
0.003687
0.003682
0.003676
0.003672
0.003666
0.003661
0.003655
0.003649
0.003644
0.003638
0.003632
0.003626
0.003620
0.003613
0.003607
0.003601
0.003595
0.003589
0.003582
0.003576
0.003569
0.003561
0.003554
0.003546
0.003539
0.003532
0.003525
0.003517
0.003510
0.003502
0.003495
0.003487
0.003480
0.003472
0.003463
0.003455
0.003446
0.003437
0.003428
0.003420
0.003411
0.003402
0.003394
0.003386
0.003378
0.003370
0.003362
0.003354
0.003347
0.003339
0.003332
0.003324
0.003317
0.003310
0.003304
0.003297
0.003290
0.003283
0.003277
0.003271
0.003265
0.003259
0.003253
0.003247
0.003242
0.003237
0.003231
0.003226
0.003221
0.003216
0.003211
0.003206
0.003201
0.003197
0.003192
0.003187
0.003183
0.003179
0.003174
0.003170
0.003148
0.003137
0.003132
0.003130
0.003128
0.003126
0.003123
0.003121
0.003119
0.003117
0.003115
0.003113
0.003111
0.003109
0.003107
0.003104
0.003102
0.003099
0.003097
0.003094
0.003092
0.003089
0.003086
0.003083
0.003080
0.003077
0.003073
0.003069
0.003065
0.003061
0.003056
0.003051
0.003046
0.003041
0.003036
0.003032
0.003027
0.003022
0.003017
0.003013
0.003008
0.003003
0.002999
0.002994
0.002990
0.002985
0.002981
0.002977
0.002972
0.002968
0.002964
0.002960
0.002956
0.002952
0.002948
0.002945
0.002941
0.002938
0.002934
0.002931
0.002927
0.002924
0.002920
0.002917
0.002914
0.002911
0.002907
0.002904
0.002901
0.002898
0.002895
0.002891
0.002888
0.002885
0.002881
0.002878
0.002875
0.002872
0.002869
0.002865
0.002862
0.002859
0.002855
0.002852
0.002849
0.002846
0.002842
0.002839
0.002836
0.002832
0.002829
0.002825
0.002822
0.002818
0.002815
0.002811
0.002808
0.002804
0.002801
0.002797
0.002788
0.002791
0.002792
0.002791
0.002789
0.002788
0.002786
0.002784
0.002782
0.002780
0.002778
0.002776
0.002774
0.002772
0.002770
0.002768
0.002766
0.002764
0.002761
0.002759
0.002757
0.002754
0.002752
0.002750
0.002747
0.002745
0.002743
0.002740
0.002738
0.002736
0.002733
0.002731
0.002728
0.002726
0.002723
0.002721
0.002718
0.002716
0.002714
0.002711
0.002709
0.002706
0.002704
0.002702
0.002699
0.002697
0.002694
0.002692
0.002690
0.002687
0.002685
0.002682
0.002680
0.002677
0.002675
0.002672
0.002669
0.002667
0.002664
0.002661
0.002659
0.002656
0.002653
0.002650
0.002647
0.002645
0.002642
0.002639
0.002636
0.002633
0.002630
0.002628
0.002625
0.002622
0.002619
0.002616
0.002613
0.002610
0.002607
0.002604
0.002601
0.002598
0.002595
0.002592
0.002589
0.002586
0.002582
0.002579
0.002576
0.002573
0.002569
0.002566
0.002563
0.002559
0.002556
0.002553
0.002549
0.002546
0.002542
0.002539
