0.343819
0.066658
0.033642
0.017672
0.009718
0.007154
0.006381
0.005999
0.005647
0.005366
0.005146
0.004957
0.004785
0.004662
0.004570
0.004480
0.004389
0.004296
0.004201
0.004104
0.004010
0.003916
0.003823
0.003732
0.003642
0.003554
0.003470
0.003385
0.003299
0.003213
0.003127
0.003042
0.002959
0.002880
0.002805
0.002731
0.002659
0.002590
0.002524
0.002459
0.002396
0.002334
0.002274
0.002213
0.002155
0.002099
0.002046
0.001994
0.001944
0.001894
0.001850
0.001807
0.001767
0.001730
0.001696
0.001664
0.001635
0.001609
0.001586
0.001564
0.001544
0.001526
0.001510
0.001495
0.001481
0.001469
0.001458
0.001448
0.001439
0.001430
0.001423
0.001416
0.001409
0.001404
0.001399
0.001395
0.001391
0.001386
0.001383
0.001378
0.001373
0.001369
0.001365
0.001362
0.001356
0.001351
0.001346
0.001341
0.001337
0.001332
0.001326
0.001323
0.001321
0.001317
0.001315
0.001312
0.001310
0.001308
0.001307
0.001304
0.001214
0.001207
0.001211
0.001205
0.001203
0.001204
0.001203
0.001202
0.001201
0.001201
0.001201
0.001200
0.001200
0.001200
0.001200
0.001199
0.001199
0.001198
0.001198
0.001198
0.001197
0.001197
0.001196
0.001196
0.001195
0.001195
0.001194
0.001193
0.001192
0.001191
0.001190
0.001189
0.001189
0.001188
0.001187
0.001186
0.001185
0.001184
0.001183
0.001183
0.001182
0.001181
0.001180
0.001179
0.001178
0.001177
0.001176
0.001175
0.001174
0.001173
0.001171
0.001170
0.001169
0.001168
0.001166
0.001165
0.001163
0.001162
0.001161
0.001159
0.001158
0.001156
0.001154
0.001153
0.001151
0.001150
0.001149
0.001147
0.001145
0.001143
0.001142
0.001141
0.001139
0.001138
0.001136
0.001134
0.001132
0.001130
0.001129
0.001128
0.001126
0.001125
0.001123
0.001121
0.001120
0.001118
0.001116
0.001115
0.001113
0.001111
0.001109
0.001107
0.001106
0.001104
0.001102
0.001100
0.001098
0.001097
0.001095
0.001093
0.001069
0.001083
0.001094
0.001099
0.001103
0.001104
0.001104
0.001103
0.001103
0.001102
0.001100
0.001099
0.001098
0.001096
0.001095
0.001093
0.001092
0.001090
0.001089
0.001087
0.001086
0.001084
0.001082
0.001081
0.001079
0.001078
0.001076
0.001074
0.001072
0.001070
0.001069
0.001067
0.001065
0.001063
0.001061
0.001059
0.001058
0.001056
0.001054
0.001052
0.001050
0.001047
0.001046
0.001044
0.001043
0.001041
0.001039
0.001037
0.001036
0.001034
0.001032
0.001031
0.001029
0.001028
0.001026
0.001025
0.001024
0.001022
0.001021
0.001020
0.001018
0.001017
0.001016
0.001015
0.001014
0.001012
0.001011
0.001010
0.001009
0.001007
0.001006
0.001004
0.001003
0.001001
0.001000
0.000998
0.000997
0.000995
0.000994
0.000992
0.000990
0.000989
0.000987
0.000985
0.000984
0.000982
0.000980
0.000978
0.000977
0.000975
0.000973
0.000971
0.000970
0.000968
0.000966
0.000965
0.000963
0.000962
0.000960
0.000958
0.000952
0.000949
0.000956
0.000956
0.000958
0.000957
0.000956
0.000955
0.000954
0.000953
0.000952
0.000951
0.000950
0.000950
0.000949
0.000949
0.000948
0.000948
0.000947
0.000947
0.000946
0.000946
0.000946
0.000945
0.000945
0.000944
0.000944
0.000943
0.000943
0.000943
0.000942
0.000942
0.000942
0.000941
0.000941
0.000941
0.000941
0.000940
0.000940
0.000940
0.000939
0.000939
0.000939
0.000939
0.000938
0.000938
0.000938
0.000938
0.000937
0.000937
0.000937
0.000936
0.000936
0.000936
0.000935
0.000935
0.000935
0.000935
0.000934
0.000934
0.000934
0.000933
0.000933
0.000933
0.000933
0.000932
0.000932
0.000932
0.000931
0.000931
0.000931
0.000931
0.000930
0.000930
0.000930
0.000930
0.000930
0.000929
0.000929
0.000929
0.000929
0.000929
0.000928
0.000928
0.000928
0.000928
0.000927
0.000927
0.000927
0.000926
0.000926
0.000926
0.000926
0.000926
0.000925
0.000925
0.000925
0.000925
0.000924
0.000924
0.000912
0.000905
0.000901
0.000902
0.000902
0.000902
0.000902
0.000902
0.000901
0.000901
0.000901
0.000901
0.000901
0.000901
0.000901
0.000901
0.000900
0.000900
0.000900
0.000900
0.000900
0.000900
0.000900
0.000900
0.000899
0.000899
0.000899
0.000899
0.000899
0.000899
0.000899
0.000899
0.000899
0.000899
0.000898
0.000898
0.000898
0.000898
0.000898
0.000898
0.000898
0.000898
0.000898
0.000898
0.000897
0.000897
0.000897
0.000897
0.000897
0.000897
0.000897
0.000897
0.000897
0.000897
0.000896
0.000896
0.000896
0.000896
0.000896
0.000896
0.000896
0.000896
0.000896
0.000896
0.000896
0.000896
0.000896
0.000895
0.000895
0.000895
0.000895
0.000895
0.000895
0.000895
0.000895
0.000895
0.000895
0.000895
0.000895
0.000895
0.000895
0.000894
0.000894
0.000894
0.000894
0.000894
0.000894
0.000894
0.000894
0.000894
0.000894
0.000894
0.000894
0.000894
0.000894
0.000893
0.000893
0.000893
0.000893
0.000893
