0.359583
0.153292
0.082103
0.037823
0.013558
0.008875
0.006824
0.005730
0.004926
0.004315
0.003738
0.003292
0.002932
0.002675
0.002493
0.002331
0.002209
0.002100
0.002004
0.001916
0.001826
0.001751
0.001681
0.001614
0.001553
0.001497
0.001444
0.001397
0.001357
0.001322
0.001292
0.001269
0.001245
0.001220
0.001198
0.001180
0.001166
0.001153
0.001137
0.001121
0.001107
0.001092
0.001080
0.001066
0.001053
0.001040
0.001026
0.001015
0.001004
0.000996
0.000986
0.000975
0.000968
0.000960
0.000954
0.000947
0.000936
0.000927
0.000920
0.000914
0.000909
0.000905
0.000901
0.000896
0.000892
0.000887
0.000882
0.000876
0.000869
0.000860
0.000855
0.000851
0.000848
0.000841
0.000837
0.000831
0.000825
0.000818
0.000809
0.000801
0.000793
0.000784
0.000778
0.000772
0.000768
0.000762
0.000757
0.000751
0.000747
0.000743
0.000740
0.000737
0.000734
0.000731
0.000727
0.000722
0.000718
0.000713
0.000707
0.000704
0.000656
0.000662
0.000670
0.000669
0.000667
0.000664
0.000663
0.000661
0.000660
0.000659
0.000657
0.000656
0.000655
0.000653
0.000651
0.000650
0.000648
0.000646
0.000645
0.000643
0.000641
0.000640
0.000639
0.000637
0.000636
0.000635
0.000633
0.000632
0.000630
0.000629
0.000628
0.000626
0.000626
0.000624
0.000624
0.000623
0.000622
0.000621
0.000620
0.000620
0.000619
0.000619
0.000618
0.000617
0.000617
0.000617
0.000616
0.000616
0.000615
0.000615
0.000615
0.000615
0.000615
0.000615
0.000615
0.000615
0.000615
0.000615
0.000615
0.000616
0.000616
0.000617
0.000618
0.000618
0.000620
0.000620
0.000621
0.000623
0.000623
0.000623
0.000624
0.000625
0.000626
0.000626
0.000627
0.000627
0.000627
0.000627
0.000626
0.000626
0.000626
0.000625
0.000625
0.000625
0.000625
0.000625
0.000625
0.000624
0.000623
0.000622
0.000621
0.000621
0.000620
0.000620
0.000620
0.000620
0.000619
0.000618
0.000618
0.000618
0.000580
0.000579
0.000582
0.000582
0.000582
0.000582
0.000581
0.000581
0.000580
0.000580
0.000580
0.000579
0.000579
0.000579
0.000578
0.000578
0.000578
0.000577
0.000577
0.000577
0.000576
0.000576
0.000576
0.000575
0.000575
0.000575
0.000574
0.000574
0.000574
0.000574
0.000573
0.000573
0.000573
0.000572
0.000572
0.000572
0.000571
0.000571
0.000570
0.000570
0.000569
0.000569
0.000568
0.000568
0.000567
0.000566
0.000566
0.000565
0.000564
0.000564
0.000563
0.000562
0.000562
0.000561
0.000560
0.000560
0.000559
0.000559
0.000559
0.000558
0.000558
0.000557
0.000557
0.000556
0.000556
0.000556
0.000555
0.000555
0.000555
0.000554
0.000554
0.000554
0.000554
0.000553
0.000553
0.000553
0.000553
0.000552
0.000552
0.000552
0.000552
0.000552
0.000551
0.000551
0.000551
0.000550
0.000550
0.000550
0.000550
0.000550
0.000549
0.000549
0.000549
0.000549
0.000548
0.000548
0.000548
0.000548
0.000548
0.000548
0.000541
0.000547
0.000549
0.000550
0.000549
0.000549
0.000549
0.000548
0.000548
0.000548
0.000548
0.000548
0.000548
0.000548
0.000548
0.000548
0.000548
0.000548
0.000548
0.000547
0.000547
0.000547
0.000547
0.000547
0.000547
0.000547
0.000547
0.000547
0.000547
0.000547
0.000547
0.000547
0.000546
0.000546
0.000546
0.000546
0.000546
0.000546
0.000546
0.000546
0.000546
0.000546
0.000546
0.000546
0.000546
0.000546
0.000545
0.000545
0.000545
0.000545
0.000545
0.000545
0.000545
0.000545
0.000545
0.000545
0.000544
0.000544
0.000544
0.000544
0.000544
0.000544
0.000544
0.000544
0.000544
0.000543
0.000543
0.000543
0.000543
0.000543
0.000543
0.000543
0.000543
0.000543
0.000543
0.000543
0.000542
0.000542
0.000542
0.000542
0.000542
0.000542
0.000542
0.000542
0.000542
0.000541
0.000541
0.000541
0.000541
0.000541
0.000541
0.000541
0.000541
0.000541
0.000540
0.000540
0.000540
0.000540
0.000540
0.000540
0.000538
0.000535
0.000537
0.000538
0.000537
0.000537
0.000537
0.000537
0.000537
0.000536
0.000536
0.000536
0.000536
0.000535
0.000535
0.000534
0.000534
0.000534
0.000533
0.000533
0.000533
0.000533
0.000532
0.000532
0.000532
0.000532
0.000531
0.000531
0.000531
0.000531
0.000531
0.000531
0.000531
0.000531
0.000530
0.000530
0.000530
0.000530
0.000530
0.000530
0.000530
0.000530
0.000530
0.000529
0.000529
0.000529
0.000529
0.000529
0.000529
0.000529
0.000529
0.000529
0.000529
0.000529
0.000529
0.000529
0.000529
0.000528
0.000528
0.000528
0.000528
0.000528
0.000528
0.000528
0.000528
0.000528
0.000528
0.000528
0.000528
0.000528
0.000528
0.000528
0.000528
0.000528
0.000527
0.000527
0.000527
0.000527
0.000527
0.000527
0.000527
0.000527
0.000527
0.000527
0.000527
0.000527
0.000527
0.000527
0.000527
0.000527
0.000527
0.000527
0.000527
0.000526
0.000526
0.000526
0.000526
0.000526
0.000526
0.000526
