0.420153
0.277222
0.202240
0.076428
0.023313
0.011226
0.007630
0.006854
0.006322
0.005897
0.005535
0.005198
0.004893
0.004619
0.004371
0.004142
0.003927
0.003722
0.003529
0.003349
0.003182
0.003028
0.002886
0.002758
0.002642
0.002534
0.002438
0.002352
0.002274
0.002196
0.002110
0.002013
0.001912
0.001824
0.001754
0.001698
0.001656
0.001621
0.001590
0.001562
0.001537
0.001514
0.001493
0.001473
0.001455
0.001438
0.001420
0.001404
0.001387
0.001372
0.001358
0.001344
0.001331
0.001318
0.001305
0.001293
0.001281
0.001268
0.001254
0.001241
0.001226
0.001211
0.001198
0.001185
0.001172
0.001160
0.001148
0.001138
0.001127
0.001118
0.001109
0.001101
0.001093
0.001085
0.001077
0.001070
0.001063
0.001057
0.001050
0.001044
0.001037
0.001031
0.001025
0.001019
0.001013
0.001008
0.001002
0.000997
0.000992
0.000987
0.000984
0.000980
0.000976
0.000973
0.000970
0.000968
0.000965
0.000961
0.000958
0.000955
0.000935
0.000927
0.000921
0.000919
0.000917
0.000915
0.000913
0.000910
0.000908
0.000906
0.000904
0.000902
0.000900
0.000897
0.000895
0.000892
0.000890
0.000888
0.000885
0.000883
0.000881
0.000878
0.000876
0.000874
0.000872
0.000870
0.000868
0.000865
0.000863
0.000861
0.000859
0.000857
0.000855
0.000853
0.000850
0.000848
0.000847
0.000845
0.000844
0.000841
0.000839
0.000837
0.000834
0.000832
0.000830
0.000828
0.000826
0.000823
0.000821
0.000818
0.000816
0.000814
0.000812
0.000810
0.000808
0.000805
0.000803
0.000801
0.000799
0.000797
0.000795
0.000793
0.000791
0.000789
0.000787
0.000786
0.000784
0.000783
0.000781
0.000780
0.000779
0.000778
0.000777
0.000775
0.000774
0.000773
0.000772
0.000771
0.000770
0.000769
0.000768
0.000767
0.000766
0.000765
0.000764
0.000763
0.000762
0.000761
0.000760
0.000759
0.000759
0.000758
0.000757
0.000756
0.000756
0.000755
0.000754
0.000754
0.000753
0.000751
0.000733
0.000734
0.000741
0.000744
0.000746
0.000747
0.000747
0.000747
0.000746
0.000746
0.000745
0.000744
0.000743
0.000743
0.000742
0.000742
0.000741
0.000741
0.000740
0.000739
0.000739
0.000738
0.000737
0.000737
0.000736
0.000736
0.000735
0.000734
0.000734
0.000733
0.000733
0.000732
0.000731
0.000731
0.000730
0.000730
0.000729
0.000729
0.000728
0.000727
0.000727
0.000726
0.000726
0.000725
0.000725
0.000724
0.000724
0.000723
0.000723
0.000722
0.000722
0.000721
0.000721
0.000720
0.000720
0.000719
0.000719
0.000718
0.000718
0.000717
0.000717
0.000717
0.000716
0.000716
0.000715
0.000715
0.000714
0.000714
0.000714
0.000713
0.000713
0.000713
0.000712
0.000712
0.000711
0.000711
0.000711
0.000710
0.000710
0.000710
0.000709
0.000709
0.000709
0.000708
0.000708
0.000708
0.000707
0.000707
0.000707
0.000706
0.000706
0.000706
0.000705
0.000705
0.000705
0.000704
0.000704
0.000704
0.000703
0.000703
0.000696
0.000700
0.000701
0.000702
0.000702
0.000702
0.000702
0.000701
0.000701
0.000700
0.000700
0.000699
0.000699
0.000698
0.000698
0.000698
0.000698
0.000698
0.000697
0.000697
0.000697
0.000697
0.000697
0.000696
0.000696
0.000696
0.000696
0.000696
0.000695
0.000695
0.000695
0.000695
0.000695
0.000695
0.000695
0.000695
0.000694
0.000694
0.000694
0.000694
0.000694
0.000694
0.000694
0.000694
0.000694
0.000693
0.000693
0.000693
0.000693
0.000693
0.000693
0.000693
0.000693
0.000693
0.000693
0.000692
0.000692
0.000692
0.000692
0.000692
0.000692
0.000692
0.000692
0.000692
0.000691
0.000691
0.000691
0.000691
0.000691
0.000691
0.000691
0.000691
0.000691
0.000691
0.000690
0.000690
0.000690
0.000690
0.000690
0.000690
0.000690
0.000690
0.000690
0.000690
0.000690
0.000689
0.000689
0.000689
0.000689
0.000689
0.000689
0.000689
0.000689
0.000689
0.000689
0.000688
0.000688
0.000688
0.000688
0.000688
0.000680
0.000674
0.000673
0.000674
0.000674
0.000674
0.000673
0.000673
0.000673
0.000673
0.000673
0.000673
0.000673
0.000673
0.000673
0.000673
0.000673
0.000673
0.000673
0.000673
0.000673
0.000673
0.000673
0.000672
0.000672
0.000672
0.000672
0.000672
0.000672
0.000672
0.000672
0.000672
0.000672
0.000672
0.000672
0.000672
0.000672
0.000672
0.000672
0.000672
0.000672
0.000672
0.000672
0.000671
0.000671
0.000671
0.000671
0.000671
0.000671
0.000671
0.000671
0.000671
0.000671
0.000671
0.000671
0.000671
0.000671
0.000671
0.000671
0.000671
0.000671
0.000671
0.000671
0.000670
0.000670
0.000670
0.000670
0.000670
0.000670
0.000670
0.000670
0.000670
0.000670
0.000670
0.000670
0.000670
0.000670
0.000670
0.000670
0.000670
0.000670
0.000670
0.000670
0.000670
0.000669
0.000669
0.000669
0.000669
0.000669
0.000669
0.000669
0.000669
0.000669
0.000669
0.000669
0.000669
0.000669
0.000669
0.000669
0.000669
