0.366562
0.096728
0.039265
0.016398
0.006474
0.004295
0.003540
0.003142
0.002837
0.002588
0.002403
0.002260
0.002160
0.002096
0.002054
0.002018
0.001981
0.001944
0.001909
0.001872
0.001839
0.001805
0.001774
0.001744
0.001716
0.001687
0.001658
0.001630
0.001600
0.001569
0.001538
0.001510
0.001483
0.001458
0.001436
0.001417
0.001401
0.001384
0.001367
0.001351
0.001335
0.001320
0.001307
0.001295
0.001283
0.001273
0.001264
0.001256
0.001247
0.001240
0.001234
0.001228
0.001221
0.001217
0.001212
0.001207
0.001203
0.001198
0.001189
0.001182
0.001177
0.001169
0.001161
0.001157
0.001153
0.001147
0.001142
0.001140
0.001135
0.001132
0.001128
0.001125
0.001122
0.001119
0.001117
0.001115
0.001112
0.001108
0.001103
0.001104
0.001100
0.001096
0.001093
0.001096
0.001094
0.001092
0.001091
0.001089
0.001090
0.001085
0.001085
0.001084
0.001087
0.001087
0.001081
0.001080
0.001079
0.001076
0.001071
0.001069
0.001047
0.001081
0.001114
0.001120
0.001111
0.001093
0.001073
0.001056
0.001044
0.001037
0.001033
0.001029
0.001027
0.001025
0.001024
0.001022
0.001020
0.001018
0.001016
0.001015
0.001013
0.001012
0.001010
0.001008
0.001007
0.001006
0.001005
0.001004
0.001003
0.001002
0.001000
0.000999
0.000998
0.000996
0.000996
0.000994
0.000994
0.000993
0.000992
0.000991
0.000990
0.000989
0.000989
0.000988
0.000987
0.000986
0.000985
0.000984
0.000984
0.000983
0.000982
0.000982
0.000981
0.000981
0.000980
0.000979
0.000978
0.000977
0.000976
0.000976
0.000975
0.000975
0.000975
0.000975
0.000974
0.000973
0.000972
0.000971
0.000971
0.000970
0.000970
0.000970
0.000969
0.000969
0.000969
0.000968
0.000968
0.000967
0.000966
0.000965
0.000964
0.000965
0.000964
0.000963
0.000962
0.000961
0.000961
0.000960
0.000960
0.000959
0.000959
0.000959
0.000959
0.000958
0.000958
0.000957
0.000957
0.000956
0.000956
0.000955
0.000911
0.000915
0.000921
0.000924
0.000926
0.000927
0.000927
0.000927
0.000927
0.000927
0.000927
0.000926
0.000926
0.000925
0.000924
0.000924
0.000923
0.000922
0.000921
0.000920
0.000919
0.000918
0.000917
0.000917
0.000916
0.000915
0.000914
0.000913
0.000912
0.000911
0.000910
0.000909
0.000908
0.000907
0.000906
0.000905
0.000904
0.000903
0.000902
0.000901
0.000901
0.000900
0.000899
0.000899
0.000898
0.000897
0.000897
0.000896
0.000896
0.000895
0.000895
0.000894
0.000894
0.000893
0.000893
0.000893
0.000892
0.000892
0.000891
0.000891
0.000890
0.000890
0.000890
0.000889
0.000889
0.000889
0.000888
0.000888
0.000888
0.000887
0.000887
0.000887
0.000887
0.000886
0.000886
0.000886
0.000886
0.000886
0.000885
0.000885
0.000885
0.000885
0.000884
0.000884
0.000884
0.000884
0.000884
0.000883
0.000883
0.000883
0.000883
0.000883
0.000883
0.000883
0.000882
0.000882
0.000882
0.000882
0.000882
0.000882
0.000876
0.000891
0.000895
0.000895
0.000896
0.000897
0.000898
0.000900
0.000901
0.000902
0.000904
0.000906
0.000907
0.000908
0.000909
0.000910
0.000910
0.000909
0.000909
0.000908
0.000906
0.000905
0.000903
0.000902
0.000901
0.000900
0.000899
0.000898
0.000898
0.000897
0.000896
0.000896
0.000896
0.000895
0.000895
0.000895
0.000894
0.000894
0.000894
0.000894
0.000894
0.000894
0.000894
0.000893
0.000893
0.000893
0.000893
0.000893
0.000893
0.000893
0.000893
0.000893
0.000893
0.000893
0.000892
0.000893
0.000892
0.000892
0.000892
0.000892
0.000892
0.000892
0.000892
0.000892
0.000892
0.000892
0.000892
0.000892
0.000892
0.000892
0.000892
0.000892
0.000892
0.000892
0.000891
0.000891
0.000891
0.000891
0.000891
0.000891
0.000891
0.000891
0.000891
0.000891
0.000891
0.000891
0.000891
0.000891
0.000891
0.000891
0.000891
0.000891
0.000891
0.000891
0.000891
0.000891
0.000891
0.000890
0.000890
0.000890
0.000872
0.000859
0.000857
0.000858
0.000858
0.000858
0.000858
0.000858
0.000858
0.000858
0.000858
0.000858
0.000858
0.000858
0.000858
0.000858
0.000858
0.000858
0.000858
0.000858
0.000858
0.000858
0.000858
0.000858
0.000858
0.000858
0.000858
0.000858
0.000858
0.000858
0.000858
0.000858
0.000858
0.000858
0.000858
0.000858
0.000858
0.000858
0.000858
0.000858
0.000858
0.000858
0.000858
0.000858
0.000858
0.000858
0.000858
0.000858
0.000858
0.000858
0.000858
0.000858
0.000858
0.000858
0.000858
0.000858
0.000858
0.000858
0.000858
0.000858
0.000858
0.000858
0.000858
0.000858
0.000858
0.000858
0.000859
0.000859
0.000859
0.000859
0.000859
0.000859
0.000859
0.000859
0.000859
0.000859
0.000859
0.000859
0.000859
0.000859
0.000859
0.000859
0.000859
0.000859
0.000859
0.000859
0.000859
0.000859
0.000859
0.000859
0.000859
0.000859
0.000859
0.000859
0.000859
0.000859
0.000859
0.000859
0.000859
0.000859
