0.408611
0.184763
0.050257
0.023597
0.009619
0.004874
0.003675
0.003093
0.002797
0.002556
0.002387
0.002264
0.002174
0.002095
0.002027
0.001966
0.001908
0.001853
0.001804
0.001755
0.001709
0.001667
0.001631
0.001599
0.001570
0.001539
0.001510
0.001483
0.001456
0.001431
0.001405
0.001381
0.001360
0.001342
0.001326
0.001312
0.001300
0.001291
0.001280
0.001271
0.001264
0.001256
0.001248
0.001240
0.001233
0.001227
0.001221
0.001214
0.001205
0.001196
0.001188
0.001181
0.001175
0.001169
0.001163
0.001158
0.001153
0.001148
0.001145
0.001139
0.001134
0.001128
0.001123
0.001120
0.001116
0.001111
0.001107
0.001101
0.001098
0.001091
0.001086
0.001082
0.001078
0.001074
0.001069
0.001065
0.001059
0.001057
0.001054
0.001050
0.001040
0.001030
0.001024
0.001022
0.001020
0.001017
0.001015
0.001012
0.001010
0.001006
0.001001
0.000996
0.000993
0.000989
0.000987
0.000983
0.000980
0.000978
0.000976
0.000973
0.000932
0.000957
0.000941
0.000942
0.000937
0.000934
0.000934
0.000933
0.000933
0.000933
0.000933
0.000932
0.000932
0.000931
0.000931
0.000930
0.000930
0.000929
0.000929
0.000928
0.000928
0.000927
0.000927
0.000926
0.000926
0.000925
0.000924
0.000924
0.000923
0.000923
0.000922
0.000922
0.000922
0.000921
0.000921
0.000921
0.000920
0.000920
0.000920
0.000920
0.000919
0.000919
0.000918
0.000918
0.000918
0.000918
0.000917
0.000916
0.000916
0.000916
0.000915
0.000915
0.000914
0.000914
0.000914
0.000913
0.000913
0.000912
0.000912
0.000911
0.000911
0.000910
0.000910
0.000909
0.000908
0.000908
0.000908
0.000907
0.000907
0.000906
0.000906
0.000906
0.000905
0.000905
0.000904
0.000904
0.000903
0.000903
0.000902
0.000902
0.000901
0.000901
0.000901
0.000900
0.000900
0.000899
0.000899
0.000898
0.000898
0.000897
0.000897
0.000897
0.000896
0.000896
0.000895
0.000895
0.000895
0.000894
0.000894
0.000893
0.000867
0.000881
0.000885
0.000886
0.000887
0.000887
0.000886
0.000886
0.000886
0.000885
0.000885
0.000885
0.000885
0.000885
0.000885
0.000885
0.000885
0.000884
0.000884
0.000884
0.000884
0.000884
0.000883
0.000883
0.000883
0.000883
0.000883
0.000882
0.000882
0.000882
0.000882
0.000881
0.000881
0.000881
0.000881
0.000880
0.000880
0.000880
0.000879
0.000879
0.000879
0.000878
0.000878
0.000877
0.000877
0.000877
0.000876
0.000876
0.000876
0.000876
0.000875
0.000875
0.000874
0.000874
0.000874
0.000873
0.000873
0.000872
0.000872
0.000871
0.000871
0.000870
0.000870
0.000869
0.000869
0.000868
0.000868
0.000867
0.000867
0.000866
0.000866
0.000865
0.000865
0.000864
0.000863
0.000863
0.000862
0.000862
0.000861
0.000860
0.000860
0.000859
0.000858
0.000858
0.000857
0.000857
0.000856
0.000855
0.000855
0.000854
0.000853
0.000852
0.000851
0.000851
0.000850
0.000849
0.000849
0.000848
0.000848
0.000847
0.000848
0.000854
0.000854
0.000848
0.000846
0.000845
0.000846
0.000845
0.000845
0.000845
0.000845
0.000845
0.000845
0.000844
0.000844
0.000844
0.000844
0.000844
0.000844
0.000844
0.000844
0.000844
0.000844
0.000844
0.000844
0.000844
0.000844
0.000844
0.000844
0.000844
0.000844
0.000844
0.000844
0.000843
0.000843
0.000843
0.000843
0.000843
0.000843
0.000843
0.000843
0.000843
0.000843
0.000843
0.000843
0.000843
0.000843
0.000843
0.000843
0.000843
0.000843
0.000843
0.000843
0.000843
0.000843
0.000843
0.000843
0.000843
0.000843
0.000843
0.000843
0.000843
0.000843
0.000843
0.000843
0.000843
0.000843
0.000843
0.000843
0.000843
0.000843
0.000843
0.000843
0.000843
0.000843
0.000843
0.000843
0.000843
0.000843
0.000843
0.000843
0.000843
0.000843
0.000843
0.000843
0.000843
0.000843
0.000843
0.000843
0.000843
0.000843
0.000843
0.000843
0.000843
0.000843
0.000842
0.000842
0.000842
0.000842
0.000842
0.000832
0.000826
0.000823
0.000823
0.000823
0.000823
0.000823
0.000823
0.000823
0.000823
0.000823
0.000823
0.000823
0.000823
0.000823
0.000823
0.000823
0.000823
0.000823
0.000823
0.000823
0.000823
0.000823
0.000823
0.000823
0.000823
0.000823
0.000823
0.000823
0.000823
0.000823
0.000823
0.000823
0.000823
0.000823
0.000823
0.000823
0.000823
0.000823
0.000823
0.000823
0.000823
0.000823
0.000823
0.000823
0.000823
0.000823
0.000823
0.000823
0.000823
0.000823
0.000823
0.000823
0.000823
0.000823
0.000823
0.000823
0.000823
0.000823
0.000823
0.000823
0.000823
0.000823
0.000823
0.000823
0.000823
0.000823
0.000823
0.000823
0.000823
0.000823
0.000823
0.000823
0.000823
0.000823
0.000823
0.000823
0.000823
0.000823
0.000823
0.000823
0.000823
0.000823
0.000823
0.000823
0.000823
0.000823
0.000823
0.000823
0.000823
0.000823
0.000823
0.000823
0.000823
0.000823
0.000823
0.000823
0.000823
0.000823
0.000823
