0.345563
0.080444
0.029132
0.012669
0.005756
0.003967
0.003100
0.002735
0.002524
0.002349
0.002231
0.002135
0.002043
0.001965
0.001899
0.001844
0.001800
0.001758
0.001716
0.001675
0.001637
0.001600
0.001563
0.001532
0.001508
0.001486
0.001466
0.001452
0.001444
0.001438
0.001432
0.001429
0.001426
0.001422
0.001412
0.001399
0.001387
0.001377
0.001368
0.001359
0.001349
0.001340
0.001334
0.001325
0.001313
0.001298
0.001285
0.001274
0.001267
0.001257
0.001247
0.001232
0.001218
0.001211
0.001209
0.001207
0.001200
0.001188
0.001178
0.001173
0.001171
0.001168
0.001167
0.001162
0.001156
0.001148
0.001139
0.001132
0.001127
0.001123
0.001119
0.001117
0.001114
0.001110
0.001105
0.001101
0.001097
0.001093
0.001089
0.001087
0.001084
0.001081
0.001078
0.001074
0.001072
0.001071
0.001070
0.001068
0.001066
0.001064
0.001062
0.001059
0.001055
0.001053
0.001049
0.001046
0.001045
0.001044
0.001043
0.001043
0.000953
0.000956
0.000939
0.000934
0.000937
0.000935
0.000934
0.000934
0.000934
0.000934
0.000934
0.000934
0.000935
0.000935
0.000936
0.000937
0.000938
0.000939
0.000940
0.000942
0.000943
0.000944
0.000945
0.000947
0.000948
0.000949
0.000950
0.000952
0.000953
0.000955
0.000956
0.000957
0.000958
0.000958
0.000958
0.000959
0.000959
0.000959
0.000959
0.000959
0.000959
0.000960
0.000960
0.000960
0.000960
0.000960
0.000959
0.000959
0.000959
0.000959
0.000959
0.000958
0.000959
0.000958
0.000958
0.000958
0.000957
0.000957
0.000956
0.000956
0.000956
0.000956
0.000955
0.000956
0.000956
0.000957
0.000956
0.000956
0.000955
0.000955
0.000955
0.000954
0.000954
0.000954
0.000954
0.000954
0.000953
0.000952
0.000951
0.000951
0.000950
0.000949
0.000947
0.000946
0.000946
0.000945
0.000944
0.000944
0.000943
0.000943
0.000942
0.000941
0.000940
0.000940
0.000939
0.000939
0.000938
0.000937
0.000937
0.000937
0.000878
0.000879
0.000879
0.000881
0.000882
0.000882
0.000882
0.000882
0.000882
0.000882
0.000882
0.000881
0.000881
0.000880
0.000880
0.000879
0.000879
0.000878
0.000877
0.000876
0.000876
0.000875
0.000874
0.000873
0.000872
0.000872
0.000871
0.000870
0.000870
0.000869
0.000869
0.000869
0.000868
0.000868
0.000867
0.000867
0.000867
0.000866
0.000866
0.000866
0.000866
0.000865
0.000865
0.000865
0.000865
0.000865
0.000864
0.000864
0.000864
0.000864
0.000863
0.000863
0.000863
0.000863
0.000862
0.000862
0.000862
0.000862
0.000861
0.000861
0.000861
0.000860
0.000860
0.000860
0.000860
0.000859
0.000859
0.000859
0.000859
0.000858
0.000858
0.000858
0.000858
0.000857
0.000857
0.000857
0.000857
0.000856
0.000856
0.000856
0.000855
0.000855
0.000855
0.000854
0.000854
0.000854
0.000853
0.000853
0.000853
0.000852
0.000852
0.000852
0.000851
0.000851
0.000851
0.000850
0.000850
0.000850
0.000849
0.000849
0.000841
0.000848
0.000851
0.000850
0.000850
0.000850
0.000849
0.000849
0.000849
0.000850
0.000850
0.000850
0.000850
0.000850
0.000850
0.000851
0.000851
0.000851
0.000851
0.000852
0.000852
0.000852
0.000852
0.000853
0.000853
0.000853
0.000854
0.000854
0.000854
0.000855
0.000855
0.000856
0.000856
0.000857
0.000857
0.000857
0.000858
0.000858
0.000859
0.000859
0.000860
0.000860
0.000861
0.000861
0.000862
0.000862
0.000862
0.000863
0.000863
0.000863
0.000863
0.000863
0.000863
0.000863
0.000863
0.000862
0.000862
0.000861
0.000861
0.000860
0.000860
0.000859
0.000858
0.000858
0.000857
0.000857
0.000856
0.000856
0.000855
0.000855
0.000855
0.000854
0.000854
0.000854
0.000853
0.000853
0.000853
0.000853
0.000853
0.000852
0.000852
0.000852
0.000852
0.000852
0.000852
0.000852
0.000852
0.000851
0.000851
0.000851
0.000851
0.000851
0.000851
0.000851
0.000851
0.000851
0.000850
0.000850
0.000850
0.000850
0.000835
0.000819
0.000816
0.000818
0.000817
0.000817
0.000817
0.000817
0.000817
0.000817
0.000817
0.000817
0.000817
0.000817
0.000817
0.000817
0.000817
0.000817
0.000817
0.000817
0.000817
0.000817
0.000817
0.000817
0.000816
0.000816
0.000816
0.000816
0.000816
0.000816
0.000816
0.000816
0.000816
0.000816
0.000816
0.000816
0.000816
0.000816
0.000816
0.000816
0.000816
0.000816
0.000816
0.000816
0.000816
0.000816
0.000816
0.000816
0.000817
0.000817
0.000817
0.000817
0.000817
0.000817
0.000817
0.000817
0.000817
0.000817
0.000817
0.000817
0.000817
0.000817
0.000817
0.000817
0.000817
0.000817
0.000817
0.000817
0.000817
0.000817
0.000817
0.000817
0.000817
0.000817
0.000817
0.000817
0.000817
0.000817
0.000817
0.000817
0.000817
0.000817
0.000817
0.000817
0.000817
0.000817
0.000817
0.000818
0.000818
0.000818
0.000818
0.000818
0.000818
0.000818
0.000818
0.000818
0.000818
0.000818
0.000818
0.000818
