0.457404
0.232209
0.095386
0.035667
0.020557
0.013036
0.007739
0.004525
0.003450
0.003115
0.002935
0.002818
0.002713
0.002618
0.002523
0.002428
0.002335
0.002239
0.002147
0.002068
0.002004
0.001949
0.001902
0.001856
0.001814
0.001773
0.001732
0.001696
0.001665
0.001635
0.001609
0.001584
0.001561
0.001540
0.001522
0.001504
0.001488
0.001473
0.001460
0.001448
0.001438
0.001428
0.001418
0.001409
0.001401
0.001394
0.001387
0.001381
0.001375
0.001368
0.001363
0.001358
0.001352
0.001345
0.001336
0.001327
0.001319
0.001310
0.001303
0.001296
0.001290
0.001286
0.001282
0.001279
0.001276
0.001272
0.001268
0.001264
0.001261
0.001260
0.001258
0.001256
0.001253
0.001250
0.001249
0.001248
0.001245
0.001243
0.001240
0.001237
0.001235
0.001232
0.001230
0.001230
0.001227
0.001224
0.001221
0.001219
0.001216
0.001214
0.001213
0.001212
0.001210
0.001209
0.001207
0.001205
0.001203
0.001202
0.001200
0.001197
0.001113
0.001140
0.001148
0.001155
0.001158
0.001158
0.001157
0.001156
0.001155
0.001154
0.001152
0.001151
0.001149
0.001148
0.001147
0.001145
0.001144
0.001143
0.001142
0.001141
0.001140
0.001139
0.001138
0.001137
0.001135
0.001134
0.001133
0.001132
0.001131
0.001130
0.001128
0.001127
0.001127
0.001126
0.001124
0.001123
0.001122
0.001121
0.001120
0.001120
0.001119
0.001118
0.001117
0.001116
0.001115
0.001114
0.001113
0.001112
0.001111
0.001110
0.001108
0.001107
0.001106
0.001105
0.001104
0.001103
0.001102
0.001101
0.001100
0.001099
0.001098
0.001097
0.001096
0.001094
0.001093
0.001092
0.001091
0.001089
0.001087
0.001085
0.001084
0.001083
0.001081
0.001080
0.001078
0.001077
0.001075
0.001074
0.001072
0.001070
0.001069
0.001068
0.001066
0.001065
0.001064
0.001062
0.001061
0.001060
0.001059
0.001058
0.001057
0.001056
0.001055
0.001054
0.001053
0.001052
0.001051
0.001050
0.001050
0.001049
0.001031
0.001034
0.001039
0.001037
0.001036
0.001037
0.001037
0.001036
0.001035
0.001034
0.001032
0.001032
0.001030
0.001030
0.001028
0.001028
0.001027
0.001026
0.001024
0.001023
0.001023
0.001022
0.001021
0.001020
0.001019
0.001018
0.001017
0.001016
0.001015
0.001014
0.001014
0.001013
0.001012
0.001011
0.001011
0.001010
0.001009
0.001009
0.001008
0.001008
0.001007
0.001006
0.001006
0.001005
0.001005
0.001004
0.001004
0.001003
0.001003
0.001002
0.001002
0.001002
0.001001
0.001001
0.001000
0.001000
0.001000
0.000999
0.000999
0.000999
0.000999
0.000998
0.000998
0.000998
0.000998
0.000997
0.000997
0.000997
0.000997
0.000997
0.000997
0.000996
0.000996
0.000996
0.000996
0.000996
0.000996
0.000996
0.000996
0.000996
0.000995
0.000995
0.000995
0.000996
0.000995
0.000995
0.000995
0.000995
0.000995
0.000995
0.000995
0.000995
0.000995
0.000994
0.000994
0.000994
0.000994
0.000994
0.000994
0.000994
0.000991
0.001011
0.001019
0.001021
0.001021
0.001019
0.001015
0.001011
0.001008
0.001006
0.001004
0.001003
0.001001
0.001001
0.001000
0.000999
0.000999
0.000998
0.000998
0.000997
0.000997
0.000997
0.000997
0.000996
0.000996
0.000996
0.000996
0.000995
0.000995
0.000995
0.000995
0.000995
0.000994
0.000994
0.000994
0.000994
0.000994
0.000994
0.000994
0.000993
0.000993
0.000993
0.000993
0.000993
0.000993
0.000993
0.000992
0.000992
0.000992
0.000992
0.000992
0.000992
0.000992
0.000992
0.000992
0.000991
0.000991
0.000991
0.000991
0.000991
0.000991
0.000990
0.000990
0.000990
0.000990
0.000990
0.000990
0.000990
0.000990
0.000990
0.000990
0.000989
0.000989
0.000989
0.000989
0.000989
0.000989
0.000989
0.000988
0.000988
0.000988
0.000988
0.000988
0.000988
0.000987
0.000987
0.000987
0.000987
0.000987
0.000987
0.000987
0.000986
0.000986
0.000986
0.000986
0.000986
0.000986
0.000986
0.000986
0.000985
0.000973
0.000962
0.000958
0.000958
0.000958
0.000958
0.000958
0.000958
0.000958
0.000958
0.000958
0.000958
0.000958
0.000958
0.000957
0.000957
0.000957
0.000957
0.000957
0.000957
0.000957
0.000957
0.000957
0.000957
0.000957
0.000957
0.000957
0.000957
0.000957
0.000956
0.000956
0.000956
0.000956
0.000956
0.000956
0.000956
0.000956
0.000956
0.000956
0.000956
0.000956
0.000956
0.000956
0.000956
0.000956
0.000956
0.000956
0.000956
0.000955
0.000955
0.000955
0.000955
0.000955
0.000955
0.000955
0.000955
0.000955
0.000955
0.000955
0.000955
0.000955
0.000955
0.000955
0.000955
0.000955
0.000955
0.000955
0.000955
0.000955
0.000955
0.000955
0.000955
0.000955
0.000954
0.000954
0.000954
0.000954
0.000954
0.000954
0.000954
0.000954
0.000954
0.000954
0.000954
0.000954
0.000954
0.000954
0.000954
0.000954
0.000954
0.000954
0.000954
0.000954
0.000954
0.000954
0.000954
0.000954
0.000954
0.000954
0.000954
