0.427398
0.217791
0.088148
0.038204
0.021185
0.013297
0.009203
0.007169
0.006292
0.005533
0.005041
0.004682
0.004388
0.004126
0.003873
0.003655
0.003478
0.003336
0.003209
0.003103
0.003009
0.002928
0.002864
0.002809
0.002759
0.002713
0.002669
0.002630
0.002596
0.002564
0.002535
0.002506
0.002477
0.002449
0.002421
0.002392
0.002365
0.002337
0.002309
0.002280
0.002249
0.002215
0.002181
0.002144
0.002103
0.002061
0.002022
0.001986
0.001953
0.001922
0.001894
0.001870
0.001847
0.001826
0.001806
0.001786
0.001766
0.001747
0.001727
0.001707
0.001689
0.001674
0.001660
0.001648
0.001635
0.001622
0.001609
0.001596
0.001583
0.001570
0.001558
0.001547
0.001536
0.001526
0.001517
0.001508
0.001500
0.001493
0.001486
0.001481
0.001475
0.001469
0.001463
0.001458
0.001454
0.001449
0.001444
0.001440
0.001436
0.001432
0.001428
0.001425
0.001421
0.001418
0.001416
0.001414
0.001411
0.001408
0.001406
0.001404
0.001291
0.001276
0.001277
0.001276
0.001275
0.001274
0.001272
0.001270
0.001269
0.001267
0.001265
0.001263
0.001261
0.001259
0.001258
0.001256
0.001254
0.001253
0.001251
0.001250
0.001248
0.001247
0.001246
0.001245
0.001244
0.001242
0.001241
0.001240
0.001239
0.001238
0.001238
0.001237
0.001236
0.001235
0.001234
0.001233
0.001232
0.001232
0.001231
0.001230
0.001229
0.001228
0.001228
0.001227
0.001226
0.001226
0.001225
0.001224
0.001224
0.001223
0.001223
0.001222
0.001222
0.001222
0.001221
0.001221
0.001221
0.001220
0.001220
0.001220
0.001220
0.001220
0.001220
0.001219
0.001219
0.001219
0.001219
0.001219
0.001219
0.001220
0.001220
0.001220
0.001220
0.001220
0.001221
0.001221
0.001221
0.001222
0.001222
0.001222
0.001223
0.001224
0.001224
0.001225
0.001225
0.001226
0.001226
0.001226
0.001227
0.001227
0.001228
0.001228
0.001229
0.001228
0.001229
0.001229
0.001229
0.001229
0.001229
0.001229
0.001200
0.001207
0.001205
0.001203
0.001201
0.001200
0.001200
0.001201
0.001201
0.001201
0.001202
0.001202
0.001202
0.001202
0.001203
0.001203
0.001203
0.001203
0.001203
0.001204
0.001204
0.001204
0.001204
0.001204
0.001205
0.001205
0.001205
0.001205
0.001205
0.001205
0.001205
0.001206
0.001206
0.001206
0.001206
0.001206
0.001206
0.001206
0.001206
0.001206
0.001206
0.001206
0.001206
0.001206
0.001206
0.001206
0.001206
0.001206
0.001206
0.001207
0.001206
0.001207
0.001207
0.001207
0.001207
0.001207
0.001207
0.001207
0.001207
0.001207
0.001207
0.001206
0.001206
0.001207
0.001206
0.001206
0.001206
0.001206
0.001206
0.001206
0.001206
0.001206
0.001206
0.001206
0.001206
0.001206
0.001206
0.001206
0.001206
0.001206
0.001206
0.001206
0.001205
0.001205
0.001205
0.001205
0.001205
0.001205
0.001205
0.001205
0.001205
0.001205
0.001205
0.001205
0.001204
0.001204
0.001204
0.001204
0.001204
0.001204
0.001197
0.001189
0.001199
0.001203
0.001206
0.001207
0.001208
0.001209
0.001210
0.001210
0.001209
0.001209
0.001207
0.001206
0.001204
0.001203
0.001201
0.001200
0.001199
0.001198
0.001198
0.001197
0.001196
0.001196
0.001196
0.001195
0.001195
0.001195
0.001194
0.001194
0.001194
0.001194
0.001194
0.001194
0.001193
0.001193
0.001193
0.001193
0.001193
0.001193
0.001193
0.001193
0.001193
0.001193
0.001193
0.001193
0.001193
0.001193
0.001193
0.001193
0.001193
0.001192
0.001193
0.001193
0.001193
0.001192
0.001192
0.001192
0.001192
0.001192
0.001192
0.001192
0.001192
0.001192
0.001192
0.001192
0.001192
0.001192
0.001192
0.001192
0.001192
0.001192
0.001192
0.001192
0.001192
0.001192
0.001192
0.001192
0.001192
0.001192
0.001193
0.001192
0.001192
0.001193
0.001193
0.001192
0.001192
0.001193
0.001193
0.001193
0.001192
0.001193
0.001193
0.001193
0.001193
0.001193
0.001193
0.001193
0.001193
0.001193
0.001180
0.001176
0.001172
0.001172
0.001172
0.001172
0.001172
0.001172
0.001172
0.001172
0.001172
0.001172
0.001172
0.001172
0.001172
0.001172
0.001172
0.001172
0.001172
0.001172
0.001172
0.001172
0.001172
0.001172
0.001172
0.001172
0.001172
0.001172
0.001172
0.001172
0.001172
0.001172
0.001172
0.001172
0.001172
0.001172
0.001172
0.001172
0.001172
0.001172
0.001172
0.001172
0.001172
0.001172
0.001172
0.001172
0.001172
0.001172
0.001172
0.001172
0.001172
0.001172
0.001172
0.001172
0.001172
0.001172
0.001172
0.001172
0.001172
0.001172
0.001172
0.001172
0.001172
0.001172
0.001172
0.001172
0.001172
0.001172
0.001172
0.001172
0.001172
0.001172
0.001172
0.001172
0.001172
0.001173
0.001173
0.001173
0.001173
0.001173
0.001173
0.001173
0.001173
0.001173
0.001173
0.001173
0.001173
0.001173
0.001173
0.001173
0.001173
0.001173
0.001173
0.001173
0.001173
0.001173
0.001173
0.001173
0.001173
0.001173
