0.503523
0.435113
0.369318
0.315329
0.229352
0.121187
0.069042
0.033800
0.014980
0.009499
0.008041
0.007188
0.007034
0.006834
0.006753
0.006673
0.006622
0.006569
0.006527
0.006491
0.006459
0.006427
0.006399
0.006373
0.006349
0.006325
0.006305
0.006286
0.006269
0.006254
0.006236
0.006220
0.006204
0.006188
0.006170
0.006155
0.006140
0.006124
0.006108
0.006093
0.006076
0.006059
0.006045
0.006030
0.006017
0.006003
0.005989
0.005975
0.005961
0.005947
0.005933
0.005919
0.005906
0.005893
0.005878
0.005863
0.005847
0.005833
0.005818
0.005803
0.005789
0.005774
0.005756
0.005741
0.005724
0.005705
0.005686
0.005669
0.005649
0.005631
0.005610
0.005588
0.005564
0.005541
0.005513
0.005486
0.005457
0.005427
0.005397
0.005365
0.005332
0.005297
0.005260
0.005219
0.005177
0.005136
0.005091
0.005046
0.005004
0.004958
0.004906
0.004853
0.004797
0.004737
0.004678
0.004619
0.004559
0.004499
0.004440
0.004381
0.004242
0.004230
0.004233
0.004219
0.004198
0.004170
0.004142
0.004112
0.004083
0.004053
0.004023
0.003994
0.003966
0.003936
0.003907
0.003878
0.003849
0.003820
0.003792
0.003764
0.003735
0.003705
0.003676
0.003648
0.003618
0.003589
0.003560
0.003532
0.003505
0.003480
0.003457
0.003433
0.003410
0.003389
0.003367
0.003347
0.003327
0.003308
0.003290
0.003273
0.003257
0.003241
0.003226
0.003211
0.003197
0.003185
0.003173
0.003161
0.003150
0.003140
0.003129
0.003120
0.003110
0.003101
0.003092
0.003084
0.003077
0.003069
0.003063
0.003056
0.003049
0.003043
0.003037
0.003031
0.003025
0.003020
0.003015
0.003010
0.003005
0.003000
0.002995
0.002990
0.002985
0.002980
0.002976
0.002971
0.002966
0.002963
0.002958
0.002953
0.002949
0.002945
0.002941
0.002936
0.002932
0.002929
0.002925
0.002921
0.002917
0.002914
0.002910
0.002905
0.002901
0.002898
0.002893
0.002889
0.002885
0.002881
0.002877
0.002873
0.002848
0.002772
0.002767
0.002764
0.002760
0.002760
0.002758
0.002756
0.002754
0.002753
0.002751
0.002750
0.002748
0.002747
0.002745
0.002743
0.002742
0.002740
0.002739
0.002737
0.002736
0.002734
0.002732
0.002731
0.002729
0.002728
0.002726
0.002725
0.002724
0.002722
0.002721
0.002719
0.002717
0.002716
0.002715
0.002713
0.002712
0.002710
0.002709
0.002707
0.002706
0.002704
0.002703
0.002701
0.002700
0.002698
0.002697
0.002695
0.002694
0.002693
0.002691
0.002690
0.002688
0.002687
0.002685
0.002684
0.002682
0.002681
0.002680
0.002677
0.002676
0.002675
0.002673
0.002672
0.002670
0.002669
0.002667
0.002666
0.002665
0.002663
0.002662
0.002660
0.002659
0.002658
0.002656
0.002655
0.002653
0.002652
0.002650
0.002648
0.002647
0.002646
0.002644
0.002643
0.002641
0.002640
0.002638
0.002637
0.002635
0.002634
0.002633
0.002631
0.002630
0.002628
0.002627
0.002625
0.002623
0.002622
0.002620
0.002619
0.002597
0.002598
0.002593
0.002591
0.002591
0.002590
0.002589
0.002588
0.002587
0.002586
0.002585
0.002584
0.002583
0.002582
0.002581
0.002580
0.002579
0.002578
0.002577
0.002577
0.002575
0.002574
0.002574
0.002572
0.002571
0.002570
0.002569
0.002569
0.002568
0.002567
0.002566
0.002565
0.002564
0.002563
0.002562
0.002561
0.002560
0.002559
0.002558
0.002557
0.002556
0.002555
0.002554
0.002553
0.002552
0.002551
0.002550
0.002549
0.002548
0.002547
0.002546
0.002545
0.002544
0.002543
0.002542
0.002541
0.002540
0.002539
0.002538
0.002537
0.002536
0.002535
0.002534
0.002533
0.002532
0.002531
0.002530
0.002529
0.002528
0.002527
0.002526
0.002525
0.002524
0.002522
0.002521
0.002520
0.002519
0.002518
0.002517
0.002516
0.002515
0.002514
0.002513
0.002512
0.002511
0.002510
0.002508
0.002507
0.002506
0.002505
0.002504
0.002503
0.002502
0.002501
0.002500
0.002499
0.002498
0.002497
0.002496
0.002495
0.002489
0.002497
0.002502
0.002503
0.002503
0.002502
0.002502
0.002501
0.002501
0.002500
0.002500
0.002500
0.002499
0.002499
0.002498
0.002498
0.002498
0.002497
0.002497
0.002496
0.002496
0.002496
0.002495
0.002495
0.002494
0.002494
0.002494
0.002493
0.002493
0.002492
0.002492
0.002492
0.002491
0.002491
0.002490
0.002490
0.002490
0.002489
0.002489
0.002488
0.002488
0.002487
0.002487
0.002486
0.002486
0.002485
0.002485
0.002485
0.002484
0.002484
0.002483
0.002483
0.002482
0.002482
0.002481
0.002481
0.002480
0.002480
0.002479
0.002479
0.002478
0.002478
0.002477
0.002477
0.002476
0.002476
0.002475
0.002475
0.002474
0.002474
0.002474
0.002473
0.002473
0.002472
0.002472
0.002471
0.002471
0.002470
0.002470
0.002469
0.002469
0.002468
0.002468
0.002467
0.002467
0.002466
0.002466
0.002465
0.002465
0.002464
0.002464
0.002464
0.002463
0.002463
0.002462
0.002462
0.002461
0.002461
0.002460
0.002460
