0.408640
0.248539
0.150180
0.080435
0.051572
0.031003
0.018946
0.012852
0.009775
0.008235
0.007516
0.007179
0.007004
0.006897
0.006815
0.006742
0.006672
0.006605
0.006541
0.006478
0.006420
0.006366
0.006317
0.006275
0.006237
0.006203
0.006169
0.006138
0.006109
0.006081
0.006054
0.006029
0.006004
0.005980
0.005956
0.005933
0.005909
0.005887
0.005865
0.005844
0.005823
0.005802
0.005781
0.005760
0.005740
0.005720
0.005700
0.005680
0.005662
0.005642
0.005623
0.005604
0.005584
0.005565
0.005546
0.005529
0.005511
0.005495
0.005479
0.005463
0.005448
0.005434
0.005420
0.005407
0.005394
0.005382
0.005370
0.005359
0.005347
0.005336
0.005326
0.005316
0.005306
0.005296
0.005288
0.005279
0.005270
0.005262
0.005254
0.005245
0.005237
0.005230
0.005222
0.005215
0.005207
0.005200
0.005193
0.005186
0.005179
0.005172
0.005165
0.005158
0.005152
0.005145
0.005137
0.005130
0.005122
0.005114
0.005106
0.005098
0.005035
0.005056
0.005055
0.005049
0.005046
0.005042
0.005037
0.005032
0.005027
0.005022
0.005017
0.005011
0.005005
0.004999
0.004992
0.004984
0.004976
0.004967
0.004957
0.004947
0.004935
0.004922
0.004906
0.004888
0.004868
0.004846
0.004820
0.004793
0.004763
0.004731
0.004696
0.004659
0.004621
0.004579
0.004537
0.004493
0.004449
0.004406
0.004363
0.004322
0.004281
0.004241
0.004203
0.004166
0.004132
0.004099
0.004069
0.004038
0.004009
0.003983
0.003958
0.003936
0.003914
0.003893
0.003873
0.003854
0.003835
0.003817
0.003800
0.003783
0.003767
0.003751
0.003735
0.003721
0.003706
0.003692
0.003679
0.003665
0.003652
0.003639
0.003626
0.003614
0.003602
0.003590
0.003579
0.003568
0.003556
0.003545
0.003534
0.003523
0.003512
0.003501
0.003491
0.003480
0.003470
0.003459
0.003448
0.003437
0.003427
0.003416
0.003406
0.003396
0.003386
0.003376
0.003367
0.003357
0.003346
0.003337
0.003327
0.003317
0.003298
0.003288
0.003282
0.003277
0.003272
0.003267
0.003262
0.003257
0.003252
0.003247
0.003242
0.003237
0.003232
0.003226
0.003221
0.003215
0.003209
0.003204
0.003198
0.003192
0.003186
0.003179
0.003173
0.003166
0.003159
0.003151
0.003141
0.003132
0.003121
0.003109
0.003094
0.003076
0.003054
0.003025
0.002990
0.002947
0.002889
0.002817
0.002736
0.002656
0.002583
0.002524
0.002483
0.002451
0.002424
0.002399
0.002378
0.002360
0.002343
0.002327
0.002315
0.002303
0.002293
0.002282
0.002273
0.002265
0.002256
0.002249
0.002242
0.002235
0.002229
0.002224
0.002218
0.002214
0.002208
0.002204
0.002199
0.002196
0.002191
0.002189
0.002185
0.002181
0.002178
0.002175
0.002172
0.002169
0.002166
0.002163
0.002160
0.002158
0.002155
0.002153
0.002151
0.002147
0.002146
0.002143
0.002141
0.002140
0.002138
0.002136
0.002135
0.002133
0.002131
0.002130
0.002129
0.002126
0.002125
0.002124
0.002122
0.002121
0.002093
0.002090
0.002087
0.002084
0.002082
0.002082
0.002082
0.002081
0.002080
0.002080
0.002079
0.002079
0.002078
0.002077
0.002077
0.002076
0.002076
0.002075
0.002075
0.002074
0.002074
0.002073
0.002073
0.002072
0.002072
0.002071
0.002071
0.002071
0.002070
0.002070
0.002069
0.002069
0.002068
0.002068
0.002068
0.002067
0.002067
0.002066
0.002066
0.002066
0.002065
0.002065
0.002065
0.002064
0.002064
0.002064
0.002064
0.002063
0.002063
0.002063
0.002062
0.002062
0.002062
0.002061
0.002061
0.002061
0.002061
0.002061
0.002060
0.002060
0.002060
0.002060
0.002059
0.002059
0.002059
0.002059
0.002058
0.002058
0.002058
0.002058
0.002058
0.002058
0.002057
0.002057
0.002057
0.002057
0.002056
0.002057
0.002056
0.002056
0.002057
0.002056
0.002056
0.002055
0.002056
0.002055
0.002055
0.002055
0.002055
0.002055
0.002055
0.002054
0.002055
0.002054
0.002054
0.002054
0.002054
0.002054
0.002054
0.002054
0.002045
0.002051
0.002055
0.002057
0.002058
0.002058
0.002058
0.002058
0.002058
0.002058
0.002058
0.002057
0.002057
0.002057
0.002057
0.002057
0.002057
0.002057
0.002057
0.002057
0.002057
0.002057
0.002056
0.002056
0.002056
0.002056
0.002056
0.002056
0.002056
0.002056
0.002056
0.002056
0.002055
0.002055
0.002055
0.002055
0.002055
0.002055
0.002055
0.002055
0.002055
0.002055
0.002055
0.002054
0.002055
0.002054
0.002054
0.002054
0.002054
0.002054
0.002054
0.002054
0.002054
0.002054
0.002054
0.002054
0.002053
0.002054
0.002053
0.002053
0.002053
0.002053
0.002053
0.002053
0.002053
0.002053
0.002053
0.002053
0.002053
0.002052
0.002053
0.002052
0.002052
0.002052
0.002052
0.002052
0.002052
0.002052
0.002052
0.002052
0.002052
0.002052
0.002052
0.002052
0.002052
0.002052
0.002052
0.002052
0.002051
0.002051
0.002051
0.002051
0.002051
0.002051
0.002051
0.002051
0.002051
0.002051
0.002051
0.002051
