0.473097
0.324884
0.138288
0.051601
0.029994
0.018741
0.013124
0.009975
0.008031
0.006870
0.006189
0.005738
0.005418
0.005194
0.005015
0.004848
0.004698
0.004562
0.004434
0.004316
0.004201
0.004091
0.003982
0.003875
0.003767
0.003662
0.003563
0.003465
0.003371
0.003273
0.003173
0.003066
0.002950
0.002842
0.002737
0.002639
0.002545
0.002463
0.002386
0.002314
0.002250
0.002196
0.002150
0.002109
0.002076
0.002047
0.002021
0.001998
0.001977
0.001960
0.001945
0.001931
0.001919
0.001907
0.001898
0.001890
0.001883
0.001876
0.001868
0.001858
0.001847
0.001835
0.001824
0.001811
0.001798
0.001788
0.001776
0.001764
0.001755
0.001747
0.001740
0.001732
0.001726
0.001719
0.001711
0.001704
0.001697
0.001689
0.001683
0.001676
0.001668
0.001662
0.001657
0.001652
0.001647
0.001641
0.001635
0.001631
0.001625
0.001620
0.001614
0.001607
0.001601
0.001596
0.001591
0.001587
0.001582
0.001577
0.001572
0.001568
0.001510
0.001527
0.001540
0.001542
0.001541
0.001538
0.001535
0.001531
0.001528
0.001524
0.001522
0.001517
0.001514
0.001510
0.001506
0.001503
0.001500
0.001497
0.001493
0.001489
0.001486
0.001482
0.001479
0.001476
0.001472
0.001468
0.001465
0.001462
0.001459
0.001456
0.001453
0.001450
0.001447
0.001444
0.001441
0.001438
0.001435
0.001432
0.001430
0.001427
0.001424
0.001421
0.001418
0.001415
0.001413
0.001411
0.001408
0.001405
0.001402
0.001399
0.001396
0.001394
0.001391
0.001389
0.001386
0.001384
0.001381
0.001379
0.001377
0.001374
0.001373
0.001371
0.001368
0.001366
0.001364
0.001361
0.001359
0.001357
0.001355
0.001353
0.001351
0.001348
0.001347
0.001345
0.001343
0.001341
0.001340
0.001338
0.001337
0.001335
0.001333
0.001330
0.001328
0.001326
0.001324
0.001322
0.001320
0.001317
0.001315
0.001312
0.001311
0.001308
0.001306
0.001304
0.001302
0.001299
0.001297
0.001293
0.001291
0.001288
0.001296
0.001252
0.001259
0.001247
0.001249
0.001245
0.001246
0.001245
0.001244
0.001243
0.001243
0.001243
0.001242
0.001241
0.001240
0.001240
0.001239
0.001238
0.001238
0.001237
0.001236
0.001235
0.001234
0.001233
0.001232
0.001231
0.001230
0.001229
0.001228
0.001228
0.001227
0.001226
0.001225
0.001224
0.001223
0.001223
0.001222
0.001221
0.001220
0.001219
0.001219
0.001218
0.001217
0.001217
0.001216
0.001215
0.001215
0.001214
0.001213
0.001213
0.001212
0.001211
0.001211
0.001210
0.001210
0.001209
0.001208
0.001207
0.001207
0.001206
0.001206
0.001206
0.001205
0.001204
0.001204
0.001203
0.001203
0.001202
0.001202
0.001201
0.001201
0.001200
0.001199
0.001199
0.001199
0.001198
0.001197
0.001197
0.001197
0.001196
0.001196
0.001196
0.001195
0.001195
0.001194
0.001193
0.001193
0.001193
0.001193
0.001192
0.001192
0.001192
0.001191
0.001191
0.001190
0.001190
0.001190
0.001189
0.001189
0.001189
0.001167
0.001157
0.001150
0.001150
0.001150
0.001150
0.001149
0.001149
0.001149
0.001149
0.001148
0.001148
0.001148
0.001148
0.001147
0.001147
0.001147
0.001147
0.001146
0.001146
0.001146
0.001146
0.001145
0.001145
0.001145
0.001145
0.001144
0.001144
0.001144
0.001144
0.001144
0.001143
0.001143
0.001143
0.001143
0.001142
0.001142
0.001142
0.001142
0.001141
0.001141
0.001141
0.001141
0.001141
0.001140
0.001140
0.001140
0.001140
0.001139
0.001139
0.001139
0.001139
0.001138
0.001138
0.001138
0.001138
0.001138
0.001137
0.001137
0.001137
0.001137
0.001137
0.001136
0.001136
0.001136
0.001136
0.001135
0.001135
0.001135
0.001135
0.001135
0.001134
0.001134
0.001134
0.001134
0.001134
0.001133
0.001133
0.001133
0.001133
0.001132
0.001132
0.001132
0.001132
0.001132
0.001131
0.001131
0.001131
0.001131
0.001130
0.001130
0.001130
0.001130
0.001130
0.001129
0.001129
0.001129
0.001129
0.001129
0.001128
0.001121
0.001124
0.001127
0.001127
0.001127
0.001126
0.001126
0.001126
0.001126
0.001126
0.001125
0.001125
0.001125
0.001125
0.001125
0.001125
0.001125
0.001124
0.001124
0.001124
0.001124
0.001124
0.001124
0.001124
0.001124
0.001123
0.001123
0.001123
0.001123
0.001123
0.001123
0.001122
0.001122
0.001122
0.001122
0.001122
0.001121
0.001121
0.001121
0.001121
0.001121
0.001121
0.001121
0.001120
0.001120
0.001120
0.001120
0.001120
0.001120
0.001119
0.001119
0.001119
0.001119
0.001119
0.001119
0.001118
0.001118
0.001118
0.001118
0.001118
0.001118
0.001117
0.001117
0.001117
0.001117
0.001117
0.001117
0.001116
0.001116
0.001116
0.001116
0.001116
0.001116
0.001115
0.001115
0.001115
0.001115
0.001115
0.001114
0.001114
0.001114
0.001114
0.001114
0.001113
0.001113
0.001113
0.001113
0.001113
0.001113
0.001113
0.001112
0.001112
0.001112
0.001112
0.001112
0.001112
0.001111
0.001111
0.001111
0.001111
