0.531300
0.468608
0.402201
0.325424
0.281618
0.263950
0.228666
0.155999
0.091134
0.058278
0.039056
0.024423
0.016609
0.013449
0.011596
0.010273
0.009395
0.008822
0.008449
0.008220
0.008083
0.008004
0.007960
0.007934
0.007917
0.007906
0.007897
0.007890
0.007884
0.007880
0.007876
0.007872
0.007868
0.007866
0.007864
0.007862
0.007861
0.007860
0.007858
0.007857
0.007856
0.007855
0.007854
0.007853
0.007853
0.007852
0.007851
0.007851
0.007850
0.007849
0.007849
0.007848
0.007848
0.007846
0.007847
0.007846
0.007845
0.007845
0.007845
0.007844
0.007844
0.007844
0.007843
0.007843
0.007842
0.007842
0.007842
0.007842
0.007841
0.007841
0.007840
0.007840
0.007840
0.007839
0.007839
0.007839
0.007838
0.007838
0.007838
0.007837
0.007837
0.007836
0.007836
0.007835
0.007835
0.007835
0.007834
0.007834
0.007834
0.007833
0.007833
0.007832
0.007832
0.007831
0.007831
0.007830
0.007830
0.007829
0.007829
0.007828
0.007716
0.007716
0.007701
0.007703
0.007705
0.007704
0.007705
0.007705
0.007705
0.007705
0.007706
0.007706
0.007706
0.007707
0.007707
0.007707
0.007708
0.007708
0.007708
0.007709
0.007709
0.007709
0.007709
0.007710
0.007710
0.007710
0.007710
0.007711
0.007711
0.007711
0.007711
0.007711
0.007711
0.007711
0.007711
0.007712
0.007712
0.007712
0.007712
0.007712
0.007712
0.007711
0.007711
0.007711
0.007711
0.007711
0.007711
0.007711
0.007711
0.007711
0.007711
0.007710
0.007710
0.007710
0.007710
0.007710
0.007710
0.007709
0.007709
0.007709
0.007708
0.007708
0.007708
0.007707
0.007707
0.007707
0.007706
0.007706
0.007705
0.007705
0.007705
0.007704
0.007704
0.007703
0.007702
0.007702
0.007701
0.007700
0.007700
0.007699
0.007698
0.007698
0.007697
0.007696
0.007695
0.007695
0.007694
0.007693
0.007692
0.007692
0.007691
0.007690
0.007689
0.007688
0.007687
0.007686
0.007685
0.007683
0.007681
0.007680
0.007637
0.007630
0.007617
0.007618
0.007619
0.007617
0.007617
0.007616
0.007616
0.007615
0.007615
0.007614
0.007614
0.007613
0.007612
0.007612
0.007611
0.007611
0.007610
0.007610
0.007609
0.007609
0.007608
0.007608
0.007607
0.007607
0.007606
0.007605
0.007605
0.007604
0.007604
0.007603
0.007603
0.007602
0.007601
0.007601
0.007600
0.007599
0.007599
0.007598
0.007597
0.007597
0.007596
0.007595
0.007595
0.007594
0.007593
0.007593
0.007592
0.007592
0.007591
0.007591
0.007590
0.007589
0.007589
0.007588
0.007588
0.007587
0.007586
0.007586
0.007585
0.007585
0.007584
0.007584
0.007583
0.007582
0.007582
0.007581
0.007581
0.007580
0.007580
0.007579
0.007579
0.007578
0.007578
0.007577
0.007577
0.007576
0.007575
0.007575
0.007574
0.007574
0.007573
0.007573
0.007572
0.007572
0.007571
0.007570
0.007570
0.007569
0.007569
0.007568
0.007568
0.007567
0.007567
0.007566
0.007566
0.007565
0.007564
0.007564
0.007554
0.007582
0.007601
0.007612
0.007617
0.007620
0.007621
0.007622
0.007622
0.007622
0.007622
0.007621
0.007620
0.007620
0.007618
0.007617
0.007616
0.007615
0.007614
0.007612
0.007611
0.007610
0.007608
0.007607
0.007606
0.007605
0.007604
0.007603
0.007602
0.007601
0.007600
0.007599
0.007598
0.007597
0.007597
0.007596
0.007595
0.007594
0.007594
0.007593
0.007592
0.007592
0.007591
0.007591
0.007590
0.007589
0.007589
0.007588
0.007588
0.007587
0.007587
0.007586
0.007586
0.007585
0.007585
0.007584
0.007584
0.007584
0.007583
0.007583
0.007582
0.007582
0.007582
0.007581
0.007581
0.007581
0.007580
0.007580
0.007579
0.007579
0.007579
0.007578
0.007578
0.007578
0.007577
0.007577
0.007577
0.007577
0.007576
0.007576
0.007576
0.007575
0.007575
0.007575
0.007574
0.007574
0.007574
0.007574
0.007573
0.007573
0.007573
0.007573
0.007572
0.007572
0.007572
0.007571
0.007571
0.007571
0.007571
0.007570
0.007552
0.007518
0.007522
0.007523
0.007521
0.007522
0.007522
0.007522
0.007522
0.007522
0.007521
0.007521
0.007521
0.007521
0.007521
0.007521
0.007521
0.007521
0.007521
0.007521
0.007521
0.007521
0.007521
0.007521
0.007521
0.007521
0.007521
0.007521
0.007521
0.007521
0.007520
0.007520
0.007520
0.007520
0.007520
0.007520
0.007520
0.007520
0.007520
0.007520
0.007520
0.007520
0.007520
0.007520
0.007520
0.007519
0.007519
0.007519
0.007519
0.007519
0.007519
0.007519
0.007519
0.007519
0.007519
0.007518
0.007518
0.007518
0.007518
0.007518
0.007518
0.007518
0.007518
0.007518
0.007518
0.007517
0.007517
0.007517
0.007517
0.007517
0.007517
0.007517
0.007517
0.007517
0.007517
0.007516
0.007516
0.007516
0.007516
0.007516
0.007516
0.007516
0.007516
0.007516
0.007515
0.007515
0.007515
0.007515
0.007515
0.007515
0.007515
0.007515
0.007514
0.007514
0.007514
0.007514
0.007514
0.007514
0.007514
0.007514
