0.495263
0.457718
0.370608
0.225119
0.134919
0.103879
0.083991
0.061377
0.042398
0.028197
0.018671
0.013556
0.010832
0.009170
0.008182
0.007571
0.007176
0.006879
0.006658
0.006489
0.006329
0.006185
0.006060
0.005939
0.005828
0.005722
0.005617
0.005512
0.005401
0.005298
0.005212
0.005121
0.005034
0.004960
0.004874
0.004808
0.004747
0.004655
0.004607
0.004540
0.004471
0.004420
0.004367
0.004309
0.004266
0.004228
0.004178
0.004133
0.004082
0.004045
0.004009
0.003968
0.003935
0.003894
0.003860
0.003831
0.003806
0.003770
0.003740
0.003710
0.003676
0.003653
0.003627
0.003605
0.003581
0.003560
0.003536
0.003506
0.003485
0.003460
0.003435
0.003413
0.003398
0.003369
0.003356
0.003342
0.003307
0.003300
0.003276
0.003260
0.003239
0.003222
0.003204
0.003188
0.003173
0.003158
0.003138
0.003126
0.003105
0.003088
0.003070
0.003052
0.003034
0.003021
0.003005
0.002988
0.002975
0.002965
0.002953
0.002945
0.002869
0.002847
0.002829
0.002822
0.002813
0.002807
0.002799
0.002793
0.002785
0.002778
0.002771
0.002764
0.002756
0.002750
0.002743
0.002736
0.002730
0.002723
0.002717
0.002712
0.002707
0.002700
0.002696
0.002691
0.002685
0.002680
0.002676
0.002673
0.002666
0.002660
0.002655
0.002649
0.002643
0.002637
0.002631
0.002628
0.002623
0.002618
0.002616
0.002611
0.002608
0.002602
0.002599
0.002594
0.002590
0.002586
0.002585
0.002582
0.002579
0.002575
0.002572
0.002568
0.002565
0.002563
0.002562
0.002559
0.002555
0.002554
0.002553
0.002551
0.002549
0.002543
0.002536
0.002532
0.002527
0.002524
0.002522
0.002520
0.002517
0.002514
0.002512
0.002510
0.002506
0.002503
0.002500
0.002498
0.002495
0.002493
0.002490
0.002488
0.002485
0.002479
0.002478
0.002473
0.002473
0.002467
0.002463
0.002460
0.002458
0.002456
0.002455
0.002453
0.002451
0.002449
0.002447
0.002444
0.002444
0.002442
0.002442
0.002441
0.002395
0.002404
0.002411
0.002419
0.002420
0.002418
0.002416
0.002414
0.002413
0.002412
0.002411
0.002409
0.002407
0.002406
0.002405
0.002404
0.002402
0.002401
0.002401
0.002400
0.002399
0.002398
0.002396
0.002396
0.002395
0.002394
0.002393
0.002393
0.002392
0.002389
0.002388
0.002388
0.002387
0.002387
0.002386
0.002385
0.002384
0.002385
0.002384
0.002383
0.002382
0.002381
0.002381
0.002382
0.002378
0.002378
0.002378
0.002377
0.002378
0.002375
0.002376
0.002377
0.002375
0.002376
0.002373
0.002375
0.002373
0.002375
0.002372
0.002374
0.002372
0.002376
0.002370
0.002375
0.002369
0.002375
0.002369
0.002374
0.002368
0.002374
0.002368
0.002374
0.002367
0.002373
0.002366
0.002372
0.002366
0.002371
0.002366
0.002371
0.002365
0.002370
0.002365
0.002369
0.002365
0.002368
0.002364
0.002367
0.002363
0.002366
0.002363
0.002365
0.002362
0.002364
0.002362
0.002364
0.002363
0.002361
0.002362
0.002361
0.002350
0.002350
0.002336
0.002332
0.002334
0.002335
0.002335
0.002334
0.002334
0.002334
0.002334
0.002334
0.002334
0.002334
0.002334
0.002334
0.002334
0.002334
0.002333
0.002333
0.002333
0.002333
0.002333
0.002333
0.002333
0.002333
0.002332
0.002333
0.002332
0.002332
0.002332
0.002332
0.002332
0.002332
0.002332
0.002332
0.002332
0.002331
0.002331
0.002331
0.002331
0.002331
0.002331
0.002331
0.002331
0.002331
0.002331
0.002331
0.002330
0.002331
0.002330
0.002330
0.002330
0.002330
0.002329
0.002330
0.002329
0.002329
0.002329
0.002329
0.002329
0.002329
0.002329
0.002328
0.002329
0.002328
0.002328
0.002328
0.002328
0.002328
0.002327
0.002327
0.002327
0.002327
0.002327
0.002327
0.002327
0.002326
0.002326
0.002326
0.002326
0.002326
0.002326
0.002326
0.002325
0.002325
0.002325
0.002325
0.002325
0.002325
0.002325
0.002325
0.002324
0.002324
0.002324
0.002324
0.002324
0.002324
0.002324
0.002323
0.002311
0.002311
0.002311
0.002314
0.002315
0.002315
0.002315
0.002315
0.002314
0.002315
0.002315
0.002314
0.002314
0.002313
0.002315
0.002314
0.002314
0.002314
0.002314
0.002314
0.002314
0.002313
0.002313
0.002313
0.002313
0.002313
0.002313
0.002313
0.002311
0.002313
0.002312
0.002312
0.002312
0.002312
0.002312
0.002312
0.002312
0.002311
0.002312
0.002310
0.002311
0.002311
0.002311
0.002311
0.002311
0.002311
0.002310
0.002310
0.002310
0.002310
0.002309
0.002310
0.002310
0.002310
0.002310
0.002309
0.002309
0.002309
0.002309
0.002309
0.002309
0.002309
0.002309
0.002309
0.002308
0.002308
0.002308
0.002308
0.002308
0.002308
0.002308
0.002306
0.002308
0.002307
0.002308
0.002307
0.002307
0.002307
0.002307
0.002307
0.002307
0.002307
0.002307
0.002307
0.002307
0.002306
0.002306
0.002306
0.002306
0.002306
0.002306
0.002306
0.002306
0.002306
0.002306
0.002305
0.002305
0.002305
0.002305
0.002305
