0.410014
0.190886
0.043758
0.023726
0.014069
0.009675
0.007178
0.005759
0.004904
0.004384
0.004043
0.003799
0.003609
0.003446
0.003309
0.003197
0.003107
0.003034
0.002968
0.002906
0.002854
0.002807
0.002760
0.002720
0.002684
0.002652
0.002620
0.002589
0.002558
0.002527
0.002497
0.002472
0.002449
0.002424
0.002405
0.002388
0.002369
0.002350
0.002330
0.002307
0.002286
0.002262
0.002242
0.002220
0.002200
0.002179
0.002160
0.002142
0.002121
0.002102
0.002083
0.002063
0.002041
0.002022
0.002004
0.001984
0.001969
0.001950
0.001933
0.001916
0.001898
0.001881
0.001864
0.001847
0.001830
0.001816
0.001801
0.001787
0.001773
0.001761
0.001748
0.001735
0.001722
0.001710
0.001699
0.001687
0.001677
0.001666
0.001657
0.001649
0.001641
0.001633
0.001627
0.001620
0.001614
0.001607
0.001602
0.001597
0.001593
0.001588
0.001584
0.001580
0.001576
0.001571
0.001567
0.001563
0.001560
0.001557
0.001553
0.001550
0.001513
0.001513
0.001513
0.001513
0.001510
0.001508
0.001505
0.001503
0.001501
0.001499
0.001497
0.001496
0.001494
0.001492
0.001491
0.001489
0.001488
0.001486
0.001485
0.001484
0.001482
0.001481
0.001479
0.001479
0.001477
0.001476
0.001475
0.001474
0.001473
0.001472
0.001471
0.001470
0.001469
0.001469
0.001467
0.001467
0.001466
0.001465
0.001465
0.001464
0.001463
0.001463
0.001462
0.001462
0.001461
0.001460
0.001460
0.001459
0.001458
0.001457
0.001456
0.001456
0.001455
0.001454
0.001454
0.001453
0.001453
0.001453
0.001452
0.001451
0.001450
0.001449
0.001448
0.001447
0.001446
0.001445
0.001444
0.001443
0.001443
0.001441
0.001440
0.001439
0.001437
0.001437
0.001436
0.001435
0.001434
0.001433
0.001432
0.001430
0.001429
0.001429
0.001428
0.001427
0.001426
0.001425
0.001424
0.001423
0.001422
0.001421
0.001420
0.001419
0.001417
0.001416
0.001415
0.001414
0.001412
0.001411
0.001410
0.001409
0.001388
0.001409
0.001431
0.001442
0.001444
0.001444
0.001444
0.001444
0.001443
0.001442
0.001441
0.001440
0.001439
0.001438
0.001437
0.001435
0.001434
0.001432
0.001431
0.001430
0.001429
0.001428
0.001427
0.001425
0.001425
0.001423
0.001422
0.001422
0.001421
0.001420
0.001419
0.001418
0.001418
0.001417
0.001416
0.001416
0.001415
0.001414
0.001413
0.001413
0.001412
0.001411
0.001411
0.001410
0.001409
0.001409
0.001408
0.001407
0.001407
0.001406
0.001406
0.001405
0.001405
0.001404
0.001404
0.001403
0.001402
0.001402
0.001401
0.001401
0.001400
0.001400
0.001399
0.001399
0.001398
0.001398
0.001397
0.001397
0.001396
0.001396
0.001396
0.001395
0.001395
0.001394
0.001394
0.001393
0.001393
0.001393
0.001392
0.001391
0.001391
0.001390
0.001390
0.001389
0.001389
0.001388
0.001388
0.001387
0.001387
0.001386
0.001386
0.001385
0.001385
0.001384
0.001384
0.001383
0.001383
0.001382
0.001382
0.001381
0.001353
0.001331
0.001327
0.001328
0.001327
0.001327
0.001327
0.001327
0.001326
0.001326
0.001326
0.001326
0.001326
0.001326
0.001326
0.001326
0.001325
0.001325
0.001325
0.001325
0.001325
0.001325
0.001325
0.001325
0.001324
0.001324
0.001324
0.001324
0.001324
0.001324
0.001324
0.001324
0.001323
0.001323
0.001323
0.001323
0.001323
0.001323
0.001323
0.001323
0.001323
0.001322
0.001322
0.001322
0.001322
0.001322
0.001322
0.001322
0.001322
0.001321
0.001321
0.001321
0.001321
0.001321
0.001321
0.001321
0.001320
0.001320
0.001320
0.001320
0.001320
0.001320
0.001320
0.001320
0.001320
0.001319
0.001319
0.001319
0.001319
0.001319
0.001319
0.001319
0.001318
0.001318
0.001318
0.001318
0.001318
0.001318
0.001317
0.001317
0.001317
0.001317
0.001317
0.001317
0.001316
0.001316
0.001316
0.001316
0.001316
0.001315
0.001315
0.001315
0.001315
0.001315
0.001314
0.001314
0.001314
0.001314
0.001314
0.001313
0.001301
0.001300
0.001300
0.001298
0.001298
0.001298
0.001298
0.001298
0.001297
0.001297
0.001297
0.001297
0.001297
0.001297
0.001296
0.001296
0.001296
0.001296
0.001296
0.001296
0.001295
0.001295
0.001295
0.001295
0.001295
0.001295
0.001294
0.001294
0.001294
0.001294
0.001294
0.001294
0.001293
0.001293
0.001293
0.001293
0.001293
0.001293
0.001292
0.001292
0.001292
0.001292
0.001292
0.001292
0.001291
0.001291
0.001291
0.001291
0.001291
0.001291
0.001290
0.001290
0.001290
0.001290
0.001290
0.001289
0.001289
0.001289
0.001289
0.001289
0.001289
0.001288
0.001288
0.001288
0.001288
0.001288
0.001287
0.001287
0.001287
0.001287
0.001287
0.001287
0.001286
0.001286
0.001286
0.001286
0.001286
0.001285
0.001285
0.001285
0.001285
0.001285
0.001285
0.001284
0.001284
0.001284
0.001284
0.001284
0.001284
0.001283
0.001283
0.001283
0.001283
0.001283
0.001282
0.001282
0.001282
0.001282
0.001282
0.001281
