0.449725
0.179933
0.074433
0.035678
0.016855
0.011110
0.008802
0.007694
0.007020
0.006541
0.006155
0.005819
0.005525
0.005266
0.005035
0.004826
0.004634
0.004450
0.004277
0.004118
0.003974
0.003844
0.003724
0.003616
0.003515
0.003420
0.003328
0.003239
0.003155
0.003072
0.002993
0.002916
0.002839
0.002764
0.002689
0.002614
0.002541
0.002470
0.002400
0.002328
0.002258
0.002188
0.002122
0.002059
0.001996
0.001935
0.001876
0.001822
0.001767
0.001713
0.001658
0.001605
0.001558
0.001514
0.001474
0.001436
0.001402
0.001369
0.001338
0.001308
0.001282
0.001258
0.001236
0.001213
0.001193
0.001174
0.001156
0.001138
0.001120
0.001105
0.001090
0.001076
0.001064
0.001048
0.001035
0.001023
0.001013
0.001001
0.000991
0.000981
0.000974
0.000966
0.000959
0.000952
0.000945
0.000940
0.000933
0.000928
0.000922
0.000916
0.000911
0.000908
0.000905
0.000901
0.000896
0.000892
0.000889
0.000884
0.000880
0.000874
0.000819
0.000786
0.000766
0.000765
0.000763
0.000759
0.000757
0.000756
0.000754
0.000752
0.000750
0.000748
0.000747
0.000745
0.000744
0.000742
0.000741
0.000739
0.000738
0.000737
0.000736
0.000734
0.000733
0.000732
0.000731
0.000729
0.000728
0.000727
0.000727
0.000726
0.000725
0.000724
0.000723
0.000723
0.000722
0.000721
0.000721
0.000720
0.000719
0.000718
0.000718
0.000717
0.000716
0.000716
0.000715
0.000714
0.000713
0.000712
0.000711
0.000710
0.000709
0.000708
0.000707
0.000707
0.000706
0.000705
0.000704
0.000703
0.000703
0.000702
0.000701
0.000700
0.000700
0.000699
0.000697
0.000697
0.000696
0.000695
0.000694
0.000694
0.000693
0.000692
0.000691
0.000690
0.000689
0.000688
0.000687
0.000686
0.000685
0.000685
0.000684
0.000683
0.000683
0.000683
0.000682
0.000681
0.000681
0.000680
0.000680
0.000679
0.000678
0.000678
0.000677
0.000676
0.000676
0.000676
0.000675
0.000674
0.000674
0.000674
0.000646
0.000643
0.000651
0.000656
0.000658
0.000659
0.000659
0.000659
0.000659
0.000659
0.000659
0.000658
0.000658
0.000658
0.000658
0.000657
0.000657
0.000657
0.000656
0.000656
0.000656
0.000655
0.000655
0.000655
0.000654
0.000654
0.000653
0.000653
0.000652
0.000652
0.000651
0.000651
0.000650
0.000650
0.000649
0.000649
0.000648
0.000648
0.000647
0.000647
0.000646
0.000646
0.000645
0.000645
0.000645
0.000644
0.000644
0.000643
0.000643
0.000642
0.000642
0.000641
0.000641
0.000641
0.000640
0.000639
0.000639
0.000639
0.000638
0.000638
0.000637
0.000636
0.000636
0.000636
0.000635
0.000634
0.000634
0.000633
0.000633
0.000632
0.000632
0.000631
0.000631
0.000631
0.000630
0.000630
0.000629
0.000629
0.000629
0.000628
0.000628
0.000627
0.000627
0.000626
0.000626
0.000625
0.000625
0.000624
0.000624
0.000623
0.000622
0.000622
0.000621
0.000621
0.000620
0.000619
0.000619
0.000619
0.000618
0.000618
0.000612
0.000604
0.000608
0.000608
0.000608
0.000608
0.000608
0.000607
0.000607
0.000607
0.000607
0.000607
0.000607
0.000607
0.000607
0.000606
0.000606
0.000606
0.000606
0.000606
0.000606
0.000606
0.000605
0.000605
0.000605
0.000605
0.000605
0.000605
0.000604
0.000604
0.000604
0.000604
0.000604
0.000604
0.000603
0.000603
0.000603
0.000603
0.000603
0.000603
0.000603
0.000603
0.000602
0.000602
0.000602
0.000602
0.000602
0.000602
0.000602
0.000601
0.000601
0.000601
0.000601
0.000601
0.000601
0.000601
0.000600
0.000600
0.000600
0.000600
0.000600
0.000600
0.000600
0.000599
0.000599
0.000599
0.000599
0.000599
0.000599
0.000598
0.000598
0.000598
0.000598
0.000598
0.000598
0.000598
0.000598
0.000597
0.000597
0.000597
0.000597
0.000597
0.000597
0.000596
0.000596
0.000596
0.000596
0.000596
0.000596
0.000595
0.000595
0.000595
0.000594
0.000594
0.000594
0.000594
0.000594
0.000594
0.000593
0.000593
0.000587
0.000579
0.000575
0.000576
0.000576
0.000576
0.000576
0.000575
0.000575
0.000575
0.000575
0.000575
0.000575
0.000575
0.000575
0.000575
0.000574
0.000574
0.000574
0.000574
0.000574
0.000574
0.000574
0.000574
0.000574
0.000573
0.000573
0.000573
0.000573
0.000573
0.000573
0.000573
0.000573
0.000572
0.000572
0.000572
0.000572
0.000572
0.000572
0.000572
0.000572
0.000571
0.000571
0.000571
0.000571
0.000571
0.000571
0.000571
0.000571
0.000570
0.000570
0.000570
0.000570
0.000570
0.000570
0.000570
0.000570
0.000569
0.000569
0.000569
0.000569
0.000569
0.000569
0.000569
0.000568
0.000568
0.000568
0.000568
0.000568
0.000568
0.000568
0.000567
0.000567
0.000567
0.000567
0.000567
0.000566
0.000566
0.000566
0.000566
0.000565
0.000565
0.000565
0.000565
0.000565
0.000564
0.000564
0.000564
0.000564
0.000563
0.000563
0.000563
0.000563
0.000562
0.000562
0.000562
0.000562
0.000561
0.000561
0.000561
