0.306840
0.084374
0.049643
0.029660
0.016424
0.008940
0.006387
0.005487
0.004979
0.004635
0.004393
0.004198
0.004031
0.003877
0.003735
0.003603
0.003480
0.003363
0.003248
0.003139
0.003032
0.002928
0.002829
0.002733
0.002642
0.002557
0.002477
0.002402
0.002330
0.002261
0.002195
0.002135
0.002079
0.002027
0.001979
0.001934
0.001893
0.001854
0.001817
0.001781
0.001747
0.001714
0.001683
0.001655
0.001629
0.001604
0.001581
0.001560
0.001541
0.001524
0.001508
0.001493
0.001479
0.001467
0.001455
0.001444
0.001434
0.001424
0.001415
0.001406
0.001398
0.001390
0.001383
0.001376
0.001369
0.001362
0.001355
0.001347
0.001340
0.001334
0.001328
0.001324
0.001320
0.001315
0.001310
0.001305
0.001301
0.001297
0.001293
0.001290
0.001287
0.001283
0.001279
0.001275
0.001271
0.001268
0.001265
0.001261
0.001256
0.001252
0.001248
0.001245
0.001240
0.001236
0.001234
0.001232
0.001229
0.001227
0.001224
0.001220
0.001146
0.001139
0.001143
0.001148
0.001151
0.001148
0.001146
0.001143
0.001141
0.001138
0.001136
0.001134
0.001131
0.001129
0.001127
0.001125
0.001123
0.001122
0.001121
0.001119
0.001118
0.001117
0.001116
0.001114
0.001113
0.001112
0.001110
0.001109
0.001108
0.001107
0.001106
0.001104
0.001103
0.001102
0.001101
0.001100
0.001098
0.001097
0.001096
0.001096
0.001095
0.001094
0.001093
0.001092
0.001091
0.001090
0.001089
0.001088
0.001088
0.001087
0.001086
0.001085
0.001083
0.001082
0.001081
0.001080
0.001080
0.001079
0.001078
0.001077
0.001076
0.001075
0.001074
0.001073
0.001072
0.001072
0.001071
0.001070
0.001069
0.001068
0.001067
0.001066
0.001065
0.001064
0.001063
0.001063
0.001062
0.001061
0.001061
0.001060
0.001060
0.001059
0.001058
0.001057
0.001056
0.001056
0.001055
0.001054
0.001053
0.001052
0.001051
0.001050
0.001050
0.001049
0.001048
0.001047
0.001046
0.001045
0.001045
0.001044
0.001026
0.001033
0.001040
0.001040
0.001039
0.001039
0.001039
0.001039
0.001038
0.001038
0.001038
0.001037
0.001036
0.001036
0.001035
0.001035
0.001034
0.001034
0.001033
0.001033
0.001032
0.001031
0.001030
0.001030
0.001029
0.001029
0.001028
0.001027
0.001027
0.001026
0.001025
0.001025
0.001024
0.001024
0.001023
0.001022
0.001021
0.001021
0.001020
0.001019
0.001019
0.001018
0.001017
0.001016
0.001016
0.001015
0.001014
0.001013
0.001012
0.001011
0.001011
0.001010
0.001009
0.001008
0.001008
0.001007
0.001006
0.001005
0.001005
0.001004
0.001003
0.001003
0.001002
0.001001
0.001000
0.001000
0.000999
0.000998
0.000998
0.000997
0.000996
0.000996
0.000995
0.000994
0.000993
0.000993
0.000992
0.000992
0.000991
0.000991
0.000990
0.000989
0.000988
0.000988
0.000987
0.000987
0.000986
0.000985
0.000985
0.000984
0.000984
0.000983
0.000982
0.000982
0.000981
0.000980
0.000980
0.000979
0.000979
0.000979
0.000965
0.000946
0.000942
0.000941
0.000940
0.000940
0.000940
0.000939
0.000939
0.000939
0.000939
0.000938
0.000938
0.000938
0.000938
0.000938
0.000937
0.000937
0.000937
0.000937
0.000937
0.000936
0.000936
0.000936
0.000936
0.000936
0.000935
0.000935
0.000935
0.000935
0.000934
0.000934
0.000934
0.000934
0.000934
0.000933
0.000933
0.000933
0.000933
0.000933
0.000932
0.000932
0.000932
0.000932
0.000932
0.000932
0.000931
0.000931
0.000931
0.000931
0.000931
0.000931
0.000931
0.000930
0.000930
0.000930
0.000930
0.000930
0.000930
0.000930
0.000929
0.000929
0.000929
0.000929
0.000929
0.000929
0.000929
0.000928
0.000928
0.000928
0.000928
0.000928
0.000928
0.000928
0.000928
0.000927
0.000927
0.000927
0.000927
0.000927
0.000927
0.000927
0.000927
0.000927
0.000926
0.000926
0.000926
0.000926
0.000926
0.000926
0.000926
0.000925
0.000925
0.000925
0.000925
0.000925
0.000925
0.000925
0.000924
0.000924
0.000916
0.000913
0.000911
0.000910
0.000910
0.000910
0.000910
0.000910
0.000910
0.000910
0.000909
0.000909
0.000909
0.000909
0.000909
0.000909
0.000909
0.000909
0.000909
0.000908
0.000908
0.000908
0.000908
0.000908
0.000908
0.000908
0.000908
0.000908
0.000908
0.000908
0.000907
0.000907
0.000907
0.000907
0.000907
0.000907
0.000907
0.000907
0.000907
0.000907
0.000906
0.000906
0.000906
0.000906
0.000906
0.000906
0.000906
0.000906
0.000906
0.000906
0.000906
0.000905
0.000905
0.000905
0.000905
0.000905
0.000905
0.000905
0.000905
0.000905
0.000905
0.000904
0.000904
0.000904
0.000904
0.000904
0.000904
0.000904
0.000904
0.000904
0.000904
0.000904
0.000903
0.000903
0.000903
0.000903
0.000903
0.000903
0.000903
0.000903
0.000903
0.000903
0.000902
0.000902
0.000902
0.000902
0.000902
0.000902
0.000902
0.000902
0.000902
0.000902
0.000901
0.000901
0.000901
0.000901
0.000901
0.000901
0.000901
0.000901
