0.436145
0.199554
0.089976
0.043441
0.030385
0.021453
0.014624
0.009614
0.006357
0.004699
0.003795
0.003352
0.003075
0.002824
0.002636
0.002488
0.002382
0.002298
0.002231
0.002179
0.002130
0.002091
0.002061
0.002036
0.002015
0.001993
0.001971
0.001950
0.001932
0.001910
0.001885
0.001862
0.001838
0.001819
0.001803
0.001789
0.001771
0.001754
0.001738
0.001724
0.001711
0.001699
0.001686
0.001676
0.001665
0.001656
0.001646
0.001634
0.001621
0.001611
0.001601
0.001591
0.001581
0.001572
0.001562
0.001551
0.001543
0.001536
0.001529
0.001521
0.001513
0.001503
0.001494
0.001485
0.001476
0.001467
0.001460
0.001452
0.001444
0.001437
0.001430
0.001423
0.001414
0.001408
0.001402
0.001398
0.001396
0.001394
0.001393
0.001390
0.001388
0.001385
0.001382
0.001376
0.001371
0.001367
0.001362
0.001358
0.001357
0.001357
0.001358
0.001357
0.001356
0.001354
0.001351
0.001346
0.001342
0.001338
0.001335
0.001332
0.001266
0.001260
0.001257
0.001258
0.001256
0.001255
0.001254
0.001253
0.001252
0.001251
0.001250
0.001249
0.001249
0.001248
0.001247
0.001246
0.001246
0.001245
0.001244
0.001244
0.001243
0.001243
0.001243
0.001242
0.001242
0.001241
0.001241
0.001241
0.001240
0.001240
0.001239
0.001239
0.001239
0.001238
0.001238
0.001237
0.001237
0.001237
0.001237
0.001237
0.001237
0.001236
0.001236
0.001237
0.001237
0.001237
0.001237
0.001237
0.001237
0.001236
0.001236
0.001236
0.001236
0.001236
0.001236
0.001236
0.001235
0.001235
0.001235
0.001234
0.001234
0.001234
0.001234
0.001233
0.001233
0.001232
0.001231
0.001231
0.001230
0.001229
0.001228
0.001228
0.001227
0.001227
0.001226
0.001225
0.001224
0.001223
0.001222
0.001221
0.001220
0.001219
0.001218
0.001217
0.001216
0.001215
0.001214
0.001213
0.001212
0.001210
0.001209
0.001207
0.001205
0.001204
0.001202
0.001200
0.001198
0.001196
0.001193
0.001190
0.001152
0.001154
0.001165
0.001172
0.001175
0.001176
0.001174
0.001172
0.001170
0.001168
0.001165
0.001163
0.001161
0.001158
0.001156
0.001154
0.001152
0.001150
0.001148
0.001146
0.001144
0.001142
0.001139
0.001137
0.001135
0.001133
0.001131
0.001129
0.001127
0.001125
0.001123
0.001121
0.001119
0.001117
0.001115
0.001114
0.001112
0.001110
0.001109
0.001107
0.001105
0.001103
0.001102
0.001100
0.001099
0.001097
0.001096
0.001094
0.001093
0.001092
0.001090
0.001089
0.001088
0.001087
0.001085
0.001084
0.001083
0.001082
0.001081
0.001080
0.001079
0.001078
0.001077
0.001076
0.001075
0.001074
0.001074
0.001073
0.001072
0.001071
0.001071
0.001070
0.001069
0.001068
0.001067
0.001067
0.001066
0.001066
0.001065
0.001064
0.001064
0.001063
0.001063
0.001062
0.001062
0.001061
0.001061
0.001060
0.001059
0.001059
0.001058
0.001058
0.001057
0.001056
0.001056
0.001055
0.001055
0.001054
0.001054
0.001053
0.001047
0.001058
0.001054
0.001053
0.001055
0.001055
0.001055
0.001054
0.001054
0.001054
0.001054
0.001054
0.001054
0.001054
0.001054
0.001054
0.001054
0.001054
0.001054
0.001054
0.001054
0.001054
0.001054
0.001054
0.001055
0.001055
0.001055
0.001055
0.001055
0.001055
0.001055
0.001055
0.001055
0.001055
0.001055
0.001055
0.001056
0.001056
0.001056
0.001056
0.001055
0.001055
0.001055
0.001055
0.001055
0.001054
0.001054
0.001054
0.001053
0.001053
0.001052
0.001052
0.001052
0.001051
0.001051
0.001050
0.001050
0.001050
0.001049
0.001049
0.001049
0.001048
0.001048
0.001048
0.001047
0.001047
0.001047
0.001046
0.001046
0.001046
0.001046
0.001046
0.001045
0.001045
0.001045
0.001045
0.001045
0.001044
0.001044
0.001044
0.001044
0.001043
0.001043
0.001043
0.001043
0.001043
0.001042
0.001042
0.001042
0.001042
0.001041
0.001041
0.001041
0.001041
0.001041
0.001041
0.001040
0.001040
0.001040
0.001040
0.001023
0.001017
0.001012
0.001012
0.001013
0.001012
0.001012
0.001012
0.001012
0.001012
0.001012
0.001012
0.001012
0.001011
0.001011
0.001011
0.001011
0.001011
0.001011
0.001011
0.001011
0.001011
0.001011
0.001011
0.001010
0.001010
0.001010
0.001010
0.001010
0.001010
0.001010
0.001010
0.001010
0.001010
0.001010
0.001010
0.001009
0.001009
0.001009
0.001009
0.001009
0.001009
0.001009
0.001009
0.001009
0.001009
0.001009
0.001009
0.001008
0.001008
0.001008
0.001008
0.001008
0.001008
0.001008
0.001008
0.001008
0.001008
0.001008
0.001008
0.001008
0.001008
0.001007
0.001007
0.001007
0.001007
0.001007
0.001007
0.001007
0.001007
0.001007
0.001007
0.001007
0.001007
0.001007
0.001006
0.001006
0.001006
0.001006
0.001006
0.001006
0.001006
0.001006
0.001006
0.001006
0.001006
0.001006
0.001006
0.001005
0.001005
0.001005
0.001005
0.001005
0.001005
0.001005
0.001005
0.001005
0.001005
0.001005
0.001005
