0.353517
0.078653
0.029225
0.014317
0.010425
0.008851
0.008163
0.007644
0.007209
0.006839
0.006479
0.006139
0.005821
0.005533
0.005272
0.005032
0.004807
0.004598
0.004401
0.004220
0.004051
0.003893
0.003742
0.003600
0.003464
0.003337
0.003216
0.003106
0.003004
0.002907
0.002815
0.002727
0.002644
0.002563
0.002484
0.002408
0.002335
0.002267
0.002205
0.002146
0.002091
0.002039
0.001990
0.001941
0.001889
0.001839
0.001789
0.001741
0.001693
0.001646
0.001600
0.001554
0.001510
0.001470
0.001429
0.001395
0.001362
0.001332
0.001305
0.001280
0.001256
0.001235
0.001215
0.001195
0.001176
0.001157
0.001137
0.001119
0.001103
0.001088
0.001075
0.001065
0.001055
0.001046
0.001038
0.001029
0.001022
0.001016
0.001010
0.001005
0.001000
0.000995
0.000990
0.000985
0.000980
0.000975
0.000968
0.000961
0.000956
0.000950
0.000944
0.000937
0.000930
0.000923
0.000919
0.000914
0.000909
0.000903
0.000898
0.000893
0.000810
0.000779
0.000773
0.000768
0.000763
0.000761
0.000758
0.000755
0.000752
0.000749
0.000747
0.000745
0.000743
0.000740
0.000738
0.000736
0.000735
0.000733
0.000731
0.000730
0.000729
0.000728
0.000727
0.000725
0.000724
0.000723
0.000722
0.000721
0.000720
0.000719
0.000718
0.000717
0.000716
0.000715
0.000714
0.000713
0.000711
0.000710
0.000708
0.000707
0.000705
0.000703
0.000701
0.000698
0.000696
0.000694
0.000692
0.000690
0.000688
0.000686
0.000683
0.000681
0.000679
0.000677
0.000675
0.000674
0.000672
0.000671
0.000670
0.000668
0.000667
0.000665
0.000664
0.000663
0.000662
0.000661
0.000660
0.000659
0.000658
0.000657
0.000656
0.000655
0.000654
0.000653
0.000652
0.000651
0.000650
0.000649
0.000648
0.000647
0.000646
0.000645
0.000644
0.000643
0.000642
0.000641
0.000641
0.000640
0.000640
0.000639
0.000638
0.000637
0.000636
0.000635
0.000635
0.000634
0.000633
0.000632
0.000631
0.000630
0.000608
0.000599
0.000597
0.000595
0.000595
0.000594
0.000594
0.000594
0.000593
0.000593
0.000592
0.000592
0.000592
0.000591
0.000591
0.000590
0.000590
0.000590
0.000589
0.000589
0.000589
0.000588
0.000588
0.000588
0.000587
0.000587
0.000587
0.000586
0.000586
0.000586
0.000585
0.000585
0.000585
0.000584
0.000584
0.000584
0.000584
0.000583
0.000583
0.000583
0.000582
0.000582
0.000581
0.000580
0.000580
0.000579
0.000579
0.000578
0.000577
0.000577
0.000576
0.000575
0.000574
0.000573
0.000572
0.000572
0.000571
0.000570
0.000570
0.000569
0.000569
0.000568
0.000568
0.000567
0.000566
0.000566
0.000565
0.000565
0.000564
0.000564
0.000564
0.000563
0.000562
0.000562
0.000562
0.000561
0.000561
0.000560
0.000560
0.000560
0.000559
0.000559
0.000558
0.000558
0.000558
0.000557
0.000557
0.000556
0.000556
0.000556
0.000555
0.000555
0.000555
0.000554
0.000554
0.000554
0.000554
0.000553
0.000553
0.000553
0.000545
0.000545
0.000545
0.000545
0.000544
0.000544
0.000544
0.000544
0.000544
0.000543
0.000543
0.000543
0.000543
0.000542
0.000542
0.000542
0.000542
0.000542
0.000541
0.000541
0.000541
0.000541
0.000541
0.000540
0.000540
0.000540
0.000540
0.000540
0.000540
0.000539
0.000539
0.000539
0.000539
0.000539
0.000539
0.000539
0.000538
0.000538
0.000538
0.000538
0.000538
0.000538
0.000538
0.000538
0.000538
0.000537
0.000537
0.000537
0.000537
0.000537
0.000537
0.000537
0.000537
0.000537
0.000537
0.000537
0.000537
0.000536
0.000536
0.000536
0.000536
0.000536
0.000536
0.000536
0.000536
0.000536
0.000536
0.000536
0.000536
0.000536
0.000536
0.000536
0.000536
0.000536
0.000536
0.000535
0.000535
0.000535
0.000535
0.000535
0.000535
0.000535
0.000535
0.000535
0.000535
0.000535
0.000535
0.000534
0.000534
0.000534
0.000534
0.000534
0.000534
0.000534
0.000534
0.000534
0.000534
0.000534
0.000534
0.000533
0.000534
0.000540
0.000542
0.000542
0.000542
0.000543
0.000543
0.000543
0.000543
0.000543
0.000543
0.000543
0.000543
0.000542
0.000542
0.000541
0.000541
0.000540
0.000539
0.000539
0.000538
0.000538
0.000538
0.000537
0.000537
0.000537
0.000537
0.000536
0.000536
0.000536
0.000536
0.000536
0.000536
0.000536
0.000536
0.000535
0.000535
0.000535
0.000535
0.000535
0.000535
0.000535
0.000535
0.000535
0.000534
0.000534
0.000534
0.000534
0.000534
0.000534
0.000534
0.000534
0.000534
0.000534
0.000534
0.000534
0.000534
0.000534
0.000533
0.000533
0.000533
0.000533
0.000533
0.000533
0.000533
0.000533
0.000533
0.000533
0.000533
0.000533
0.000533
0.000533
0.000533
0.000533
0.000533
0.000533
0.000532
0.000532
0.000532
0.000532
0.000532
0.000532
0.000532
0.000532
0.000532
0.000532
0.000532
0.000532
0.000532
0.000532
0.000532
0.000532
0.000532
0.000532
0.000532
0.000532
0.000531
0.000531
0.000531
0.000531
