0.468804
0.218781
0.060979
0.038555
0.023836
0.013406
0.008029
0.005690
0.004472
0.003912
0.003636
0.003402
0.003218
0.003062
0.002932
0.002820
0.002719
0.002630
0.002550
0.002478
0.002412
0.002353
0.002300
0.002251
0.002208
0.002170
0.002135
0.002103
0.002075
0.002050
0.002025
0.002000
0.001974
0.001949
0.001926
0.001903
0.001881
0.001860
0.001838
0.001816
0.001795
0.001775
0.001757
0.001738
0.001720
0.001701
0.001682
0.001662
0.001641
0.001621
0.001603
0.001585
0.001568
0.001552
0.001534
0.001517
0.001499
0.001484
0.001466
0.001445
0.001425
0.001405
0.001384
0.001364
0.001345
0.001328
0.001311
0.001296
0.001283
0.001272
0.001263
0.001255
0.001248
0.001241
0.001235
0.001227
0.001220
0.001211
0.001202
0.001191
0.001182
0.001172
0.001165
0.001159
0.001154
0.001151
0.001148
0.001146
0.001144
0.001143
0.001141
0.001139
0.001137
0.001134
0.001131
0.001129
0.001125
0.001121
0.001118
0.001116
0.001071
0.001061
0.001042
0.001046
0.001043
0.001042
0.001041
0.001041
0.001040
0.001039
0.001038
0.001037
0.001037
0.001036
0.001036
0.001035
0.001034
0.001034
0.001034
0.001034
0.001033
0.001033
0.001033
0.001033
0.001032
0.001032
0.001032
0.001031
0.001031
0.001031
0.001030
0.001030
0.001029
0.001029
0.001028
0.001027
0.001026
0.001025
0.001024
0.001023
0.001023
0.001022
0.001021
0.001020
0.001019
0.001018
0.001017
0.001016
0.001015
0.001014
0.001012
0.001012
0.001010
0.001009
0.001008
0.001007
0.001006
0.001005
0.001004
0.001003
0.001002
0.001001
0.001000
0.000999
0.000998
0.000996
0.000995
0.000994
0.000994
0.000993
0.000991
0.000990
0.000989
0.000988
0.000988
0.000987
0.000986
0.000985
0.000984
0.000983
0.000982
0.000982
0.000981
0.000981
0.000980
0.000979
0.000978
0.000978
0.000977
0.000977
0.000976
0.000975
0.000975
0.000974
0.000973
0.000973
0.000972
0.000972
0.000971
0.000971
0.000959
0.000975
0.000981
0.000988
0.000990
0.000991
0.000992
0.000993
0.000994
0.000994
0.000994
0.000994
0.000994
0.000993
0.000993
0.000992
0.000990
0.000989
0.000988
0.000986
0.000984
0.000983
0.000982
0.000980
0.000979
0.000978
0.000977
0.000976
0.000975
0.000974
0.000973
0.000972
0.000971
0.000970
0.000969
0.000969
0.000968
0.000967
0.000967
0.000966
0.000966
0.000965
0.000965
0.000964
0.000964
0.000963
0.000963
0.000963
0.000962
0.000962
0.000962
0.000961
0.000961
0.000961
0.000960
0.000960
0.000960
0.000960
0.000959
0.000959
0.000959
0.000959
0.000958
0.000958
0.000958
0.000958
0.000957
0.000957
0.000957
0.000956
0.000956
0.000956
0.000955
0.000955
0.000955
0.000954
0.000954
0.000954
0.000954
0.000953
0.000953
0.000953
0.000953
0.000952
0.000952
0.000952
0.000952
0.000951
0.000951
0.000951
0.000951
0.000950
0.000950
0.000950
0.000949
0.000949
0.000949
0.000949
0.000948
0.000948
0.000935
0.000933
0.000934
0.000937
0.000935
0.000932
0.000928
0.000925
0.000923
0.000922
0.000921
0.000920
0.000920
0.000919
0.000919
0.000918
0.000918
0.000918
0.000917
0.000917
0.000917
0.000916
0.000916
0.000916
0.000916
0.000915
0.000915
0.000915
0.000915
0.000915
0.000914
0.000914
0.000914
0.000914
0.000914
0.000914
0.000914
0.000913
0.000913
0.000913
0.000913
0.000913
0.000913
0.000912
0.000912
0.000912
0.000912
0.000912
0.000912
0.000912
0.000912
0.000911
0.000911
0.000911
0.000911
0.000911
0.000911
0.000911
0.000911
0.000911
0.000910
0.000910
0.000910
0.000910
0.000910
0.000910
0.000910
0.000910
0.000910
0.000909
0.000909
0.000909
0.000909
0.000909
0.000909
0.000909
0.000909
0.000908
0.000908
0.000908
0.000908
0.000908
0.000908
0.000908
0.000908
0.000907
0.000907
0.000907
0.000907
0.000907
0.000907
0.000907
0.000907
0.000907
0.000906
0.000906
0.000906
0.000906
0.000906
0.000906
0.000894
0.000889
0.000887
0.000887
0.000887
0.000887
0.000887
0.000887
0.000887
0.000887
0.000887
0.000887
0.000886
0.000886
0.000886
0.000886
0.000886
0.000886
0.000886
0.000886
0.000886
0.000886
0.000886
0.000886
0.000886
0.000885
0.000885
0.000885
0.000885
0.000885
0.000885
0.000885
0.000885
0.000885
0.000885
0.000885
0.000885
0.000885
0.000884
0.000884
0.000884
0.000884
0.000884
0.000884
0.000884
0.000884
0.000884
0.000884
0.000884
0.000884
0.000884
0.000884
0.000883
0.000883
0.000883
0.000883
0.000883
0.000883
0.000883
0.000883
0.000883
0.000883
0.000883
0.000883
0.000883
0.000882
0.000882
0.000882
0.000882
0.000882
0.000882
0.000882
0.000882
0.000882
0.000882
0.000882
0.000882
0.000882
0.000881
0.000881
0.000881
0.000881
0.000881
0.000881
0.000881
0.000881
0.000881
0.000881
0.000881
0.000881
0.000881
0.000880
0.000880
0.000880
0.000880
0.000880
0.000880
0.000880
0.000880
0.000880
