0.367967
0.094236
0.031926
0.015634
0.009770
0.007259
0.006181
0.005584
0.005104
0.004693
0.004396
0.004182
0.004004
0.003867
0.003745
0.003629
0.003510
0.003390
0.003275
0.003162
0.003056
0.002962
0.002884
0.002816
0.002753
0.002692
0.002632
0.002574
0.002516
0.002457
0.002397
0.002335
0.002276
0.002214
0.002154
0.002094
0.002037
0.001984
0.001933
0.001884
0.001836
0.001791
0.001744
0.001697
0.001653
0.001607
0.001566
0.001526
0.001486
0.001450
0.001416
0.001384
0.001355
0.001327
0.001303
0.001281
0.001262
0.001242
0.001226
0.001211
0.001198
0.001184
0.001170
0.001158
0.001144
0.001135
0.001127
0.001117
0.001103
0.001093
0.001084
0.001078
0.001068
0.001058
0.001047
0.001035
0.001024
0.001014
0.001004
0.000994
0.000983
0.000972
0.000963
0.000954
0.000944
0.000934
0.000924
0.000913
0.000903
0.000893
0.000884
0.000876
0.000868
0.000859
0.000849
0.000841
0.000831
0.000821
0.000814
0.000805
0.000738
0.000697
0.000687
0.000680
0.000679
0.000676
0.000673
0.000671
0.000669
0.000667
0.000664
0.000663
0.000661
0.000660
0.000658
0.000657
0.000656
0.000655
0.000654
0.000653
0.000652
0.000651
0.000651
0.000650
0.000649
0.000649
0.000648
0.000647
0.000647
0.000646
0.000646
0.000645
0.000645
0.000644
0.000644
0.000643
0.000642
0.000641
0.000640
0.000639
0.000638
0.000637
0.000636
0.000635
0.000633
0.000632
0.000631
0.000629
0.000628
0.000626
0.000625
0.000624
0.000622
0.000621
0.000619
0.000617
0.000616
0.000614
0.000612
0.000611
0.000610
0.000608
0.000607
0.000605
0.000604
0.000603
0.000602
0.000600
0.000600
0.000599
0.000597
0.000596
0.000595
0.000593
0.000592
0.000591
0.000590
0.000588
0.000587
0.000586
0.000585
0.000584
0.000583
0.000582
0.000580
0.000579
0.000579
0.000577
0.000575
0.000574
0.000573
0.000572
0.000571
0.000570
0.000569
0.000567
0.000566
0.000565
0.000564
0.000563
0.000523
0.000515
0.000510
0.000509
0.000507
0.000507
0.000506
0.000506
0.000505
0.000505
0.000504
0.000504
0.000504
0.000503
0.000502
0.000502
0.000502
0.000501
0.000501
0.000500
0.000500
0.000500
0.000499
0.000499
0.000498
0.000498
0.000498
0.000498
0.000497
0.000497
0.000497
0.000496
0.000496
0.000496
0.000496
0.000496
0.000495
0.000495
0.000495
0.000495
0.000494
0.000494
0.000494
0.000494
0.000494
0.000493
0.000493
0.000493
0.000493
0.000493
0.000492
0.000492
0.000492
0.000492
0.000492
0.000491
0.000491
0.000491
0.000491
0.000491
0.000490
0.000490
0.000490
0.000490
0.000489
0.000489
0.000489
0.000489
0.000488
0.000488
0.000488
0.000487
0.000487
0.000487
0.000487
0.000486
0.000486
0.000485
0.000485
0.000485
0.000485
0.000484
0.000484
0.000483
0.000483
0.000483
0.000483
0.000482
0.000482
0.000481
0.000481
0.000481
0.000481
0.000481
0.000480
0.000480
0.000480
0.000480
0.000479
0.000479
0.000461
0.000462
0.000461
0.000461
0.000461
0.000461
0.000461
0.000460
0.000460
0.000460
0.000460
0.000460
0.000459
0.000459
0.000459
0.000458
0.000458
0.000458
0.000458
0.000457
0.000457
0.000457
0.000457
0.000456
0.000456
0.000455
0.000455
0.000455
0.000454
0.000454
0.000454
0.000454
0.000453
0.000453
0.000453
0.000452
0.000452
0.000452
0.000451
0.000451
0.000451
0.000451
0.000450
0.000450
0.000450
0.000450
0.000449
0.000449
0.000449
0.000448
0.000448
0.000448
0.000448
0.000448
0.000447
0.000447
0.000447
0.000447
0.000446
0.000446
0.000446
0.000446
0.000446
0.000445
0.000445
0.000445
0.000445
0.000445
0.000445
0.000445
0.000444
0.000444
0.000444
0.000444
0.000444
0.000443
0.000443
0.000443
0.000443
0.000443
0.000443
0.000443
0.000442
0.000442
0.000442
0.000442
0.000442
0.000442
0.000442
0.000441
0.000441
0.000441
0.000441
0.000441
0.000441
0.000441
0.000441
0.000440
0.000440
0.000440
0.000435
0.000439
0.000441
0.000441
0.000441
0.000441
0.000441
0.000441
0.000441
0.000441
0.000440
0.000440
0.000440
0.000440
0.000440
0.000440
0.000440
0.000440
0.000440
0.000440
0.000440
0.000439
0.000439
0.000439
0.000439
0.000439
0.000439
0.000439
0.000439
0.000439
0.000439
0.000439
0.000438
0.000438
0.000438
0.000438
0.000438
0.000438
0.000438
0.000438
0.000438
0.000438
0.000438
0.000438
0.000437
0.000437
0.000437
0.000437
0.000437
0.000437
0.000437
0.000437
0.000437
0.000437
0.000437
0.000436
0.000436
0.000436
0.000436
0.000436
0.000436
0.000436
0.000436
0.000436
0.000436
0.000436
0.000436
0.000436
0.000436
0.000435
0.000435
0.000435
0.000435
0.000435
0.000435
0.000435
0.000435
0.000435
0.000435
0.000435
0.000435
0.000435
0.000434
0.000434
0.000434
0.000434
0.000434
0.000434
0.000434
0.000434
0.000434
0.000434
0.000434
0.000434
0.000434
0.000434
0.000433
0.000433
0.000433
0.000433
