0.314395
0.049159
0.016614
0.009537
0.007537
0.006657
0.006004
0.005436
0.004871
0.004322
0.003822
0.003390
0.003029
0.002739
0.002512
0.002339
0.002204
0.002095
0.002002
0.001920
0.001847
0.001780
0.001725
0.001674
0.001626
0.001579
0.001534
0.001491
0.001447
0.001403
0.001362
0.001323
0.001287
0.001253
0.001223
0.001194
0.001167
0.001142
0.001116
0.001090
0.001065
0.001041
0.001018
0.000996
0.000977
0.000959
0.000943
0.000928
0.000913
0.000897
0.000881
0.000866
0.000850
0.000834
0.000818
0.000803
0.000788
0.000774
0.000761
0.000750
0.000739
0.000731
0.000724
0.000718
0.000713
0.000708
0.000704
0.000699
0.000696
0.000692
0.000688
0.000684
0.000679
0.000675
0.000671
0.000667
0.000664
0.000661
0.000657
0.000654
0.000652
0.000649
0.000646
0.000644
0.000641
0.000638
0.000636
0.000634
0.000631
0.000629
0.000626
0.000624
0.000621
0.000620
0.000617
0.000615
0.000612
0.000609
0.000608
0.000606
0.000553
0.000539
0.000543
0.000545
0.000546
0.000545
0.000543
0.000540
0.000538
0.000536
0.000534
0.000531
0.000529
0.000527
0.000524
0.000522
0.000520
0.000518
0.000517
0.000515
0.000513
0.000512
0.000511
0.000509
0.000508
0.000507
0.000506
0.000505
0.000503
0.000502
0.000501
0.000501
0.000500
0.000499
0.000498
0.000497
0.000496
0.000495
0.000495
0.000494
0.000493
0.000493
0.000492
0.000491
0.000491
0.000490
0.000490
0.000489
0.000489
0.000488
0.000488
0.000488
0.000488
0.000488
0.000488
0.000488
0.000488
0.000488
0.000488
0.000488
0.000489
0.000489
0.000489
0.000489
0.000489
0.000488
0.000488
0.000487
0.000487
0.000486
0.000485
0.000485
0.000484
0.000483
0.000483
0.000482
0.000481
0.000480
0.000479
0.000479
0.000478
0.000477
0.000476
0.000475
0.000474
0.000473
0.000472
0.000471
0.000470
0.000470
0.000469
0.000468
0.000468
0.000467
0.000466
0.000466
0.000466
0.000465
0.000464
0.000464
0.000448
0.000448
0.000448
0.000447
0.000446
0.000446
0.000445
0.000445
0.000445
0.000445
0.000445
0.000445
0.000445
0.000445
0.000444
0.000444
0.000444
0.000444
0.000444
0.000443
0.000443
0.000443
0.000442
0.000442
0.000442
0.000441
0.000441
0.000441
0.000440
0.000440
0.000439
0.000439
0.000438
0.000438
0.000437
0.000436
0.000436
0.000435
0.000434
0.000434
0.000433
0.000433
0.000432
0.000431
0.000431
0.000430
0.000429
0.000428
0.000428
0.000427
0.000426
0.000425
0.000424
0.000424
0.000423
0.000422
0.000422
0.000421
0.000420
0.000420
0.000419
0.000419
0.000418
0.000418
0.000417
0.000417
0.000416
0.000416
0.000415
0.000415
0.000414
0.000414
0.000414
0.000413
0.000413
0.000413
0.000412
0.000412
0.000412
0.000411
0.000411
0.000411
0.000411
0.000410
0.000410
0.000410
0.000410
0.000410
0.000409
0.000409
0.000409
0.000409
0.000409
0.000409
0.000408
0.000408
0.000408
0.000408
0.000408
0.000408
0.000400
0.000400
0.000399
0.000399
0.000399
0.000399
0.000398
0.000398
0.000398
0.000398
0.000398
0.000397
0.000397
0.000397
0.000397
0.000397
0.000397
0.000396
0.000396
0.000396
0.000396
0.000396
0.000396
0.000395
0.000395
0.000395
0.000395
0.000395
0.000395
0.000395
0.000394
0.000394
0.000394
0.000394
0.000394
0.000394
0.000394
0.000394
0.000393
0.000393
0.000393
0.000393
0.000393
0.000393
0.000393
0.000393
0.000393
0.000392
0.000392
0.000392
0.000392
0.000392
0.000392
0.000392
0.000392
0.000392
0.000392
0.000391
0.000391
0.000391
0.000391
0.000391
0.000391
0.000391
0.000391
0.000390
0.000390
0.000390
0.000390
0.000390
0.000390
0.000390
0.000390
0.000389
0.000389
0.000389
0.000389
0.000389
0.000389
0.000389
0.000389
0.000388
0.000388
0.000388
0.000388
0.000388
0.000388
0.000388
0.000387
0.000387
0.000387
0.000387
0.000387
0.000387
0.000387
0.000386
0.000386
0.000386
0.000386
0.000386
0.000382
0.000383
0.000384
0.000384
0.000384
0.000384
0.000384
0.000384
0.000383
0.000383
0.000383
0.000383
0.000383
0.000383
0.000383
0.000383
0.000383
0.000383
0.000383
0.000382
0.000382
0.000382
0.000382
0.000382
0.000382
0.000382
0.000382
0.000382
0.000382
0.000381
0.000381
0.000381
0.000381
0.000381
0.000381
0.000381
0.000381
0.000381
0.000381
0.000380
0.000380
0.000380
0.000380
0.000380
0.000380
0.000380
0.000380
0.000380
0.000380
0.000380
0.000379
0.000379
0.000379
0.000379
0.000379
0.000379
0.000379
0.000379
0.000379
0.000379
0.000379
0.000378
0.000378
0.000378
0.000378
0.000378
0.000378
0.000378
0.000378
0.000378
0.000378
0.000378
0.000378
0.000378
0.000378
0.000377
0.000377
0.000377
0.000377
0.000377
0.000377
0.000377
0.000377
0.000377
0.000377
0.000377
0.000377
0.000377
0.000377
0.000377
0.000377
0.000376
0.000376
0.000376
0.000376
0.000376
0.000376
0.000376
0.000376
0.000376
