0.458527
0.260959
0.100348
0.047234
0.029874
0.018260
0.011427
0.007655
0.005560
0.004447
0.003918
0.003608
0.003394
0.003227
0.003077
0.002951
0.002837
0.002737
0.002648
0.002566
0.002495
0.002433
0.002378
0.002328
0.002281
0.002239
0.002204
0.002173
0.002143
0.002113
0.002082
0.002053
0.002028
0.002005
0.001983
0.001964
0.001945
0.001926
0.001909
0.001893
0.001878
0.001863
0.001847
0.001833
0.001819
0.001804
0.001790
0.001775
0.001761
0.001748
0.001735
0.001721
0.001706
0.001690
0.001676
0.001660
0.001645
0.001630
0.001616
0.001602
0.001589
0.001578
0.001567
0.001558
0.001550
0.001543
0.001536
0.001531
0.001526
0.001521
0.001517
0.001514
0.001511
0.001508
0.001506
0.001504
0.001503
0.001501
0.001501
0.001500
0.001500
0.001501
0.001502
0.001503
0.001505
0.001506
0.001509
0.001510
0.001513
0.001515
0.001516
0.001517
0.001518
0.001519
0.001519
0.001520
0.001520
0.001519
0.001519
0.001518
0.001435
0.001457
0.001433
0.001442
0.001437
0.001438
0.001438
0.001437
0.001437
0.001437
0.001436
0.001436
0.001436
0.001436
0.001436
0.001436
0.001436
0.001436
0.001436
0.001437
0.001437
0.001437
0.001437
0.001438
0.001438
0.001439
0.001439
0.001440
0.001440
0.001441
0.001441
0.001442
0.001442
0.001442
0.001443
0.001443
0.001444
0.001444
0.001444
0.001444
0.001444
0.001444
0.001444
0.001444
0.001444
0.001444
0.001443
0.001443
0.001443
0.001442
0.001442
0.001441
0.001441
0.001440
0.001439
0.001439
0.001438
0.001437
0.001437
0.001436
0.001435
0.001434
0.001434
0.001433
0.001432
0.001431
0.001431
0.001430
0.001429
0.001428
0.001427
0.001426
0.001426
0.001425
0.001424
0.001423
0.001422
0.001421
0.001420
0.001419
0.001418
0.001417
0.001416
0.001415
0.001414
0.001413
0.001412
0.001411
0.001410
0.001409
0.001408
0.001407
0.001406
0.001405
0.001404
0.001403
0.001402
0.001401
0.001400
0.001399
0.001376
0.001390
0.001401
0.001404
0.001403
0.001402
0.001400
0.001398
0.001397
0.001396
0.001395
0.001394
0.001393
0.001392
0.001391
0.001390
0.001390
0.001389
0.001388
0.001388
0.001387
0.001386
0.001386
0.001385
0.001385
0.001384
0.001384
0.001383
0.001383
0.001382
0.001382
0.001381
0.001381
0.001380
0.001380
0.001379
0.001379
0.001378
0.001378
0.001377
0.001377
0.001377
0.001376
0.001376
0.001375
0.001375
0.001375
0.001374
0.001374
0.001373
0.001373
0.001372
0.001372
0.001371
0.001371
0.001370
0.001370
0.001369
0.001369
0.001368
0.001368
0.001367
0.001367
0.001366
0.001366
0.001365
0.001365
0.001364
0.001364
0.001363
0.001363
0.001362
0.001362
0.001361
0.001361
0.001360
0.001360
0.001359
0.001359
0.001358
0.001358
0.001357
0.001357
0.001356
0.001355
0.001355
0.001354
0.001354
0.001353
0.001353
0.001352
0.001351
0.001351
0.001350
0.001350
0.001349
0.001348
0.001348
0.001347
0.001347
0.001340
0.001327
0.001321
0.001316
0.001315
0.001316
0.001316
0.001315
0.001315
0.001315
0.001315
0.001314
0.001314
0.001314
0.001313
0.001313
0.001313
0.001313
0.001312
0.001312
0.001312
0.001312
0.001311
0.001311
0.001311
0.001310
0.001310
0.001310
0.001310
0.001309
0.001309
0.001309
0.001308
0.001308
0.001308
0.001308
0.001307
0.001307
0.001307
0.001307
0.001306
0.001306
0.001306
0.001306
0.001306
0.001305
0.001305
0.001305
0.001305
0.001304
0.001304
0.001304
0.001304
0.001303
0.001303
0.001303
0.001303
0.001302
0.001302
0.001302
0.001302
0.001301
0.001301
0.001301
0.001301
0.001301
0.001300
0.001300
0.001300
0.001299
0.001299
0.001299
0.001298
0.001298
0.001297
0.001297
0.001296
0.001296
0.001295
0.001294
0.001294
0.001293
0.001292
0.001291
0.001291
0.001290
0.001289
0.001288
0.001287
0.001286
0.001285
0.001284
0.001283
0.001283
0.001282
0.001281
0.001280
0.001278
0.001277
0.001276
0.001264
0.001256
0.001251
0.001250
0.001249
0.001249
0.001248
0.001248
0.001247
0.001246
0.001246
0.001245
0.001244
0.001244
0.001243
0.001243
0.001242
0.001242
0.001241
0.001241
0.001240
0.001240
0.001239
0.001238
0.001238
0.001237
0.001237
0.001236
0.001236
0.001235
0.001235
0.001234
0.001233
0.001233
0.001232
0.001232
0.001231
0.001230
0.001230
0.001229
0.001229
0.001228
0.001227
0.001227
0.001226
0.001226
0.001225
0.001224
0.001224
0.001223
0.001223
0.001222
0.001222
0.001221
0.001220
0.001220
0.001219
0.001219
0.001218
0.001217
0.001217
0.001216
0.001216
0.001215
0.001215
0.001214
0.001214
0.001213
0.001213
0.001212
0.001212
0.001211
0.001211
0.001210
0.001210
0.001209
0.001209
0.001208
0.001208
0.001207
0.001207
0.001206
0.001206
0.001206
0.001205
0.001205
0.001204
0.001204
0.001204
0.001203
0.001203
0.001202
0.001202
0.001202
0.001201
0.001201
0.001201
0.001200
0.001200
0.001200
