0.424817
0.201031
0.111323
0.066298
0.039740
0.014773
0.005750
0.004620
0.003802
0.003169
0.002743
0.002454
0.002215
0.002102
0.001986
0.001870
0.001778
0.001690
0.001605
0.001535
0.001486
0.001447
0.001405
0.001360
0.001322
0.001293
0.001271
0.001251
0.001233
0.001216
0.001201
0.001185
0.001166
0.001147
0.001127
0.001109
0.001095
0.001081
0.001064
0.001038
0.001007
0.000983
0.000972
0.000968
0.000968
0.000968
0.000966
0.000959
0.000949
0.000937
0.000924
0.000910
0.000899
0.000891
0.000885
0.000881
0.000877
0.000874
0.000870
0.000865
0.000859
0.000853
0.000845
0.000837
0.000830
0.000822
0.000815
0.000809
0.000804
0.000801
0.000797
0.000791
0.000785
0.000779
0.000772
0.000765
0.000760
0.000755
0.000750
0.000745
0.000740
0.000735
0.000730
0.000725
0.000719
0.000715
0.000712
0.000707
0.000702
0.000697
0.000692
0.000688
0.000684
0.000680
0.000677
0.000676
0.000675
0.000673
0.000671
0.000668
0.000601
0.000580
0.000577
0.000572
0.000571
0.000570
0.000569
0.000569
0.000568
0.000567
0.000566
0.000565
0.000563
0.000561
0.000559
0.000557
0.000555
0.000553
0.000550
0.000548
0.000547
0.000545
0.000544
0.000543
0.000541
0.000541
0.000540
0.000539
0.000538
0.000538
0.000537
0.000537
0.000536
0.000536
0.000535
0.000534
0.000533
0.000531
0.000530
0.000528
0.000526
0.000524
0.000521
0.000518
0.000516
0.000513
0.000510
0.000508
0.000505
0.000503
0.000501
0.000499
0.000498
0.000496
0.000494
0.000493
0.000492
0.000490
0.000489
0.000488
0.000487
0.000486
0.000486
0.000485
0.000485
0.000485
0.000485
0.000485
0.000486
0.000486
0.000487
0.000487
0.000486
0.000485
0.000484
0.000483
0.000482
0.000480
0.000479
0.000477
0.000475
0.000474
0.000472
0.000470
0.000468
0.000467
0.000465
0.000463
0.000462
0.000460
0.000459
0.000458
0.000457
0.000457
0.000456
0.000455
0.000455
0.000455
0.000455
0.000455
0.000440
0.000446
0.000445
0.000444
0.000442
0.000442
0.000442
0.000442
0.000442
0.000442
0.000441
0.000441
0.000441
0.000441
0.000441
0.000441
0.000441
0.000441
0.000440
0.000440
0.000440
0.000440
0.000439
0.000439
0.000439
0.000439
0.000438
0.000438
0.000438
0.000438
0.000437
0.000437
0.000436
0.000436
0.000435
0.000435
0.000434
0.000434
0.000433
0.000433
0.000432
0.000432
0.000431
0.000431
0.000430
0.000430
0.000430
0.000429
0.000429
0.000428
0.000428
0.000428
0.000427
0.000427
0.000426
0.000426
0.000426
0.000425
0.000425
0.000424
0.000424
0.000423
0.000423
0.000422
0.000422
0.000421
0.000421
0.000420
0.000420
0.000419
0.000419
0.000418
0.000417
0.000417
0.000416
0.000416
0.000415
0.000414
0.000414
0.000413
0.000412
0.000412
0.000411
0.000411
0.000410
0.000410
0.000409
0.000408
0.000408
0.000407
0.000407
0.000406
0.000406
0.000406
0.000405
0.000405
0.000404
0.000404
0.000404
0.000403
0.000399
0.000399
0.000400
0.000399
0.000398
0.000398
0.000398
0.000398
0.000397
0.000397
0.000397
0.000397
0.000397
0.000396
0.000396
0.000396
0.000396
0.000396
0.000395
0.000395
0.000395
0.000395
0.000395
0.000395
0.000394
0.000394
0.000394
0.000394
0.000394
0.000394
0.000394
0.000393
0.000393
0.000393
0.000393
0.000393
0.000393
0.000393
0.000393
0.000393
0.000392
0.000392
0.000392
0.000392
0.000392
0.000392
0.000392
0.000392
0.000392
0.000392
0.000391
0.000391
0.000391
0.000391
0.000391
0.000391
0.000391
0.000391
0.000391
0.000390
0.000390
0.000390
0.000390
0.000390
0.000390
0.000390
0.000390
0.000389
0.000389
0.000389
0.000389
0.000389
0.000389
0.000389
0.000388
0.000388
0.000388
0.000388
0.000388
0.000388
0.000388
0.000387
0.000387
0.000387
0.000387
0.000387
0.000386
0.000386
0.000386
0.000386
0.000386
0.000386
0.000385
0.000385
0.000385
0.000385
0.000385
0.000385
0.000384
0.000384
0.000381
0.000384
0.000385
0.000385
0.000384
0.000384
0.000383
0.000383
0.000383
0.000383
0.000383
0.000382
0.000382
0.000382
0.000382
0.000382
0.000382
0.000382
0.000382
0.000381
0.000381
0.000381
0.000381
0.000381
0.000381
0.000381
0.000381
0.000381
0.000380
0.000380
0.000380
0.000380
0.000380
0.000380
0.000380
0.000380
0.000380
0.000379
0.000379
0.000379
0.000379
0.000379
0.000379
0.000379
0.000379
0.000379
0.000379
0.000378
0.000378
0.000378
0.000378
0.000378
0.000378
0.000378
0.000378
0.000378
0.000378
0.000378
0.000377
0.000377
0.000377
0.000377
0.000377
0.000377
0.000377
0.000377
0.000377
0.000377
0.000377
0.000376
0.000376
0.000376
0.000376
0.000376
0.000376
0.000376
0.000376
0.000376
0.000376
0.000376
0.000376
0.000375
0.000375
0.000375
0.000375
0.000375
0.000375
0.000375
0.000375
0.000375
0.000375
0.000375
0.000375
0.000375
0.000374
0.000374
0.000374
0.000374
0.000374
0.000374
