0.420087
0.152247
0.040261
0.016730
0.009698
0.007050
0.006212
0.005758
0.005358
0.004968
0.004592
0.004229
0.003941
0.003728
0.003549
0.003393
0.003250
0.003120
0.002998
0.002882
0.002767
0.002660
0.002574
0.002495
0.002420
0.002349
0.002280
0.002214
0.002151
0.002094
0.002038
0.001985
0.001935
0.001889
0.001842
0.001797
0.001752
0.001709
0.001669
0.001629
0.001592
0.001557
0.001523
0.001486
0.001447
0.001412
0.001375
0.001340
0.001306
0.001271
0.001236
0.001203
0.001174
0.001147
0.001122
0.001100
0.001080
0.001063
0.001047
0.001032
0.001017
0.001004
0.000991
0.000981
0.000971
0.000963
0.000955
0.000951
0.000946
0.000942
0.000935
0.000926
0.000920
0.000914
0.000907
0.000898
0.000891
0.000885
0.000880
0.000875
0.000872
0.000868
0.000864
0.000859
0.000855
0.000849
0.000844
0.000839
0.000833
0.000828
0.000824
0.000820
0.000816
0.000812
0.000809
0.000805
0.000800
0.000797
0.000792
0.000788
0.000716
0.000711
0.000701
0.000695
0.000693
0.000692
0.000691
0.000690
0.000689
0.000688
0.000687
0.000686
0.000685
0.000685
0.000684
0.000683
0.000682
0.000681
0.000679
0.000678
0.000676
0.000675
0.000673
0.000671
0.000668
0.000666
0.000663
0.000660
0.000657
0.000654
0.000651
0.000648
0.000646
0.000643
0.000640
0.000636
0.000633
0.000630
0.000628
0.000624
0.000621
0.000618
0.000614
0.000610
0.000607
0.000603
0.000601
0.000598
0.000595
0.000592
0.000590
0.000587
0.000585
0.000582
0.000580
0.000577
0.000575
0.000573
0.000571
0.000569
0.000567
0.000565
0.000564
0.000562
0.000560
0.000558
0.000556
0.000555
0.000553
0.000551
0.000550
0.000548
0.000547
0.000546
0.000545
0.000544
0.000543
0.000542
0.000541
0.000540
0.000539
0.000538
0.000538
0.000537
0.000535
0.000534
0.000532
0.000531
0.000530
0.000529
0.000527
0.000527
0.000527
0.000526
0.000525
0.000525
0.000524
0.000522
0.000521
0.000520
0.000500
0.000500
0.000491
0.000492
0.000489
0.000489
0.000489
0.000488
0.000488
0.000487
0.000486
0.000486
0.000485
0.000485
0.000484
0.000484
0.000483
0.000483
0.000482
0.000482
0.000482
0.000481
0.000481
0.000480
0.000480
0.000479
0.000479
0.000478
0.000478
0.000478
0.000477
0.000477
0.000477
0.000476
0.000476
0.000475
0.000475
0.000474
0.000473
0.000473
0.000473
0.000472
0.000471
0.000471
0.000470
0.000469
0.000469
0.000468
0.000467
0.000467
0.000466
0.000465
0.000465
0.000464
0.000463
0.000463
0.000462
0.000461
0.000460
0.000460
0.000460
0.000459
0.000458
0.000458
0.000457
0.000456
0.000456
0.000456
0.000455
0.000454
0.000454
0.000453
0.000452
0.000451
0.000451
0.000450
0.000450
0.000449
0.000448
0.000448
0.000447
0.000447
0.000446
0.000446
0.000445
0.000445
0.000444
0.000444
0.000443
0.000443
0.000442
0.000442
0.000442
0.000441
0.000440
0.000440
0.000440
0.000439
0.000438
0.000438
0.000427
0.000432
0.000437
0.000439
0.000439
0.000438
0.000437
0.000436
0.000435
0.000434
0.000434
0.000434
0.000433
0.000433
0.000433
0.000432
0.000432
0.000432
0.000431
0.000431
0.000431
0.000430
0.000430
0.000430
0.000430
0.000429
0.000429
0.000429
0.000429
0.000428
0.000428
0.000428
0.000428
0.000427
0.000427
0.000427
0.000427
0.000426
0.000426
0.000426
0.000426
0.000426
0.000425
0.000425
0.000425
0.000425
0.000424
0.000424
0.000424
0.000424
0.000423
0.000423
0.000423
0.000423
0.000422
0.000422
0.000422
0.000422
0.000422
0.000421
0.000421
0.000421
0.000421
0.000420
0.000420
0.000420
0.000420
0.000419
0.000419
0.000419
0.000419
0.000419
0.000418
0.000418
0.000418
0.000418
0.000418
0.000417
0.000417
0.000417
0.000416
0.000416
0.000416
0.000416
0.000415
0.000415
0.000415
0.000415
0.000414
0.000414
0.000414
0.000414
0.000413
0.000413
0.000413
0.000413
0.000412
0.000412
0.000412
0.000412
0.000405
0.000396
0.000395
0.000396
0.000395
0.000395
0.000395
0.000395
0.000395
0.000395
0.000395
0.000394
0.000394
0.000394
0.000394
0.000394
0.000394
0.000394
0.000394
0.000393
0.000393
0.000393
0.000393
0.000393
0.000393
0.000393
0.000393
0.000393
0.000392
0.000392
0.000392
0.000392
0.000392
0.000392
0.000392
0.000392
0.000392
0.000392
0.000392
0.000391
0.000391
0.000391
0.000391
0.000391
0.000391
0.000391
0.000391
0.000391
0.000391
0.000391
0.000390
0.000390
0.000390
0.000390
0.000390
0.000390
0.000390
0.000390
0.000390
0.000390
0.000390
0.000389
0.000389
0.000389
0.000389
0.000389
0.000389
0.000389
0.000389
0.000389
0.000389
0.000389
0.000388
0.000388
0.000388
0.000388
0.000388
0.000388
0.000388
0.000388
0.000388
0.000388
0.000388
0.000388
0.000388
0.000387
0.000387
0.000387
0.000387
0.000387
0.000387
0.000387
0.000387
0.000387
0.000387
0.000387
0.000387
0.000386
0.000386
0.000386
