0.354614
0.101977
0.046055
0.023309
0.012592
0.007848
0.005031
0.003731
0.003256
0.003027
0.002854
0.002706
0.002584
0.002478
0.002387
0.002311
0.002243
0.002185
0.002131
0.002083
0.002039
0.002003
0.001973
0.001949
0.001926
0.001903
0.001879
0.001851
0.001822
0.001794
0.001765
0.001737
0.001710
0.001683
0.001660
0.001639
0.001623
0.001608
0.001595
0.001585
0.001577
0.001570
0.001563
0.001558
0.001552
0.001544
0.001535
0.001528
0.001520
0.001513
0.001507
0.001499
0.001491
0.001482
0.001472
0.001462
0.001454
0.001448
0.001443
0.001439
0.001432
0.001426
0.001418
0.001410
0.001402
0.001392
0.001381
0.001370
0.001359
0.001346
0.001336
0.001329
0.001324
0.001322
0.001321
0.001320
0.001318
0.001317
0.001316
0.001313
0.001310
0.001307
0.001302
0.001298
0.001294
0.001289
0.001285
0.001281
0.001276
0.001272
0.001267
0.001263
0.001257
0.001252
0.001247
0.001243
0.001240
0.001237
0.001234
0.001233
0.001176
0.001175
0.001182
0.001184
0.001181
0.001179
0.001177
0.001175
0.001174
0.001172
0.001170
0.001169
0.001167
0.001166
0.001165
0.001163
0.001161
0.001159
0.001158
0.001156
0.001155
0.001153
0.001152
0.001150
0.001149
0.001147
0.001146
0.001145
0.001143
0.001141
0.001140
0.001138
0.001136
0.001134
0.001132
0.001130
0.001129
0.001127
0.001125
0.001123
0.001121
0.001119
0.001117
0.001115
0.001113
0.001111
0.001109
0.001107
0.001105
0.001104
0.001102
0.001100
0.001098
0.001096
0.001094
0.001093
0.001091
0.001090
0.001088
0.001087
0.001085
0.001084
0.001083
0.001082
0.001081
0.001080
0.001079
0.001078
0.001077
0.001076
0.001075
0.001075
0.001074
0.001074
0.001073
0.001073
0.001073
0.001073
0.001072
0.001071
0.001070
0.001070
0.001070
0.001070
0.001070
0.001070
0.001070
0.001069
0.001069
0.001068
0.001067
0.001066
0.001065
0.001065
0.001064
0.001063
0.001063
0.001062
0.001061
0.001060
0.001036
0.001049
0.001036
0.001038
0.001038
0.001037
0.001037
0.001036
0.001036
0.001036
0.001035
0.001035
0.001035
0.001034
0.001034
0.001034
0.001033
0.001033
0.001033
0.001032
0.001032
0.001032
0.001032
0.001031
0.001031
0.001031
0.001031
0.001030
0.001030
0.001030
0.001030
0.001029
0.001029
0.001029
0.001028
0.001028
0.001028
0.001027
0.001027
0.001027
0.001027
0.001026
0.001026
0.001026
0.001025
0.001025
0.001024
0.001024
0.001024
0.001024
0.001023
0.001023
0.001022
0.001022
0.001022
0.001021
0.001021
0.001021
0.001020
0.001020
0.001019
0.001019
0.001019
0.001018
0.001018
0.001017
0.001017
0.001017
0.001016
0.001016
0.001016
0.001015
0.001015
0.001015
0.001014
0.001014
0.001014
0.001013
0.001013
0.001012
0.001012
0.001011
0.001011
0.001011
0.001010
0.001010
0.001010
0.001009
0.001009
0.001009
0.001008
0.001008
0.001007
0.001007
0.001007
0.001007
0.001006
0.001006
0.001005
0.001005
0.000996
0.001011
0.001015
0.001014
0.001012
0.001010
0.001009
0.001009
0.001008
0.001008
0.001007
0.001007
0.001006
0.001006
0.001005
0.001005
0.001004
0.001004
0.001004
0.001004
0.001003
0.001003
0.001003
0.001003
0.001002
0.001002
0.001002
0.001002
0.001002
0.001001
0.001001
0.001001
0.001001
0.001001
0.001000
0.001000
0.001000
0.001000
0.000999
0.000999
0.000999
0.000999
0.000999
0.000999
0.000998
0.000998
0.000998
0.000998
0.000997
0.000997
0.000997
0.000997
0.000997
0.000996
0.000996
0.000996
0.000996
0.000996
0.000995
0.000995
0.000995
0.000995
0.000995
0.000994
0.000994
0.000994
0.000994
0.000994
0.000994
0.000993
0.000993
0.000993
0.000993
0.000993
0.000992
0.000992
0.000992
0.000992
0.000992
0.000992
0.000991
0.000991
0.000991
0.000991
0.000991
0.000990
0.000990
0.000990
0.000990
0.000990
0.000989
0.000989
0.000989
0.000989
0.000989
0.000989
0.000988
0.000988
0.000988
0.000988
0.000974
0.000961
0.000957
0.000958
0.000958
0.000957
0.000957
0.000957
0.000957
0.000957
0.000957
0.000957
0.000957
0.000957
0.000957
0.000957
0.000957
0.000957
0.000956
0.000956
0.000956
0.000956
0.000956
0.000956
0.000956
0.000956
0.000956
0.000956
0.000956
0.000956
0.000956
0.000956
0.000956
0.000955
0.000955
0.000955
0.000955
0.000955
0.000955
0.000955
0.000955
0.000955
0.000955
0.000955
0.000955
0.000955
0.000955
0.000955
0.000955
0.000955
0.000955
0.000954
0.000954
0.000954
0.000954
0.000954
0.000954
0.000954
0.000954
0.000954
0.000954
0.000954
0.000954
0.000954
0.000954
0.000954
0.000954
0.000954
0.000954
0.000954
0.000954
0.000953
0.000953
0.000953
0.000953
0.000953
0.000953
0.000953
0.000953
0.000953
0.000953
0.000953
0.000953
0.000953
0.000953
0.000953
0.000953
0.000953
0.000953
0.000953
0.000953
0.000952
0.000952
0.000952
0.000952
0.000952
0.000952
0.000952
0.000952
0.000952
