0.411916
0.264214
0.152020
0.065013
0.038613
0.024039
0.015678
0.011024
0.008696
0.007648
0.007285
0.007068
0.006865
0.006674
0.006495
0.006327
0.006177
0.006048
0.005931
0.005828
0.005734
0.005644
0.005555
0.005466
0.005377
0.005287
0.005195
0.005102
0.005007
0.004911
0.004816
0.004720
0.004622
0.004522
0.004420
0.004321
0.004224
0.004128
0.004033
0.003938
0.003844
0.003750
0.003658
0.003566
0.003477
0.003390
0.003304
0.003219
0.003136
0.003057
0.002982
0.002910
0.002840
0.002774
0.002711
0.002650
0.002589
0.002530
0.002474
0.002420
0.002370
0.002324
0.002280
0.002239
0.002200
0.002164
0.002129
0.002097
0.002066
0.002037
0.002009
0.001982
0.001957
0.001934
0.001912
0.001892
0.001873
0.001856
0.001840
0.001824
0.001809
0.001795
0.001783
0.001772
0.001762
0.001753
0.001745
0.001737
0.001730
0.001724
0.001717
0.001711
0.001706
0.001701
0.001695
0.001690
0.001686
0.001681
0.001676
0.001672
0.001583
0.001556
0.001560
0.001563
0.001563
0.001561
0.001558
0.001554
0.001551
0.001548
0.001544
0.001541
0.001538
0.001534
0.001531
0.001528
0.001526
0.001523
0.001520
0.001518
0.001516
0.001514
0.001511
0.001509
0.001507
0.001505
0.001504
0.001502
0.001500
0.001499
0.001497
0.001496
0.001494
0.001493
0.001491
0.001490
0.001488
0.001487
0.001486
0.001485
0.001483
0.001482
0.001481
0.001480
0.001479
0.001478
0.001477
0.001477
0.001476
0.001475
0.001475
0.001474
0.001473
0.001473
0.001472
0.001472
0.001471
0.001471
0.001471
0.001470
0.001470
0.001470
0.001470
0.001470
0.001470
0.001470
0.001469
0.001469
0.001469
0.001469
0.001469
0.001469
0.001469
0.001470
0.001470
0.001470
0.001470
0.001470
0.001470
0.001470
0.001470
0.001470
0.001470
0.001470
0.001470
0.001470
0.001470
0.001470
0.001470
0.001469
0.001470
0.001469
0.001469
0.001468
0.001469
0.001468
0.001468
0.001468
0.001468
0.001467
0.001440
0.001461
0.001468
0.001466
0.001463
0.001461
0.001460
0.001460
0.001460
0.001460
0.001460
0.001460
0.001460
0.001460
0.001460
0.001460
0.001460
0.001460
0.001460
0.001460
0.001460
0.001460
0.001459
0.001459
0.001459
0.001459
0.001459
0.001459
0.001458
0.001458
0.001458
0.001458
0.001458
0.001458
0.001457
0.001457
0.001457
0.001457
0.001457
0.001457
0.001456
0.001456
0.001456
0.001456
0.001456
0.001456
0.001455
0.001455
0.001455
0.001455
0.001455
0.001454
0.001454
0.001454
0.001454
0.001454
0.001453
0.001453
0.001453
0.001453
0.001453
0.001452
0.001452
0.001452
0.001452
0.001452
0.001451
0.001451
0.001451
0.001451
0.001450
0.001450
0.001450
0.001450
0.001450
0.001449
0.001449
0.001449
0.001449
0.001448
0.001448
0.001448
0.001448
0.001448
0.001447
0.001447
0.001447
0.001447
0.001446
0.001446
0.001446
0.001446
0.001446
0.001445
0.001445
0.001445
0.001445
0.001444
0.001444
0.001444
0.001434
0.001414
0.001409
0.001412
0.001410
0.001410
0.001410
0.001410
0.001409
0.001409
0.001409
0.001409
0.001409
0.001409
0.001408
0.001408
0.001408
0.001408
0.001408
0.001408
0.001408
0.001408
0.001407
0.001407
0.001407
0.001407
0.001407
0.001407
0.001407
0.001407
0.001407
0.001406
0.001406
0.001406
0.001406
0.001406
0.001406
0.001406
0.001406
0.001406
0.001406
0.001406
0.001406
0.001405
0.001405
0.001405
0.001405
0.001405
0.001405
0.001405
0.001405
0.001405
0.001405
0.001405
0.001405
0.001404
0.001404
0.001404
0.001404
0.001404
0.001404
0.001404
0.001404
0.001404
0.001404
0.001404
0.001403
0.001403
0.001403
0.001403
0.001403
0.001403
0.001403
0.001403
0.001403
0.001403
0.001403
0.001403
0.001402
0.001402
0.001402
0.001402
0.001402
0.001402
0.001402
0.001402
0.001402
0.001401
0.001401
0.001401
0.001401
0.001401
0.001401
0.001401
0.001401
0.001400
0.001400
0.001400
0.001400
0.001400
0.001388
0.001385
0.001384
0.001383
0.001383
0.001383
0.001383
0.001382
0.001382
0.001382
0.001382
0.001382
0.001382
0.001381
0.001381
0.001381
0.001381
0.001381
0.001381
0.001381
0.001380
0.001380
0.001380
0.001380
0.001380
0.001380
0.001380
0.001379
0.001379
0.001379
0.001379
0.001379
0.001379
0.001379
0.001378
0.001378
0.001378
0.001378
0.001378
0.001378
0.001378
0.001377
0.001377
0.001377
0.001377
0.001377
0.001377
0.001377
0.001376
0.001376
0.001376
0.001376
0.001376
0.001376
0.001376
0.001375
0.001375
0.001375
0.001375
0.001375
0.001375
0.001375
0.001374
0.001374
0.001374
0.001374
0.001374
0.001374
0.001373
0.001373
0.001373
0.001373
0.001373
0.001372
0.001372
0.001372
0.001372
0.001372
0.001371
0.001371
0.001371
0.001371
0.001371
0.001370
0.001370
0.001370
0.001370
0.001370
0.001369
0.001369
0.001369
0.001369
0.001369
0.001368
0.001368
0.001368
0.001368
0.001367
0.001367
0.001367
