0.345955
0.122541
0.051820
0.027983
0.016465
0.010762
0.007552
0.005797
0.004798
0.004206
0.003813
0.003548
0.003369
0.003215
0.003077
0.002950
0.002835
0.002733
0.002638
0.002548
0.002458
0.002371
0.002288
0.002207
0.002129
0.002058
0.001993
0.001935
0.001880
0.001835
0.001789
0.001749
0.001707
0.001671
0.001637
0.001609
0.001581
0.001556
0.001533
0.001515
0.001494
0.001475
0.001459
0.001444
0.001426
0.001410
0.001397
0.001383
0.001372
0.001360
0.001350
0.001341
0.001332
0.001322
0.001314
0.001304
0.001296
0.001288
0.001279
0.001271
0.001262
0.001254
0.001247
0.001239
0.001232
0.001225
0.001218
0.001211
0.001205
0.001198
0.001193
0.001186
0.001180
0.001173
0.001167
0.001162
0.001156
0.001151
0.001145
0.001138
0.001133
0.001128
0.001123
0.001118
0.001113
0.001110
0.001106
0.001104
0.001100
0.001097
0.001095
0.001093
0.001091
0.001088
0.001086
0.001084
0.001083
0.001080
0.001078
0.001076
0.001054
0.001062
0.001059
0.001066
0.001063
0.001063
0.001060
0.001058
0.001056
0.001054
0.001053
0.001051
0.001050
0.001048
0.001047
0.001046
0.001045
0.001043
0.001041
0.001040
0.001039
0.001037
0.001036
0.001035
0.001034
0.001032
0.001031
0.001030
0.001028
0.001027
0.001026
0.001025
0.001024
0.001022
0.001021
0.001020
0.001019
0.001018
0.001017
0.001016
0.001016
0.001014
0.001013
0.001011
0.001010
0.001009
0.001008
0.001007
0.001006
0.001005
0.001004
0.001003
0.001002
0.001001
0.001001
0.001000
0.000999
0.000999
0.000997
0.000997
0.000995
0.000995
0.000994
0.000993
0.000992
0.000991
0.000990
0.000989
0.000988
0.000987
0.000986
0.000985
0.000984
0.000983
0.000983
0.000982
0.000980
0.000979
0.000979
0.000977
0.000976
0.000975
0.000975
0.000975
0.000974
0.000973
0.000971
0.000970
0.000970
0.000969
0.000968
0.000967
0.000966
0.000965
0.000964
0.000963
0.000963
0.000962
0.000960
0.000960
0.000943
0.000943
0.000946
0.000950
0.000950
0.000950
0.000950
0.000950
0.000949
0.000949
0.000949
0.000949
0.000948
0.000948
0.000948
0.000948
0.000948
0.000948
0.000948
0.000948
0.000948
0.000948
0.000948
0.000948
0.000947
0.000947
0.000947
0.000947
0.000947
0.000947
0.000947
0.000947
0.000946
0.000946
0.000945
0.000945
0.000944
0.000944
0.000943
0.000943
0.000943
0.000942
0.000942
0.000942
0.000941
0.000941
0.000941
0.000941
0.000941
0.000940
0.000940
0.000940
0.000939
0.000939
0.000939
0.000938
0.000938
0.000938
0.000937
0.000937
0.000936
0.000936
0.000936
0.000935
0.000935
0.000935
0.000934
0.000934
0.000934
0.000933
0.000933
0.000933
0.000933
0.000932
0.000932
0.000932
0.000931
0.000931
0.000931
0.000931
0.000930
0.000930
0.000930
0.000930
0.000930
0.000930
0.000929
0.000929
0.000929
0.000929
0.000928
0.000928
0.000928
0.000928
0.000927
0.000927
0.000927
0.000926
0.000926
0.000926
0.000897
0.000879
0.000873
0.000874
0.000873
0.000873
0.000873
0.000873
0.000873
0.000873
0.000873
0.000873
0.000873
0.000873
0.000873
0.000873
0.000872
0.000872
0.000872
0.000872
0.000872
0.000872
0.000872
0.000872
0.000872
0.000872
0.000872
0.000872
0.000872
0.000872
0.000872
0.000872
0.000872
0.000872
0.000872
0.000872
0.000872
0.000872
0.000872
0.000872
0.000872
0.000872
0.000872
0.000872
0.000872
0.000872
0.000872
0.000872
0.000872
0.000872
0.000872
0.000872
0.000872
0.000872
0.000872
0.000872
0.000872
0.000872
0.000872
0.000872
0.000872
0.000872
0.000872
0.000872
0.000872
0.000872
0.000873
0.000873
0.000873
0.000873
0.000873
0.000873
0.000873
0.000873
0.000873
0.000873
0.000873
0.000873
0.000873
0.000873
0.000873
0.000873
0.000873
0.000873
0.000873
0.000874
0.000874
0.000874
0.000874
0.000874
0.000874
0.000874
0.000874
0.000874
0.000874
0.000874
0.000874
0.000874
0.000874
0.000874
0.000863
0.000861
0.000859
0.000858
0.000858
0.000858
0.000858
0.000858
0.000858
0.000858
0.000858
0.000858
0.000858
0.000858
0.000858
0.000858
0.000858
0.000858
0.000858
0.000857
0.000857
0.000857
0.000857
0.000857
0.000857
0.000857
0.000857
0.000857
0.000857
0.000857
0.000857
0.000857
0.000857
0.000857
0.000857
0.000857
0.000857
0.000857
0.000857
0.000857
0.000857
0.000856
0.000856
0.000856
0.000856
0.000856
0.000856
0.000856
0.000856
0.000856
0.000856
0.000856
0.000856
0.000856
0.000856
0.000856
0.000856
0.000856
0.000856
0.000856
0.000856
0.000856
0.000856
0.000856
0.000856
0.000856
0.000856
0.000856
0.000855
0.000855
0.000855
0.000855
0.000855
0.000855
0.000855
0.000855
0.000855
0.000855
0.000855
0.000855
0.000855
0.000855
0.000855
0.000855
0.000855
0.000855
0.000855
0.000855
0.000855
0.000855
0.000855
0.000855
0.000855
0.000855
0.000855
0.000855
0.000854
0.000854
0.000854
0.000854
