0.437124
0.153563
0.034252
0.010003
0.006327
0.005087
0.004286
0.003764
0.003355
0.003001
0.002679
0.002391
0.002099
0.001891
0.001742
0.001609
0.001494
0.001405
0.001330
0.001269
0.001219
0.001180
0.001146
0.001118
0.001090
0.001068
0.001049
0.001033
0.001016
0.000997
0.000980
0.000967
0.000958
0.000947
0.000937
0.000927
0.000920
0.000911
0.000903
0.000893
0.000883
0.000875
0.000871
0.000866
0.000860
0.000853
0.000844
0.000836
0.000828
0.000826
0.000821
0.000813
0.000805
0.000799
0.000791
0.000780
0.000766
0.000750
0.000736
0.000722
0.000709
0.000694
0.000684
0.000678
0.000678
0.000676
0.000670
0.000666
0.000669
0.000672
0.000670
0.000666
0.000660
0.000656
0.000652
0.000649
0.000647
0.000647
0.000646
0.000646
0.000653
0.000658
0.000662
0.000662
0.000659
0.000655
0.000650
0.000644
0.000638
0.000635
0.000633
0.000633
0.000633
0.000634
0.000634
0.000632
0.000627
0.000622
0.000614
0.000608
0.000548
0.000527
0.000530
0.000527
0.000521
0.000516
0.000514
0.000512
0.000509
0.000508
0.000506
0.000504
0.000503
0.000502
0.000501
0.000500
0.000498
0.000498
0.000496
0.000495
0.000494
0.000493
0.000492
0.000491
0.000490
0.000489
0.000488
0.000487
0.000486
0.000485
0.000484
0.000483
0.000482
0.000481
0.000480
0.000479
0.000479
0.000478
0.000478
0.000477
0.000477
0.000476
0.000476
0.000476
0.000476
0.000476
0.000477
0.000478
0.000478
0.000479
0.000481
0.000481
0.000482
0.000482
0.000482
0.000481
0.000480
0.000479
0.000477
0.000476
0.000475
0.000474
0.000473
0.000472
0.000471
0.000471
0.000471
0.000471
0.000471
0.000471
0.000472
0.000472
0.000473
0.000473
0.000473
0.000473
0.000473
0.000474
0.000474
0.000474
0.000474
0.000474
0.000473
0.000473
0.000473
0.000472
0.000471
0.000471
0.000471
0.000470
0.000470
0.000470
0.000470
0.000470
0.000470
0.000470
0.000470
0.000470
0.000470
0.000470
0.000452
0.000463
0.000472
0.000474
0.000477
0.000479
0.000481
0.000482
0.000482
0.000482
0.000481
0.000478
0.000475
0.000471
0.000468
0.000465
0.000464
0.000463
0.000462
0.000461
0.000461
0.000460
0.000460
0.000459
0.000459
0.000459
0.000458
0.000458
0.000458
0.000457
0.000457
0.000457
0.000457
0.000457
0.000456
0.000456
0.000456
0.000455
0.000455
0.000455
0.000455
0.000455
0.000454
0.000454
0.000454
0.000454
0.000453
0.000453
0.000453
0.000453
0.000452
0.000452
0.000452
0.000451
0.000451
0.000451
0.000451
0.000451
0.000451
0.000451
0.000451
0.000450
0.000450
0.000450
0.000450
0.000450
0.000450
0.000450
0.000450
0.000450
0.000450
0.000450
0.000450
0.000450
0.000450
0.000450
0.000451
0.000451
0.000451
0.000451
0.000452
0.000452
0.000452
0.000452
0.000452
0.000452
0.000452
0.000452
0.000452
0.000451
0.000451
0.000450
0.000450
0.000449
0.000449
0.000448
0.000447
0.000447
0.000446
0.000446
0.000426
0.000422
0.000423
0.000423
0.000423
0.000423
0.000423
0.000423
0.000423
0.000422
0.000422
0.000422
0.000421
0.000421
0.000421
0.000420
0.000420
0.000420
0.000420
0.000419
0.000419
0.000419
0.000418
0.000418
0.000418
0.000418
0.000418
0.000417
0.000417
0.000417
0.000417
0.000416
0.000416
0.000416
0.000416
0.000416
0.000416
0.000415
0.000415
0.000415
0.000415
0.000415
0.000414
0.000414
0.000414
0.000414
0.000414
0.000414
0.000414
0.000413
0.000413
0.000413
0.000413
0.000413
0.000413
0.000413
0.000412
0.000412
0.000412
0.000412
0.000412
0.000412
0.000412
0.000412
0.000411
0.000411
0.000411
0.000411
0.000411
0.000411
0.000411
0.000411
0.000411
0.000411
0.000410
0.000410
0.000410
0.000410
0.000410
0.000410
0.000410
0.000410
0.000410
0.000410
0.000410
0.000410
0.000410
0.000410
0.000410
0.000409
0.000409
0.000409
0.000409
0.000409
0.000409
0.000409
0.000409
0.000409
0.000409
0.000409
0.000406
0.000408
0.000408
0.000407
0.000407
0.000407
0.000407
0.000407
0.000407
0.000407
0.000407
0.000407
0.000407
0.000407
0.000407
0.000407
0.000407
0.000407
0.000407
0.000407
0.000407
0.000407
0.000407
0.000407
0.000407
0.000407
0.000407
0.000407
0.000407
0.000407
0.000407
0.000407
0.000407
0.000407
0.000407
0.000407
0.000407
0.000407
0.000407
0.000407
0.000407
0.000407
0.000407
0.000407
0.000407
0.000407
0.000407
0.000407
0.000407
0.000407
0.000407
0.000407
0.000407
0.000407
0.000407
0.000406
0.000406
0.000406
0.000406
0.000406
0.000406
0.000406
0.000406
0.000406
0.000406
0.000406
0.000406
0.000406
0.000406
0.000406
0.000406
0.000406
0.000406
0.000406
0.000405
0.000405
0.000405
0.000405
0.000405
0.000405
0.000405
0.000405
0.000405
0.000405
0.000405
0.000405
0.000404
0.000404
0.000404
0.000404
0.000404
0.000404
0.000404
0.000404
0.000404
0.000404
0.000404
0.000404
0.000404
0.000403
