0.384926
0.185909
0.056436
0.036568
0.027141
0.020870
0.016112
0.012276
0.009268
0.007110
0.005722
0.004922
0.004483
0.004237
0.004065
0.003920
0.003775
0.003629
0.003488
0.003351
0.003227
0.003106
0.002992
0.002882
0.002780
0.002680
0.002589
0.002510
0.002442
0.002386
0.002336
0.002291
0.002245
0.002200
0.002152
0.002108
0.002068
0.002028
0.001992
0.001963
0.001938
0.001915
0.001895
0.001875
0.001859
0.001844
0.001828
0.001815
0.001803
0.001792
0.001780
0.001770
0.001758
0.001745
0.001734
0.001724
0.001714
0.001702
0.001690
0.001679
0.001668
0.001656
0.001643
0.001631
0.001621
0.001613
0.001604
0.001596
0.001586
0.001577
0.001567
0.001558
0.001549
0.001540
0.001532
0.001524
0.001515
0.001506
0.001499
0.001492
0.001487
0.001482
0.001476
0.001470
0.001465
0.001458
0.001453
0.001448
0.001444
0.001440
0.001435
0.001430
0.001425
0.001419
0.001414
0.001409
0.001405
0.001401
0.001397
0.001392
0.001369
0.001359
0.001346
0.001348
0.001347
0.001344
0.001341
0.001338
0.001334
0.001331
0.001327
0.001324
0.001321
0.001318
0.001315
0.001312
0.001310
0.001307
0.001304
0.001302
0.001300
0.001298
0.001296
0.001294
0.001291
0.001290
0.001288
0.001286
0.001284
0.001283
0.001281
0.001279
0.001278
0.001276
0.001275
0.001273
0.001272
0.001270
0.001269
0.001268
0.001266
0.001265
0.001264
0.001262
0.001261
0.001260
0.001259
0.001258
0.001257
0.001256
0.001254
0.001254
0.001253
0.001252
0.001251
0.001250
0.001249
0.001248
0.001246
0.001246
0.001245
0.001244
0.001243
0.001241
0.001240
0.001239
0.001238
0.001237
0.001236
0.001235
0.001234
0.001233
0.001232
0.001231
0.001230
0.001229
0.001227
0.001226
0.001225
0.001224
0.001223
0.001222
0.001221
0.001220
0.001218
0.001217
0.001216
0.001215
0.001213
0.001212
0.001211
0.001210
0.001208
0.001207
0.001206
0.001205
0.001203
0.001202
0.001201
0.001200
0.001181
0.001210
0.001234
0.001245
0.001248
0.001247
0.001245
0.001243
0.001241
0.001239
0.001238
0.001237
0.001236
0.001234
0.001232
0.001230
0.001228
0.001225
0.001223
0.001221
0.001219
0.001217
0.001216
0.001214
0.001213
0.001212
0.001210
0.001209
0.001208
0.001207
0.001206
0.001205
0.001204
0.001204
0.001203
0.001203
0.001202
0.001201
0.001201
0.001200
0.001199
0.001199
0.001198
0.001198
0.001197
0.001197
0.001196
0.001196
0.001195
0.001195
0.001194
0.001194
0.001193
0.001193
0.001192
0.001191
0.001191
0.001190
0.001190
0.001189
0.001189
0.001188
0.001188
0.001188
0.001187
0.001187
0.001186
0.001186
0.001185
0.001185
0.001185
0.001184
0.001184
0.001183
0.001183
0.001182
0.001182
0.001181
0.001181
0.001180
0.001180
0.001179
0.001179
0.001179
0.001178
0.001178
0.001177
0.001177
0.001177
0.001176
0.001176
0.001175
0.001175
0.001175
0.001174
0.001174
0.001173
0.001173
0.001173
0.001172
0.001145
0.001126
0.001116
0.001119
0.001118
0.001118
0.001118
0.001117
0.001117
0.001117
0.001117
0.001117
0.001116
0.001116
0.001116
0.001116
0.001116
0.001115
0.001115
0.001115
0.001115
0.001115
0.001114
0.001114
0.001114
0.001114
0.001114
0.001114
0.001113
0.001113
0.001113
0.001113
0.001113
0.001112
0.001112
0.001112
0.001112
0.001112
0.001112
0.001111
0.001111
0.001111
0.001111
0.001111
0.001111
0.001110
0.001110
0.001110
0.001110
0.001110
0.001110
0.001109
0.001109
0.001109
0.001109
0.001109
0.001109
0.001109
0.001109
0.001108
0.001108
0.001108
0.001108
0.001108
0.001108
0.001108
0.001107
0.001107
0.001107
0.001107
0.001107
0.001107
0.001107
0.001106
0.001106
0.001106
0.001106
0.001106
0.001106
0.001106
0.001106
0.001105
0.001105
0.001105
0.001105
0.001105
0.001105
0.001105
0.001104
0.001104
0.001104
0.001104
0.001104
0.001104
0.001103
0.001103
0.001103
0.001103
0.001103
0.001103
0.001095
0.001098
0.001098
0.001096
0.001095
0.001095
0.001095
0.001095
0.001094
0.001094
0.001094
0.001094
0.001094
0.001093
0.001093
0.001093
0.001093
0.001093
0.001093
0.001092
0.001092
0.001092
0.001092
0.001092
0.001091
0.001091
0.001091
0.001091
0.001091
0.001090
0.001090
0.001090
0.001090
0.001090
0.001090
0.001089
0.001089
0.001089
0.001089
0.001089
0.001089
0.001088
0.001088
0.001088
0.001088
0.001088
0.001088
0.001087
0.001087
0.001087
0.001087
0.001087
0.001087
0.001086
0.001086
0.001086
0.001086
0.001086
0.001086
0.001085
0.001085
0.001085
0.001085
0.001085
0.001085
0.001084
0.001084
0.001084
0.001084
0.001084
0.001084
0.001083
0.001083
0.001083
0.001083
0.001083
0.001083
0.001082
0.001082
0.001082
0.001082
0.001082
0.001082
0.001082
0.001081
0.001081
0.001081
0.001081
0.001081
0.001081
0.001080
0.001080
0.001080
0.001080
0.001080
0.001080
0.001080
0.001079
0.001079
0.001079
