0.370745
0.139416
0.047219
0.029853
0.016916
0.009215
0.005243
0.003680
0.003086
0.002726
0.002545
0.002359
0.002225
0.002138
0.002056
0.001983
0.001931
0.001883
0.001829
0.001779
0.001730
0.001686
0.001650
0.001617
0.001583
0.001550
0.001523
0.001497
0.001477
0.001458
0.001439
0.001419
0.001401
0.001382
0.001362
0.001344
0.001327
0.001312
0.001298
0.001286
0.001274
0.001263
0.001253
0.001242
0.001232
0.001223
0.001215
0.001206
0.001199
0.001195
0.001192
0.001190
0.001188
0.001186
0.001183
0.001179
0.001177
0.001173
0.001171
0.001171
0.001170
0.001167
0.001166
0.001163
0.001161
0.001159
0.001157
0.001156
0.001153
0.001151
0.001149
0.001146
0.001143
0.001140
0.001136
0.001133
0.001129
0.001126
0.001124
0.001121
0.001119
0.001118
0.001118
0.001116
0.001114
0.001112
0.001110
0.001108
0.001105
0.001102
0.001099
0.001097
0.001096
0.001094
0.001091
0.001088
0.001084
0.001083
0.001081
0.001081
0.000975
0.000950
0.000952
0.000956
0.000958
0.000957
0.000955
0.000953
0.000950
0.000946
0.000943
0.000941
0.000938
0.000936
0.000934
0.000932
0.000930
0.000928
0.000927
0.000925
0.000924
0.000923
0.000922
0.000921
0.000920
0.000920
0.000919
0.000918
0.000918
0.000917
0.000916
0.000916
0.000915
0.000915
0.000915
0.000914
0.000914
0.000913
0.000913
0.000912
0.000912
0.000911
0.000910
0.000909
0.000909
0.000908
0.000907
0.000906
0.000905
0.000904
0.000903
0.000902
0.000901
0.000900
0.000900
0.000898
0.000899
0.000898
0.000897
0.000897
0.000896
0.000895
0.000895
0.000895
0.000894
0.000894
0.000894
0.000894
0.000893
0.000894
0.000893
0.000894
0.000894
0.000894
0.000894
0.000895
0.000895
0.000896
0.000896
0.000897
0.000897
0.000898
0.000897
0.000898
0.000898
0.000898
0.000899
0.000899
0.000899
0.000899
0.000899
0.000899
0.000900
0.000900
0.000900
0.000900
0.000900
0.000900
0.000900
0.000900
0.000874
0.000884
0.000888
0.000891
0.000892
0.000891
0.000891
0.000891
0.000891
0.000891
0.000891
0.000891
0.000890
0.000890
0.000890
0.000890
0.000890
0.000889
0.000889
0.000889
0.000888
0.000888
0.000888
0.000887
0.000887
0.000887
0.000887
0.000886
0.000886
0.000886
0.000885
0.000885
0.000884
0.000884
0.000883
0.000883
0.000882
0.000882
0.000881
0.000881
0.000880
0.000880
0.000880
0.000879
0.000879
0.000878
0.000878
0.000877
0.000877
0.000876
0.000876
0.000875
0.000875
0.000874
0.000874
0.000873
0.000872
0.000872
0.000871
0.000870
0.000870
0.000869
0.000868
0.000867
0.000867
0.000866
0.000865
0.000865
0.000864
0.000863
0.000862
0.000862
0.000861
0.000860
0.000859
0.000858
0.000858
0.000857
0.000856
0.000855
0.000854
0.000854
0.000853
0.000852
0.000851
0.000851
0.000850
0.000849
0.000848
0.000848
0.000847
0.000846
0.000846
0.000845
0.000844
0.000844
0.000843
0.000843
0.000842
0.000842
0.000843
0.000856
0.000863
0.000864
0.000860
0.000856
0.000852
0.000850
0.000849
0.000848
0.000848
0.000847
0.000847
0.000846
0.000846
0.000846
0.000845
0.000845
0.000845
0.000845
0.000844
0.000844
0.000844
0.000844
0.000844
0.000844
0.000844
0.000844
0.000844
0.000843
0.000843
0.000843
0.000843
0.000843
0.000843
0.000843
0.000843
0.000843
0.000843
0.000843
0.000843
0.000843
0.000843
0.000843
0.000843
0.000843
0.000843
0.000843
0.000843
0.000843
0.000843
0.000843
0.000843
0.000842
0.000842
0.000842
0.000842
0.000842
0.000842
0.000842
0.000842
0.000842
0.000842
0.000842
0.000842
0.000842
0.000842
0.000842
0.000842
0.000842
0.000842
0.000842
0.000842
0.000842
0.000842
0.000842
0.000842
0.000842
0.000842
0.000842
0.000842
0.000842
0.000842
0.000842
0.000842
0.000842
0.000842
0.000842
0.000842
0.000841
0.000841
0.000841
0.000841
0.000841
0.000841
0.000841
0.000841
0.000841
0.000841
0.000841
0.000829
0.000825
0.000821
0.000821
0.000821
0.000821
0.000821
0.000821
0.000821
0.000821
0.000821
0.000820
0.000820
0.000820
0.000820
0.000820
0.000820
0.000820
0.000820
0.000820
0.000820
0.000820
0.000820
0.000820
0.000820
0.000820
0.000820
0.000820
0.000820
0.000820
0.000820
0.000820
0.000820
0.000820
0.000820
0.000820
0.000820
0.000820
0.000820
0.000820
0.000820
0.000820
0.000820
0.000819
0.000819
0.000819
0.000819
0.000819
0.000819
0.000819
0.000819
0.000819
0.000819
0.000819
0.000819
0.000819
0.000819
0.000819
0.000819
0.000819
0.000819
0.000819
0.000819
0.000819
0.000819
0.000819
0.000819
0.000819
0.000819
0.000819
0.000819
0.000819
0.000819
0.000819
0.000819
0.000819
0.000819
0.000819
0.000819
0.000819
0.000819
0.000819
0.000819
0.000819
0.000819
0.000819
0.000819
0.000819
0.000819
0.000819
0.000819
0.000819
0.000819
0.000819
0.000819
0.000819
0.000819
0.000819
0.000819
0.000819
