0.372256
0.106306
0.047878
0.029434
0.017958
0.011641
0.008161
0.005855
0.004579
0.003939
0.003546
0.003284
0.003086
0.002917
0.002778
0.002671
0.002591
0.002527
0.002471
0.002419
0.002368
0.002319
0.002271
0.002225
0.002180
0.002138
0.002098
0.002059
0.002025
0.001994
0.001966
0.001939
0.001914
0.001890
0.001868
0.001846
0.001826
0.001804
0.001784
0.001765
0.001747
0.001728
0.001711
0.001693
0.001675
0.001656
0.001639
0.001622
0.001605
0.001590
0.001576
0.001562
0.001549
0.001537
0.001525
0.001514
0.001504
0.001493
0.001482
0.001472
0.001464
0.001458
0.001453
0.001447
0.001443
0.001439
0.001437
0.001432
0.001428
0.001424
0.001420
0.001417
0.001413
0.001409
0.001405
0.001401
0.001395
0.001391
0.001387
0.001382
0.001377
0.001371
0.001367
0.001363
0.001360
0.001356
0.001350
0.001346
0.001341
0.001336
0.001331
0.001327
0.001322
0.001319
0.001316
0.001314
0.001311
0.001307
0.001302
0.001298
0.001211
0.001220
0.001204
0.001210
0.001209
0.001207
0.001206
0.001204
0.001202
0.001199
0.001197
0.001195
0.001193
0.001191
0.001189
0.001186
0.001184
0.001182
0.001180
0.001178
0.001176
0.001174
0.001172
0.001170
0.001168
0.001166
0.001165
0.001163
0.001162
0.001161
0.001160
0.001159
0.001157
0.001156
0.001155
0.001154
0.001152
0.001150
0.001148
0.001147
0.001145
0.001144
0.001143
0.001142
0.001141
0.001140
0.001138
0.001137
0.001136
0.001134
0.001132
0.001130
0.001128
0.001127
0.001125
0.001123
0.001121
0.001119
0.001116
0.001114
0.001111
0.001109
0.001107
0.001104
0.001102
0.001101
0.001099
0.001097
0.001096
0.001094
0.001092
0.001090
0.001088
0.001085
0.001082
0.001080
0.001077
0.001075
0.001072
0.001069
0.001067
0.001065
0.001062
0.001060
0.001058
0.001055
0.001053
0.001050
0.001048
0.001046
0.001043
0.001041
0.001038
0.001035
0.001033
0.001031
0.001028
0.001025
0.001023
0.001021
0.000990
0.000982
0.000985
0.000987
0.000988
0.000987
0.000985
0.000984
0.000982
0.000981
0.000979
0.000978
0.000977
0.000975
0.000974
0.000973
0.000971
0.000970
0.000968
0.000967
0.000965
0.000964
0.000962
0.000961
0.000959
0.000958
0.000956
0.000955
0.000953
0.000951
0.000950
0.000948
0.000947
0.000945
0.000944
0.000942
0.000941
0.000940
0.000939
0.000937
0.000936
0.000935
0.000934
0.000933
0.000932
0.000930
0.000929
0.000928
0.000928
0.000927
0.000926
0.000925
0.000924
0.000924
0.000923
0.000921
0.000920
0.000919
0.000918
0.000917
0.000916
0.000915
0.000914
0.000913
0.000912
0.000911
0.000909
0.000909
0.000908
0.000907
0.000906
0.000905
0.000905
0.000904
0.000904
0.000903
0.000903
0.000902
0.000901
0.000901
0.000901
0.000900
0.000900
0.000899
0.000899
0.000899
0.000898
0.000898
0.000897
0.000897
0.000896
0.000896
0.000896
0.000895
0.000895
0.000895
0.000894
0.000894
0.000893
0.000893
0.000883
0.000890
0.000883
0.000879
0.000878
0.000878
0.000878
0.000878
0.000878
0.000878
0.000878
0.000878
0.000878
0.000878
0.000878
0.000878
0.000877
0.000877
0.000877
0.000877
0.000877
0.000877
0.000877
0.000877
0.000877
0.000877
0.000877
0.000877
0.000877
0.000876
0.000876
0.000876
0.000876
0.000876
0.000876
0.000876
0.000876
0.000876
0.000876
0.000876
0.000876
0.000876
0.000876
0.000875
0.000875
0.000875
0.000875
0.000875
0.000875
0.000875
0.000875
0.000875
0.000875
0.000875
0.000874
0.000874
0.000874
0.000874
0.000874
0.000874
0.000874
0.000874
0.000874
0.000873
0.000873
0.000873
0.000873
0.000873
0.000873
0.000873
0.000873
0.000872
0.000872
0.000872
0.000872
0.000872
0.000872
0.000872
0.000871
0.000871
0.000871
0.000871
0.000871
0.000871
0.000871
0.000871
0.000870
0.000870
0.000870
0.000870
0.000870
0.000870
0.000870
0.000869
0.000869
0.000869
0.000869
0.000869
0.000869
0.000869
0.000870
0.000854
0.000853
0.000851
0.000851
0.000852
0.000851
0.000851
0.000851
0.000851
0.000851
0.000851
0.000851
0.000850
0.000850
0.000850
0.000850
0.000850
0.000850
0.000850
0.000850
0.000850
0.000850
0.000850
0.000850
0.000850
0.000849
0.000849
0.000849
0.000849
0.000849
0.000849
0.000849
0.000849
0.000849
0.000849
0.000849
0.000849
0.000849
0.000849
0.000849
0.000848
0.000848
0.000848
0.000848
0.000848
0.000848
0.000848
0.000848
0.000848
0.000848
0.000848
0.000848
0.000848
0.000848
0.000848
0.000847
0.000847
0.000847
0.000847
0.000847
0.000847
0.000847
0.000847
0.000847
0.000847
0.000847
0.000847
0.000847
0.000847
0.000847
0.000846
0.000846
0.000846
0.000846
0.000846
0.000846
0.000846
0.000846
0.000846
0.000846
0.000846
0.000846
0.000846
0.000846
0.000846
0.000845
0.000845
0.000845
0.000845
0.000845
0.000845
0.000845
0.000845
0.000845
0.000845
0.000845
0.000845
0.000845
0.000845
