0.578489
0.535190
0.513243
0.487471
0.376403
0.227551
0.152866
0.112077
0.078373
0.055182
0.040317
0.030003
0.022643
0.017307
0.013663
0.011355
0.009997
0.009218
0.008757
0.008484
0.008323
0.008196
0.008107
0.008047
0.007997
0.007958
0.007938
0.007916
0.007903
0.007881
0.007867
0.007850
0.007837
0.007825
0.007811
0.007802
0.007792
0.007784
0.007770
0.007756
0.007736
0.007722
0.007709
0.007692
0.007674
0.007657
0.007634
0.007615
0.007597
0.007579
0.007557
0.007535
0.007512
0.007491
0.007467
0.007441
0.007410
0.007381
0.007354
0.007324
0.007294
0.007263
0.007224
0.007187
0.007150
0.007119
0.007090
0.007052
0.007022
0.006997
0.006974
0.006952
0.006928
0.006900
0.006873
0.006850
0.006827
0.006801
0.006778
0.006755
0.006736
0.006721
0.006703
0.006681
0.006661
0.006641
0.006619
0.006602
0.006586
0.006572
0.006561
0.006546
0.006531
0.006514
0.006498
0.006481
0.006466
0.006453
0.006443
0.006433
0.006309
0.006247
0.006226
0.006221
0.006215
0.006207
0.006201
0.006194
0.006187
0.006181
0.006174
0.006167
0.006160
0.006153
0.006146
0.006140
0.006133
0.006127
0.006120
0.006113
0.006106
0.006100
0.006092
0.006086
0.006079
0.006072
0.006064
0.006058
0.006051
0.006044
0.006037
0.006030
0.006023
0.006016
0.006009
0.006001
0.005995
0.005988
0.005980
0.005973
0.005966
0.005958
0.005951
0.005943
0.005936
0.005928
0.005921
0.005913
0.005905
0.005899
0.005889
0.005882
0.005877
0.005867
0.005859
0.005851
0.005844
0.005836
0.005828
0.005820
0.005812
0.005804
0.005796
0.005787
0.005780
0.005771
0.005762
0.005753
0.005744
0.005736
0.005728
0.005719
0.005711
0.005703
0.005695
0.005686
0.005678
0.005670
0.005662
0.005653
0.005645
0.005637
0.005628
0.005619
0.005611
0.005603
0.005594
0.005586
0.005576
0.005565
0.005557
0.005548
0.005539
0.005529
0.005518
0.005509
0.005500
0.005490
0.005481
0.005472
0.005431
0.005412
0.005402
0.005394
0.005387
0.005383
0.005378
0.005374
0.005369
0.005364
0.005359
0.005354
0.005350
0.005345
0.005340
0.005335
0.005330
0.005325
0.005320
0.005316
0.005311
0.005306
0.005302
0.005297
0.005292
0.005287
0.005282
0.005277
0.005272
0.005268
0.005263
0.005258
0.005253
0.005248
0.005243
0.005238
0.005233
0.005227
0.005223
0.005217
0.005212
0.005207
0.005201
0.005196
0.005191
0.005186
0.005181
0.005176
0.005171
0.005166
0.005160
0.005155
0.005150
0.005145
0.005139
0.005134
0.005129
0.005124
0.005119
0.005114
0.005109
0.005103
0.005098
0.005093
0.005088
0.005083
0.005078
0.005073
0.005068
0.005063
0.005058
0.005053
0.005048
0.005043
0.005038
0.005033
0.005027
0.005022
0.005017
0.005012
0.005006
0.005001
0.004996
0.004991
0.004985
0.004979
0.004974
0.004968
0.004963
0.004958
0.004952
0.004947
0.004941
0.004936
0.004930
0.004924
0.004920
0.004914
0.004909
0.004903
0.004888
0.004909
0.004922
0.004922
0.004919
0.004915
0.004911
0.004907
0.004903
0.004900
0.004896
0.004893
0.004890
0.004887
0.004883
0.004880
0.004876
0.004873
0.004870
0.004866
0.004863
0.004860
0.004857
0.004854
0.004851
0.004847
0.004845
0.004841
0.004838
0.004835
0.004832
0.004829
0.004827
0.004824
0.004821
0.004818
0.004815
0.004812
0.004809
0.004807
0.004804
0.004801
0.004798
0.004795
0.004793
0.004790
0.004787
0.004784
0.004782
0.004779
0.004776
0.004774
0.004771
0.004768
0.004766
0.004763
0.004761
0.004758
0.004756
0.004753
0.004751
0.004748
0.004746
0.004743
0.004741
0.004738
0.004736
0.004733
0.004731
0.004728
0.004726
0.004723
0.004721
0.004719
0.004716
0.004713
0.004711
0.004708
0.004706
0.004703
0.004701
0.004698
0.004695
0.004692
0.004690
0.004687
0.004684
0.004681
0.004679
0.004676
0.004674
0.004671
0.004668
0.004665
0.004663
0.004660
0.004657
0.004655
0.004652
0.004649
0.004634
0.004615
0.004620
0.004618
0.004615
0.004614
0.004613
0.004611
0.004610
0.004609
0.004607
0.004606
0.004605
0.004603
0.004602
0.004601
0.004599
0.004598
0.004597
0.004595
0.004594
0.004593
0.004591
0.004590
0.004589
0.004587
0.004586
0.004585
0.004583
0.004582
0.004581
0.004580
0.004578
0.004577
0.004576
0.004574
0.004573
0.004572
0.004571
0.004569
0.004568
0.004567
0.004566
0.004564
0.004563
0.004562
0.004561
0.004559
0.004558
0.004557
0.004555
0.004554
0.004553
0.004552
0.004550
0.004549
0.004548
0.004546
0.004545
0.004544
0.004543
0.004541
0.004540
0.004538
0.004537
0.004536
0.004534
0.004533
0.004532
0.004530
0.004529
0.004528
0.004526
0.004525
0.004524
0.004522
0.004521
0.004520
0.004518
0.004517
0.004516
0.004514
0.004513
0.004512
0.004510
0.004509
0.004508
0.004507
0.004505
0.004504
0.004503
0.004501
0.004500
0.004499
0.004497
0.004496
0.004495
0.004494
0.004493
0.004491
