0.364748
0.175047
0.054370
0.032547
0.021209
0.015699
0.011903
0.009651
0.008434
0.007934
0.007810
0.007793
0.007783
0.007767
0.007748
0.007725
0.007701
0.007675
0.007648
0.007620
0.007588
0.007552
0.007511
0.007466
0.007415
0.007357
0.007288
0.007205
0.007114
0.007012
0.006877
0.006689
0.006547
0.006419
0.006297
0.006180
0.006071
0.005965
0.005863
0.005765
0.005673
0.005585
0.005505
0.005428
0.005356
0.005288
0.005224
0.005163
0.005106
0.005052
0.005002
0.004953
0.004906
0.004860
0.004814
0.004768
0.004722
0.004675
0.004624
0.004571
0.004512
0.004449
0.004379
0.004299
0.004206
0.004095
0.003963
0.003820
0.003681
0.003569
0.003483
0.003406
0.003332
0.003262
0.003196
0.003132
0.003070
0.003011
0.002955
0.002900
0.002848
0.002796
0.002745
0.002692
0.002639
0.002586
0.002531
0.002474
0.002412
0.002348
0.002282
0.002215
0.002151
0.002092
0.002041
0.001998
0.001960
0.001927
0.001896
0.001869
0.001791
0.001774
0.001768
0.001762
0.001755
0.001745
0.001735
0.001725
0.001715
0.001705
0.001696
0.001687
0.001678
0.001670
0.001662
0.001655
0.001647
0.001641
0.001634
0.001628
0.001621
0.001615
0.001610
0.001604
0.001599
0.001593
0.001588
0.001584
0.001579
0.001574
0.001570
0.001565
0.001561
0.001557
0.001553
0.001549
0.001545
0.001541
0.001538
0.001534
0.001531
0.001528
0.001524
0.001521
0.001518
0.001515
0.001513
0.001510
0.001507
0.001505
0.001503
0.001501
0.001499
0.001497
0.001495
0.001493
0.001491
0.001490
0.001488
0.001486
0.001485
0.001483
0.001482
0.001480
0.001479
0.001478
0.001476
0.001475
0.001474
0.001473
0.001472
0.001471
0.001470
0.001469
0.001468
0.001467
0.001466
0.001465
0.001464
0.001464
0.001463
0.001462
0.001462
0.001461
0.001460
0.001460
0.001459
0.001459
0.001458
0.001458
0.001457
0.001457
0.001456
0.001456
0.001455
0.001455
0.001455
0.001454
0.001454
0.001454
0.001443
0.001457
0.001459
0.001457
0.001455
0.001453
0.001453
0.001453
0.001453
0.001453
0.001452
0.001452
0.001452
0.001452
0.001451
0.001451
0.001451
0.001451
0.001451
0.001451
0.001451
0.001451
0.001451
0.001451
0.001451
0.001451
0.001451
0.001451
0.001451
0.001452
0.001452
0.001452
0.001452
0.001452
0.001452
0.001453
0.001453
0.001453
0.001454
0.001454
0.001455
0.001456
0.001456
0.001457
0.001458
0.001459
0.001460
0.001461
0.001462
0.001463
0.001465
0.001466
0.001468
0.001469
0.001470
0.001471
0.001472
0.001473
0.001473
0.001473
0.001473
0.001472
0.001471
0.001469
0.001468
0.001466
0.001465
0.001464
0.001462
0.001461
0.001460
0.001460
0.001459
0.001458
0.001457
0.001457
0.001456
0.001456
0.001455
0.001455
0.001455
0.001454
0.001454
0.001454
0.001454
0.001454
0.001453
0.001453
0.001453
0.001453
0.001453
0.001453
0.001452
0.001452
0.001452
0.001452
0.001452
0.001452
0.001452
0.001452
0.001428
0.001415
0.001410
0.001411
0.001411
0.001411
0.001411
0.001411
0.001411
0.001411
0.001411
0.001411
0.001411
0.001411
0.001411
0.001411
0.001411
0.001411
0.001411
0.001411
0.001411
0.001411
0.001411
0.001411
0.001411
0.001411
0.001411
0.001411
0.001411
0.001411
0.001411
0.001411
0.001411
0.001411
0.001411
0.001411
0.001411
0.001411
0.001412
0.001412
0.001412
0.001412
0.001412
0.001412
0.001412
0.001412
0.001412
0.001412
0.001412
0.001412
0.001412
0.001412
0.001412
0.001412
0.001412
0.001412
0.001412
0.001412
0.001413
0.001413
0.001413
0.001413
0.001413
0.001413
0.001413
0.001413
0.001413
0.001413
0.001413
0.001413
0.001413
0.001413
0.001413
0.001413
0.001413
0.001414
0.001414
0.001414
0.001414
0.001414
0.001414
0.001414
0.001414
0.001414
0.001414
0.001414
0.001414
0.001414
0.001414
0.001414
0.001414
0.001414
0.001414
0.001414
0.001415
0.001415
0.001415
0.001415
0.001415
0.001415
0.001408
0.001407
0.001408
0.001407
0.001407
0.001407
0.001407
0.001407
0.001407
0.001407
0.001407
0.001406
0.001406
0.001406
0.001406
0.001406
0.001406
0.001406
0.001406
0.001406
0.001406
0.001406
0.001406
0.001406
0.001406
0.001406
0.001406
0.001406
0.001406
0.001406
0.001406
0.001406
0.001406
0.001406
0.001406
0.001406
0.001406
0.001406
0.001406
0.001406
0.001406
0.001406
0.001406
0.001406
0.001406
0.001406
0.001406
0.001406
0.001406
0.001406
0.001406
0.001406
0.001406
0.001406
0.001406
0.001406
0.001406
0.001406
0.001406
0.001406
0.001406
0.001406
0.001406
0.001406
0.001406
0.001406
0.001406
0.001406
0.001406
0.001406
0.001406
0.001406
0.001406
0.001406
0.001406
0.001406
0.001406
0.001406
0.001406
0.001406
0.001406
0.001406
0.001406
0.001406
0.001406
0.001406
0.001406
0.001406
0.001406
0.001406
0.001406
0.001406
0.001406
0.001406
0.001406
0.001406
0.001406
0.001406
0.001406
0.001406
