0.452133
0.203451
0.047811
0.019482
0.009894
0.006079
0.004287
0.003450
0.003052
0.002846
0.002687
0.002552
0.002443
0.002346
0.002263
0.002191
0.002128
0.002067
0.002012
0.001962
0.001916
0.001871
0.001829
0.001789
0.001752
0.001721
0.001690
0.001661
0.001635
0.001614
0.001595
0.001576
0.001557
0.001539
0.001522
0.001508
0.001494
0.001479
0.001465
0.001452
0.001438
0.001424
0.001410
0.001397
0.001386
0.001378
0.001374
0.001370
0.001364
0.001355
0.001345
0.001335
0.001328
0.001323
0.001319
0.001317
0.001314
0.001309
0.001301
0.001292
0.001283
0.001276
0.001273
0.001272
0.001271
0.001266
0.001261
0.001256
0.001251
0.001249
0.001245
0.001240
0.001236
0.001231
0.001227
0.001225
0.001224
0.001224
0.001222
0.001220
0.001217
0.001212
0.001208
0.001203
0.001200
0.001197
0.001193
0.001190
0.001188
0.001185
0.001181
0.001178
0.001175
0.001172
0.001169
0.001166
0.001164
0.001162
0.001160
0.001157
0.001102
0.001096
0.001084
0.001086
0.001085
0.001083
0.001082
0.001081
0.001080
0.001079
0.001078
0.001076
0.001076
0.001074
0.001073
0.001072
0.001071
0.001070
0.001070
0.001069
0.001068
0.001068
0.001067
0.001066
0.001066
0.001065
0.001065
0.001064
0.001064
0.001064
0.001063
0.001062
0.001062
0.001061
0.001060
0.001060
0.001059
0.001058
0.001057
0.001057
0.001056
0.001056
0.001055
0.001054
0.001053
0.001053
0.001052
0.001051
0.001050
0.001049
0.001047
0.001046
0.001045
0.001045
0.001044
0.001043
0.001043
0.001042
0.001041
0.001040
0.001040
0.001039
0.001038
0.001037
0.001036
0.001035
0.001035
0.001034
0.001033
0.001032
0.001032
0.001031
0.001030
0.001029
0.001029
0.001029
0.001028
0.001027
0.001027
0.001026
0.001025
0.001025
0.001024
0.001024
0.001023
0.001023
0.001023
0.001022
0.001022
0.001021
0.001020
0.001020
0.001019
0.001019
0.001018
0.001017
0.001017
0.001017
0.001016
0.001015
0.000994
0.001006
0.001012
0.001016
0.001016
0.001017
0.001016
0.001016
0.001016
0.001016
0.001015
0.001015
0.001015
0.001014
0.001014
0.001013
0.001013
0.001013
0.001012
0.001012
0.001011
0.001011
0.001010
0.001010
0.001009
0.001008
0.001008
0.001007
0.001006
0.001006
0.001005
0.001004
0.001003
0.001002
0.001002
0.001001
0.001000
0.001000
0.000999
0.000998
0.000997
0.000996
0.000995
0.000995
0.000994
0.000993
0.000992
0.000991
0.000990
0.000990
0.000989
0.000988
0.000987
0.000986
0.000985
0.000985
0.000984
0.000983
0.000982
0.000982
0.000981
0.000980
0.000979
0.000978
0.000978
0.000977
0.000976
0.000976
0.000975
0.000974
0.000974
0.000973
0.000972
0.000971
0.000971
0.000970
0.000969
0.000969
0.000968
0.000968
0.000967
0.000967
0.000966
0.000965
0.000965
0.000964
0.000964
0.000963
0.000962
0.000962
0.000961
0.000961
0.000960
0.000960
0.000959
0.000959
0.000958
0.000958
0.000957
0.000957
0.000958
0.000962
0.000957
0.000955
0.000955
0.000955
0.000955
0.000956
0.000956
0.000956
0.000956
0.000957
0.000957
0.000958
0.000958
0.000959
0.000959
0.000960
0.000961
0.000961
0.000962
0.000963
0.000964
0.000965
0.000966
0.000967
0.000967
0.000968
0.000968
0.000968
0.000968
0.000967
0.000967
0.000965
0.000964
0.000963
0.000961
0.000960
0.000959
0.000958
0.000958
0.000957
0.000956
0.000956
0.000955
0.000955
0.000954
0.000954
0.000954
0.000953
0.000953
0.000953
0.000952
0.000952
0.000952
0.000952
0.000951
0.000951
0.000951
0.000950
0.000950
0.000950
0.000950
0.000950
0.000950
0.000949
0.000949
0.000949
0.000949
0.000948
0.000948
0.000948
0.000948
0.000948
0.000947
0.000947
0.000947
0.000947
0.000947
0.000946
0.000946
0.000946
0.000946
0.000946
0.000945
0.000945
0.000945
0.000945
0.000945
0.000945
0.000944
0.000944
0.000944
0.000944
0.000944
0.000944
0.000943
0.000943
0.000943
0.000943
0.000928
0.000923
0.000920
0.000919
0.000920
0.000919
0.000919
0.000919
0.000919
0.000919
0.000919
0.000919
0.000918
0.000918
0.000918
0.000918
0.000918
0.000918
0.000918
0.000918
0.000917
0.000917
0.000917
0.000917
0.000917
0.000917
0.000917
0.000917
0.000917
0.000916
0.000916
0.000916
0.000916
0.000916
0.000916
0.000916
0.000916
0.000916
0.000915
0.000915
0.000915
0.000915
0.000915
0.000915
0.000915
0.000915
0.000915
0.000914
0.000914
0.000914
0.000914
0.000914
0.000914
0.000914
0.000914
0.000914
0.000913
0.000913
0.000913
0.000913
0.000913
0.000913
0.000913
0.000913
0.000913
0.000913
0.000912
0.000912
0.000912
0.000912
0.000912
0.000912
0.000912
0.000912
0.000912
0.000912
0.000912
0.000911
0.000911
0.000911
0.000911
0.000911
0.000911
0.000911
0.000911
0.000911
0.000911
0.000911
0.000911
0.000910
0.000910
0.000910
0.000910
0.000910
0.000910
0.000910
0.000910
0.000910
0.000910
0.000910
