0.355361
0.093756
0.044563
0.023041
0.013663
0.009653
0.006379
0.003825
0.002761
0.002572
0.002377
0.002265
0.002146
0.002034
0.001941
0.001865
0.001803
0.001748
0.001708
0.001675
0.001647
0.001623
0.001602
0.001580
0.001558
0.001534
0.001511
0.001488
0.001464
0.001446
0.001423
0.001408
0.001397
0.001381
0.001365
0.001350
0.001337
0.001327
0.001320
0.001315
0.001309
0.001298
0.001286
0.001276
0.001266
0.001258
0.001250
0.001245
0.001242
0.001239
0.001233
0.001226
0.001218
0.001208
0.001201
0.001196
0.001193
0.001188
0.001183
0.001179
0.001174
0.001167
0.001161
0.001155
0.001150
0.001146
0.001142
0.001138
0.001135
0.001131
0.001128
0.001125
0.001122
0.001120
0.001118
0.001116
0.001113
0.001107
0.001103
0.001101
0.001101
0.001100
0.001097
0.001093
0.001087
0.001081
0.001078
0.001074
0.001073
0.001073
0.001071
0.001068
0.001065
0.001060
0.001057
0.001055
0.001054
0.001052
0.001050
0.001048
0.000971
0.000966
0.000959
0.000959
0.000961
0.000959
0.000958
0.000957
0.000955
0.000954
0.000952
0.000951
0.000949
0.000947
0.000945
0.000943
0.000941
0.000940
0.000938
0.000936
0.000934
0.000932
0.000931
0.000929
0.000927
0.000926
0.000925
0.000924
0.000923
0.000922
0.000921
0.000920
0.000919
0.000918
0.000917
0.000916
0.000915
0.000915
0.000914
0.000913
0.000912
0.000911
0.000910
0.000908
0.000907
0.000906
0.000904
0.000903
0.000901
0.000900
0.000898
0.000896
0.000895
0.000893
0.000891
0.000889
0.000888
0.000886
0.000884
0.000883
0.000881
0.000879
0.000878
0.000876
0.000875
0.000873
0.000872
0.000871
0.000870
0.000869
0.000868
0.000867
0.000866
0.000865
0.000865
0.000864
0.000863
0.000863
0.000862
0.000862
0.000861
0.000860
0.000860
0.000860
0.000859
0.000858
0.000858
0.000858
0.000858
0.000858
0.000857
0.000857
0.000857
0.000857
0.000857
0.000856
0.000856
0.000856
0.000856
0.000856
0.000853
0.000855
0.000843
0.000843
0.000843
0.000842
0.000842
0.000842
0.000842
0.000842
0.000841
0.000841
0.000841
0.000841
0.000841
0.000841
0.000841
0.000841
0.000841
0.000840
0.000840
0.000840
0.000840
0.000840
0.000840
0.000840
0.000840
0.000840
0.000840
0.000840
0.000840
0.000840
0.000840
0.000840
0.000840
0.000840
0.000839
0.000839
0.000839
0.000839
0.000839
0.000839
0.000839
0.000839
0.000839
0.000839
0.000839
0.000839
0.000838
0.000838
0.000838
0.000838
0.000838
0.000838
0.000838
0.000838
0.000838
0.000837
0.000837
0.000837
0.000837
0.000837
0.000837
0.000837
0.000836
0.000836
0.000836
0.000836
0.000836
0.000836
0.000835
0.000835
0.000835
0.000835
0.000835
0.000835
0.000835
0.000835
0.000835
0.000834
0.000834
0.000834
0.000834
0.000834
0.000834
0.000834
0.000834
0.000834
0.000833
0.000833
0.000833
0.000833
0.000833
0.000833
0.000833
0.000833
0.000832
0.000832
0.000832
0.000832
0.000826
0.000848
0.000855
0.000854
0.000853
0.000853
0.000854
0.000855
0.000857
0.000859
0.000861
0.000863
0.000865
0.000866
0.000865
0.000864
0.000861
0.000858
0.000855
0.000853
0.000851
0.000850
0.000849
0.000848
0.000847
0.000847
0.000846
0.000846
0.000845
0.000845
0.000844
0.000844
0.000844
0.000844
0.000843
0.000843
0.000843
0.000843
0.000842
0.000842
0.000842
0.000842
0.000842
0.000842
0.000842
0.000841
0.000841
0.000841
0.000841
0.000841
0.000841
0.000841
0.000841
0.000840
0.000840
0.000840
0.000840
0.000840
0.000840
0.000840
0.000840
0.000840
0.000840
0.000840
0.000840
0.000839
0.000839
0.000839
0.000839
0.000839
0.000839
0.000839
0.000839
0.000839
0.000839
0.000839
0.000839
0.000839
0.000838
0.000838
0.000838
0.000838
0.000838
0.000838
0.000838
0.000838
0.000838
0.000838
0.000838
0.000838
0.000838
0.000838
0.000838
0.000837
0.000837
0.000837
0.000837
0.000837
0.000837
0.000837
0.000822
0.000810
0.000806
0.000807
0.000807
0.000807
0.000807
0.000807
0.000807
0.000807
0.000807
0.000807
0.000807
0.000807
0.000807
0.000807
0.000807
0.000807
0.000807
0.000807
0.000807
0.000807
0.000807
0.000807
0.000807
0.000807
0.000807
0.000807
0.000807
0.000807
0.000807
0.000807
0.000807
0.000807
0.000807
0.000807
0.000807
0.000807
0.000807
0.000807
0.000807
0.000807
0.000807
0.000807
0.000807
0.000807
0.000807
0.000807
0.000807
0.000808
0.000808
0.000808
0.000808
0.000808
0.000808
0.000808
0.000808
0.000808
0.000808
0.000808
0.000808
0.000808
0.000808
0.000808
0.000808
0.000808
0.000808
0.000808
0.000808
0.000808
0.000808
0.000808
0.000808
0.000808
0.000808
0.000808
0.000808
0.000808
0.000808
0.000808
0.000808
0.000808
0.000808
0.000808
0.000808
0.000808
0.000808
0.000808
0.000808
0.000809
0.000809
0.000809
0.000809
0.000809
0.000809
0.000809
0.000809
0.000809
0.000809
0.000809
