0.355120
0.090954
0.044622
0.023915
0.014286
0.009105
0.005858
0.004053
0.003261
0.002939
0.002700
0.002530
0.002344
0.002177
0.002027
0.001921
0.001841
0.001791
0.001751
0.001717
0.001685
0.001659
0.001634
0.001611
0.001589
0.001566
0.001544
0.001524
0.001505
0.001486
0.001467
0.001452
0.001438
0.001422
0.001405
0.001391
0.001376
0.001361
0.001349
0.001336
0.001324
0.001314
0.001305
0.001294
0.001280
0.001264
0.001247
0.001233
0.001222
0.001212
0.001206
0.001197
0.001188
0.001176
0.001165
0.001152
0.001141
0.001130
0.001123
0.001117
0.001110
0.001104
0.001097
0.001088
0.001079
0.001069
0.001059
0.001051
0.001043
0.001034
0.001025
0.001017
0.001008
0.000998
0.000989
0.000982
0.000976
0.000971
0.000967
0.000964
0.000961
0.000959
0.000957
0.000955
0.000954
0.000954
0.000953
0.000954
0.000955
0.000958
0.000963
0.000968
0.000973
0.000978
0.000984
0.000987
0.000989
0.000990
0.000989
0.000986
0.000930
0.000932
0.000919
0.000909
0.000911
0.000909
0.000908
0.000908
0.000908
0.000907
0.000907
0.000907
0.000907
0.000907
0.000907
0.000907
0.000907
0.000907
0.000907
0.000907
0.000907
0.000907
0.000908
0.000908
0.000909
0.000909
0.000909
0.000910
0.000910
0.000910
0.000911
0.000911
0.000911
0.000911
0.000911
0.000911
0.000910
0.000910
0.000910
0.000910
0.000910
0.000910
0.000910
0.000909
0.000909
0.000909
0.000909
0.000909
0.000909
0.000908
0.000908
0.000908
0.000908
0.000908
0.000908
0.000908
0.000908
0.000908
0.000908
0.000908
0.000908
0.000908
0.000908
0.000907
0.000907
0.000906
0.000906
0.000905
0.000904
0.000904
0.000903
0.000902
0.000901
0.000900
0.000899
0.000899
0.000898
0.000897
0.000896
0.000895
0.000895
0.000894
0.000893
0.000893
0.000892
0.000892
0.000892
0.000892
0.000890
0.000891
0.000889
0.000888
0.000886
0.000887
0.000885
0.000886
0.000889
0.000887
0.000886
0.000884
0.000853
0.000853
0.000862
0.000867
0.000869
0.000870
0.000870
0.000870
0.000869
0.000868
0.000868
0.000867
0.000866
0.000865
0.000865
0.000864
0.000863
0.000862
0.000862
0.000861
0.000860
0.000859
0.000858
0.000857
0.000856
0.000855
0.000854
0.000853
0.000852
0.000852
0.000851
0.000850
0.000849
0.000848
0.000847
0.000846
0.000845
0.000844
0.000843
0.000842
0.000841
0.000840
0.000839
0.000839
0.000838
0.000837
0.000836
0.000835
0.000835
0.000834
0.000833
0.000833
0.000832
0.000831
0.000831
0.000830
0.000829
0.000829
0.000828
0.000828
0.000827
0.000827
0.000826
0.000826
0.000825
0.000825
0.000824
0.000824
0.000824
0.000823
0.000823
0.000823
0.000823
0.000822
0.000822
0.000822
0.000822
0.000821
0.000821
0.000821
0.000821
0.000820
0.000820
0.000820
0.000820
0.000820
0.000820
0.000819
0.000820
0.000819
0.000819
0.000819
0.000819
0.000819
0.000819
0.000819
0.000819
0.000819
0.000819
0.000819
0.000819
0.000826
0.000822
0.000820
0.000819
0.000820
0.000820
0.000820
0.000820
0.000820
0.000820
0.000820
0.000820
0.000820
0.000820
0.000820
0.000820
0.000820
0.000820
0.000820
0.000820
0.000820
0.000820
0.000821
0.000821
0.000821
0.000821
0.000821
0.000821
0.000821
0.000821
0.000821
0.000821
0.000821
0.000821
0.000821
0.000821
0.000821
0.000821
0.000821
0.000821
0.000821
0.000821
0.000821
0.000821
0.000822
0.000822
0.000822
0.000822
0.000822
0.000822
0.000822
0.000822
0.000822
0.000822
0.000822
0.000822
0.000822
0.000822
0.000822
0.000822
0.000822
0.000822
0.000822
0.000822
0.000822
0.000821
0.000821
0.000821
0.000821
0.000821
0.000821
0.000821
0.000821
0.000821
0.000821
0.000821
0.000821
0.000821
0.000821
0.000821
0.000821
0.000821
0.000821
0.000821
0.000821
0.000821
0.000821
0.000821
0.000820
0.000820
0.000820
0.000820
0.000820
0.000820
0.000820
0.000820
0.000820
0.000820
0.000820
0.000825
0.000826
0.000823
0.000817
0.000812
0.000811
0.000812
0.000811
0.000811
0.000810
0.000810
0.000810
0.000810
0.000810
0.000809
0.000809
0.000809
0.000809
0.000809
0.000809
0.000809
0.000809
0.000809
0.000808
0.000808
0.000808
0.000808
0.000808
0.000808
0.000808
0.000808
0.000808
0.000808
0.000808
0.000808
0.000808
0.000808
0.000808
0.000808
0.000807
0.000807
0.000807
0.000807
0.000807
0.000807
0.000807
0.000807
0.000807
0.000807
0.000807
0.000807
0.000807
0.000807
0.000807
0.000807
0.000807
0.000807
0.000807
0.000807
0.000807
0.000807
0.000807
0.000807
0.000807
0.000807
0.000807
0.000807
0.000807
0.000807
0.000807
0.000807
0.000807
0.000807
0.000807
0.000807
0.000807
0.000807
0.000807
0.000807
0.000807
0.000807
0.000807
0.000807
0.000807
0.000807
0.000807
0.000807
0.000807
0.000807
0.000807
0.000807
0.000807
0.000807
0.000807
0.000806
0.000806
0.000806
0.000806
0.000806
0.000806
