0.401307
0.164382
0.054698
0.035611
0.023655
0.014347
0.008816
0.006360
0.005033
0.004324
0.003833
0.003480
0.003208
0.002988
0.002800
0.002655
0.002555
0.002475
0.002412
0.002356
0.002305
0.002257
0.002214
0.002174
0.002138
0.002106
0.002076
0.002048
0.002021
0.001996
0.001970
0.001947
0.001925
0.001903
0.001884
0.001866
0.001847
0.001826
0.001807
0.001787
0.001769
0.001750
0.001731
0.001715
0.001700
0.001684
0.001668
0.001654
0.001640
0.001626
0.001612
0.001598
0.001585
0.001570
0.001558
0.001545
0.001534
0.001523
0.001511
0.001500
0.001491
0.001480
0.001472
0.001464
0.001456
0.001449
0.001442
0.001435
0.001429
0.001423
0.001418
0.001413
0.001408
0.001403
0.001398
0.001394
0.001390
0.001383
0.001378
0.001370
0.001364
0.001357
0.001351
0.001342
0.001335
0.001327
0.001319
0.001312
0.001305
0.001300
0.001295
0.001291
0.001286
0.001283
0.001280
0.001278
0.001279
0.001277
0.001274
0.001270
0.001235
0.001234
0.001232
0.001229
0.001225
0.001223
0.001222
0.001221
0.001220
0.001218
0.001217
0.001216
0.001215
0.001214
0.001213
0.001212
0.001211
0.001210
0.001209
0.001207
0.001206
0.001206
0.001204
0.001204
0.001203
0.001202
0.001201
0.001200
0.001200
0.001199
0.001198
0.001198
0.001197
0.001196
0.001195
0.001194
0.001192
0.001192
0.001191
0.001189
0.001188
0.001187
0.001186
0.001184
0.001183
0.001182
0.001180
0.001179
0.001178
0.001177
0.001177
0.001175
0.001174
0.001173
0.001172
0.001171
0.001170
0.001169
0.001168
0.001167
0.001165
0.001164
0.001163
0.001161
0.001160
0.001158
0.001157
0.001156
0.001155
0.001154
0.001153
0.001152
0.001151
0.001150
0.001150
0.001149
0.001149
0.001147
0.001146
0.001145
0.001144
0.001143
0.001143
0.001142
0.001141
0.001141
0.001140
0.001140
0.001139
0.001138
0.001137
0.001137
0.001137
0.001136
0.001135
0.001134
0.001133
0.001132
0.001131
0.001131
0.001111
0.001135
0.001163
0.001178
0.001188
0.001195
0.001200
0.001203
0.001204
0.001202
0.001198
0.001193
0.001186
0.001179
0.001171
0.001165
0.001160
0.001156
0.001153
0.001151
0.001149
0.001146
0.001145
0.001144
0.001142
0.001141
0.001140
0.001139
0.001138
0.001137
0.001136
0.001135
0.001135
0.001134
0.001133
0.001133
0.001132
0.001132
0.001131
0.001130
0.001130
0.001129
0.001129
0.001128
0.001128
0.001127
0.001127
0.001126
0.001126
0.001125
0.001125
0.001124
0.001124
0.001124
0.001124
0.001124
0.001123
0.001123
0.001122
0.001122
0.001122
0.001121
0.001122
0.001121
0.001121
0.001120
0.001120
0.001120
0.001119
0.001119
0.001119
0.001118
0.001118
0.001117
0.001117
0.001117
0.001116
0.001116
0.001116
0.001116
0.001115
0.001115
0.001114
0.001114
0.001114
0.001114
0.001113
0.001113
0.001113
0.001113
0.001112
0.001112
0.001112
0.001112
0.001111
0.001111
0.001111
0.001111
0.001110
0.001110
0.001074
0.001053
0.001042
0.001045
0.001044
0.001043
0.001043
0.001043
0.001043
0.001043
0.001043
0.001043
0.001043
0.001043
0.001043
0.001043
0.001043
0.001043
0.001043
0.001043
0.001043
0.001043
0.001043
0.001043
0.001043
0.001042
0.001042
0.001042
0.001042
0.001042
0.001042
0.001042
0.001042
0.001042
0.001042
0.001042
0.001042
0.001042
0.001042
0.001042
0.001042
0.001042
0.001042
0.001042
0.001042
0.001042
0.001042
0.001042
0.001042
0.001042
0.001042
0.001042
0.001042
0.001042
0.001042
0.001042
0.001042
0.001042
0.001042
0.001042
0.001042
0.001042
0.001042
0.001042
0.001042
0.001042
0.001042
0.001042
0.001042
0.001042
0.001042
0.001042
0.001042
0.001042
0.001041
0.001041
0.001041
0.001041
0.001041
0.001041
0.001041
0.001041
0.001041
0.001041
0.001041
0.001041
0.001041
0.001041
0.001041
0.001041
0.001041
0.001041
0.001041
0.001041
0.001041
0.001041
0.001041
0.001041
0.001041
0.001041
0.001031
0.001029
0.001027
0.001025
0.001025
0.001025
0.001025
0.001025
0.001025
0.001025
0.001025
0.001025
0.001025
0.001024
0.001024
0.001024
0.001024
0.001024
0.001024
0.001024
0.001024
0.001024
0.001024
0.001024
0.001024
0.001024
0.001023
0.001023
0.001023
0.001023
0.001023
0.001023
0.001023
0.001023
0.001023
0.001023
0.001023
0.001023
0.001022
0.001022
0.001022
0.001022
0.001022
0.001022
0.001022
0.001022
0.001022
0.001022
0.001022
0.001022
0.001022
0.001022
0.001022
0.001022
0.001021
0.001021
0.001021
0.001021
0.001021
0.001021
0.001021
0.001021
0.001021
0.001021
0.001021
0.001021
0.001021
0.001021
0.001021
0.001021
0.001020
0.001020
0.001020
0.001020
0.001020
0.001020
0.001020
0.001020
0.001020
0.001020
0.001020
0.001020
0.001020
0.001020
0.001020
0.001020
0.001020
0.001019
0.001019
0.001019
0.001019
0.001019
0.001019
0.001019
0.001019
0.001019
0.001019
0.001019
0.001019
0.001019
