0.392124
0.132457
0.043451
0.018909
0.008491
0.004848
0.003357
0.002799
0.002444
0.002204
0.002059
0.001973
0.001902
0.001844
0.001791
0.001746
0.001705
0.001666
0.001629
0.001593
0.001558
0.001523
0.001489
0.001456
0.001426
0.001401
0.001381
0.001363
0.001348
0.001334
0.001321
0.001310
0.001301
0.001291
0.001284
0.001276
0.001268
0.001262
0.001255
0.001249
0.001243
0.001237
0.001230
0.001224
0.001217
0.001211
0.001203
0.001196
0.001187
0.001181
0.001174
0.001167
0.001161
0.001157
0.001152
0.001146
0.001141
0.001138
0.001135
0.001131
0.001126
0.001120
0.001116
0.001111
0.001105
0.001099
0.001094
0.001089
0.001085
0.001079
0.001074
0.001068
0.001061
0.001053
0.001046
0.001040
0.001036
0.001032
0.001029
0.001025
0.001020
0.001016
0.001014
0.001010
0.001007
0.001003
0.001000
0.000999
0.000998
0.000998
0.000998
0.000998
0.000998
0.000999
0.001001
0.001002
0.001002
0.001003
0.001003
0.001000
0.000948
0.000947
0.000954
0.000959
0.000962
0.000962
0.000962
0.000962
0.000960
0.000958
0.000955
0.000952
0.000949
0.000946
0.000943
0.000940
0.000938
0.000937
0.000936
0.000935
0.000933
0.000932
0.000931
0.000930
0.000929
0.000928
0.000927
0.000926
0.000926
0.000925
0.000925
0.000924
0.000924
0.000923
0.000922
0.000922
0.000922
0.000921
0.000921
0.000920
0.000919
0.000918
0.000918
0.000917
0.000917
0.000916
0.000916
0.000915
0.000915
0.000915
0.000914
0.000914
0.000913
0.000912
0.000912
0.000911
0.000911
0.000910
0.000909
0.000909
0.000909
0.000908
0.000908
0.000907
0.000907
0.000907
0.000906
0.000906
0.000906
0.000905
0.000905
0.000904
0.000904
0.000904
0.000904
0.000903
0.000903
0.000902
0.000902
0.000902
0.000901
0.000901
0.000901
0.000900
0.000900
0.000900
0.000900
0.000899
0.000899
0.000899
0.000898
0.000898
0.000898
0.000898
0.000897
0.000897
0.000896
0.000896
0.000896
0.000896
0.000851
0.000856
0.000864
0.000868
0.000869
0.000870
0.000870
0.000870
0.000869
0.000869
0.000868
0.000867
0.000867
0.000866
0.000865
0.000865
0.000864
0.000863
0.000862
0.000862
0.000861
0.000860
0.000859
0.000858
0.000858
0.000857
0.000856
0.000856
0.000855
0.000854
0.000854
0.000853
0.000853
0.000852
0.000851
0.000851
0.000850
0.000850
0.000849
0.000849
0.000848
0.000848
0.000847
0.000847
0.000846
0.000846
0.000846
0.000845
0.000845
0.000844
0.000844
0.000844
0.000843
0.000843
0.000843
0.000842
0.000842
0.000842
0.000842
0.000841
0.000841
0.000841
0.000841
0.000840
0.000840
0.000840
0.000840
0.000840
0.000839
0.000839
0.000839
0.000839
0.000838
0.000838
0.000838
0.000838
0.000837
0.000837
0.000837
0.000837
0.000837
0.000837
0.000836
0.000836
0.000836
0.000836
0.000836
0.000835
0.000835
0.000835
0.000835
0.000835
0.000835
0.000834
0.000834
0.000834
0.000834
0.000834
0.000834
0.000834
0.000825
0.000836
0.000838
0.000839
0.000840
0.000841
0.000841
0.000841
0.000841
0.000842
0.000842
0.000842
0.000842
0.000843
0.000843
0.000843
0.000843
0.000843
0.000843
0.000843
0.000844
0.000844
0.000844
0.000844
0.000844
0.000844
0.000844
0.000843
0.000843
0.000843
0.000843
0.000843
0.000843
0.000843
0.000842
0.000842
0.000842
0.000842
0.000842
0.000842
0.000841
0.000841
0.000841
0.000841
0.000841
0.000841
0.000841
0.000840
0.000840
0.000840
0.000840
0.000840
0.000840
0.000840
0.000840
0.000840
0.000840
0.000840
0.000840
0.000840
0.000840
0.000840
0.000839
0.000839
0.000839
0.000839
0.000839
0.000839
0.000839
0.000839
0.000839
0.000839
0.000839
0.000839
0.000839
0.000839
0.000839
0.000839
0.000839
0.000839
0.000838
0.000838
0.000838
0.000838
0.000838
0.000838
0.000838
0.000838
0.000838
0.000838
0.000838
0.000838
0.000838
0.000838
0.000838
0.000838
0.000838
0.000838
0.000838
0.000838
0.000823
0.000808
0.000805
0.000806
0.000806
0.000806
0.000806
0.000806
0.000806
0.000806
0.000806
0.000806
0.000806
0.000806
0.000806
0.000806
0.000806
0.000806
0.000806
0.000806
0.000806
0.000806
0.000806
0.000806
0.000806
0.000806
0.000806
0.000806
0.000806
0.000806
0.000806
0.000806
0.000806
0.000806
0.000806
0.000806
0.000806
0.000806
0.000806
0.000806
0.000806
0.000806
0.000806
0.000806
0.000806
0.000806
0.000806
0.000806
0.000806
0.000806
0.000806
0.000807
0.000807
0.000807
0.000807
0.000807
0.000807
0.000807
0.000807
0.000807
0.000807
0.000807
0.000807
0.000807
0.000807
0.000807
0.000807
0.000807
0.000807
0.000807
0.000807
0.000807
0.000807
0.000807
0.000807
0.000808
0.000808
0.000808
0.000808
0.000808
0.000808
0.000808
0.000808
0.000808
0.000808
0.000808
0.000808
0.000808
0.000808
0.000808
0.000808
0.000808
0.000808
0.000808
0.000808
0.000808
0.000808
0.000808
0.000808
0.000808
