0.442211
0.314973
0.171109
0.057769
0.033566
0.021801
0.016381
0.013198
0.010618
0.008293
0.006254
0.004740
0.003735
0.003131
0.002785
0.002584
0.002454
0.002361
0.002290
0.002230
0.002180
0.002137
0.002100
0.002067
0.002038
0.002011
0.001988
0.001967
0.001948
0.001929
0.001911
0.001894
0.001877
0.001862
0.001846
0.001831
0.001818
0.001806
0.001794
0.001783
0.001773
0.001763
0.001753
0.001743
0.001734
0.001725
0.001716
0.001707
0.001698
0.001690
0.001682
0.001674
0.001666
0.001658
0.001650
0.001643
0.001636
0.001628
0.001621
0.001614
0.001607
0.001599
0.001592
0.001586
0.001579
0.001572
0.001565
0.001558
0.001551
0.001544
0.001537
0.001530
0.001524
0.001517
0.001510
0.001503
0.001497
0.001490
0.001484
0.001477
0.001471
0.001466
0.001461
0.001456
0.001449
0.001443
0.001437
0.001431
0.001426
0.001420
0.001416
0.001413
0.001409
0.001405
0.001401
0.001397
0.001394
0.001390
0.001387
0.001383
0.001339
0.001320
0.001320
0.001316
0.001314
0.001311
0.001309
0.001307
0.001305
0.001303
0.001301
0.001300
0.001298
0.001296
0.001294
0.001292
0.001290
0.001288
0.001286
0.001284
0.001282
0.001281
0.001279
0.001277
0.001275
0.001273
0.001271
0.001270
0.001268
0.001267
0.001266
0.001264
0.001263
0.001261
0.001260
0.001259
0.001257
0.001256
0.001255
0.001253
0.001252
0.001251
0.001249
0.001248
0.001247
0.001246
0.001245
0.001244
0.001242
0.001241
0.001240
0.001239
0.001238
0.001237
0.001235
0.001234
0.001233
0.001232
0.001231
0.001230
0.001229
0.001228
0.001227
0.001226
0.001225
0.001224
0.001223
0.001222
0.001221
0.001220
0.001219
0.001218
0.001217
0.001215
0.001215
0.001213
0.001212
0.001211
0.001210
0.001209
0.001208
0.001207
0.001206
0.001206
0.001205
0.001204
0.001203
0.001203
0.001202
0.001201
0.001200
0.001200
0.001199
0.001198
0.001197
0.001197
0.001196
0.001195
0.001193
0.001192
0.001171
0.001183
0.001197
0.001203
0.001205
0.001206
0.001207
0.001207
0.001207
0.001206
0.001205
0.001204
0.001203
0.001202
0.001200
0.001199
0.001197
0.001196
0.001195
0.001194
0.001193
0.001192
0.001191
0.001190
0.001189
0.001189
0.001188
0.001187
0.001186
0.001186
0.001185
0.001185
0.001184
0.001183
0.001183
0.001182
0.001182
0.001181
0.001181
0.001180
0.001180
0.001180
0.001179
0.001179
0.001178
0.001178
0.001177
0.001177
0.001177
0.001176
0.001176
0.001175
0.001175
0.001175
0.001175
0.001174
0.001174
0.001174
0.001173
0.001173
0.001172
0.001172
0.001172
0.001171
0.001171
0.001170
0.001170
0.001170
0.001170
0.001169
0.001169
0.001169
0.001168
0.001168
0.001167
0.001167
0.001167
0.001166
0.001166
0.001166
0.001165
0.001165
0.001165
0.001164
0.001164
0.001164
0.001164
0.001163
0.001163
0.001163
0.001162
0.001162
0.001162
0.001161
0.001161
0.001161
0.001160
0.001160
0.001160
0.001159
0.001146
0.001123
0.001122
0.001123
0.001122
0.001122
0.001122
0.001121
0.001121
0.001121
0.001121
0.001121
0.001121
0.001121
0.001120
0.001120
0.001120
0.001120
0.001120
0.001120
0.001119
0.001119
0.001119
0.001119
0.001119
0.001119
0.001118
0.001118
0.001118
0.001118
0.001118
0.001118
0.001118
0.001117
0.001117
0.001117
0.001117
0.001117
0.001117
0.001117
0.001116
0.001116
0.001116
0.001116
0.001116
0.001116
0.001116
0.001115
0.001115
0.001115
0.001115
0.001115
0.001115
0.001115
0.001114
0.001114
0.001114
0.001114
0.001114
0.001114
0.001114
0.001113
0.001113
0.001113
0.001113
0.001113
0.001113
0.001113
0.001112
0.001112
0.001112
0.001112
0.001112
0.001112
0.001112
0.001111
0.001111
0.001111
0.001111
0.001111
0.001111
0.001111
0.001111
0.001110
0.001110
0.001110
0.001110
0.001110
0.001110
0.001110
0.001109
0.001109
0.001109
0.001109
0.001109
0.001109
0.001109
0.001109
0.001108
0.001108
0.001103
0.001103
0.001103
0.001101
0.001101
0.001101
0.001101
0.001101
0.001101
0.001101
0.001101
0.001101
0.001100
0.001100
0.001100
0.001100
0.001100
0.001100
0.001100
0.001099
0.001099
0.001099
0.001099
0.001099
0.001099
0.001099
0.001099
0.001099
0.001098
0.001098
0.001098
0.001098
0.001098
0.001098
0.001098
0.001098
0.001098
0.001097
0.001097
0.001097
0.001097
0.001097
0.001097
0.001097
0.001097
0.001096
0.001096
0.001096
0.001096
0.001096
0.001096
0.001096
0.001096
0.001096
0.001095
0.001095
0.001095
0.001095
0.001095
0.001095
0.001095
0.001095
0.001095
0.001094
0.001094
0.001094
0.001094
0.001094
0.001094
0.001094
0.001094
0.001094
0.001093
0.001093
0.001093
0.001093
0.001093
0.001093
0.001093
0.001093
0.001093
0.001092
0.001092
0.001092
0.001092
0.001092
0.001092
0.001092
0.001092
0.001092
0.001091
0.001091
0.001091
0.001091
0.001091
0.001091
0.001091
0.001091
0.001090
0.001090
