0.516508
0.445919
0.292437
0.120647
0.068181
0.047472
0.035933
0.027417
0.021391
0.016754
0.013133
0.010942
0.009607
0.008860
0.008494
0.008334
0.008259
0.008212
0.008173
0.008138
0.008104
0.008074
0.008045
0.008018
0.007992
0.007968
0.007943
0.007918
0.007889
0.007860
0.007830
0.007801
0.007778
0.007759
0.007742
0.007725
0.007709
0.007690
0.007670
0.007651
0.007628
0.007605
0.007580
0.007556
0.007529
0.007502
0.007475
0.007446
0.007415
0.007381
0.007346
0.007313
0.007276
0.007237
0.007195
0.007153
0.007110
0.007070
0.007031
0.006993
0.006952
0.006913
0.006872
0.006835
0.006795
0.006758
0.006721
0.006685
0.006646
0.006610
0.006572
0.006533
0.006496
0.006460
0.006422
0.006386
0.006349
0.006312
0.006267
0.006218
0.006167
0.006110
0.006045
0.005968
0.005895
0.005824
0.005761
0.005710
0.005668
0.005630
0.005594
0.005560
0.005528
0.005497
0.005467
0.005437
0.005407
0.005379
0.005351
0.005325
0.005227
0.005210
0.005183
0.005170
0.005160
0.005149
0.005138
0.005128
0.005118
0.005107
0.005098
0.005087
0.005078
0.005068
0.005058
0.005048
0.005039
0.005030
0.005021
0.005012
0.005004
0.004995
0.004987
0.004979
0.004972
0.004965
0.004958
0.004951
0.004945
0.004938
0.004932
0.004925
0.004917
0.004898
0.004878
0.004845
0.004796
0.004722
0.004635
0.004552
0.004465
0.004370
0.004269
0.004170
0.004078
0.003991
0.003908
0.003829
0.003755
0.003687
0.003624
0.003565
0.003512
0.003462
0.003417
0.003376
0.003339
0.003304
0.003271
0.003241
0.003213
0.003186
0.003162
0.003138
0.003115
0.003094
0.003073
0.003054
0.003034
0.003015
0.002997
0.002980
0.002964
0.002947
0.002932
0.002916
0.002902
0.002887
0.002873
0.002860
0.002846
0.002833
0.002821
0.002808
0.002796
0.002784
0.002773
0.002761
0.002750
0.002739
0.002728
0.002718
0.002708
0.002697
0.002688
0.002678
0.002668
0.002659
0.002650
0.002641
0.002618
0.002596
0.002589
0.002585
0.002580
0.002575
0.002571
0.002567
0.002563
0.002559
0.002555
0.002551
0.002547
0.002543
0.002540
0.002536
0.002532
0.002528
0.002524
0.002520
0.002517
0.002513
0.002509
0.002506
0.002502
0.002498
0.002495
0.002491
0.002488
0.002484
0.002481
0.002477
0.002473
0.002470
0.002467
0.002463
0.002460
0.002456
0.002453
0.002450
0.002446
0.002443
0.002440
0.002436
0.002433
0.002430
0.002427
0.002424
0.002420
0.002417
0.002414
0.002411
0.002408
0.002405
0.002402
0.002399
0.002395
0.002392
0.002389
0.002386
0.002383
0.002380
0.002377
0.002374
0.002371
0.002368
0.002365
0.002362
0.002359
0.002356
0.002353
0.002351
0.002348
0.002345
0.002342
0.002339
0.002336
0.002334
0.002331
0.002328
0.002325
0.002322
0.002320
0.002317
0.002314
0.002311
0.002309
0.002306
0.002303
0.002300
0.002298
0.002295
0.002292
0.002290
0.002287
0.002285
0.002282
0.002280
0.002277
0.002274
0.002256
0.002247
0.002242
0.002240
0.002239
0.002238
0.002237
0.002235
0.002234
0.002233
0.002232
0.002230
0.002229
0.002228
0.002226
0.002225
0.002224
0.002223
0.002221
0.002220
0.002219
0.002217
0.002216
0.002215
0.002214
0.002212
0.002211
0.002210
0.002209
0.002207
0.002206
0.002205
0.002204
0.002202
0.002201
0.002200
0.002199
0.002197
0.002196
0.002195
0.002194
0.002192
0.002191
0.002190
0.002189
0.002187
0.002186
0.002185
0.002184
0.002182
0.002181
0.002180
0.002179
0.002177
0.002176
0.002175
0.002174
0.002173
0.002171
0.002170
0.002169
0.002168
0.002166
0.002165
0.002164
0.002163
0.002162
0.002160
0.002159
0.002158
0.002157
0.002155
0.002154
0.002153
0.002152
0.002150
0.002149
0.002148
0.002147
0.002146
0.002144
0.002143
0.002142
0.002141
0.002139
0.002138
0.002137
0.002136
0.002135
0.002133
0.002132
0.002131
0.002130
0.002129
0.002127
0.002126
0.002125
0.002124
0.002123
0.002121
0.002114
0.002118
0.002120
0.002121
0.002122
0.002121
0.002121
0.002120
0.002120
0.002119
0.002118
0.002118
0.002117
0.002117
0.002116
0.002115
0.002115
0.002114
0.002114
0.002113
0.002112
0.002112
0.002111
0.002111
0.002110
0.002109
0.002109
0.002108
0.002108
0.002107
0.002106
0.002106
0.002105
0.002105
0.002104
0.002103
0.002103
0.002102
0.002102
0.002101
0.002101
0.002100
0.002099
0.002099
0.002098
0.002098
0.002097
0.002097
0.002096
0.002095
0.002095
0.002094
0.002094
0.002093
0.002093
0.002092
0.002092
0.002091
0.002091
0.002090
0.002090
0.002089
0.002088
0.002088
0.002087
0.002087
0.002086
0.002086
0.002085
0.002085
0.002084
0.002084
0.002083
0.002083
0.002082
0.002082
0.002081
0.002081
0.002080
0.002080
0.002079
0.002079
0.002078
0.002078
0.002077
0.002077
0.002076
0.002076
0.002075
0.002075
0.002074
0.002074
0.002073
0.002073
0.002072
0.002072
0.002071
0.002071
0.002070
0.002070
