0.531077
0.380927
0.204339
0.092324
0.048607
0.031156
0.021846
0.015025
0.010080
0.008457
0.007979
0.007771
0.007657
0.007590
0.007542
0.007499
0.007461
0.007427
0.007393
0.007360
0.007327
0.007294
0.007259
0.007222
0.007183
0.007146
0.007107
0.007065
0.007020
0.006972
0.006924
0.006873
0.006824
0.006770
0.006712
0.006650
0.006587
0.006522
0.006454
0.006382
0.006310
0.006236
0.006162
0.006087
0.006014
0.005944
0.005875
0.005808
0.005739
0.005669
0.005602
0.005532
0.005466
0.005400
0.005340
0.005283
0.005228
0.005176
0.005126
0.005081
0.005040
0.005004
0.004966
0.004933
0.004900
0.004869
0.004841
0.004816
0.004794
0.004773
0.004754
0.004733
0.004712
0.004693
0.004675
0.004657
0.004642
0.004627
0.004614
0.004598
0.004587
0.004574
0.004563
0.004552
0.004541
0.004532
0.004524
0.004517
0.004510
0.004503
0.004495
0.004490
0.004485
0.004480
0.004478
0.004473
0.004469
0.004467
0.004462
0.004457
0.004283
0.004218
0.004201
0.004195
0.004194
0.004195
0.004193
0.004192
0.004190
0.004189
0.004189
0.004187
0.004186
0.004185
0.004185
0.004184
0.004183
0.004183
0.004182
0.004182
0.004181
0.004181
0.004180
0.004180
0.004180
0.004179
0.004179
0.004179
0.004178
0.004178
0.004177
0.004178
0.004177
0.004177
0.004177
0.004177
0.004177
0.004177
0.004177
0.004176
0.004177
0.004177
0.004177
0.004177
0.004177
0.004178
0.004178
0.004178
0.004178
0.004178
0.004177
0.004177
0.004176
0.004176
0.004175
0.004176
0.004174
0.004176
0.004174
0.004175
0.004173
0.004174
0.004173
0.004173
0.004173
0.004174
0.004174
0.004174
0.004174
0.004173
0.004172
0.004172
0.004172
0.004171
0.004171
0.004171
0.004170
0.004170
0.004170
0.004169
0.004169
0.004169
0.004168
0.004168
0.004167
0.004167
0.004166
0.004166
0.004167
0.004166
0.004165
0.004164
0.004164
0.004164
0.004165
0.004163
0.004163
0.004162
0.004163
0.004161
0.004103
0.004075
0.004065
0.004063
0.004062
0.004062
0.004062
0.004061
0.004061
0.004061
0.004060
0.004060
0.004059
0.004059
0.004058
0.004058
0.004058
0.004057
0.004057
0.004056
0.004056
0.004055
0.004055
0.004054
0.004053
0.004053
0.004052
0.004051
0.004050
0.004049
0.004048
0.004047
0.004046
0.004045
0.004044
0.004043
0.004041
0.004041
0.004039
0.004038
0.004037
0.004036
0.004035
0.004034
0.004033
0.004031
0.004030
0.004029
0.004028
0.004026
0.004025
0.004024
0.004022
0.004021
0.004019
0.004018
0.004017
0.004016
0.004014
0.004012
0.004011
0.004009
0.004007
0.004006
0.004004
0.004002
0.004000
0.003998
0.003996
0.003994
0.003992
0.003990
0.003988
0.003986
0.003984
0.003982
0.003979
0.003977
0.003975
0.003972
0.003969
0.003967
0.003964
0.003961
0.003959
0.003956
0.003954
0.003952
0.003949
0.003946
0.003944
0.003941
0.003939
0.003936
0.003934
0.003932
0.003929
0.003927
0.003925
0.003923
0.003904
0.003914
0.003923
0.003924
0.003925
0.003924
0.003923
0.003922
0.003922
0.003921
0.003920
0.003919
0.003919
0.003918
0.003917
0.003916
0.003915
0.003914
0.003914
0.003913
0.003912
0.003912
0.003911
0.003910
0.003909
0.003909
0.003908
0.003907
0.003906
0.003906
0.003905
0.003904
0.003903
0.003903
0.003902
0.003901
0.003900
0.003900
0.003899
0.003898
0.003897
0.003896
0.003895
0.003895
0.003894
0.003893
0.003892
0.003891
0.003890
0.003890
0.003889
0.003888
0.003887
0.003886
0.003886
0.003885
0.003884
0.003883
0.003882
0.003881
0.003881
0.003880
0.003879
0.003878
0.003877
0.003876
0.003875
0.003874
0.003873
0.003872
0.003872
0.003871
0.003870
0.003869
0.003868
0.003868
0.003867
0.003866
0.003865
0.003864
0.003863
0.003862
0.003861
0.003860
0.003859
0.003858
0.003857
0.003856
0.003854
0.003853
0.003852
0.003851
0.003850
0.003849
0.003848
0.003847
0.003847
0.003846
0.003845
0.003844
0.003824
0.003822
0.003816
0.003816
0.003816
0.003815
0.003815
0.003815
0.003814
0.003814
0.003814
0.003813
0.003813
0.003812
0.003812
0.003812
0.003811
0.003811
0.003811
0.003810
0.003810
0.003810
0.003809
0.003809
0.003809
0.003808
0.003808
0.003808
0.003807
0.003807
0.003807
0.003806
0.003806
0.003806
0.003805
0.003805
0.003805
0.003805
0.003804
0.003804
0.003804
0.003803
0.003803
0.003803
0.003802
0.003802
0.003802
0.003802
0.003801
0.003801
0.003801
0.003801
0.003800
0.003800
0.003800
0.003799
0.003799
0.003799
0.003799
0.003798
0.003798
0.003798
0.003797
0.003797
0.003797
0.003796
0.003796
0.003796
0.003796
0.003795
0.003795
0.003795
0.003795
0.003794
0.003794
0.003794
0.003793
0.003793
0.003793
0.003793
0.003792
0.003792
0.003792
0.003791
0.003791
0.003791
0.003790
0.003790
0.003790
0.003790
0.003789
0.003789
0.003789
0.003788
0.003788
0.003788
0.003787
0.003787
0.003787
0.003786
