0.475302
0.312710
0.208895
0.113053
0.061518
0.025072
0.009741
0.007756
0.007429
0.007228
0.007060
0.006906
0.006771
0.006650
0.006535
0.006428
0.006330
0.006236
0.006148
0.006063
0.005980
0.005900
0.005817
0.005727
0.005624
0.005515
0.005419
0.005345
0.005286
0.005236
0.005187
0.005140
0.005093
0.005050
0.005009
0.004972
0.004933
0.004896
0.004861
0.004824
0.004788
0.004750
0.004713
0.004674
0.004638
0.004604
0.004571
0.004540
0.004509
0.004479
0.004445
0.004411
0.004379
0.004349
0.004315
0.004281
0.004246
0.004210
0.004172
0.004130
0.004086
0.004040
0.003990
0.003939
0.003886
0.003830
0.003774
0.003717
0.003660
0.003603
0.003544
0.003485
0.003426
0.003368
0.003313
0.003259
0.003201
0.003147
0.003098
0.003049
0.003003
0.002956
0.002913
0.002869
0.002827
0.002784
0.002742
0.002701
0.002664
0.002629
0.002597
0.002567
0.002539
0.002512
0.002489
0.002466
0.002444
0.002423
0.002402
0.002383
0.002336
0.002324
0.002311
0.002302
0.002293
0.002285
0.002278
0.002271
0.002263
0.002256
0.002249
0.002242
0.002235
0.002229
0.002222
0.002216
0.002209
0.002203
0.002197
0.002191
0.002185
0.002179
0.002173
0.002167
0.002162
0.002156
0.002151
0.002145
0.002140
0.002135
0.002129
0.002124
0.002119
0.002114
0.002108
0.002102
0.002097
0.002092
0.002088
0.002083
0.002079
0.002074
0.002070
0.002065
0.002060
0.002055
0.002050
0.002045
0.002041
0.002036
0.002032
0.002026
0.002022
0.002018
0.002014
0.002011
0.002007
0.002003
0.001997
0.001991
0.001986
0.001982
0.001978
0.001974
0.001970
0.001966
0.001961
0.001957
0.001953
0.001949
0.001945
0.001940
0.001936
0.001932
0.001927
0.001922
0.001919
0.001914
0.001909
0.001905
0.001900
0.001896
0.001892
0.001887
0.001883
0.001878
0.001874
0.001869
0.001865
0.001861
0.001857
0.001853
0.001850
0.001845
0.001841
0.001836
0.001831
0.001827
0.001822
0.001817
0.001806
0.001772
0.001761
0.001759
0.001756
0.001754
0.001752
0.001750
0.001748
0.001746
0.001744
0.001742
0.001740
0.001738
0.001736
0.001734
0.001732
0.001731
0.001729
0.001727
0.001725
0.001723
0.001721
0.001719
0.001718
0.001716
0.001714
0.001712
0.001710
0.001709
0.001707
0.001705
0.001704
0.001702
0.001700
0.001699
0.001697
0.001695
0.001693
0.001691
0.001690
0.001688
0.001686
0.001685
0.001683
0.001682
0.001680
0.001678
0.001677
0.001675
0.001674
0.001672
0.001671
0.001669
0.001668
0.001666
0.001665
0.001663
0.001661
0.001660
0.001658
0.001657
0.001655
0.001654
0.001652
0.001651
0.001650
0.001648
0.001647
0.001645
0.001644
0.001642
0.001641
0.001639
0.001638
0.001637
0.001635
0.001634
0.001632
0.001631
0.001630
0.001628
0.001627
0.001626
0.001624
0.001623
0.001621
0.001620
0.001618
0.001617
0.001615
0.001614
0.001612
0.001611
0.001609
0.001608
0.001606
0.001605
0.001604
0.001603
0.001589
0.001581
0.001577
0.001576
0.001575
0.001574
0.001573
0.001573
0.001572
0.001571
0.001570
0.001570
0.001569
0.001568
0.001567
0.001566
0.001566
0.001565
0.001564
0.001563
0.001563
0.001562
0.001561
0.001560
0.001560
0.001559
0.001558
0.001557
0.001557
0.001556
0.001555
0.001555
0.001554
0.001553
0.001552
0.001552
0.001551
0.001550
0.001550
0.001549
0.001548
0.001548
0.001547
0.001546
0.001546
0.001545
0.001544
0.001544
0.001543
0.001542
0.001542
0.001541
0.001540
0.001540
0.001539
0.001538
0.001538
0.001537
0.001536
0.001536
0.001535
0.001534
0.001534
0.001533
0.001533
0.001532
0.001531
0.001531
0.001530
0.001529
0.001529
0.001528
0.001527
0.001527
0.001526
0.001526
0.001525
0.001524
0.001524
0.001523
0.001522
0.001522
0.001521
0.001520
0.001520
0.001519
0.001518
0.001518
0.001517
0.001516
0.001515
0.001514
0.001513
0.001512
0.001511
0.001510
0.001508
0.001506
0.001504
0.001501
0.001494
0.001497
0.001501
0.001501
0.001500
0.001497
0.001495
0.001492
0.001489
0.001486
0.001484
0.001481
0.001479
0.001477
0.001476
0.001474
0.001472
0.001470
0.001469
0.001468
0.001466
0.001465
0.001464
0.001463
0.001462
0.001460
0.001459
0.001459
0.001458
0.001457
0.001456
0.001455
0.001454
0.001453
0.001453
0.001452
0.001451
0.001450
0.001449
0.001449
0.001448
0.001447
0.001446
0.001446
0.001445
0.001444
0.001444
0.001443
0.001442
0.001442
0.001441
0.001440
0.001440
0.001439
0.001439
0.001438
0.001437
0.001437
0.001436
0.001436
0.001435
0.001434
0.001434
0.001433
0.001432
0.001432
0.001431
0.001431
0.001430
0.001429
0.001429
0.001428
0.001428
0.001427
0.001426
0.001426
0.001425
0.001425
0.001424
0.001423
0.001423
0.001422
0.001422
0.001421
0.001421
0.001420
0.001420
0.001419
0.001418
0.001418
0.001417
0.001417
0.001416
0.001416
0.001415
0.001415
0.001414
0.001414
0.001413
0.001413
