0.463625
0.355262
0.178675
0.062905
0.045223
0.029191
0.020025
0.016180
0.013347
0.010754
0.008593
0.007035
0.006077
0.005513
0.005184
0.004967
0.004803
0.004655
0.004514
0.004372
0.004235
0.004099
0.003959
0.003818
0.003682
0.003548
0.003416
0.003288
0.003152
0.003019
0.002905
0.002803
0.002715
0.002637
0.002567
0.002509
0.002457
0.002407
0.002359
0.002318
0.002282
0.002248
0.002216
0.002185
0.002157
0.002133
0.002106
0.002077
0.002054
0.002033
0.002012
0.001993
0.001975
0.001957
0.001941
0.001927
0.001914
0.001899
0.001885
0.001873
0.001863
0.001853
0.001844
0.001835
0.001828
0.001821
0.001813
0.001807
0.001801
0.001794
0.001788
0.001781
0.001774
0.001768
0.001763
0.001758
0.001753
0.001748
0.001743
0.001738
0.001735
0.001730
0.001727
0.001723
0.001719
0.001715
0.001712
0.001709
0.001705
0.001702
0.001700
0.001697
0.001694
0.001692
0.001690
0.001688
0.001686
0.001684
0.001683
0.001681
0.001659
0.001682
0.001690
0.001691
0.001690
0.001688
0.001687
0.001686
0.001686
0.001685
0.001685
0.001686
0.001686
0.001684
0.001684
0.001683
0.001682
0.001681
0.001681
0.001680
0.001680
0.001679
0.001679
0.001679
0.001678
0.001678
0.001677
0.001676
0.001676
0.001675
0.001675
0.001674
0.001673
0.001673
0.001672
0.001671
0.001670
0.001669
0.001669
0.001669
0.001668
0.001668
0.001667
0.001667
0.001666
0.001665
0.001665
0.001664
0.001663
0.001663
0.001663
0.001663
0.001663
0.001662
0.001662
0.001661
0.001660
0.001659
0.001658
0.001657
0.001657
0.001656
0.001655
0.001655
0.001655
0.001655
0.001654
0.001654
0.001653
0.001652
0.001652
0.001651
0.001651
0.001650
0.001649
0.001649
0.001648
0.001648
0.001648
0.001648
0.001647
0.001646
0.001645
0.001645
0.001644
0.001643
0.001643
0.001642
0.001642
0.001641
0.001641
0.001640
0.001640
0.001639
0.001639
0.001638
0.001638
0.001638
0.001637
0.001637
0.001615
0.001592
0.001587
0.001588
0.001586
0.001585
0.001584
0.001584
0.001583
0.001583
0.001583
0.001583
0.001583
0.001582
0.001582
0.001582
0.001582
0.001582
0.001582
0.001581
0.001581
0.001581
0.001581
0.001581
0.001580
0.001580
0.001579
0.001580
0.001579
0.001579
0.001579
0.001578
0.001578
0.001578
0.001578
0.001578
0.001577
0.001577
0.001577
0.001577
0.001577
0.001577
0.001577
0.001577
0.001577
0.001576
0.001576
0.001576
0.001576
0.001576
0.001576
0.001575
0.001575
0.001575
0.001575
0.001575
0.001574
0.001574
0.001574
0.001574
0.001573
0.001573
0.001573
0.001573
0.001572
0.001572
0.001572
0.001572
0.001571
0.001571
0.001571
0.001570
0.001570
0.001570
0.001570
0.001569
0.001569
0.001569
0.001569
0.001568
0.001568
0.001568
0.001568
0.001568
0.001568
0.001568
0.001567
0.001567
0.001567
0.001567
0.001566
0.001566
0.001566
0.001566
0.001566
0.001566
0.001565
0.001565
0.001564
0.001564
0.001555
0.001546
0.001544
0.001544
0.001543
0.001543
0.001543
0.001543
0.001543
0.001542
0.001542
0.001542
0.001542
0.001542
0.001542
0.001541
0.001541
0.001541
0.001541
0.001541
0.001540
0.001540
0.001540
0.001540
0.001540
0.001539
0.001539
0.001539
0.001539
0.001539
0.001539
0.001538
0.001538
0.001538
0.001538
0.001538
0.001538
0.001537
0.001537
0.001537
0.001537
0.001537
0.001537
0.001536
0.001536
0.001536
0.001536
0.001536
0.001535
0.001535
0.001535
0.001535
0.001535
0.001535
0.001534
0.001534
0.001534
0.001534
0.001534
0.001534
0.001533
0.001533
0.001533
0.001533
0.001533
0.001533
0.001532
0.001532
0.001532
0.001532
0.001532
0.001531
0.001531
0.001531
0.001531
0.001531
0.001531
0.001530
0.001530
0.001530
0.001530
0.001530
0.001529
0.001529
0.001529
0.001529
0.001529
0.001529
0.001528
0.001528
0.001528
0.001528
0.001528
0.001527
0.001527
0.001527
0.001527
0.001527
0.001526
0.001526
0.001523
0.001526
0.001528
0.001528
0.001528
0.001527
0.001527
0.001527
0.001527
0.001527
0.001527
0.001526
0.001526
0.001526
0.001526
0.001526
0.001526
0.001525
0.001525
0.001525
0.001525
0.001525
0.001525
0.001525
0.001524
0.001524
0.001524
0.001524
0.001524
0.001524
0.001524
0.001524
0.001523
0.001523
0.001523
0.001523
0.001523
0.001523
0.001523
0.001523
0.001522
0.001522
0.001522
0.001522
0.001522
0.001522
0.001522
0.001522
0.001521
0.001521
0.001521
0.001521
0.001521
0.001521
0.001521
0.001521
0.001520
0.001520
0.001520
0.001520
0.001520
0.001520
0.001520
0.001520
0.001519
0.001519
0.001519
0.001519
0.001519
0.001519
0.001519
0.001519
0.001519
0.001518
0.001518
0.001518
0.001518
0.001518
0.001518
0.001518
0.001518
0.001517
0.001517
0.001517
0.001517
0.001517
0.001517
0.001517
0.001517
0.001517
0.001516
0.001516
0.001516
0.001516
0.001516
0.001516
0.001516
0.001516
0.001516
0.001515
