0.348904
0.154527
0.056108
0.031234
0.017863
0.010683
0.008290
0.007564
0.007055
0.006599
0.006204
0.005895
0.005625
0.005384
0.005158
0.004945
0.004749
0.004566
0.004392
0.004226
0.004067
0.003897
0.003706
0.003478
0.003226
0.002982
0.002769
0.002597
0.002460
0.002352
0.002261
0.002181
0.002113
0.002054
0.002003
0.001955
0.001911
0.001869
0.001830
0.001794
0.001761
0.001731
0.001701
0.001671
0.001644
0.001620
0.001598
0.001579
0.001564
0.001550
0.001536
0.001523
0.001512
0.001501
0.001491
0.001482
0.001474
0.001466
0.001458
0.001450
0.001443
0.001437
0.001431
0.001425
0.001420
0.001415
0.001410
0.001406
0.001402
0.001398
0.001394
0.001393
0.001390
0.001387
0.001386
0.001384
0.001381
0.001379
0.001377
0.001375
0.001373
0.001371
0.001367
0.001364
0.001360
0.001358
0.001355
0.001353
0.001351
0.001349
0.001346
0.001343
0.001340
0.001337
0.001335
0.001334
0.001331
0.001327
0.001325
0.001322
0.001276
0.001270
0.001264
0.001257
0.001257
0.001257
0.001257
0.001256
0.001256
0.001256
0.001256
0.001256
0.001256
0.001256
0.001256
0.001256
0.001257
0.001256
0.001257
0.001257
0.001257
0.001257
0.001257
0.001257
0.001257
0.001257
0.001256
0.001256
0.001255
0.001255
0.001255
0.001254
0.001254
0.001254
0.001253
0.001252
0.001252
0.001251
0.001250
0.001250
0.001249
0.001249
0.001248
0.001248
0.001247
0.001247
0.001246
0.001244
0.001244
0.001243
0.001243
0.001242
0.001242
0.001241
0.001240
0.001239
0.001238
0.001238
0.001237
0.001237
0.001236
0.001235
0.001235
0.001234
0.001235
0.001234
0.001234
0.001234
0.001233
0.001233
0.001233
0.001232
0.001231
0.001230
0.001229
0.001229
0.001229
0.001229
0.001228
0.001229
0.001229
0.001229
0.001228
0.001228
0.001228
0.001228
0.001228
0.001228
0.001227
0.001227
0.001226
0.001226
0.001225
0.001225
0.001224
0.001223
0.001222
0.001222
0.001221
0.001219
0.001196
0.001209
0.001226
0.001232
0.001236
0.001238
0.001239
0.001239
0.001240
0.001240
0.001240
0.001239
0.001238
0.001236
0.001235
0.001233
0.001231
0.001229
0.001227
0.001226
0.001224
0.001223
0.001221
0.001220
0.001218
0.001217
0.001216
0.001215
0.001214
0.001213
0.001213
0.001212
0.001212
0.001211
0.001211
0.001210
0.001209
0.001209
0.001208
0.001208
0.001207
0.001206
0.001206
0.001205
0.001205
0.001204
0.001204
0.001203
0.001203
0.001202
0.001202
0.001202
0.001201
0.001201
0.001201
0.001200
0.001200
0.001200
0.001199
0.001199
0.001199
0.001198
0.001198
0.001198
0.001197
0.001197
0.001196
0.001196
0.001195
0.001195
0.001195
0.001194
0.001194
0.001193
0.001193
0.001193
0.001192
0.001192
0.001191
0.001191
0.001191
0.001190
0.001190
0.001189
0.001189
0.001188
0.001188
0.001188
0.001187
0.001187
0.001186
0.001186
0.001186
0.001185
0.001185
0.001184
0.001183
0.001183
0.001183
0.001182
0.001157
0.001131
0.001127
0.001130
0.001128
0.001128
0.001129
0.001128
0.001128
0.001128
0.001128
0.001127
0.001127
0.001127
0.001127
0.001126
0.001126
0.001126
0.001126
0.001125
0.001125
0.001125
0.001125
0.001124
0.001124
0.001124
0.001124
0.001123
0.001123
0.001123
0.001123
0.001123
0.001123
0.001122
0.001122
0.001122
0.001122
0.001121
0.001121
0.001121
0.001121
0.001121
0.001120
0.001120
0.001120
0.001120
0.001119
0.001119
0.001119
0.001119
0.001118
0.001118
0.001118
0.001117
0.001117
0.001117
0.001117
0.001116
0.001116
0.001116
0.001115
0.001115
0.001115
0.001115
0.001114
0.001114
0.001114
0.001113
0.001113
0.001113
0.001112
0.001112
0.001112
0.001111
0.001111
0.001111
0.001110
0.001110
0.001110
0.001109
0.001109
0.001109
0.001108
0.001108
0.001108
0.001107
0.001107
0.001107
0.001106
0.001106
0.001106
0.001105
0.001105
0.001104
0.001104
0.001104
0.001103
0.001103
0.001102
0.001102
0.001092
0.001089
0.001087
0.001086
0.001085
0.001085
0.001085
0.001085
0.001084
0.001084
0.001084
0.001083
0.001083
0.001083
0.001083
0.001082
0.001082
0.001082
0.001081
0.001081
0.001081
0.001080
0.001080
0.001080
0.001079
0.001079
0.001079
0.001078
0.001078
0.001078
0.001077
0.001077
0.001077
0.001076
0.001076
0.001076
0.001075
0.001075
0.001075
0.001074
0.001074
0.001073
0.001073
0.001073
0.001072
0.001072
0.001072
0.001071
0.001071
0.001071
0.001070
0.001070
0.001070
0.001069
0.001069
0.001069
0.001068
0.001068
0.001067
0.001067
0.001067
0.001066
0.001066
0.001066
0.001065
0.001065
0.001064
0.001064
0.001064
0.001063
0.001063
0.001063
0.001062
0.001062
0.001061
0.001061
0.001061
0.001060
0.001060
0.001059
0.001059
0.001059
0.001058
0.001058
0.001058
0.001057
0.001057
0.001057
0.001056
0.001056
0.001056
0.001055
0.001055
0.001055
0.001054
0.001054
0.001054
0.001053
0.001053
0.001053
