0.413265
0.283559
0.235295
0.187655
0.106538
0.053651
0.029465
0.021279
0.016347
0.013201
0.010951
0.009166
0.007714
0.006605
0.005830
0.005363
0.005060
0.004826
0.004628
0.004448
0.004273
0.004116
0.003978
0.003862
0.003761
0.003669
0.003581
0.003494
0.003414
0.003338
0.003268
0.003206
0.003149
0.003097
0.003049
0.003000
0.002950
0.002900
0.002853
0.002804
0.002758
0.002714
0.002672
0.002632
0.002593
0.002554
0.002514
0.002474
0.002440
0.002406
0.002373
0.002341
0.002312
0.002285
0.002260
0.002239
0.002220
0.002205
0.002188
0.002178
0.002166
0.002156
0.002147
0.002136
0.002127
0.002118
0.002110
0.002103
0.002095
0.002089
0.002082
0.002076
0.002071
0.002065
0.002061
0.002057
0.002053
0.002048
0.002045
0.002039
0.002037
0.002031
0.002028
0.002024
0.002021
0.002019
0.002012
0.002009
0.002005
0.002001
0.001998
0.001994
0.001992
0.001989
0.001986
0.001983
0.001979
0.001976
0.001973
0.001971
0.001896
0.001881
0.001872
0.001871
0.001871
0.001870
0.001868
0.001865
0.001863
0.001861
0.001858
0.001856
0.001853
0.001851
0.001849
0.001847
0.001845
0.001844
0.001842
0.001840
0.001839
0.001837
0.001836
0.001834
0.001833
0.001832
0.001830
0.001829
0.001828
0.001826
0.001826
0.001825
0.001824
0.001823
0.001822
0.001822
0.001821
0.001820
0.001820
0.001819
0.001818
0.001818
0.001817
0.001816
0.001815
0.001815
0.001814
0.001813
0.001813
0.001812
0.001812
0.001811
0.001810
0.001810
0.001809
0.001808
0.001807
0.001806
0.001805
0.001804
0.001802
0.001801
0.001800
0.001799
0.001798
0.001797
0.001795
0.001794
0.001793
0.001792
0.001790
0.001789
0.001788
0.001786
0.001785
0.001784
0.001783
0.001781
0.001780
0.001779
0.001777
0.001776
0.001774
0.001773
0.001772
0.001770
0.001769
0.001768
0.001766
0.001765
0.001762
0.001760
0.001758
0.001756
0.001754
0.001753
0.001751
0.001749
0.001748
0.001746
0.001730
0.001724
0.001721
0.001717
0.001715
0.001715
0.001715
0.001715
0.001714
0.001714
0.001714
0.001713
0.001713
0.001712
0.001712
0.001712
0.001712
0.001711
0.001711
0.001710
0.001710
0.001710
0.001709
0.001709
0.001709
0.001708
0.001708
0.001708
0.001707
0.001707
0.001706
0.001706
0.001706
0.001705
0.001705
0.001705
0.001704
0.001704
0.001703
0.001703
0.001702
0.001702
0.001701
0.001700
0.001700
0.001699
0.001699
0.001699
0.001698
0.001697
0.001697
0.001696
0.001695
0.001695
0.001694
0.001693
0.001693
0.001692
0.001692
0.001691
0.001691
0.001690
0.001690
0.001689
0.001688
0.001688
0.001687
0.001686
0.001686
0.001685
0.001684
0.001684
0.001683
0.001683
0.001682
0.001681
0.001681
0.001680
0.001680
0.001679
0.001679
0.001678
0.001677
0.001677
0.001676
0.001676
0.001675
0.001674
0.001674
0.001673
0.001672
0.001672
0.001671
0.001671
0.001670
0.001669
0.001668
0.001668
0.001667
0.001666
0.001641
0.001633
0.001633
0.001632
0.001631
0.001631
0.001630
0.001630
0.001630
0.001630
0.001629
0.001629
0.001629
0.001628
0.001628
0.001628
0.001627
0.001627
0.001627
0.001626
0.001626
0.001626
0.001626
0.001625
0.001625
0.001625
0.001624
0.001624
0.001623
0.001623
0.001623
0.001623
0.001622
0.001622
0.001622
0.001621
0.001621
0.001620
0.001620
0.001620
0.001619
0.001619
0.001619
0.001619
0.001618
0.001618
0.001617
0.001617
0.001616
0.001616
0.001616
0.001615
0.001615
0.001615
0.001614
0.001614
0.001614
0.001613
0.001613
0.001612
0.001612
0.001612
0.001611
0.001611
0.001611
0.001610
0.001610
0.001609
0.001609
0.001608
0.001608
0.001607
0.001607
0.001606
0.001606
0.001605
0.001605
0.001605
0.001604
0.001604
0.001604
0.001603
0.001603
0.001602
0.001602
0.001601
0.001601
0.001600
0.001600
0.001599
0.001599
0.001598
0.001598
0.001597
0.001597
0.001596
0.001596
0.001595
0.001595
0.001594
0.001588
0.001586
0.001585
0.001585
0.001584
0.001584
0.001584
0.001583
0.001583
0.001583
0.001582
0.001582
0.001582
0.001581
0.001581
0.001581
0.001580
0.001580
0.001580
0.001579
0.001579
0.001578
0.001578
0.001578
0.001577
0.001577
0.001576
0.001576
0.001576
0.001575
0.001575
0.001574
0.001574
0.001573
0.001573
0.001572
0.001572
0.001571
0.001571
0.001570
0.001570
0.001569
0.001568
0.001568
0.001567
0.001567
0.001566
0.001565
0.001565
0.001564
0.001563
0.001563
0.001562
0.001561
0.001560
0.001559
0.001559
0.001558
0.001557
0.001556
0.001556
0.001555
0.001554
0.001553
0.001552
0.001552
0.001551
0.001550
0.001549
0.001548
0.001548
0.001547
0.001546
0.001545
0.001544
0.001543
0.001542
0.001541
0.001540
0.001539
0.001538
0.001537
0.001536
0.001535
0.001534
0.001532
0.001531
0.001530
0.001529
0.001527
0.001526
0.001525
0.001523
0.001522
0.001521
0.001519
0.001518
0.001517
0.001515
0.001514
