0.521616
0.445066
0.376611
0.296103
0.200994
0.111411
0.078849
0.059459
0.045036
0.034851
0.027427
0.021624
0.017173
0.014063
0.011988
0.010668
0.009836
0.009269
0.008847
0.008517
0.008248
0.008011
0.007807
0.007627
0.007465
0.007321
0.007184
0.007062
0.006953
0.006857
0.006778
0.006708
0.006641
0.006580
0.006518
0.006438
0.006260
0.005954
0.005719
0.005433
0.005086
0.004668
0.004373
0.004211
0.004120
0.004056
0.004003
0.003959
0.003925
0.003891
0.003860
0.003835
0.003814
0.003789
0.003771
0.003754
0.003740
0.003721
0.003707
0.003693
0.003678
0.003666
0.003656
0.003646
0.003638
0.003628
0.003614
0.003608
0.003597
0.003587
0.003580
0.003572
0.003566
0.003557
0.003549
0.003541
0.003535
0.003528
0.003520
0.003512
0.003505
0.003499
0.003490
0.003482
0.003477
0.003468
0.003464
0.003457
0.003452
0.003447
0.003440
0.003434
0.003429
0.003424
0.003417
0.003411
0.003405
0.003399
0.003392
0.003385
0.003325
0.003363
0.003389
0.003396
0.003394
0.003388
0.003380
0.003373
0.003366
0.003361
0.003356
0.003351
0.003347
0.003343
0.003339
0.003335
0.003331
0.003327
0.003323
0.003320
0.003317
0.003314
0.003311
0.003309
0.003307
0.003305
0.003303
0.003301
0.003298
0.003294
0.003292
0.003288
0.003285
0.003280
0.003277
0.003275
0.003271
0.003269
0.003266
0.003264
0.003263
0.003261
0.003258
0.003254
0.003252
0.003250
0.003248
0.003246
0.003243
0.003240
0.003237
0.003235
0.003233
0.003232
0.003230
0.003227
0.003224
0.003223
0.003221
0.003220
0.003218
0.003216
0.003214
0.003210
0.003209
0.003206
0.003205
0.003204
0.003202
0.003201
0.003199
0.003196
0.003194
0.003191
0.003190
0.003187
0.003185
0.003183
0.003182
0.003181
0.003180
0.003178
0.003177
0.003176
0.003175
0.003173
0.003171
0.003169
0.003168
0.003166
0.003165
0.003165
0.003164
0.003163
0.003162
0.003161
0.003161
0.003160
0.003160
0.003158
0.003085
0.003060
0.003053
0.003053
0.003051
0.003051
0.003051
0.003051
0.003050
0.003050
0.003050
0.003050
0.003050
0.003049
0.003049
0.003049
0.003049
0.003048
0.003048
0.003048
0.003048
0.003048
0.003047
0.003047
0.003047
0.003047
0.003047
0.003047
0.003047
0.003046
0.003046
0.003046
0.003046
0.003046
0.003045
0.003045
0.003045
0.003045
0.003044
0.003045
0.003045
0.003044
0.003045
0.003044
0.003045
0.003044
0.003044
0.003044
0.003044
0.003043
0.003044
0.003043
0.003044
0.003044
0.003043
0.003044
0.003044
0.003043
0.003043
0.003043
0.003043
0.003043
0.003043
0.003043
0.003043
0.003043
0.003043
0.003043
0.003042
0.003043
0.003042
0.003043
0.003042
0.003043
0.003043
0.003043
0.003042
0.003043
0.003042
0.003043
0.003042
0.003043
0.003042
0.003043
0.003042
0.003042
0.003042
0.003042
0.003043
0.003042
0.003042
0.003042
0.003042
0.003042
0.003042
0.003042
0.003042
0.003042
0.003042
0.003042
0.003022
0.003015
0.003016
0.003015
0.003015
0.003015
0.003015
0.003015
0.003015
0.003014
0.003014
0.003015
0.003014
0.003014
0.003014
0.003014
0.003014
0.003014
0.003014
0.003014
0.003014
0.003014
0.003014
0.003014
0.003014
0.003014
0.003014
0.003014
0.003014
0.003014
0.003014
0.003014
0.003014
0.003014
0.003014
0.003014
0.003014
0.003014
0.003014
0.003014
0.003014
0.003014
0.003014
0.003014
0.003014
0.003014
0.003014
0.003014
0.003014
0.003014
0.003014
0.003014
0.003014
0.003014
0.003014
0.003013
0.003013
0.003013
0.003013
0.003014
0.003013
0.003013
0.003013
0.003013
0.003013
0.003013
0.003013
0.003013
0.003013
0.003013
0.003013
0.003013
0.003013
0.003013
0.003013
0.003013
0.003013
0.003013
0.003013
0.003013
0.003013
0.003013
0.003013
0.003013
0.003013
0.003013
0.003013
0.003013
0.003013
0.003013
0.003013
0.003013
0.003013
0.003013
0.003013
0.003013
0.003013
0.003013
0.003013
0.003013
0.003006
0.003006
0.003006
0.003006
0.003006
0.003006
0.003006
0.003006
0.003006
0.003006
0.003006
0.003006
0.003005
0.003005
0.003005
0.003005
0.003005
0.003005
0.003005
0.003005
0.003005
0.003005
0.003005
0.003005
0.003005
0.003005
0.003005
0.003005
0.003005
0.003005
0.003005
0.003005
0.003005
0.003005
0.003005
0.003005
0.003005
0.003005
0.003005
0.003005
0.003005
0.003005
0.003005
0.003005
0.003005
0.003005
0.003005
0.003005
0.003005
0.003005
0.003005
0.003005
0.003005
0.003005
0.003005
0.003005
0.003005
0.003005
0.003005
0.003005
0.003005
0.003005
0.003005
0.003005
0.003005
0.003005
0.003005
0.003005
0.003005
0.003005
0.003005
0.003005
0.003005
0.003004
0.003004
0.003004
0.003004
0.003004
0.003004
0.003004
0.003004
0.003004
0.003004
0.003004
0.003004
0.003004
0.003004
0.003004
0.003004
0.003004
0.003004
0.003004
0.003004
0.003004
0.003004
0.003004
0.003004
0.003004
0.003004
0.003004
