0.450182
0.320529
0.188497
0.109552
0.065615
0.043856
0.032815
0.025576
0.019913
0.015524
0.012282
0.009921
0.008245
0.007047
0.006205
0.005628
0.005243
0.004989
0.004812
0.004681
0.004569
0.004474
0.004383
0.004295
0.004213
0.004136
0.004061
0.003992
0.003928
0.003867
0.003808
0.003751
0.003698
0.003646
0.003596
0.003546
0.003501
0.003457
0.003411
0.003369
0.003327
0.003287
0.003249
0.003214
0.003178
0.003145
0.003113
0.003080
0.003050
0.003022
0.002994
0.002967
0.002940
0.002915
0.002890
0.002864
0.002839
0.002812
0.002785
0.002759
0.002731
0.002701
0.002671
0.002642
0.002614
0.002585
0.002559
0.002533
0.002509
0.002485
0.002464
0.002443
0.002422
0.002403
0.002385
0.002369
0.002352
0.002335
0.002320
0.002305
0.002293
0.002281
0.002270
0.002259
0.002248
0.002238
0.002229
0.002221
0.002212
0.002204
0.002196
0.002188
0.002181
0.002173
0.002166
0.002159
0.002151
0.002145
0.002140
0.002133
0.002111
0.002140
0.002147
0.002146
0.002141
0.002137
0.002132
0.002129
0.002126
0.002123
0.002120
0.002117
0.002114
0.002111
0.002109
0.002106
0.002104
0.002102
0.002100
0.002097
0.002095
0.002092
0.002090
0.002088
0.002086
0.002083
0.002080
0.002076
0.002074
0.002071
0.002068
0.002065
0.002063
0.002060
0.002058
0.002055
0.002052
0.002049
0.002046
0.002043
0.002040
0.002038
0.002035
0.002032
0.002029
0.002026
0.002023
0.002020
0.002016
0.002012
0.002008
0.002004
0.001999
0.001995
0.001992
0.001988
0.001983
0.001979
0.001975
0.001970
0.001967
0.001963
0.001959
0.001954
0.001950
0.001945
0.001942
0.001938
0.001934
0.001931
0.001927
0.001923
0.001920
0.001917
0.001914
0.001910
0.001906
0.001904
0.001900
0.001896
0.001891
0.001886
0.001881
0.001877
0.001871
0.001866
0.001861
0.001858
0.001854
0.001851
0.001847
0.001843
0.001840
0.001836
0.001832
0.001828
0.001825
0.001821
0.001817
0.001814
0.001776
0.001735
0.001727
0.001727
0.001724
0.001723
0.001721
0.001720
0.001718
0.001717
0.001715
0.001714
0.001712
0.001710
0.001709
0.001707
0.001706
0.001704
0.001703
0.001701
0.001700
0.001699
0.001697
0.001696
0.001694
0.001693
0.001691
0.001690
0.001689
0.001687
0.001686
0.001685
0.001684
0.001682
0.001681
0.001680
0.001678
0.001677
0.001676
0.001674
0.001673
0.001672
0.001671
0.001670
0.001668
0.001667
0.001666
0.001665
0.001664
0.001663
0.001662
0.001661
0.001660
0.001659
0.001657
0.001657
0.001655
0.001655
0.001654
0.001653
0.001652
0.001651
0.001650
0.001649
0.001648
0.001648
0.001647
0.001646
0.001645
0.001644
0.001643
0.001642
0.001641
0.001640
0.001639
0.001638
0.001637
0.001636
0.001635
0.001635
0.001634
0.001633
0.001632
0.001631
0.001630
0.001629
0.001628
0.001628
0.001627
0.001626
0.001625
0.001624
0.001623
0.001622
0.001622
0.001621
0.001620
0.001619
0.001618
0.001617
0.001605
0.001601
0.001599
0.001597
0.001597
0.001597
0.001596
0.001595
0.001595
0.001594
0.001593
0.001593
0.001592
0.001591
0.001591
0.001590
0.001589
0.001588
0.001587
0.001586
0.001585
0.001584
0.001582
0.001581
0.001580
0.001578
0.001577
0.001576
0.001575
0.001574
0.001572
0.001571
0.001569
0.001568
0.001567
0.001565
0.001564
0.001563
0.001562
0.001561
0.001560
0.001558
0.001557
0.001556
0.001555
0.001554
0.001553
0.001553
0.001552
0.001551
0.001550
0.001550
0.001549
0.001548
0.001548
0.001547
0.001546
0.001546
0.001545
0.001545
0.001544
0.001544
0.001543
0.001543
0.001542
0.001542
0.001541
0.001541
0.001540
0.001540
0.001539
0.001539
0.001539
0.001538
0.001538
0.001538
0.001537
0.001537
0.001536
0.001536
0.001536
0.001535
0.001535
0.001535
0.001535
0.001534
0.001534
0.001534
0.001533
0.001533
0.001533
0.001533
0.001532
0.001532
0.001532
0.001531
0.001531
0.001531
0.001531
0.001530
0.001526
0.001529
0.001530
0.001531
0.001531
0.001531
0.001531
0.001531
0.001531
0.001530
0.001530
0.001530
0.001530
0.001530
0.001530
0.001530
0.001530
0.001530
0.001530
0.001530
0.001530
0.001529
0.001529
0.001529
0.001529
0.001529
0.001529
0.001529
0.001529
0.001529
0.001529
0.001529
0.001528
0.001528
0.001528
0.001528
0.001528
0.001528
0.001528
0.001528
0.001528
0.001528
0.001528
0.001527
0.001527
0.001527
0.001527
0.001527
0.001527
0.001527
0.001527
0.001527
0.001527
0.001527
0.001527
0.001527
0.001526
0.001526
0.001526
0.001526
0.001526
0.001526
0.001526
0.001526
0.001526
0.001526
0.001526
0.001525
0.001525
0.001525
0.001525
0.001525
0.001525
0.001525
0.001525
0.001525
0.001525
0.001525
0.001524
0.001524
0.001524
0.001524
0.001524
0.001524
0.001524
0.001524
0.001524
0.001524
0.001524
0.001523
0.001523
0.001523
0.001523
0.001523
0.001523
0.001523
0.001523
0.001523
0.001523
0.001523
