0.474228
0.339001
0.194290
0.082743
0.063355
0.052100
0.043705
0.035773
0.028357
0.022103
0.017486
0.013901
0.011224
0.009327
0.007929
0.006832
0.005941
0.005207
0.004611
0.004126
0.003739
0.003427
0.003168
0.002953
0.002779
0.002643
0.002538
0.002459
0.002396
0.002343
0.002299
0.002259
0.002224
0.002194
0.002165
0.002139
0.002116
0.002093
0.002070
0.002050
0.002031
0.002012
0.001994
0.001976
0.001960
0.001945
0.001930
0.001916
0.001904
0.001893
0.001881
0.001869
0.001858
0.001845
0.001833
0.001822
0.001811
0.001801
0.001789
0.001776
0.001762
0.001749
0.001733
0.001716
0.001701
0.001685
0.001669
0.001653
0.001637
0.001623
0.001610
0.001598
0.001586
0.001575
0.001565
0.001555
0.001544
0.001534
0.001524
0.001515
0.001507
0.001498
0.001488
0.001479
0.001471
0.001463
0.001456
0.001449
0.001443
0.001436
0.001429
0.001422
0.001415
0.001409
0.001403
0.001398
0.001392
0.001387
0.001383
0.001378
0.001314
0.001312
0.001313
0.001310
0.001307
0.001304
0.001301
0.001298
0.001294
0.001290
0.001287
0.001283
0.001280
0.001276
0.001273
0.001270
0.001267
0.001264
0.001261
0.001258
0.001255
0.001252
0.001250
0.001247
0.001245
0.001242
0.001240
0.001237
0.001235
0.001233
0.001231
0.001228
0.001226
0.001224
0.001222
0.001220
0.001218
0.001216
0.001214
0.001212
0.001210
0.001208
0.001206
0.001204
0.001202
0.001200
0.001198
0.001196
0.001195
0.001193
0.001191
0.001189
0.001188
0.001186
0.001184
0.001183
0.001181
0.001179
0.001178
0.001176
0.001175
0.001173
0.001172
0.001170
0.001169
0.001167
0.001166
0.001164
0.001163
0.001162
0.001160
0.001159
0.001158
0.001156
0.001155
0.001154
0.001153
0.001152
0.001151
0.001149
0.001148
0.001147
0.001146
0.001144
0.001144
0.001142
0.001141
0.001141
0.001139
0.001138
0.001137
0.001136
0.001136
0.001134
0.001133
0.001132
0.001132
0.001130
0.001130
0.001129
0.001116
0.001120
0.001122
0.001121
0.001121
0.001121
0.001121
0.001121
0.001121
0.001121
0.001120
0.001120
0.001120
0.001119
0.001119
0.001119
0.001118
0.001118
0.001118
0.001117
0.001117
0.001117
0.001116
0.001116
0.001115
0.001115
0.001114
0.001114
0.001114
0.001113
0.001112
0.001112
0.001111
0.001111
0.001111
0.001110
0.001110
0.001109
0.001109
0.001108
0.001108
0.001107
0.001107
0.001106
0.001105
0.001105
0.001104
0.001104
0.001103
0.001103
0.001102
0.001102
0.001101
0.001101
0.001100
0.001100
0.001099
0.001099
0.001098
0.001098
0.001098
0.001097
0.001097
0.001096
0.001096
0.001095
0.001095
0.001095
0.001094
0.001094
0.001093
0.001093
0.001093
0.001092
0.001092
0.001091
0.001091
0.001090
0.001090
0.001090
0.001089
0.001089
0.001088
0.001088
0.001088
0.001087
0.001087
0.001086
0.001086
0.001086
0.001085
0.001085
0.001084
0.001084
0.001084
0.001083
0.001083
0.001082
0.001082
0.001082
0.001075
0.001053
0.001054
0.001052
0.001052
0.001052
0.001051
0.001051
0.001051
0.001051
0.001051
0.001051
0.001050
0.001050
0.001050
0.001050
0.001050
0.001050
0.001049
0.001049
0.001049
0.001049
0.001049
0.001049
0.001048
0.001048
0.001048
0.001048
0.001048
0.001048
0.001047
0.001047
0.001047
0.001047
0.001047
0.001047
0.001047
0.001046
0.001046
0.001046
0.001046
0.001046
0.001046
0.001046
0.001045
0.001045
0.001045
0.001045
0.001045
0.001045
0.001045
0.001044
0.001044
0.001044
0.001044
0.001044
0.001044
0.001044
0.001043
0.001043
0.001043
0.001043
0.001043
0.001043
0.001043
0.001043
0.001042
0.001042
0.001042
0.001042
0.001042
0.001042
0.001042
0.001042
0.001041
0.001041
0.001041
0.001041
0.001041
0.001041
0.001041
0.001040
0.001040
0.001040
0.001040
0.001040
0.001040
0.001040
0.001039
0.001039
0.001039
0.001039
0.001039
0.001039
0.001039
0.001039
0.001038
0.001038
0.001038
0.001038
0.001033
0.001033
0.001031
0.001030
0.001030
0.001030
0.001030
0.001030
0.001030
0.001030
0.001030
0.001030
0.001029
0.001029
0.001029
0.001029
0.001029
0.001029
0.001029
0.001029
0.001028
0.001028
0.001028
0.001028
0.001028
0.001028
0.001028
0.001028
0.001028
0.001027
0.001027
0.001027
0.001027
0.001027
0.001027
0.001027
0.001027
0.001026
0.001026
0.001026
0.001026
0.001026
0.001026
0.001026
0.001026
0.001026
0.001025
0.001025
0.001025
0.001025
0.001025
0.001025
0.001025
0.001025
0.001025
0.001024
0.001024
0.001024
0.001024
0.001024
0.001024
0.001024
0.001024
0.001023
0.001023
0.001023
0.001023
0.001023
0.001023
0.001023
0.001023
0.001023
0.001023
0.001022
0.001022
0.001022
0.001022
0.001022
0.001022
0.001022
0.001022
0.001021
0.001021
0.001021
0.001021
0.001021
0.001021
0.001021
0.001021
0.001021
0.001020
0.001020
0.001020
0.001020
0.001020
0.001020
0.001020
0.001020
0.001020
0.001019
