0.431911
0.157515
0.046315
0.018806
0.012117
0.009551
0.007841
0.006786
0.006145
0.005679
0.005301
0.004980
0.004702
0.004460
0.004247
0.004058
0.003891
0.003745
0.003615
0.003500
0.003396
0.003301
0.003212
0.003132
0.003060
0.002995
0.002936
0.002880
0.002826
0.002773
0.002719
0.002666
0.002612
0.002560
0.002509
0.002458
0.002408
0.002358
0.002308
0.002259
0.002212
0.002164
0.002117
0.002070
0.002023
0.001976
0.001932
0.001888
0.001843
0.001798
0.001751
0.001703
0.001654
0.001604
0.001557
0.001511
0.001467
0.001427
0.001390
0.001354
0.001321
0.001291
0.001262
0.001235
0.001210
0.001187
0.001168
0.001150
0.001132
0.001114
0.001096
0.001081
0.001065
0.001052
0.001039
0.001027
0.001014
0.001003
0.000992
0.000980
0.000968
0.000956
0.000945
0.000934
0.000924
0.000913
0.000902
0.000893
0.000884
0.000876
0.000868
0.000861
0.000855
0.000848
0.000841
0.000834
0.000827
0.000819
0.000810
0.000803
0.000760
0.000733
0.000725
0.000720
0.000716
0.000713
0.000710
0.000706
0.000703
0.000700
0.000697
0.000694
0.000691
0.000688
0.000686
0.000683
0.000680
0.000678
0.000675
0.000673
0.000670
0.000668
0.000665
0.000663
0.000661
0.000658
0.000656
0.000654
0.000652
0.000649
0.000647
0.000645
0.000643
0.000641
0.000639
0.000637
0.000635
0.000634
0.000633
0.000631
0.000630
0.000629
0.000627
0.000626
0.000625
0.000623
0.000622
0.000621
0.000620
0.000619
0.000618
0.000617
0.000616
0.000615
0.000614
0.000613
0.000612
0.000611
0.000611
0.000610
0.000609
0.000609
0.000607
0.000606
0.000606
0.000605
0.000603
0.000602
0.000601
0.000600
0.000599
0.000597
0.000597
0.000596
0.000595
0.000594
0.000593
0.000592
0.000592
0.000591
0.000590
0.000589
0.000589
0.000588
0.000587
0.000586
0.000585
0.000585
0.000584
0.000583
0.000582
0.000582
0.000581
0.000580
0.000580
0.000579
0.000578
0.000578
0.000577
0.000576
0.000544
0.000533
0.000530
0.000530
0.000529
0.000528
0.000528
0.000527
0.000526
0.000526
0.000525
0.000524
0.000524
0.000523
0.000522
0.000522
0.000521
0.000521
0.000520
0.000520
0.000519
0.000519
0.000518
0.000517
0.000517
0.000516
0.000516
0.000515
0.000515
0.000515
0.000514
0.000514
0.000513
0.000513
0.000512
0.000512
0.000511
0.000511
0.000510
0.000510
0.000510
0.000509
0.000509
0.000508
0.000508
0.000507
0.000507
0.000507
0.000506
0.000506
0.000506
0.000505
0.000505
0.000504
0.000504
0.000504
0.000503
0.000503
0.000503
0.000502
0.000502
0.000502
0.000501
0.000501
0.000501
0.000500
0.000500
0.000500
0.000500
0.000499
0.000499
0.000499
0.000499
0.000499
0.000498
0.000498
0.000498
0.000498
0.000497
0.000497
0.000497
0.000497
0.000497
0.000497
0.000496
0.000496
0.000496
0.000496
0.000496
0.000495
0.000495
0.000495
0.000495
0.000494
0.000494
0.000494
0.000494
0.000493
0.000493
0.000493
0.000482
0.000484
0.000483
0.000483
0.000483
0.000483
0.000483
0.000482
0.000482
0.000482
0.000482
0.000482
0.000482
0.000482
0.000481
0.000481
0.000481
0.000481
0.000481
0.000480
0.000480
0.000480
0.000480
0.000480
0.000480
0.000480
0.000479
0.000479
0.000479
0.000479
0.000479
0.000478
0.000478
0.000478
0.000478
0.000478
0.000477
0.000477
0.000477
0.000477
0.000476
0.000476
0.000476
0.000476
0.000476
0.000475
0.000475
0.000475
0.000475
0.000475
0.000474
0.000474
0.000474
0.000474
0.000473
0.000473
0.000473
0.000473
0.000472
0.000472
0.000472
0.000472
0.000471
0.000471
0.000471
0.000471
0.000470
0.000470
0.000470
0.000470
0.000469
0.000469
0.000469
0.000469
0.000469
0.000468
0.000468
0.000468
0.000468
0.000468
0.000467
0.000467
0.000467
0.000467
0.000466
0.000466
0.000466
0.000466
0.000466
0.000465
0.000465
0.000465
0.000465
0.000464
0.000464
0.000464
0.000464
0.000464
0.000463
0.000463
0.000462
0.000462
0.000464
0.000464
0.000464
0.000464
0.000464
0.000464
0.000464
0.000463
0.000463
0.000463
0.000463
0.000463
0.000463
0.000463
0.000463
0.000463
0.000463
0.000463
0.000463
0.000463
0.000462
0.000462
0.000462
0.000462
0.000462
0.000462
0.000462
0.000462
0.000462
0.000462
0.000462
0.000462
0.000462
0.000461
0.000461
0.000461
0.000461
0.000461
0.000461
0.000461
0.000461
0.000461
0.000461
0.000461
0.000461
0.000461
0.000461
0.000460
0.000460
0.000460
0.000460
0.000460
0.000460
0.000460
0.000460
0.000460
0.000460
0.000460
0.000460
0.000460
0.000460
0.000459
0.000459
0.000459
0.000459
0.000459
0.000459
0.000459
0.000459
0.000459
0.000459
0.000459
0.000459
0.000459
0.000459
0.000458
0.000458
0.000458
0.000458
0.000458
0.000458
0.000458
0.000458
0.000458
0.000458
0.000458
0.000458
0.000457
0.000457
0.000457
0.000457
0.000457
0.000457
0.000457
0.000457
0.000457
0.000457
0.000457
