0.361131
0.125242
0.043010
0.024350
0.014517
0.009231
0.005545
0.003796
0.003264
0.002991
0.002771
0.002606
0.002486
0.002395
0.002317
0.002249
0.002187
0.002136
0.002093
0.002054
0.002022
0.001990
0.001960
0.001934
0.001909
0.001882
0.001858
0.001836
0.001814
0.001791
0.001769
0.001748
0.001732
0.001717
0.001697
0.001677
0.001659
0.001642
0.001626
0.001609
0.001592
0.001577
0.001565
0.001553
0.001542
0.001530
0.001518
0.001509
0.001503
0.001496
0.001489
0.001481
0.001474
0.001469
0.001463
0.001457
0.001449
0.001442
0.001439
0.001433
0.001426
0.001420
0.001414
0.001409
0.001402
0.001396
0.001392
0.001386
0.001382
0.001378
0.001373
0.001368
0.001363
0.001357
0.001349
0.001342
0.001337
0.001333
0.001327
0.001323
0.001318
0.001313
0.001309
0.001305
0.001300
0.001295
0.001292
0.001287
0.001282
0.001279
0.001275
0.001269
0.001265
0.001259
0.001251
0.001243
0.001239
0.001236
0.001232
0.001225
0.001163
0.001170
0.001149
0.001145
0.001145
0.001144
0.001143
0.001142
0.001141
0.001141
0.001140
0.001139
0.001139
0.001138
0.001138
0.001138
0.001137
0.001137
0.001137
0.001137
0.001137
0.001136
0.001136
0.001136
0.001136
0.001136
0.001135
0.001135
0.001135
0.001134
0.001134
0.001134
0.001134
0.001134
0.001134
0.001134
0.001134
0.001134
0.001133
0.001134
0.001133
0.001133
0.001133
0.001133
0.001133
0.001133
0.001132
0.001132
0.001132
0.001131
0.001131
0.001131
0.001131
0.001130
0.001129
0.001129
0.001128
0.001128
0.001127
0.001127
0.001126
0.001125
0.001124
0.001123
0.001123
0.001122
0.001122
0.001121
0.001121
0.001121
0.001120
0.001120
0.001120
0.001120
0.001119
0.001118
0.001117
0.001117
0.001117
0.001117
0.001117
0.001117
0.001117
0.001117
0.001118
0.001119
0.001119
0.001119
0.001118
0.001118
0.001117
0.001116
0.001115
0.001114
0.001112
0.001111
0.001109
0.001107
0.001104
0.001101
0.001049
0.001077
0.001106
0.001122
0.001129
0.001130
0.001127
0.001123
0.001119
0.001115
0.001111
0.001107
0.001104
0.001102
0.001100
0.001098
0.001096
0.001095
0.001094
0.001093
0.001092
0.001091
0.001090
0.001089
0.001089
0.001088
0.001087
0.001087
0.001086
0.001086
0.001085
0.001084
0.001084
0.001083
0.001083
0.001082
0.001082
0.001081
0.001081
0.001081
0.001081
0.001080
0.001079
0.001079
0.001078
0.001078
0.001077
0.001075
0.001074
0.001073
0.001072
0.001071
0.001070
0.001069
0.001068
0.001067
0.001067
0.001066
0.001065
0.001064
0.001062
0.001061
0.001059
0.001057
0.001056
0.001055
0.001054
0.001053
0.001052
0.001051
0.001050
0.001049
0.001048
0.001047
0.001046
0.001046
0.001045
0.001044
0.001043
0.001042
0.001041
0.001040
0.001039
0.001039
0.001038
0.001036
0.001035
0.001034
0.001033
0.001033
0.001032
0.001032
0.001031
0.001031
0.001030
0.001030
0.001029
0.001028
0.001028
0.001027
0.000996
0.000948
0.000944
0.000945
0.000942
0.000943
0.000942
0.000942
0.000942
0.000941
0.000941
0.000941
0.000941
0.000940
0.000940
0.000940
0.000939
0.000939
0.000939
0.000939
0.000938
0.000938
0.000938
0.000938
0.000938
0.000937
0.000937
0.000937
0.000937
0.000937
0.000936
0.000936
0.000936
0.000936
0.000936
0.000935
0.000935
0.000935
0.000935
0.000935
0.000935
0.000935
0.000935
0.000934
0.000934
0.000934
0.000934
0.000934
0.000934
0.000934
0.000934
0.000933
0.000933
0.000933
0.000933
0.000933
0.000933
0.000933
0.000933
0.000933
0.000933
0.000933
0.000933
0.000933
0.000933
0.000933
0.000933
0.000933
0.000933
0.000933
0.000933
0.000933
0.000933
0.000933
0.000933
0.000933
0.000933
0.000933
0.000933
0.000933
0.000933
0.000933
0.000933
0.000933
0.000933
0.000933
0.000933
0.000933
0.000933
0.000933
0.000933
0.000934
0.000933
0.000934
0.000934
0.000934
0.000934
0.000934
0.000933
0.000934
0.000923
0.000918
0.000915
0.000914
0.000915
0.000914
0.000914
0.000914
0.000914
0.000914
0.000914
0.000914
0.000913
0.000913
0.000913
0.000913
0.000913
0.000913
0.000913
0.000913
0.000912
0.000912
0.000912
0.000912
0.000912
0.000912
0.000912
0.000912
0.000912
0.000911
0.000911
0.000911
0.000911
0.000911
0.000911
0.000911
0.000911
0.000911
0.000911
0.000910
0.000910
0.000910
0.000910
0.000910
0.000910
0.000910
0.000910
0.000910
0.000910
0.000910
0.000910
0.000909
0.000909
0.000909
0.000909
0.000909
0.000909
0.000909
0.000909
0.000909
0.000909
0.000909
0.000909
0.000909
0.000909
0.000908
0.000908
0.000908
0.000908
0.000908
0.000908
0.000908
0.000908
0.000908
0.000908
0.000908
0.000908
0.000908
0.000908
0.000908
0.000908
0.000907
0.000907
0.000907
0.000907
0.000907
0.000907
0.000907
0.000907
0.000907
0.000907
0.000907
0.000907
0.000907
0.000907
0.000907
0.000907
0.000907
0.000907
0.000907
