0.566308
0.428616
0.296220
0.222764
0.140953
0.072355
0.052311
0.039461
0.030136
0.022960
0.017405
0.013339
0.010559
0.008916
0.008163
0.007915
0.007847
0.007829
0.007823
0.007822
0.007823
0.007826
0.007830
0.007833
0.007837
0.007840
0.007844
0.007848
0.007851
0.007854
0.007858
0.007861
0.007864
0.007867
0.007869
0.007872
0.007875
0.007877
0.007881
0.007884
0.007887
0.007889
0.007891
0.007893
0.007896
0.007898
0.007900
0.007902
0.007904
0.007906
0.007908
0.007910
0.007912
0.007913
0.007915
0.007916
0.007918
0.007920
0.007922
0.007923
0.007925
0.007927
0.007928
0.007929
0.007930
0.007932
0.007933
0.007934
0.007936
0.007936
0.007937
0.007939
0.007939
0.007940
0.007941
0.007942
0.007942
0.007943
0.007944
0.007944
0.007945
0.007945
0.007946
0.007946
0.007947
0.007946
0.007947
0.007948
0.007948
0.007948
0.007949
0.007950
0.007950
0.007951
0.007951
0.007951
0.007952
0.007951
0.007951
0.007952
0.007822
0.007780
0.007777
0.007777
0.007778
0.007778
0.007778
0.007778
0.007779
0.007779
0.007779
0.007780
0.007780
0.007781
0.007781
0.007781
0.007782
0.007782
0.007782
0.007783
0.007783
0.007783
0.007784
0.007784
0.007784
0.007785
0.007785
0.007786
0.007786
0.007786
0.007786
0.007787
0.007787
0.007788
0.007788
0.007788
0.007789
0.007789
0.007789
0.007790
0.007790
0.007790
0.007790
0.007791
0.007791
0.007792
0.007792
0.007792
0.007792
0.007792
0.007793
0.007793
0.007794
0.007793
0.007794
0.007794
0.007794
0.007795
0.007794
0.007795
0.007795
0.007796
0.007795
0.007796
0.007796
0.007796
0.007796
0.007797
0.007797
0.007797
0.007797
0.007797
0.007797
0.007798
0.007797
0.007798
0.007798
0.007798
0.007798
0.007798
0.007798
0.007798
0.007799
0.007799
0.007799
0.007799
0.007799
0.007799
0.007799
0.007799
0.007799
0.007799
0.007799
0.007799
0.007800
0.007799
0.007799
0.007800
0.007800
0.007799
0.007759
0.007752
0.007751
0.007750
0.007751
0.007750
0.007750
0.007750
0.007750
0.007750
0.007750
0.007750
0.007750
0.007750
0.007750
0.007750
0.007750
0.007750
0.007750
0.007750
0.007750
0.007750
0.007750
0.007750
0.007750
0.007750
0.007750
0.007750
0.007750
0.007750
0.007749
0.007749
0.007749
0.007749
0.007749
0.007749
0.007749
0.007749
0.007749
0.007749
0.007749
0.007749
0.007749
0.007749
0.007749
0.007749
0.007749
0.007748
0.007748
0.007748
0.007748
0.007748
0.007748
0.007748
0.007748
0.007748
0.007747
0.007747
0.007747
0.007747
0.007747
0.007747
0.007747
0.007746
0.007746
0.007746
0.007746
0.007746
0.007745
0.007745
0.007745
0.007745
0.007744
0.007744
0.007743
0.007743
0.007743
0.007743
0.007742
0.007742
0.007742
0.007741
0.007741
0.007740
0.007740
0.007740
0.007740
0.007739
0.007739
0.007739
0.007738
0.007738
0.007737
0.007737
0.007737
0.007736
0.007736
0.007735
0.007735
0.007734
0.007723
0.007734
0.007741
0.007745
0.007746
0.007747
0.007748
0.007748
0.007748
0.007748
0.007748
0.007748
0.007748
0.007748
0.007748
0.007748
0.007747
0.007747
0.007747
0.007746
0.007746
0.007745
0.007745
0.007745
0.007744
0.007743
0.007743
0.007742
0.007742
0.007741
0.007741
0.007740
0.007740
0.007739
0.007739
0.007738
0.007737
0.007737
0.007736
0.007735
0.007735
0.007734
0.007733
0.007733
0.007732
0.007731
0.007730
0.007730
0.007729
0.007728
0.007728
0.007727
0.007726
0.007726
0.007725
0.007724
0.007723
0.007723
0.007722
0.007721
0.007720
0.007720
0.007719
0.007718
0.007717
0.007716
0.007715
0.007714
0.007713
0.007712
0.007711
0.007709
0.007708
0.007707
0.007706
0.007705
0.007704
0.007703
0.007701
0.007700
0.007699
0.007698
0.007697
0.007695
0.007694
0.007693
0.007692
0.007691
0.007689
0.007688
0.007687
0.007685
0.007684
0.007683
0.007681
0.007680
0.007678
0.007677
0.007675
0.007674
0.007657
0.007643
0.007643
0.007643
0.007642
0.007641
0.007640
0.007640
0.007639
0.007638
0.007637
0.007636
0.007636
0.007635
0.007634
0.007633
0.007632
0.007631
0.007631
0.007630
0.007629
0.007628
0.007627
0.007626
0.007625
0.007624
0.007623
0.007622
0.007622
0.007621
0.007620
0.007619
0.007618
0.007617
0.007616
0.007615
0.007614
0.007613
0.007612
0.007611
0.007610
0.007609
0.007608
0.007607
0.007606
0.007605
0.007604
0.007603
0.007602
0.007601
0.007600
0.007599
0.007598
0.007597
0.007596
0.007595
0.007594
0.007593
0.007592
0.007591
0.007590
0.007589
0.007588
0.007587
0.007586
0.007585
0.007584
0.007583
0.007582
0.007581
0.007579
0.007578
0.007577
0.007576
0.007575
0.007574
0.007573
0.007572
0.007571
0.007570
0.007568
0.007567
0.007566
0.007565
0.007564
0.007563
0.007562
0.007561
0.007559
0.007558
0.007557
0.007556
0.007555
0.007554
0.007552
0.007551
0.007550
0.007549
0.007548
0.007546
