0.518856
0.395098
0.305841
0.219942
0.102353
0.048626
0.036734
0.029761
0.024845
0.021063
0.017917
0.015329
0.013125
0.011216
0.009609
0.008317
0.007313
0.006575
0.006048
0.005672
0.005391
0.005174
0.004999
0.004856
0.004737
0.004636
0.004547
0.004467
0.004394
0.004329
0.004269
0.004213
0.004159
0.004109
0.004063
0.004017
0.003976
0.003936
0.003896
0.003860
0.003825
0.003789
0.003752
0.003714
0.003670
0.003612
0.003536
0.003460
0.003400
0.003342
0.003284
0.003226
0.003167
0.003114
0.003061
0.003011
0.002960
0.002908
0.002859
0.002814
0.002771
0.002725
0.002683
0.002643
0.002608
0.002574
0.002543
0.002511
0.002480
0.002453
0.002429
0.002404
0.002380
0.002353
0.002325
0.002298
0.002275
0.002252
0.002231
0.002210
0.002191
0.002172
0.002154
0.002141
0.002127
0.002112
0.002096
0.002078
0.002058
0.002032
0.002003
0.001975
0.001949
0.001926
0.001902
0.001879
0.001860
0.001844
0.001830
0.001819
0.001811
0.001818
0.001813
0.001816
0.001814
0.001811
0.001807
0.001803
0.001799
0.001795
0.001790
0.001785
0.001780
0.001776
0.001772
0.001769
0.001766
0.001762
0.001759
0.001756
0.001752
0.001748
0.001745
0.001741
0.001738
0.001735
0.001732
0.001729
0.001726
0.001723
0.001720
0.001718
0.001715
0.001712
0.001710
0.001707
0.001704
0.001702
0.001700
0.001697
0.001695
0.001693
0.001691
0.001689
0.001687
0.001686
0.001684
0.001682
0.001681
0.001679
0.001677
0.001676
0.001675
0.001673
0.001671
0.001670
0.001668
0.001667
0.001665
0.001664
0.001664
0.001661
0.001660
0.001659
0.001658
0.001657
0.001656
0.001655
0.001654
0.001653
0.001652
0.001650
0.001649
0.001648
0.001647
0.001646
0.001645
0.001644
0.001643
0.001641
0.001640
0.001640
0.001639
0.001638
0.001637
0.001636
0.001636
0.001635
0.001634
0.001633
0.001633
0.001632
0.001632
0.001631
0.001631
0.001630
0.001629
0.001628
0.001627
0.001625
0.001598
0.001584
0.001580
0.001577
0.001575
0.001574
0.001574
0.001574
0.001574
0.001574
0.001573
0.001573
0.001573
0.001572
0.001572
0.001572
0.001572
0.001572
0.001571
0.001571
0.001571
0.001570
0.001570
0.001570
0.001570
0.001570
0.001570
0.001569
0.001569
0.001569
0.001568
0.001568
0.001568
0.001568
0.001567
0.001567
0.001567
0.001567
0.001567
0.001567
0.001566
0.001566
0.001566
0.001566
0.001566
0.001565
0.001565
0.001565
0.001565
0.001564
0.001564
0.001564
0.001564
0.001564
0.001563
0.001563
0.001563
0.001562
0.001562
0.001562
0.001561
0.001561
0.001561
0.001560
0.001560
0.001560
0.001560
0.001560
0.001559
0.001559
0.001558
0.001558
0.001558
0.001557
0.001557
0.001557
0.001556
0.001556
0.001556
0.001556
0.001555
0.001555
0.001555
0.001555
0.001554
0.001554
0.001554
0.001554
0.001553
0.001553
0.001553
0.001553
0.001552
0.001552
0.001552
0.001551
0.001551
0.001551
0.001550
0.001550
0.001537
0.001524
0.001521
0.001522
0.001521
0.001521
0.001521
0.001520
0.001520
0.001520
0.001520
0.001519
0.001519
0.001519
0.001519
0.001518
0.001518
0.001518
0.001518
0.001518
0.001517
0.001517
0.001517
0.001517
0.001516
0.001516
0.001516
0.001516
0.001515
0.001515
0.001515
0.001515
0.001515
0.001514
0.001514
0.001514
0.001514
0.001513
0.001513
0.001513
0.001513
0.001513
0.001512
0.001512
0.001512
0.001512
0.001511
0.001511
0.001511
0.001511
0.001511
0.001510
0.001510
0.001510
0.001510
0.001510
0.001509
0.001509
0.001509
0.001509
0.001508
0.001508
0.001508
0.001508
0.001507
0.001507
0.001507
0.001507
0.001507
0.001507
0.001506
0.001506
0.001506
0.001506
0.001505
0.001505
0.001505
0.001505
0.001505
0.001504
0.001504
0.001504
0.001504
0.001504
0.001503
0.001503
0.001503
0.001503
0.001502
0.001502
0.001502
0.001502
0.001502
0.001501
0.001501
0.001501
0.001501
0.001500
0.001500
0.001500
0.001495
0.001494
0.001498
0.001498
0.001499
0.001499
0.001499
0.001499
0.001499
0.001498
0.001498
0.001498
0.001498
0.001498
0.001497
0.001497
0.001497
0.001497
0.001497
0.001496
0.001496
0.001496
0.001496
0.001496
0.001496
0.001495
0.001495
0.001495
0.001495
0.001495
0.001494
0.001494
0.001494
0.001494
0.001494
0.001493
0.001493
0.001493
0.001493
0.001493
0.001493
0.001492
0.001492
0.001492
0.001492
0.001492
0.001492
0.001491
0.001491
0.001491
0.001491
0.001491
0.001490
0.001490
0.001490
0.001490
0.001490
0.001490
0.001489
0.001489
0.001489
0.001489
0.001489
0.001489
0.001488
0.001488
0.001488
0.001488
0.001488
0.001488
0.001487
0.001487
0.001487
0.001487
0.001487
0.001487
0.001486
0.001486
0.001486
0.001486
0.001486
0.001486
0.001485
0.001485
0.001485
0.001485
0.001485
0.001485
0.001484
0.001484
0.001484
0.001484
0.001484
0.001484
0.001483
0.001483
0.001483
0.001483
0.001483
0.001483
