0.423681
0.245349
0.118332
0.039645
0.019814
0.010441
0.005921
0.004317
0.003837
0.003444
0.003197
0.002989
0.002804
0.002661
0.002547
0.002452
0.002369
0.002301
0.002239
0.002181
0.002129
0.002082
0.002039
0.002000
0.001962
0.001930
0.001900
0.001867
0.001839
0.001810
0.001782
0.001757
0.001736
0.001712
0.001690
0.001670
0.001654
0.001637
0.001621
0.001606
0.001592
0.001579
0.001569
0.001561
0.001549
0.001539
0.001529
0.001519
0.001510
0.001503
0.001496
0.001488
0.001480
0.001472
0.001464
0.001457
0.001451
0.001445
0.001439
0.001434
0.001426
0.001420
0.001415
0.001410
0.001405
0.001400
0.001395
0.001389
0.001385
0.001382
0.001379
0.001372
0.001366
0.001363
0.001359
0.001356
0.001352
0.001347
0.001342
0.001338
0.001332
0.001328
0.001325
0.001322
0.001319
0.001315
0.001312
0.001308
0.001306
0.001301
0.001297
0.001293
0.001291
0.001288
0.001287
0.001283
0.001280
0.001275
0.001273
0.001269
0.001193
0.001150
0.001146
0.001148
0.001145
0.001142
0.001141
0.001140
0.001139
0.001138
0.001137
0.001136
0.001136
0.001135
0.001134
0.001133
0.001132
0.001132
0.001131
0.001130
0.001130
0.001129
0.001128
0.001128
0.001127
0.001127
0.001126
0.001126
0.001125
0.001125
0.001125
0.001124
0.001124
0.001124
0.001123
0.001123
0.001122
0.001122
0.001121
0.001121
0.001121
0.001120
0.001120
0.001119
0.001119
0.001119
0.001118
0.001119
0.001118
0.001118
0.001118
0.001118
0.001118
0.001118
0.001118
0.001119
0.001119
0.001119
0.001120
0.001120
0.001120
0.001120
0.001121
0.001121
0.001121
0.001122
0.001122
0.001123
0.001123
0.001124
0.001123
0.001124
0.001125
0.001124
0.001124
0.001125
0.001125
0.001125
0.001125
0.001126
0.001126
0.001125
0.001126
0.001126
0.001126
0.001126
0.001126
0.001126
0.001125
0.001126
0.001125
0.001125
0.001125
0.001125
0.001125
0.001125
0.001124
0.001124
0.001124
0.001123
0.001081
0.001088
0.001088
0.001089
0.001088
0.001089
0.001089
0.001089
0.001089
0.001090
0.001090
0.001090
0.001090
0.001090
0.001090
0.001090
0.001090
0.001090
0.001090
0.001089
0.001089
0.001089
0.001089
0.001088
0.001088
0.001088
0.001087
0.001087
0.001086
0.001086
0.001086
0.001085
0.001085
0.001084
0.001084
0.001083
0.001082
0.001082
0.001081
0.001080
0.001080
0.001079
0.001078
0.001078
0.001077
0.001076
0.001075
0.001075
0.001074
0.001073
0.001072
0.001072
0.001071
0.001070
0.001070
0.001069
0.001068
0.001068
0.001067
0.001066
0.001066
0.001065
0.001065
0.001064
0.001063
0.001063
0.001062
0.001062
0.001061
0.001061
0.001060
0.001060
0.001059
0.001059
0.001058
0.001058
0.001057
0.001056
0.001056
0.001055
0.001055
0.001054
0.001054
0.001054
0.001053
0.001052
0.001052
0.001052
0.001051
0.001051
0.001051
0.001050
0.001050
0.001049
0.001049
0.001049
0.001049
0.001048
0.001048
0.001048
0.001041
0.001045
0.001044
0.001045
0.001044
0.001043
0.001043
0.001043
0.001042
0.001042
0.001042
0.001042
0.001041
0.001041
0.001041
0.001041
0.001041
0.001040
0.001040
0.001040
0.001040
0.001040
0.001039
0.001039
0.001039
0.001039
0.001038
0.001038
0.001038
0.001038
0.001038
0.001038
0.001037
0.001037
0.001037
0.001037
0.001037
0.001037
0.001036
0.001036
0.001036
0.001036
0.001036
0.001036
0.001036
0.001035
0.001035
0.001035
0.001035
0.001035
0.001035
0.001035
0.001035
0.001034
0.001034
0.001034
0.001034
0.001034
0.001034
0.001034
0.001034
0.001034
0.001033
0.001034
0.001033
0.001033
0.001033
0.001033
0.001033
0.001033
0.001033
0.001033
0.001033
0.001032
0.001032
0.001032
0.001032
0.001032
0.001032
0.001032
0.001032
0.001032
0.001032
0.001031
0.001031
0.001031
0.001031
0.001031
0.001031
0.001031
0.001031
0.001031
0.001030
0.001030
0.001030
0.001030
0.001030
0.001030
0.001030
0.001029
0.001026
0.001021
0.001015
0.001016
0.001016
0.001015
0.001015
0.001015
0.001015
0.001015
0.001015
0.001015
0.001015
0.001014
0.001014
0.001014
0.001014
0.001014
0.001014
0.001014
0.001014
0.001014
0.001014
0.001013
0.001013
0.001013
0.001013
0.001013
0.001013
0.001013
0.001013
0.001012
0.001012
0.001012
0.001012
0.001011
0.001011
0.001011
0.001011
0.001011
0.001011
0.001010
0.001010
0.001010
0.001010
0.001010
0.001010
0.001010
0.001009
0.001009
0.001009
0.001009
0.001009
0.001009
0.001009
0.001008
0.001008
0.001008
0.001008
0.001008
0.001008
0.001008
0.001008
0.001007
0.001007
0.001007
0.001007
0.001007
0.001007
0.001007
0.001006
0.001006
0.001006
0.001006
0.001006
0.001006
0.001006
0.001005
0.001005
0.001005
0.001005
0.001005
0.001005
0.001005
0.001004
0.001004
0.001004
0.001004
0.001004
0.001004
0.001004
0.001003
0.001003
0.001003
0.001003
0.001003
0.001003
0.001003
0.001003
0.001002
