0.505285
0.457146
0.401633
0.336789
0.262818
0.177486
0.132729
0.105112
0.083509
0.066117
0.054004
0.045810
0.039149
0.032594
0.025390
0.018712
0.014295
0.011700
0.010128
0.009152
0.008551
0.008201
0.008009
0.007912
0.007859
0.007829
0.007808
0.007791
0.007776
0.007764
0.007752
0.007739
0.007726
0.007712
0.007695
0.007683
0.007671
0.007658
0.007644
0.007629
0.007616
0.007602
0.007587
0.007573
0.007561
0.007546
0.007532
0.007520
0.007509
0.007492
0.007478
0.007464
0.007450
0.007434
0.007421
0.007405
0.007391
0.007378
0.007365
0.007350
0.007336
0.007321
0.007306
0.007293
0.007278
0.007262
0.007247
0.007233
0.007214
0.007197
0.007184
0.007168
0.007153
0.007140
0.007125
0.007111
0.007098
0.007084
0.007069
0.007056
0.007042
0.007027
0.007013
0.007000
0.006987
0.006974
0.006962
0.006948
0.006934
0.006923
0.006909
0.006896
0.006883
0.006867
0.006854
0.006842
0.006829
0.006816
0.006802
0.006790
0.006646
0.006621
0.006611
0.006601
0.006591
0.006585
0.006580
0.006576
0.006571
0.006567
0.006562
0.006557
0.006552
0.006547
0.006542
0.006537
0.006533
0.006528
0.006522
0.006517
0.006511
0.006506
0.006500
0.006494
0.006487
0.006481
0.006475
0.006470
0.006464
0.006456
0.006448
0.006441
0.006434
0.006427
0.006420
0.006413
0.006407
0.006402
0.006395
0.006386
0.006379
0.006371
0.006363
0.006354
0.006346
0.006337
0.006328
0.006319
0.006309
0.006297
0.006285
0.006273
0.006261
0.006249
0.006236
0.006222
0.006208
0.006194
0.006179
0.006165
0.006151
0.006138
0.006125
0.006111
0.006098
0.006083
0.006064
0.006035
0.005900
0.005288
0.004412
0.003900
0.003674
0.003532
0.003435
0.003362
0.003301
0.003245
0.003201
0.003154
0.003115
0.003078
0.003044
0.003017
0.002987
0.002962
0.002937
0.002912
0.002891
0.002872
0.002852
0.002836
0.002822
0.002807
0.002795
0.002782
0.002769
0.002759
0.002748
0.002739
0.002701
0.002684
0.002677
0.002674
0.002670
0.002665
0.002661
0.002658
0.002654
0.002650
0.002647
0.002644
0.002640
0.002637
0.002634
0.002631
0.002628
0.002624
0.002621
0.002618
0.002615
0.002613
0.002610
0.002607
0.002605
0.002602
0.002600
0.002597
0.002595
0.002592
0.002590
0.002588
0.002586
0.002583
0.002581
0.002579
0.002577
0.002575
0.002573
0.002571
0.002568
0.002567
0.002565
0.002563
0.002561
0.002559
0.002557
0.002555
0.002553
0.002551
0.002549
0.002547
0.002545
0.002544
0.002542
0.002540
0.002538
0.002536
0.002535
0.002533
0.002531
0.002529
0.002528
0.002526
0.002524
0.002523
0.002521
0.002519
0.002518
0.002516
0.002515
0.002513
0.002511
0.002510
0.002508
0.002507
0.002505
0.002503
0.002502
0.002501
0.002499
0.002498
0.002497
0.002495
0.002493
0.002492
0.002490
0.002489
0.002488
0.002485
0.002484
0.002483
0.002482
0.002480
0.002478
0.002477
0.002476
0.002475
0.002473
0.002472
0.002459
0.002451
0.002452
0.002451
0.002450
0.002449
0.002448
0.002448
0.002447
0.002446
0.002446
0.002445
0.002444
0.002443
0.002443
0.002442
0.002442
0.002441
0.002440
0.002439
0.002439
0.002438
0.002438
0.002437
0.002436
0.002436
0.002435
0.002434
0.002434
0.002433
0.002432
0.002432
0.002431
0.002430
0.002430
0.002429
0.002429
0.002428
0.002427
0.002427
0.002426
0.002426
0.002425
0.002424
0.002424
0.002423
0.002422
0.002422
0.002421
0.002420
0.002420
0.002419
0.002418
0.002418
0.002417
0.002417
0.002416
0.002415
0.002415
0.002414
0.002414
0.002413
0.002412
0.002412
0.002411
0.002410
0.002410
0.002409
0.002409
0.002408
0.002407
0.002407
0.002406
0.002406
0.002405
0.002404
0.002404
0.002403
0.002402
0.002402
0.002401
0.002401
0.002400
0.002399
0.002399
0.002398
0.002398
0.002397
0.002396
0.002396
0.002395
0.002395
0.002394
0.002393
0.002393
0.002392
0.002392
0.002391
0.002390
0.002390
0.002384
0.002384
0.002383
0.002383
0.002383
0.002382
0.002382
0.002382
0.002381
0.002381
0.002381
0.002381
0.002380
0.002380
0.002380
0.002379
0.002379
0.002379
0.002378
0.002378
0.002378
0.002377
0.002377
0.002377
0.002376
0.002376
0.002376
0.002376
0.002375
0.002375
0.002375
0.002374
0.002374
0.002374
0.002373
0.002373
0.002373
0.002372
0.002372
0.002372
0.002371
0.002371
0.002371
0.002371
0.002370
0.002370
0.002370
0.002369
0.002369
0.002369
0.002368
0.002368
0.002368
0.002367
0.002367
0.002367
0.002367
0.002366
0.002366
0.002366
0.002365
0.002365
0.002365
0.002364
0.002364
0.002364
0.002363
0.002363
0.002363
0.002362
0.002362
0.002362
0.002362
0.002361
0.002361
0.002361
0.002360
0.002360
0.002360
0.002359
0.002359
0.002359
0.002358
0.002358
0.002358
0.002357
0.002357
0.002357
0.002357
0.002356
0.002356
0.002356
0.002355
0.002355
0.002355
0.002354
0.002354
0.002354
0.002353
0.002353
