0.575748
0.494031
0.425787
0.308730
0.224641
0.174828
0.136781
0.103461
0.062081
0.035455
0.024499
0.018909
0.014285
0.010745
0.008523
0.007404
0.006859
0.006579
0.006427
0.006302
0.006210
0.006133
0.006070
0.006015
0.005971
0.005929
0.005890
0.005856
0.005819
0.005787
0.005755
0.005722
0.005692
0.005662
0.005631
0.005601
0.005569
0.005540
0.005507
0.005473
0.005437
0.005398
0.005359
0.005323
0.005288
0.005249
0.005211
0.005170
0.005125
0.005076
0.005031
0.004982
0.004932
0.004874
0.004820
0.004762
0.004704
0.004642
0.004578
0.004517
0.004448
0.004374
0.004303
0.004230
0.004158
0.004084
0.004007
0.003930
0.003851
0.003776
0.003703
0.003630
0.003565
0.003503
0.003448
0.003395
0.003347
0.003303
0.003267
0.003232
0.003199
0.003170
0.003139
0.003113
0.003091
0.003070
0.003050
0.003031
0.003011
0.002994
0.002975
0.002959
0.002943
0.002930
0.002917
0.002906
0.002894
0.002883
0.002872
0.002861
0.002814
0.002816
0.002820
0.002806
0.002792
0.002784
0.002779
0.002774
0.002770
0.002765
0.002761
0.002756
0.002752
0.002748
0.002744
0.002741
0.002738
0.002735
0.002732
0.002728
0.002725
0.002722
0.002719
0.002716
0.002713
0.002710
0.002707
0.002704
0.002701
0.002698
0.002696
0.002693
0.002690
0.002687
0.002684
0.002682
0.002678
0.002676
0.002673
0.002671
0.002667
0.002665
0.002662
0.002660
0.002658
0.002655
0.002653
0.002650
0.002648
0.002646
0.002644
0.002642
0.002640
0.002637
0.002636
0.002634
0.002632
0.002630
0.002628
0.002626
0.002624
0.002622
0.002621
0.002619
0.002617
0.002616
0.002614
0.002612
0.002611
0.002610
0.002608
0.002607
0.002605
0.002603
0.002601
0.002600
0.002599
0.002598
0.002596
0.002595
0.002594
0.002592
0.002591
0.002590
0.002589
0.002588
0.002586
0.002585
0.002584
0.002584
0.002582
0.002581
0.002580
0.002579
0.002578
0.002577
0.002576
0.002575
0.002573
0.002572
0.002545
0.002544
0.002549
0.002550
0.002549
0.002548
0.002547
0.002546
0.002545
0.002544
0.002544
0.002543
0.002542
0.002542
0.002541
0.002540
0.002540
0.002539
0.002538
0.002538
0.002537
0.002536
0.002535
0.002535
0.002534
0.002533
0.002533
0.002532
0.002531
0.002530
0.002530
0.002529
0.002528
0.002528
0.002527
0.002526
0.002525
0.002525
0.002524
0.002523
0.002523
0.002522
0.002521
0.002520
0.002520
0.002519
0.002518
0.002517
0.002517
0.002516
0.002515
0.002514
0.002513
0.002513
0.002512
0.002511
0.002510
0.002509
0.002509
0.002508
0.002507
0.002507
0.002506
0.002505
0.002504
0.002504
0.002503
0.002502
0.002502
0.002501
0.002501
0.002500
0.002499
0.002498
0.002498
0.002497
0.002496
0.002495
0.002495
0.002494
0.002493
0.002492
0.002492
0.002491
0.002490
0.002489
0.002489
0.002488
0.002487
0.002486
0.002485
0.002485
0.002484
0.002483
0.002482
0.002482
0.002481
0.002480
0.002479
0.002479
0.002454
0.002451
0.002446
0.002445
0.002445
0.002444
0.002444
0.002444
0.002443
0.002443
0.002442
0.002442
0.002442
0.002441
0.002441
0.002440
0.002440
0.002440
0.002439
0.002439
0.002438
0.002438
0.002438
0.002437
0.002437
0.002436
0.002436
0.002436
0.002435
0.002435
0.002434
0.002434
0.002433
0.002433
0.002433
0.002432
0.002432
0.002432
0.002431
0.002431
0.002430
0.002430
0.002430
0.002429
0.002429
0.002428
0.002428
0.002428
0.002427
0.002427
0.002426
0.002426
0.002426
0.002425
0.002425
0.002425
0.002424
0.002424
0.002423
0.002423
0.002423
0.002422
0.002422
0.002422
0.002421
0.002421
0.002420
0.002420
0.002420
0.002419
0.002419
0.002418
0.002418
0.002418
0.002417
0.002417
0.002417
0.002416
0.002416
0.002415
0.002415
0.002415
0.002414
0.002414
0.002413
0.002413
0.002413
0.002412
0.002412
0.002411
0.002411
0.002411
0.002410
0.002410
0.002409
0.002409
0.002409
0.002408
0.002408
0.002407
0.002401
0.002409
0.002413
0.002414
0.002414
0.002414
0.002414
0.002414
0.002414
0.002413
0.002413
0.002413
0.002413
0.002413
0.002413
0.002413
0.002412
0.002412
0.002412
0.002412
0.002412
0.002411
0.002411
0.002411
0.002411
0.002411
0.002410
0.002410
0.002410
0.002410
0.002410
0.002410
0.002409
0.002409
0.002409
0.002409
0.002409
0.002409
0.002409
0.002408
0.002408
0.002408
0.002408
0.002408
0.002407
0.002407
0.002407
0.002407
0.002407
0.002407
0.002406
0.002406
0.002406
0.002406
0.002406
0.002406
0.002405
0.002405
0.002405
0.002405
0.002405
0.002405
0.002404
0.002404
0.002404
0.002404
0.002404
0.002404
0.002403
0.002403
0.002403
0.002403
0.002403
0.002403
0.002403
0.002402
0.002402
0.002402
0.002402
0.002402
0.002401
0.002401
0.002401
0.002401
0.002401
0.002401
0.002400
0.002400
0.002400
0.002400
0.002400
0.002399
0.002399
0.002399
0.002399
0.002399
0.002399
0.002398
0.002398
0.002398
