0.471320
0.397628
0.339962
0.305747
0.289725
0.279458
0.266590
0.235794
0.160060
0.076681
0.049447
0.035229
0.026883
0.021108
0.016989
0.014040
0.012006
0.010651
0.009803
0.009311
0.009008
0.008813
0.008675
0.008561
0.008511
0.008455
0.008418
0.008391
0.008377
0.008359
0.008350
0.008342
0.008339
0.008330
0.008327
0.008317
0.008314
0.008310
0.008302
0.008295
0.008287
0.008281
0.008286
0.008279
0.008276
0.008273
0.008272
0.008269
0.008270
0.008267
0.008274
0.008274
0.008270
0.008268
0.008265
0.008261
0.008256
0.008249
0.008245
0.008245
0.008242
0.008238
0.008238
0.008235
0.008230
0.008228
0.008224
0.008222
0.008221
0.008219
0.008216
0.008215
0.008211
0.008206
0.008204
0.008201
0.008199
0.008196
0.008195
0.008193
0.008192
0.008191
0.008186
0.008181
0.008179
0.008177
0.008180
0.008179
0.008180
0.008187
0.008185
0.008181
0.008181
0.008180
0.008178
0.008174
0.008169
0.008166
0.008162
0.008163
0.007964
0.007927
0.007930
0.007932
0.007928
0.007930
0.007931
0.007932
0.007933
0.007934
0.007934
0.007934
0.007934
0.007935
0.007936
0.007937
0.007938
0.007939
0.007940
0.007941
0.007942
0.007943
0.007943
0.007944
0.007945
0.007946
0.007947
0.007947
0.007948
0.007949
0.007949
0.007948
0.007949
0.007949
0.007950
0.007950
0.007949
0.007949
0.007950
0.007950
0.007951
0.007951
0.007951
0.007951
0.007951
0.007952
0.007953
0.007952
0.007952
0.007952
0.007952
0.007952
0.007952
0.007952
0.007952
0.007953
0.007952
0.007952
0.007951
0.007950
0.007951
0.007952
0.007951
0.007951
0.007951
0.007950
0.007949
0.007950
0.007950
0.007950
0.007948
0.007949
0.007950
0.007951
0.007949
0.007947
0.007947
0.007948
0.007948
0.007947
0.007947
0.007946
0.007947
0.007947
0.007946
0.007946
0.007945
0.007945
0.007945
0.007947
0.007946
0.007943
0.007943
0.007944
0.007943
0.007942
0.007943
0.007942
0.007943
0.007944
0.007858
0.007820
0.007828
0.007825
0.007826
0.007825
0.007825
0.007825
0.007825
0.007825
0.007825
0.007825
0.007825
0.007825
0.007825
0.007825
0.007825
0.007825
0.007825
0.007825
0.007825
0.007825
0.007825
0.007824
0.007824
0.007824
0.007824
0.007824
0.007824
0.007824
0.007824
0.007824
0.007824
0.007824
0.007824
0.007824
0.007824
0.007824
0.007824
0.007826
0.007825
0.007824
0.007825
0.007825
0.007825
0.007825
0.007825
0.007825
0.007825
0.007825
0.007825
0.007825
0.007825
0.007825
0.007825
0.007825
0.007825
0.007825
0.007825
0.007825
0.007825
0.007825
0.007825
0.007825
0.007825
0.007825
0.007825
0.007824
0.007825
0.007825
0.007825
0.007825
0.007825
0.007825
0.007825
0.007825
0.007825
0.007825
0.007825
0.007825
0.007825
0.007824
0.007825
0.007825
0.007825
0.007825
0.007825
0.007825
0.007825
0.007824
0.007824
0.007824
0.007824
0.007824
0.007824
0.007824
0.007823
0.007824
0.007824
0.007824
0.007800
0.007804
0.007803
0.007803
0.007801
0.007802
0.007801
0.007801
0.007801
0.007801
0.007801
0.007801
0.007801
0.007801
0.007800
0.007800
0.007800
0.007800
0.007800
0.007800
0.007800
0.007799
0.007800
0.007800
0.007799
0.007800
0.007799
0.007800
0.007799
0.007800
0.007798
0.007800
0.007798
0.007800
0.007798
0.007799
0.007798
0.007799
0.007797
0.007799
0.007797
0.007799
0.007797
0.007798
0.007797
0.007798
0.007797
0.007798
0.007797
0.007798
0.007796
0.007797
0.007796
0.007797
0.007796
0.007797
0.007796
0.007797
0.007795
0.007797
0.007795
0.007796
0.007795
0.007796
0.007795
0.007796
0.007795
0.007796
0.007794
0.007795
0.007794
0.007795
0.007794
0.007795
0.007794
0.007795
0.007794
0.007795
0.007793
0.007794
0.007793
0.007794
0.007793
0.007794
0.007793
0.007794
0.007793
0.007794
0.007792
0.007793
0.007792
0.007793
0.007792
0.007793
0.007792
0.007793
0.007792
0.007793
0.007792
0.007792
0.007784
0.007796
0.007799
0.007798
0.007796
0.007795
0.007795
0.007795
0.007794
0.007794
0.007794
0.007794
0.007794
0.007794
0.007793
0.007793
0.007793
0.007793
0.007793
0.007793
0.007793
0.007792
0.007792
0.007792
0.007792
0.007792
0.007792
0.007792
0.007792
0.007792
0.007791
0.007791
0.007791
0.007791
0.007791
0.007791
0.007791
0.007791
0.007791
0.007791
0.007791
0.007791
0.007791
0.007791
0.007790
0.007790
0.007790
0.007790
0.007790
0.007790
0.007790
0.007790
0.007790
0.007790
0.007790
0.007790
0.007790
0.007790
0.007790
0.007790
0.007790
0.007789
0.007789
0.007789
0.007789
0.007789
0.007789
0.007789
0.007789
0.007789
0.007789
0.007789
0.007789
0.007789
0.007789
0.007789
0.007789
0.007789
0.007789
0.007789
0.007789
0.007789
0.007789
0.007789
0.007789
0.007789
0.007789
0.007788
0.007788
0.007789
0.007789
0.007788
0.007788
0.007788
0.007788
0.007788
0.007788
0.007788
0.007788
0.007788
