0.433115
0.152947
0.030129
0.011817
0.006248
0.004912
0.004313
0.003888
0.003579
0.003309
0.003065
0.002836
0.002617
0.002417
0.002235
0.002065
0.001914
0.001786
0.001678
0.001582
0.001495
0.001419
0.001352
0.001293
0.001244
0.001203
0.001168
0.001139
0.001116
0.001090
0.001061
0.001032
0.001005
0.000976
0.000945
0.000917
0.000892
0.000867
0.000843
0.000817
0.000794
0.000775
0.000756
0.000741
0.000726
0.000709
0.000693
0.000675
0.000658
0.000640
0.000625
0.000614
0.000607
0.000601
0.000596
0.000591
0.000589
0.000586
0.000585
0.000583
0.000583
0.000582
0.000581
0.000581
0.000581
0.000580
0.000579
0.000577
0.000576
0.000574
0.000568
0.000565
0.000565
0.000563
0.000561
0.000560
0.000557
0.000556
0.000554
0.000552
0.000550
0.000548
0.000547
0.000546
0.000543
0.000541
0.000542
0.000541
0.000540
0.000539
0.000537
0.000535
0.000534
0.000533
0.000532
0.000532
0.000530
0.000530
0.000529
0.000528
0.000478
0.000481
0.000488
0.000490
0.000492
0.000491
0.000489
0.000488
0.000486
0.000484
0.000482
0.000480
0.000478
0.000475
0.000474
0.000472
0.000470
0.000468
0.000466
0.000465
0.000463
0.000462
0.000460
0.000459
0.000458
0.000457
0.000456
0.000455
0.000455
0.000454
0.000453
0.000453
0.000452
0.000452
0.000451
0.000451
0.000450
0.000450
0.000450
0.000450
0.000450
0.000450
0.000450
0.000450
0.000451
0.000451
0.000452
0.000453
0.000454
0.000455
0.000457
0.000458
0.000459
0.000460
0.000461
0.000461
0.000462
0.000462
0.000463
0.000463
0.000462
0.000462
0.000462
0.000462
0.000462
0.000461
0.000461
0.000461
0.000461
0.000461
0.000461
0.000461
0.000461
0.000461
0.000460
0.000460
0.000460
0.000460
0.000460
0.000459
0.000459
0.000459
0.000458
0.000458
0.000457
0.000457
0.000457
0.000457
0.000457
0.000457
0.000456
0.000456
0.000456
0.000455
0.000455
0.000455
0.000455
0.000454
0.000454
0.000454
0.000432
0.000436
0.000425
0.000426
0.000425
0.000424
0.000425
0.000425
0.000424
0.000424
0.000424
0.000424
0.000424
0.000424
0.000425
0.000425
0.000425
0.000425
0.000425
0.000425
0.000425
0.000425
0.000425
0.000425
0.000425
0.000425
0.000425
0.000426
0.000426
0.000426
0.000426
0.000426
0.000426
0.000426
0.000426
0.000426
0.000427
0.000427
0.000427
0.000427
0.000427
0.000427
0.000427
0.000427
0.000427
0.000427
0.000427
0.000427
0.000427
0.000427
0.000427
0.000427
0.000427
0.000427
0.000427
0.000426
0.000426
0.000426
0.000426
0.000426
0.000426
0.000425
0.000425
0.000425
0.000425
0.000425
0.000425
0.000424
0.000424
0.000424
0.000424
0.000424
0.000423
0.000423
0.000423
0.000423
0.000422
0.000422
0.000422
0.000422
0.000421
0.000421
0.000421
0.000420
0.000420
0.000420
0.000420
0.000420
0.000419
0.000419
0.000419
0.000419
0.000419
0.000418
0.000418
0.000418
0.000418
0.000417
0.000417
0.000417
0.000402
0.000402
0.000404
0.000405
0.000405
0.000405
0.000405
0.000405
0.000405
0.000404
0.000404
0.000404
0.000403
0.000403
0.000403
0.000403
0.000402
0.000402
0.000402
0.000402
0.000401
0.000401
0.000401
0.000401
0.000400
0.000400
0.000400
0.000400
0.000400
0.000400
0.000399
0.000399
0.000399
0.000399
0.000399
0.000399
0.000399
0.000398
0.000398
0.000398
0.000398
0.000398
0.000398
0.000398
0.000397
0.000397
0.000397
0.000397
0.000397
0.000396
0.000396
0.000396
0.000396
0.000396
0.000396
0.000396
0.000396
0.000395
0.000395
0.000395
0.000395
0.000395
0.000395
0.000395
0.000395
0.000395
0.000395
0.000395
0.000395
0.000394
0.000394
0.000394
0.000394
0.000394
0.000394
0.000394
0.000394
0.000394
0.000394
0.000394
0.000394
0.000394
0.000394
0.000394
0.000394
0.000394
0.000394
0.000394
0.000394
0.000394
0.000393
0.000393
0.000393
0.000393
0.000393
0.000393
0.000393
0.000393
0.000393
0.000393
0.000387
0.000389
0.000389
0.000389
0.000389
0.000389
0.000389
0.000389
0.000389
0.000389
0.000389
0.000389
0.000389
0.000389
0.000389
0.000388
0.000388
0.000388
0.000388
0.000388
0.000388
0.000388
0.000388
0.000388
0.000388
0.000388
0.000388
0.000388
0.000388
0.000388
0.000388
0.000388
0.000388
0.000388
0.000388
0.000388
0.000388
0.000388
0.000388
0.000388
0.000388
0.000388
0.000388
0.000388
0.000388
0.000388
0.000388
0.000388
0.000388
0.000388
0.000388
0.000388
0.000388
0.000387
0.000387
0.000387
0.000387
0.000387
0.000387
0.000387
0.000387
0.000387
0.000387
0.000387
0.000387
0.000387
0.000387
0.000387
0.000387
0.000387
0.000387
0.000387
0.000387
0.000387
0.000387
0.000387
0.000387
0.000387
0.000387
0.000387
0.000387
0.000387
0.000387
0.000386
0.000386
0.000386
0.000386
0.000386
0.000386
0.000386
0.000386
0.000386
0.000386
0.000386
0.000386
0.000386
0.000386
0.000386
0.000386
0.000386
