0.386433
0.132736
0.060113
0.036918
0.020908
0.012066
0.008084
0.006841
0.006193
0.005761
0.005423
0.005133
0.004880
0.004659
0.004467
0.004295
0.004133
0.003981
0.003838
0.003698
0.003560
0.003429
0.003303
0.003183
0.003068
0.002956
0.002850
0.002749
0.002652
0.002560
0.002472
0.002388
0.002309
0.002234
0.002165
0.002101
0.002042
0.001987
0.001938
0.001893
0.001852
0.001812
0.001775
0.001740
0.001707
0.001676
0.001648
0.001621
0.001597
0.001574
0.001551
0.001529
0.001509
0.001488
0.001468
0.001449
0.001431
0.001414
0.001397
0.001383
0.001368
0.001354
0.001340
0.001326
0.001313
0.001301
0.001290
0.001278
0.001265
0.001256
0.001246
0.001237
0.001230
0.001223
0.001217
0.001211
0.001206
0.001201
0.001197
0.001193
0.001189
0.001184
0.001180
0.001177
0.001174
0.001171
0.001168
0.001165
0.001162
0.001159
0.001156
0.001154
0.001152
0.001150
0.001148
0.001147
0.001145
0.001143
0.001142
0.001141
0.001095
0.001089
0.001072
0.001073
0.001073
0.001070
0.001070
0.001069
0.001068
0.001067
0.001067
0.001066
0.001066
0.001065
0.001064
0.001064
0.001063
0.001063
0.001063
0.001063
0.001062
0.001062
0.001062
0.001062
0.001061
0.001061
0.001061
0.001061
0.001061
0.001061
0.001061
0.001060
0.001060
0.001060
0.001060
0.001060
0.001060
0.001060
0.001059
0.001059
0.001059
0.001059
0.001058
0.001058
0.001057
0.001057
0.001057
0.001056
0.001056
0.001056
0.001055
0.001055
0.001054
0.001054
0.001054
0.001054
0.001053
0.001052
0.001052
0.001051
0.001051
0.001050
0.001050
0.001050
0.001049
0.001048
0.001048
0.001048
0.001047
0.001047
0.001046
0.001046
0.001045
0.001045
0.001044
0.001044
0.001043
0.001043
0.001042
0.001041
0.001041
0.001041
0.001041
0.001040
0.001040
0.001039
0.001039
0.001038
0.001037
0.001036
0.001035
0.001035
0.001034
0.001034
0.001033
0.001033
0.001032
0.001031
0.001030
0.001030
0.001011
0.001023
0.001029
0.001029
0.001028
0.001028
0.001027
0.001026
0.001025
0.001024
0.001023
0.001022
0.001021
0.001021
0.001020
0.001019
0.001019
0.001018
0.001017
0.001017
0.001016
0.001016
0.001015
0.001015
0.001014
0.001014
0.001013
0.001013
0.001012
0.001011
0.001011
0.001011
0.001010
0.001010
0.001009
0.001009
0.001008
0.001008
0.001007
0.001007
0.001007
0.001006
0.001006
0.001005
0.001005
0.001004
0.001004
0.001004
0.001003
0.001003
0.001002
0.001002
0.001001
0.001001
0.001000
0.001000
0.000999
0.000999
0.000998
0.000998
0.000997
0.000997
0.000996
0.000996
0.000996
0.000995
0.000995
0.000994
0.000994
0.000993
0.000993
0.000993
0.000992
0.000992
0.000991
0.000991
0.000990
0.000990
0.000989
0.000989
0.000988
0.000988
0.000988
0.000987
0.000986
0.000986
0.000985
0.000985
0.000984
0.000984
0.000983
0.000983
0.000982
0.000982
0.000981
0.000981
0.000980
0.000980
0.000979
0.000979
0.000982
0.000967
0.000965
0.000960
0.000961
0.000961
0.000961
0.000960
0.000960
0.000960
0.000960
0.000960
0.000959
0.000959
0.000959
0.000959
0.000958
0.000958
0.000958
0.000958
0.000958
0.000957
0.000957
0.000957
0.000957
0.000957
0.000956
0.000956
0.000956
0.000956
0.000955
0.000955
0.000955
0.000955
0.000954
0.000954
0.000954
0.000954
0.000953
0.000953
0.000953
0.000952
0.000952
0.000952
0.000952
0.000951
0.000951
0.000951
0.000950
0.000950
0.000950
0.000950
0.000949
0.000949
0.000949
0.000948
0.000948
0.000948
0.000948
0.000947
0.000947
0.000947
0.000946
0.000946
0.000946
0.000946
0.000945
0.000945
0.000944
0.000944
0.000944
0.000943
0.000943
0.000943
0.000942
0.000942
0.000942
0.000941
0.000941
0.000941
0.000940
0.000940
0.000940
0.000939
0.000939
0.000939
0.000938
0.000938
0.000938
0.000938
0.000937
0.000937
0.000936
0.000936
0.000936
0.000935
0.000935
0.000935
0.000934
0.000934
0.000926
0.000925
0.000922
0.000921
0.000921
0.000921
0.000921
0.000920
0.000920
0.000920
0.000920
0.000920
0.000919
0.000919
0.000919
0.000919
0.000919
0.000919
0.000918
0.000918
0.000918
0.000918
0.000918
0.000917
0.000917
0.000917
0.000917
0.000917
0.000917
0.000916
0.000916
0.000916
0.000916
0.000916
0.000916
0.000915
0.000915
0.000915
0.000915
0.000915
0.000915
0.000914
0.000914
0.000914
0.000914
0.000914
0.000913
0.000913
0.000913
0.000913
0.000913
0.000913
0.000912
0.000912
0.000912
0.000912
0.000912
0.000912
0.000911
0.000911
0.000911
0.000911
0.000911
0.000911
0.000911
0.000910
0.000910
0.000910
0.000910
0.000910
0.000910
0.000910
0.000909
0.000909
0.000909
0.000909
0.000909
0.000909
0.000909
0.000908
0.000908
0.000908
0.000908
0.000908
0.000908
0.000907
0.000907
0.000907
0.000907
0.000907
0.000907
0.000906
0.000906
0.000906
0.000906
0.000906
0.000906
0.000905
0.000905
0.000905
