0.498660
0.447121
0.339306
0.215075
0.124973
0.088510
0.069761
0.056160
0.045849
0.037665
0.029952
0.023157
0.017729
0.013975
0.011631
0.010010
0.008687
0.007565
0.006721
0.006072
0.005512
0.005006
0.004548
0.004149
0.003829
0.003576
0.003362
0.003180
0.003026
0.002895
0.002785
0.002686
0.002592
0.002509
0.002432
0.002362
0.002303
0.002246
0.002195
0.002148
0.002103
0.002060
0.002023
0.001988
0.001955
0.001921
0.001889
0.001864
0.001843
0.001824
0.001806
0.001790
0.001776
0.001762
0.001749
0.001738
0.001727
0.001717
0.001711
0.001703
0.001696
0.001689
0.001683
0.001675
0.001666
0.001659
0.001651
0.001643
0.001637
0.001628
0.001622
0.001615
0.001610
0.001602
0.001595
0.001589
0.001584
0.001579
0.001572
0.001565
0.001557
0.001549
0.001544
0.001538
0.001532
0.001525
0.001520
0.001515
0.001507
0.001501
0.001496
0.001491
0.001485
0.001480
0.001477
0.001472
0.001466
0.001462
0.001459
0.001455
0.001395
0.001395
0.001394
0.001396
0.001394
0.001392
0.001390
0.001388
0.001386
0.001384
0.001381
0.001379
0.001375
0.001371
0.001367
0.001364
0.001360
0.001356
0.001352
0.001348
0.001345
0.001341
0.001337
0.001333
0.001329
0.001325
0.001321
0.001316
0.001312
0.001308
0.001303
0.001299
0.001295
0.001291
0.001287
0.001283
0.001280
0.001275
0.001271
0.001267
0.001263
0.001258
0.001254
0.001250
0.001247
0.001242
0.001238
0.001234
0.001230
0.001226
0.001223
0.001220
0.001216
0.001213
0.001209
0.001206
0.001203
0.001201
0.001198
0.001196
0.001194
0.001191
0.001189
0.001186
0.001184
0.001181
0.001178
0.001174
0.001170
0.001165
0.001159
0.001153
0.001146
0.001139
0.001134
0.001129
0.001126
0.001122
0.001119
0.001116
0.001113
0.001112
0.001110
0.001108
0.001105
0.001102
0.001099
0.001097
0.001094
0.001091
0.001088
0.001085
0.001083
0.001081
0.001078
0.001075
0.001072
0.001069
0.001068
0.001065
0.001041
0.001046
0.001048
0.001048
0.001048
0.001047
0.001046
0.001045
0.001044
0.001044
0.001043
0.001042
0.001041
0.001041
0.001040
0.001039
0.001038
0.001038
0.001037
0.001036
0.001035
0.001035
0.001034
0.001033
0.001032
0.001031
0.001030
0.001030
0.001029
0.001029
0.001028
0.001027
0.001027
0.001026
0.001025
0.001024
0.001024
0.001023
0.001023
0.001022
0.001022
0.001021
0.001021
0.001020
0.001020
0.001020
0.001019
0.001019
0.001018
0.001018
0.001017
0.001017
0.001016
0.001016
0.001015
0.001015
0.001015
0.001014
0.001014
0.001013
0.001013
0.001012
0.001012
0.001012
0.001011
0.001010
0.001010
0.001010
0.001009
0.001009
0.001009
0.001008
0.001008
0.001007
0.001007
0.001006
0.001006
0.001006
0.001005
0.001005
0.001004
0.001004
0.001003
0.001003
0.001003
0.001002
0.001002
0.001002
0.001001
0.001001
0.001001
0.001000
0.001000
0.000999
0.000999
0.000999
0.000998
0.000998
0.000998
0.000997
0.000993
0.000980
0.000977
0.000974
0.000973
0.000973
0.000972
0.000972
0.000972
0.000972
0.000972
0.000971
0.000971
0.000971
0.000971
0.000971
0.000971
0.000970
0.000970
0.000970
0.000970
0.000970
0.000970
0.000970
0.000970
0.000969
0.000969
0.000969
0.000969
0.000969
0.000969
0.000969
0.000969
0.000969
0.000969
0.000968
0.000968
0.000968
0.000968
0.000968
0.000968
0.000968
0.000968
0.000968
0.000968
0.000967
0.000967
0.000967
0.000967
0.000967
0.000967
0.000967
0.000967
0.000967
0.000967
0.000966
0.000966
0.000966
0.000966
0.000966
0.000966
0.000966
0.000966
0.000966
0.000966
0.000966
0.000965
0.000965
0.000965
0.000965
0.000965
0.000965
0.000965
0.000965
0.000965
0.000964
0.000964
0.000964
0.000964
0.000964
0.000964
0.000964
0.000964
0.000963
0.000963
0.000964
0.000963
0.000963
0.000963
0.000963
0.000963
0.000963
0.000963
0.000963
0.000963
0.000962
0.000962
0.000962
0.000962
0.000962
0.000952
0.000949
0.000949
0.000948
0.000947
0.000947
0.000947
0.000947
0.000947
0.000947
0.000947
0.000947
0.000947
0.000947
0.000947
0.000947
0.000947
0.000947
0.000947
0.000947
0.000947
0.000947
0.000947
0.000947
0.000947
0.000947
0.000947
0.000947
0.000947
0.000946
0.000946
0.000946
0.000946
0.000946
0.000946
0.000946
0.000946
0.000946
0.000946
0.000946
0.000946
0.000946
0.000946
0.000946
0.000946
0.000946
0.000946
0.000946
0.000946
0.000946
0.000946
0.000946
0.000946
0.000946
0.000946
0.000946
0.000945
0.000945
0.000945
0.000945
0.000945
0.000945
0.000945
0.000945
0.000945
0.000945
0.000945
0.000945
0.000945
0.000945
0.000945
0.000945
0.000945
0.000945
0.000945
0.000945
0.000945
0.000944
0.000944
0.000944
0.000944
0.000944
0.000944
0.000944
0.000944
0.000944
0.000944
0.000944
0.000944
0.000944
0.000944
0.000944
0.000944
0.000944
0.000944
0.000943
0.000943
0.000943
0.000943
0.000943
