0.420422
0.171636
0.055908
0.036745
0.024679
0.016032
0.010180
0.006765
0.004864
0.003894
0.003296
0.002908
0.002637
0.002437
0.002281
0.002151
0.002041
0.001947
0.001867
0.001800
0.001741
0.001688
0.001640
0.001599
0.001563
0.001532
0.001505
0.001480
0.001459
0.001440
0.001421
0.001405
0.001390
0.001376
0.001363
0.001352
0.001342
0.001334
0.001327
0.001319
0.001312
0.001304
0.001298
0.001293
0.001288
0.001283
0.001278
0.001273
0.001269
0.001265
0.001260
0.001257
0.001254
0.001251
0.001248
0.001246
0.001243
0.001241
0.001239
0.001237
0.001234
0.001232
0.001229
0.001228
0.001227
0.001224
0.001221
0.001220
0.001218
0.001217
0.001215
0.001214
0.001213
0.001211
0.001210
0.001209
0.001208
0.001206
0.001204
0.001203
0.001201
0.001200
0.001198
0.001197
0.001196
0.001195
0.001194
0.001194
0.001193
0.001192
0.001190
0.001189
0.001188
0.001187
0.001186
0.001185
0.001183
0.001183
0.001182
0.001181
0.001119
0.001127
0.001133
0.001140
0.001142
0.001144
0.001144
0.001144
0.001143
0.001142
0.001141
0.001140
0.001139
0.001138
0.001136
0.001135
0.001133
0.001131
0.001130
0.001128
0.001127
0.001125
0.001123
0.001121
0.001119
0.001117
0.001115
0.001113
0.001111
0.001109
0.001107
0.001105
0.001103
0.001101
0.001100
0.001098
0.001096
0.001094
0.001093
0.001091
0.001089
0.001088
0.001087
0.001085
0.001084
0.001083
0.001081
0.001080
0.001079
0.001078
0.001077
0.001076
0.001075
0.001075
0.001074
0.001073
0.001072
0.001071
0.001070
0.001069
0.001068
0.001068
0.001067
0.001066
0.001065
0.001065
0.001064
0.001063
0.001062
0.001061
0.001061
0.001060
0.001059
0.001058
0.001057
0.001056
0.001055
0.001054
0.001052
0.001051
0.001050
0.001049
0.001048
0.001047
0.001046
0.001045
0.001044
0.001043
0.001042
0.001041
0.001040
0.001039
0.001038
0.001037
0.001037
0.001036
0.001035
0.001034
0.001033
0.001032
0.001027
0.001040
0.001039
0.001037
0.001036
0.001036
0.001036
0.001035
0.001035
0.001035
0.001035
0.001034
0.001034
0.001034
0.001034
0.001033
0.001033
0.001033
0.001033
0.001033
0.001032
0.001032
0.001032
0.001032
0.001032
0.001031
0.001031
0.001031
0.001031
0.001031
0.001030
0.001030
0.001030
0.001030
0.001029
0.001029
0.001029
0.001029
0.001029
0.001029
0.001029
0.001028
0.001028
0.001028
0.001028
0.001028
0.001027
0.001027
0.001027
0.001027
0.001027
0.001027
0.001026
0.001026
0.001026
0.001026
0.001026
0.001025
0.001025
0.001025
0.001025
0.001025
0.001024
0.001024
0.001023
0.001023
0.001023
0.001022
0.001022
0.001022
0.001022
0.001021
0.001021
0.001021
0.001021
0.001021
0.001021
0.001020
0.001020
0.001020
0.001020
0.001019
0.001020
0.001019
0.001019
0.001020
0.001020
0.001020
0.001020
0.001020
0.001020
0.001020
0.001021
0.001021
0.001021
0.001022
0.001022
0.001023
0.001024
0.001024
0.001002
0.000980
0.000980
0.000979
0.000979
0.000978
0.000978
0.000978
0.000978
0.000978
0.000978
0.000978
0.000977
0.000977
0.000977
0.000977
0.000977
0.000977
0.000977
0.000976
0.000976
0.000976
0.000976
0.000976
0.000976
0.000976
0.000975
0.000975
0.000975
0.000975
0.000975
0.000975
0.000975
0.000974
0.000974
0.000974
0.000974
0.000974
0.000974
0.000973
0.000973
0.000973
0.000973
0.000973
0.000973
0.000972
0.000972
0.000972
0.000972
0.000972
0.000971
0.000971
0.000971
0.000971
0.000971
0.000971
0.000970
0.000970
0.000970
0.000970
0.000970
0.000970
0.000969
0.000969
0.000969
0.000969
0.000969
0.000969
0.000969
0.000968
0.000968
0.000968
0.000968
0.000968
0.000968
0.000968
0.000967
0.000967
0.000967
0.000967
0.000967
0.000967
0.000966
0.000966
0.000966
0.000966
0.000966
0.000966
0.000966
0.000965
0.000965
0.000965
0.000965
0.000965
0.000965
0.000965
0.000965
0.000964
0.000964
0.000964
0.000957
0.000956
0.000956
0.000955
0.000954
0.000954
0.000954
0.000954
0.000954
0.000954
0.000954
0.000953
0.000953
0.000953
0.000953
0.000953
0.000953
0.000953
0.000952
0.000952
0.000952
0.000952
0.000952
0.000952
0.000952
0.000952
0.000951
0.000951
0.000951
0.000951
0.000951
0.000951
0.000951
0.000951
0.000950
0.000950
0.000950
0.000950
0.000950
0.000950
0.000950
0.000950
0.000949
0.000949
0.000949
0.000949
0.000949
0.000949
0.000949
0.000949
0.000949
0.000948
0.000948
0.000948
0.000948
0.000948
0.000948
0.000948
0.000948
0.000948
0.000947
0.000947
0.000947
0.000947
0.000947
0.000947
0.000947
0.000947
0.000947
0.000946
0.000946
0.000946
0.000946
0.000946
0.000946
0.000946
0.000946
0.000946
0.000945
0.000945
0.000945
0.000945
0.000945
0.000945
0.000945
0.000945
0.000945
0.000944
0.000944
0.000944
0.000944
0.000944
0.000944
0.000944
0.000944
0.000944
0.000944
0.000943
0.000943
0.000943
