0.452888
0.236248
0.138904
0.092530
0.065485
0.046800
0.031775
0.017550
0.008528
0.006050
0.005384
0.005143
0.004947
0.004776
0.004627
0.004478
0.004331
0.004174
0.004014
0.003849
0.003679
0.003505
0.003334
0.003167
0.003010
0.002861
0.002727
0.002610
0.002509
0.002421
0.002345
0.002279
0.002222
0.002173
0.002130
0.002092
0.002058
0.002028
0.001999
0.001973
0.001947
0.001922
0.001897
0.001872
0.001847
0.001824
0.001802
0.001780
0.001759
0.001738
0.001719
0.001701
0.001683
0.001666
0.001649
0.001634
0.001618
0.001603
0.001589
0.001575
0.001561
0.001547
0.001533
0.001518
0.001504
0.001490
0.001475
0.001461
0.001446
0.001431
0.001417
0.001403
0.001390
0.001376
0.001363
0.001350
0.001338
0.001326
0.001315
0.001305
0.001297
0.001289
0.001282
0.001276
0.001271
0.001266
0.001262
0.001258
0.001255
0.001253
0.001251
0.001249
0.001247
0.001245
0.001243
0.001241
0.001239
0.001237
0.001236
0.001234
0.001192
0.001199
0.001196
0.001192
0.001193
0.001191
0.001190
0.001189
0.001187
0.001186
0.001185
0.001184
0.001183
0.001182
0.001181
0.001180
0.001179
0.001178
0.001177
0.001176
0.001175
0.001175
0.001174
0.001173
0.001172
0.001171
0.001171
0.001170
0.001169
0.001169
0.001168
0.001167
0.001167
0.001166
0.001165
0.001165
0.001164
0.001163
0.001163
0.001162
0.001161
0.001160
0.001160
0.001159
0.001158
0.001158
0.001157
0.001157
0.001156
0.001156
0.001155
0.001155
0.001155
0.001155
0.001154
0.001154
0.001154
0.001153
0.001153
0.001153
0.001153
0.001152
0.001152
0.001152
0.001151
0.001151
0.001151
0.001150
0.001150
0.001150
0.001150
0.001149
0.001149
0.001148
0.001148
0.001147
0.001147
0.001147
0.001146
0.001146
0.001145
0.001145
0.001145
0.001144
0.001144
0.001143
0.001143
0.001142
0.001142
0.001141
0.001141
0.001140
0.001140
0.001139
0.001139
0.001139
0.001138
0.001138
0.001138
0.001137
0.001122
0.001135
0.001134
0.001135
0.001136
0.001137
0.001137
0.001137
0.001136
0.001136
0.001135
0.001134
0.001133
0.001133
0.001132
0.001131
0.001130
0.001130
0.001129
0.001128
0.001128
0.001127
0.001126
0.001126
0.001125
0.001125
0.001124
0.001124
0.001123
0.001123
0.001122
0.001122
0.001121
0.001121
0.001121
0.001120
0.001120
0.001119
0.001119
0.001118
0.001118
0.001118
0.001117
0.001117
0.001116
0.001116
0.001116
0.001116
0.001115
0.001115
0.001115
0.001114
0.001114
0.001114
0.001114
0.001113
0.001113
0.001113
0.001112
0.001112
0.001112
0.001111
0.001111
0.001111
0.001110
0.001110
0.001110
0.001109
0.001109
0.001109
0.001108
0.001108
0.001108
0.001107
0.001107
0.001107
0.001106
0.001106
0.001106
0.001105
0.001105
0.001105
0.001104
0.001104
0.001104
0.001103
0.001103
0.001102
0.001102
0.001101
0.001101
0.001100
0.001100
0.001100
0.001100
0.001099
0.001099
0.001099
0.001098
0.001098
0.001091
0.001072
0.001072
0.001075
0.001075
0.001075
0.001075
0.001075
0.001074
0.001074
0.001073
0.001072
0.001071
0.001070
0.001069
0.001069
0.001068
0.001068
0.001067
0.001067
0.001067
0.001066
0.001066
0.001066
0.001065
0.001065
0.001065
0.001065
0.001065
0.001064
0.001064
0.001064
0.001064
0.001064
0.001063
0.001063
0.001063
0.001063
0.001062
0.001062
0.001062
0.001062
0.001062
0.001062
0.001061
0.001061
0.001061
0.001061
0.001061
0.001060
0.001060
0.001060
0.001060
0.001060
0.001060
0.001059
0.001059
0.001059
0.001059
0.001059
0.001059
0.001059
0.001058
0.001058
0.001058
0.001058
0.001058
0.001058
0.001058
0.001058
0.001057
0.001057
0.001057
0.001057
0.001057
0.001057
0.001057
0.001057
0.001057
0.001056
0.001056
0.001056
0.001056
0.001056
0.001056
0.001056
0.001056
0.001055
0.001055
0.001055
0.001055
0.001055
0.001055
0.001055
0.001054
0.001054
0.001054
0.001054
0.001054
0.001054
0.001043
0.001043
0.001042
0.001041
0.001040
0.001040
0.001040
0.001040
0.001040
0.001040
0.001040
0.001039
0.001039
0.001039
0.001039
0.001039
0.001039
0.001039
0.001038
0.001038
0.001038
0.001038
0.001038
0.001038
0.001037
0.001037
0.001037
0.001037
0.001037
0.001037
0.001037
0.001036
0.001036
0.001036
0.001036
0.001036
0.001036
0.001036
0.001035
0.001035
0.001035
0.001035
0.001035
0.001035
0.001035
0.001034
0.001034
0.001034
0.001034
0.001034
0.001034
0.001034
0.001034
0.001033
0.001033
0.001033
0.001033
0.001033
0.001033
0.001033
0.001033
0.001032
0.001032
0.001032
0.001032
0.001032
0.001032
0.001032
0.001032
0.001031
0.001031
0.001031
0.001031
0.001031
0.001031
0.001031
0.001030
0.001030
0.001030
0.001030
0.001030
0.001030
0.001030
0.001030
0.001029
0.001029
0.001029
0.001029
0.001029
0.001029
0.001029
0.001028
0.001028
0.001028
0.001028
0.001028
0.001028
0.001028
0.001027
0.001027
