0.462005
0.292988
0.131228
0.042770
0.026299
0.018861
0.014232
0.010911
0.008648
0.007127
0.006049
0.005320
0.004812
0.004450
0.004170
0.003934
0.003721
0.003527
0.003353
0.003207
0.003090
0.002987
0.002901
0.002829
0.002766
0.002707
0.002653
0.002598
0.002542
0.002490
0.002442
0.002398
0.002357
0.002319
0.002284
0.002247
0.002213
0.002185
0.002155
0.002125
0.002097
0.002070
0.002041
0.002010
0.001982
0.001955
0.001930
0.001905
0.001881
0.001858
0.001835
0.001814
0.001795
0.001779
0.001764
0.001749
0.001735
0.001723
0.001710
0.001697
0.001685
0.001673
0.001663
0.001653
0.001643
0.001634
0.001626
0.001618
0.001610
0.001603
0.001595
0.001589
0.001583
0.001576
0.001569
0.001563
0.001557
0.001552
0.001546
0.001542
0.001537
0.001532
0.001526
0.001521
0.001516
0.001511
0.001506
0.001501
0.001496
0.001491
0.001487
0.001482
0.001478
0.001472
0.001468
0.001463
0.001458
0.001454
0.001449
0.001444
0.001394
0.001373
0.001380
0.001386
0.001387
0.001385
0.001382
0.001379
0.001376
0.001373
0.001371
0.001368
0.001366
0.001363
0.001361
0.001359
0.001357
0.001355
0.001353
0.001351
0.001349
0.001347
0.001345
0.001343
0.001341
0.001339
0.001337
0.001335
0.001333
0.001331
0.001330
0.001328
0.001326
0.001325
0.001323
0.001321
0.001320
0.001318
0.001317
0.001315
0.001314
0.001312
0.001311
0.001309
0.001308
0.001307
0.001306
0.001304
0.001303
0.001302
0.001300
0.001299
0.001298
0.001297
0.001296
0.001294
0.001293
0.001292
0.001291
0.001289
0.001288
0.001287
0.001286
0.001285
0.001284
0.001282
0.001281
0.001280
0.001279
0.001277
0.001277
0.001275
0.001274
0.001273
0.001273
0.001271
0.001270
0.001269
0.001268
0.001267
0.001266
0.001265
0.001264
0.001263
0.001261
0.001261
0.001259
0.001259
0.001257
0.001256
0.001256
0.001254
0.001253
0.001253
0.001251
0.001250
0.001250
0.001248
0.001247
0.001246
0.001235
0.001242
0.001244
0.001243
0.001243
0.001243
0.001243
0.001243
0.001243
0.001243
0.001243
0.001243
0.001242
0.001242
0.001241
0.001240
0.001240
0.001239
0.001239
0.001238
0.001238
0.001237
0.001236
0.001235
0.001234
0.001233
0.001233
0.001232
0.001231
0.001230
0.001230
0.001229
0.001229
0.001228
0.001228
0.001227
0.001227
0.001226
0.001226
0.001225
0.001224
0.001224
0.001223
0.001223
0.001222
0.001222
0.001221
0.001220
0.001220
0.001219
0.001219
0.001218
0.001217
0.001217
0.001216
0.001216
0.001215
0.001214
0.001214
0.001213
0.001213
0.001212
0.001212
0.001211
0.001210
0.001210
0.001209
0.001208
0.001208
0.001207
0.001206
0.001206
0.001205
0.001205
0.001204
0.001204
0.001203
0.001202
0.001202
0.001201
0.001201
0.001200
0.001199
0.001199
0.001198
0.001198
0.001197
0.001196
0.001196
0.001195
0.001195
0.001194
0.001193
0.001193
0.001192
0.001191
0.001191
0.001190
0.001189
0.001189
0.001179
0.001159
0.001157
0.001158
0.001157
0.001157
0.001157
0.001156
0.001156
0.001156
0.001156
0.001155
0.001155
0.001155
0.001155
0.001154
0.001154
0.001154
0.001153
0.001153
0.001153
0.001153
0.001152
0.001152
0.001152
0.001151
0.001151
0.001151
0.001151
0.001150
0.001150
0.001150
0.001150
0.001149
0.001149
0.001149
0.001148
0.001148
0.001148
0.001148
0.001147
0.001147
0.001147
0.001146
0.001146
0.001146
0.001146
0.001145
0.001145
0.001145
0.001145
0.001144
0.001144
0.001144
0.001143
0.001143
0.001143
0.001143
0.001142
0.001142
0.001142
0.001142
0.001141
0.001141
0.001141
0.001141
0.001140
0.001140
0.001140
0.001140
0.001139
0.001139
0.001139
0.001139
0.001138
0.001138
0.001138
0.001138
0.001137
0.001137
0.001137
0.001137
0.001136
0.001136
0.001136
0.001136
0.001135
0.001135
0.001135
0.001135
0.001134
0.001134
0.001134
0.001134
0.001133
0.001133
0.001133
0.001133
0.001132
0.001132
0.001127
0.001128
0.001127
0.001126
0.001126
0.001125
0.001125
0.001125
0.001125
0.001125
0.001125
0.001124
0.001124
0.001124
0.001124
0.001124
0.001123
0.001123
0.001123
0.001123
0.001123
0.001123
0.001122
0.001122
0.001122
0.001122
0.001122
0.001122
0.001121
0.001121
0.001121
0.001121
0.001121
0.001120
0.001120
0.001120
0.001120
0.001120
0.001120
0.001119
0.001119
0.001119
0.001119
0.001119
0.001119
0.001118
0.001118
0.001118
0.001118
0.001118
0.001118
0.001117
0.001117
0.001117
0.001117
0.001117
0.001116
0.001116
0.001116
0.001116
0.001116
0.001116
0.001115
0.001115
0.001115
0.001115
0.001115
0.001115
0.001114
0.001114
0.001114
0.001114
0.001114
0.001114
0.001114
0.001113
0.001113
0.001113
0.001113
0.001113
0.001113
0.001112
0.001112
0.001112
0.001112
0.001112
0.001112
0.001112
0.001111
0.001111
0.001111
0.001111
0.001111
0.001111
0.001110
0.001110
0.001110
0.001110
0.001110
0.001110
