0.448486
0.264650
0.114592
0.055948
0.042914
0.034995
0.028743
0.023563
0.019061
0.015209
0.011981
0.009377
0.007304
0.005666
0.004418
0.003534
0.002947
0.002574
0.002337
0.002182
0.002078
0.002000
0.001942
0.001894
0.001853
0.001818
0.001787
0.001759
0.001734
0.001710
0.001691
0.001671
0.001653
0.001637
0.001624
0.001612
0.001601
0.001590
0.001581
0.001572
0.001564
0.001557
0.001551
0.001545
0.001539
0.001533
0.001529
0.001525
0.001520
0.001516
0.001510
0.001507
0.001504
0.001501
0.001496
0.001494
0.001490
0.001488
0.001483
0.001481
0.001477
0.001475
0.001472
0.001469
0.001466
0.001463
0.001461
0.001459
0.001457
0.001455
0.001453
0.001451
0.001447
0.001446
0.001442
0.001439
0.001438
0.001435
0.001434
0.001430
0.001428
0.001428
0.001424
0.001421
0.001420
0.001419
0.001415
0.001414
0.001413
0.001409
0.001407
0.001407
0.001402
0.001401
0.001400
0.001396
0.001394
0.001393
0.001389
0.001388
0.001336
0.001323
0.001324
0.001329
0.001331
0.001331
0.001330
0.001328
0.001326
0.001325
0.001324
0.001322
0.001321
0.001319
0.001318
0.001317
0.001315
0.001314
0.001312
0.001311
0.001310
0.001309
0.001307
0.001306
0.001305
0.001304
0.001303
0.001302
0.001300
0.001299
0.001298
0.001297
0.001295
0.001294
0.001293
0.001292
0.001291
0.001289
0.001288
0.001288
0.001286
0.001285
0.001285
0.001283
0.001282
0.001281
0.001280
0.001279
0.001278
0.001277
0.001276
0.001275
0.001273
0.001272
0.001271
0.001270
0.001268
0.001267
0.001266
0.001265
0.001263
0.001262
0.001260
0.001259
0.001258
0.001256
0.001255
0.001254
0.001253
0.001252
0.001250
0.001249
0.001248
0.001247
0.001246
0.001245
0.001244
0.001243
0.001242
0.001241
0.001240
0.001239
0.001239
0.001238
0.001237
0.001236
0.001235
0.001234
0.001234
0.001233
0.001232
0.001231
0.001230
0.001229
0.001228
0.001228
0.001227
0.001225
0.001224
0.001223
0.001211
0.001217
0.001223
0.001224
0.001223
0.001221
0.001220
0.001219
0.001218
0.001217
0.001217
0.001216
0.001216
0.001214
0.001214
0.001213
0.001212
0.001212
0.001211
0.001211
0.001210
0.001210
0.001209
0.001208
0.001208
0.001207
0.001206
0.001206
0.001205
0.001204
0.001204
0.001203
0.001203
0.001202
0.001201
0.001200
0.001200
0.001199
0.001198
0.001197
0.001197
0.001196
0.001195
0.001194
0.001194
0.001193
0.001192
0.001192
0.001191
0.001190
0.001190
0.001189
0.001189
0.001188
0.001187
0.001187
0.001186
0.001186
0.001185
0.001185
0.001184
0.001184
0.001183
0.001182
0.001182
0.001181
0.001181
0.001180
0.001180
0.001179
0.001179
0.001178
0.001177
0.001177
0.001177
0.001176
0.001175
0.001175
0.001175
0.001174
0.001174
0.001173
0.001173
0.001172
0.001172
0.001172
0.001171
0.001171
0.001170
0.001170
0.001169
0.001169
0.001169
0.001168
0.001168
0.001168
0.001168
0.001167
0.001167
0.001167
0.001153
0.001140
0.001138
0.001138
0.001137
0.001138
0.001137
0.001137
0.001137
0.001137
0.001137
0.001136
0.001136
0.001136
0.001136
0.001136
0.001135
0.001135
0.001135
0.001135
0.001135
0.001135
0.001134
0.001134
0.001134
0.001134
0.001134
0.001134
0.001134
0.001133
0.001133
0.001133
0.001133
0.001133
0.001132
0.001132
0.001132
0.001132
0.001132
0.001131
0.001131
0.001131
0.001131
0.001131
0.001131
0.001130
0.001130
0.001130
0.001130
0.001130
0.001130
0.001129
0.001129
0.001129
0.001129
0.001129
0.001129
0.001128
0.001128
0.001128
0.001128
0.001128
0.001127
0.001127
0.001127
0.001127
0.001127
0.001127
0.001126
0.001126
0.001126
0.001126
0.001126
0.001126
0.001125
0.001125
0.001125
0.001125
0.001125
0.001125
0.001124
0.001124
0.001124
0.001124
0.001124
0.001123
0.001123
0.001123
0.001123
0.001122
0.001122
0.001122
0.001122
0.001122
0.001122
0.001121
0.001121
0.001121
0.001121
0.001121
0.001113
0.001114
0.001114
0.001113
0.001113
0.001113
0.001112
0.001112
0.001112
0.001112
0.001112
0.001112
0.001112
0.001111
0.001111
0.001111
0.001111
0.001111
0.001111
0.001110
0.001110
0.001110
0.001110
0.001110
0.001110
0.001109
0.001109
0.001109
0.001109
0.001109
0.001109
0.001108
0.001108
0.001108
0.001108
0.001108
0.001108
0.001108
0.001107
0.001107
0.001107
0.001107
0.001107
0.001107
0.001106
0.001106
0.001106
0.001106
0.001106
0.001106
0.001105
0.001105
0.001105
0.001105
0.001105
0.001105
0.001104
0.001104
0.001104
0.001104
0.001104
0.001104
0.001104
0.001103
0.001103
0.001103
0.001103
0.001103
0.001103
0.001102
0.001102
0.001102
0.001102
0.001102
0.001102
0.001101
0.001101
0.001101
0.001101
0.001101
0.001101
0.001100
0.001100
0.001100
0.001100
0.001100
0.001100
0.001099
0.001099
0.001099
0.001099
0.001099
0.001098
0.001098
0.001098
0.001098
0.001098
0.001098
0.001098
0.001097
