0.384255
0.105954
0.028885
0.009555
0.006294
0.005023
0.004300
0.003801
0.003397
0.003083
0.002837
0.002633
0.002455
0.002296
0.002151
0.002021
0.001906
0.001806
0.001718
0.001641
0.001570
0.001504
0.001443
0.001386
0.001332
0.001282
0.001237
0.001195
0.001159
0.001126
0.001097
0.001071
0.001047
0.001026
0.001008
0.000990
0.000975
0.000961
0.000947
0.000937
0.000926
0.000916
0.000906
0.000898
0.000890
0.000882
0.000874
0.000867
0.000859
0.000852
0.000844
0.000837
0.000829
0.000821
0.000812
0.000806
0.000798
0.000791
0.000783
0.000776
0.000770
0.000765
0.000760
0.000755
0.000751
0.000748
0.000744
0.000739
0.000735
0.000732
0.000730
0.000728
0.000727
0.000725
0.000720
0.000717
0.000715
0.000713
0.000710
0.000707
0.000706
0.000703
0.000701
0.000699
0.000697
0.000695
0.000693
0.000690
0.000688
0.000686
0.000685
0.000683
0.000682
0.000680
0.000678
0.000676
0.000675
0.000675
0.000674
0.000673
0.000621
0.000605
0.000597
0.000595
0.000595
0.000594
0.000593
0.000593
0.000592
0.000590
0.000589
0.000588
0.000587
0.000586
0.000584
0.000583
0.000582
0.000581
0.000580
0.000579
0.000578
0.000577
0.000577
0.000576
0.000575
0.000574
0.000573
0.000573
0.000572
0.000571
0.000570
0.000570
0.000569
0.000569
0.000568
0.000567
0.000567
0.000566
0.000565
0.000565
0.000564
0.000563
0.000563
0.000562
0.000561
0.000561
0.000560
0.000560
0.000559
0.000559
0.000558
0.000558
0.000557
0.000557
0.000556
0.000556
0.000556
0.000556
0.000555
0.000555
0.000555
0.000555
0.000555
0.000555
0.000554
0.000554
0.000554
0.000554
0.000554
0.000554
0.000554
0.000554
0.000554
0.000554
0.000554
0.000553
0.000553
0.000553
0.000553
0.000553
0.000553
0.000553
0.000554
0.000554
0.000554
0.000555
0.000555
0.000556
0.000558
0.000559
0.000560
0.000562
0.000563
0.000563
0.000562
0.000561
0.000559
0.000556
0.000554
0.000552
0.000532
0.000527
0.000524
0.000523
0.000523
0.000523
0.000522
0.000522
0.000522
0.000522
0.000521
0.000521
0.000521
0.000521
0.000520
0.000520
0.000520
0.000520
0.000520
0.000519
0.000519
0.000519
0.000519
0.000519
0.000519
0.000518
0.000518
0.000518
0.000518
0.000518
0.000518
0.000518
0.000518
0.000518
0.000518
0.000518
0.000518
0.000518
0.000518
0.000518
0.000518
0.000518
0.000518
0.000518
0.000518
0.000518
0.000518
0.000517
0.000517
0.000517
0.000517
0.000517
0.000517
0.000517
0.000516
0.000516
0.000516
0.000516
0.000516
0.000516
0.000516
0.000515
0.000515
0.000515
0.000515
0.000514
0.000514
0.000514
0.000514
0.000514
0.000513
0.000513
0.000513
0.000512
0.000512
0.000512
0.000512
0.000511
0.000511
0.000511
0.000510
0.000510
0.000510
0.000509
0.000509
0.000509
0.000508
0.000508
0.000508
0.000507
0.000507
0.000507
0.000506
0.000506
0.000506
0.000505
0.000505
0.000505
0.000504
0.000504
0.000495
0.000498
0.000499
0.000499
0.000499
0.000498
0.000498
0.000498
0.000498
0.000497
0.000497
0.000497
0.000497
0.000496
0.000496
0.000496
0.000496
0.000495
0.000495
0.000495
0.000495
0.000495
0.000494
0.000494
0.000494
0.000494
0.000494
0.000493
0.000493
0.000493
0.000493
0.000493
0.000493
0.000492
0.000492
0.000492
0.000492
0.000492
0.000491
0.000491
0.000491
0.000491
0.000491
0.000490
0.000490
0.000490
0.000490
0.000490
0.000489
0.000489
0.000489
0.000489
0.000489
0.000488
0.000488
0.000488
0.000488
0.000488
0.000487
0.000487
0.000487
0.000487
0.000487
0.000486
0.000486
0.000486
0.000486
0.000486
0.000486
0.000485
0.000485
0.000485
0.000485
0.000485
0.000485
0.000484
0.000484
0.000484
0.000484
0.000484
0.000484
0.000483
0.000483
0.000483
0.000483
0.000483
0.000483
0.000482
0.000482
0.000482
0.000482
0.000482
0.000482
0.000481
0.000481
0.000481
0.000481
0.000481
0.000481
0.000481
0.000479
0.000481
0.000482
0.000482
0.000482
0.000482
0.000482
0.000482
0.000482
0.000482
0.000482
0.000482
0.000482
0.000482
0.000482
0.000482
0.000482
0.000481
0.000481
0.000481
0.000481
0.000481
0.000481
0.000481
0.000481
0.000481
0.000481
0.000481
0.000480
0.000480
0.000480
0.000480
0.000480
0.000480
0.000480
0.000480
0.000480
0.000480
0.000480
0.000479
0.000479
0.000479
0.000479
0.000479
0.000479
0.000479
0.000479
0.000479
0.000479
0.000479
0.000478
0.000478
0.000478
0.000478
0.000478
0.000478
0.000478
0.000478
0.000478
0.000477
0.000477
0.000477
0.000477
0.000477
0.000477
0.000477
0.000477
0.000477
0.000477
0.000477
0.000476
0.000476
0.000476
0.000476
0.000476
0.000476
0.000476
0.000476
0.000476
0.000476
0.000475
0.000475
0.000475
0.000475
0.000475
0.000475
0.000475
0.000475
0.000475
0.000475
0.000475
0.000474
0.000474
0.000474
0.000474
0.000474
0.000474
0.000474
0.000474
0.000474
