0.433821
0.185896
0.049033
0.026667
0.013826
0.007889
0.005934
0.004946
0.004268
0.003797
0.003397
0.003084
0.002848
0.002666
0.002532
0.002424
0.002340
0.002262
0.002191
0.002127
0.002070
0.002021
0.001977
0.001934
0.001898
0.001865
0.001834
0.001807
0.001788
0.001768
0.001749
0.001730
0.001707
0.001685
0.001664
0.001644
0.001628
0.001613
0.001601
0.001589
0.001577
0.001564
0.001551
0.001539
0.001527
0.001515
0.001504
0.001492
0.001480
0.001466
0.001453
0.001441
0.001429
0.001419
0.001408
0.001399
0.001392
0.001385
0.001378
0.001371
0.001363
0.001354
0.001345
0.001337
0.001328
0.001320
0.001313
0.001306
0.001300
0.001294
0.001288
0.001283
0.001278
0.001272
0.001266
0.001261
0.001256
0.001251
0.001247
0.001243
0.001238
0.001233
0.001228
0.001224
0.001219
0.001213
0.001209
0.001204
0.001199
0.001194
0.001188
0.001181
0.001174
0.001167
0.001160
0.001152
0.001143
0.001135
0.001126
0.001119
0.001065
0.001042
0.001048
0.001044
0.001038
0.001034
0.001032
0.001029
0.001027
0.001024
0.001022
0.001019
0.001017
0.001015
0.001013
0.001011
0.001009
0.001007
0.001005
0.001003
0.001001
0.001000
0.000998
0.000996
0.000994
0.000993
0.000991
0.000990
0.000988
0.000987
0.000986
0.000985
0.000984
0.000983
0.000982
0.000981
0.000981
0.000980
0.000980
0.000980
0.000980
0.000980
0.000980
0.000980
0.000980
0.000981
0.000981
0.000981
0.000981
0.000981
0.000981
0.000981
0.000981
0.000980
0.000980
0.000980
0.000979
0.000979
0.000979
0.000979
0.000978
0.000978
0.000978
0.000977
0.000977
0.000977
0.000977
0.000976
0.000976
0.000976
0.000975
0.000975
0.000975
0.000974
0.000973
0.000972
0.000971
0.000971
0.000970
0.000969
0.000968
0.000967
0.000966
0.000965
0.000964
0.000963
0.000963
0.000962
0.000961
0.000960
0.000959
0.000959
0.000958
0.000957
0.000956
0.000956
0.000955
0.000955
0.000954
0.000953
0.000911
0.000915
0.000927
0.000934
0.000939
0.000942
0.000942
0.000942
0.000941
0.000940
0.000938
0.000937
0.000936
0.000934
0.000933
0.000932
0.000930
0.000929
0.000927
0.000926
0.000925
0.000923
0.000922
0.000921
0.000919
0.000918
0.000917
0.000915
0.000914
0.000913
0.000912
0.000910
0.000909
0.000908
0.000907
0.000906
0.000905
0.000904
0.000904
0.000903
0.000902
0.000901
0.000901
0.000900
0.000900
0.000899
0.000899
0.000898
0.000898
0.000897
0.000897
0.000896
0.000896
0.000895
0.000895
0.000894
0.000894
0.000893
0.000892
0.000892
0.000891
0.000890
0.000890
0.000889
0.000888
0.000888
0.000887
0.000886
0.000886
0.000885
0.000884
0.000883
0.000882
0.000882
0.000881
0.000880
0.000879
0.000879
0.000878
0.000877
0.000876
0.000876
0.000875
0.000874
0.000874
0.000873
0.000873
0.000872
0.000872
0.000871
0.000871
0.000870
0.000870
0.000869
0.000869
0.000868
0.000868
0.000868
0.000867
0.000867
0.000864
0.000877
0.000872
0.000867
0.000866
0.000867
0.000867
0.000867
0.000867
0.000867
0.000867
0.000867
0.000867
0.000867
0.000867
0.000867
0.000867
0.000867
0.000867
0.000867
0.000867
0.000867
0.000867
0.000867
0.000867
0.000867
0.000867
0.000867
0.000867
0.000867
0.000867
0.000867
0.000867
0.000867
0.000868
0.000868
0.000868
0.000868
0.000868
0.000868
0.000868
0.000868
0.000868
0.000868
0.000868
0.000868
0.000868
0.000867
0.000867
0.000867
0.000867
0.000867
0.000867
0.000867
0.000867
0.000867
0.000867
0.000867
0.000867
0.000866
0.000866
0.000866
0.000866
0.000866
0.000866
0.000866
0.000866
0.000866
0.000865
0.000865
0.000865
0.000865
0.000865
0.000865
0.000865
0.000865
0.000865
0.000865
0.000864
0.000864
0.000864
0.000864
0.000864
0.000864
0.000864
0.000864
0.000864
0.000864
0.000863
0.000863
0.000863
0.000863
0.000863
0.000863
0.000863
0.000863
0.000863
0.000863
0.000862
0.000862
0.000859
0.000849
0.000846
0.000845
0.000844
0.000843
0.000844
0.000844
0.000844
0.000843
0.000843
0.000843
0.000843
0.000843
0.000843
0.000843
0.000843
0.000843
0.000843
0.000843
0.000843
0.000843
0.000843
0.000843
0.000843
0.000843
0.000843
0.000843
0.000843
0.000842
0.000842
0.000842
0.000842
0.000842
0.000842
0.000842
0.000842
0.000842
0.000842
0.000842
0.000842
0.000842
0.000842
0.000842
0.000842
0.000842
0.000842
0.000842
0.000842
0.000842
0.000842
0.000842
0.000842
0.000842
0.000842
0.000842
0.000842
0.000842
0.000842
0.000842
0.000842
0.000841
0.000841
0.000841
0.000841
0.000841
0.000841
0.000841
0.000841
0.000841
0.000841
0.000841
0.000841
0.000841
0.000841
0.000841
0.000841
0.000841
0.000841
0.000841
0.000841
0.000841
0.000841
0.000841
0.000841
0.000841
0.000841
0.000841
0.000841
0.000841
0.000841
0.000841
0.000841
0.000841
0.000840
0.000840
0.000840
0.000840
0.000840
0.000840
