0.457319
0.322469
0.200505
0.128905
0.097491
0.078631
0.065024
0.053730
0.044389
0.037113
0.030683
0.013845
0.006519
0.005171
0.004594
0.004198
0.003880
0.003621
0.003391
0.003188
0.003011
0.002863
0.002738
0.002632
0.002539
0.002453
0.002375
0.002306
0.002244
0.002189
0.002140
0.002096
0.002055
0.002020
0.001990
0.001962
0.001937
0.001915
0.001897
0.001882
0.001869
0.001856
0.001845
0.001834
0.001824
0.001816
0.001808
0.001800
0.001793
0.001787
0.001781
0.001776
0.001771
0.001767
0.001763
0.001758
0.001755
0.001751
0.001748
0.001745
0.001742
0.001739
0.001736
0.001733
0.001730
0.001727
0.001724
0.001721
0.001718
0.001715
0.001712
0.001710
0.001707
0.001704
0.001702
0.001699
0.001696
0.001694
0.001691
0.001689
0.001686
0.001683
0.001681
0.001678
0.001676
0.001674
0.001672
0.001670
0.001667
0.001665
0.001662
0.001660
0.001658
0.001655
0.001653
0.001651
0.001649
0.001646
0.001644
0.001643
0.001573
0.001584
0.001576
0.001576
0.001576
0.001574
0.001574
0.001573
0.001573
0.001572
0.001571
0.001571
0.001570
0.001570
0.001569
0.001569
0.001568
0.001567
0.001566
0.001566
0.001565
0.001565
0.001564
0.001564
0.001563
0.001562
0.001561
0.001560
0.001560
0.001559
0.001559
0.001558
0.001558
0.001557
0.001556
0.001556
0.001555
0.001555
0.001554
0.001554
0.001553
0.001553
0.001552
0.001552
0.001551
0.001550
0.001550
0.001549
0.001549
0.001548
0.001548
0.001547
0.001546
0.001546
0.001545
0.001544
0.001544
0.001543
0.001543
0.001542
0.001542
0.001541
0.001540
0.001540
0.001539
0.001539
0.001539
0.001538
0.001538
0.001537
0.001537
0.001536
0.001536
0.001535
0.001534
0.001534
0.001534
0.001533
0.001533
0.001533
0.001532
0.001532
0.001531
0.001530
0.001530
0.001529
0.001529
0.001528
0.001528
0.001527
0.001527
0.001526
0.001525
0.001525
0.001524
0.001523
0.001523
0.001522
0.001521
0.001520
0.001501
0.001492
0.001483
0.001479
0.001473
0.001471
0.001471
0.001471
0.001470
0.001470
0.001470
0.001469
0.001469
0.001468
0.001468
0.001467
0.001467
0.001467
0.001466
0.001466
0.001465
0.001465
0.001464
0.001464
0.001463
0.001462
0.001462
0.001462
0.001461
0.001461
0.001460
0.001459
0.001459
0.001458
0.001457
0.001456
0.001456
0.001455
0.001454
0.001454
0.001453
0.001452
0.001451
0.001450
0.001449
0.001448
0.001447
0.001446
0.001445
0.001444
0.001443
0.001441
0.001440
0.001439
0.001437
0.001436
0.001435
0.001434
0.001432
0.001431
0.001430
0.001429
0.001428
0.001426
0.001425
0.001424
0.001422
0.001421
0.001419
0.001418
0.001417
0.001415
0.001414
0.001413
0.001412
0.001410
0.001409
0.001408
0.001406
0.001405
0.001404
0.001403
0.001402
0.001401
0.001399
0.001398
0.001397
0.001396
0.001395
0.001394
0.001393
0.001392
0.001392
0.001391
0.001390
0.001389
0.001388
0.001387
0.001386
0.001385
0.001363
0.001343
0.001340
0.001339
0.001339
0.001338
0.001338
0.001337
0.001337
0.001336
0.001336
0.001335
0.001335
0.001334
0.001334
0.001334
0.001333
0.001333
0.001332
0.001332
0.001331
0.001331
0.001331
0.001330
0.001330
0.001329
0.001329
0.001328
0.001328
0.001328
0.001327
0.001327
0.001326
0.001326
0.001326
0.001325
0.001325
0.001324
0.001324
0.001323
0.001323
0.001323
0.001322
0.001322
0.001321
0.001321
0.001321
0.001320
0.001320
0.001319
0.001319
0.001319
0.001318
0.001318
0.001318
0.001317
0.001317
0.001316
0.001316
0.001316
0.001315
0.001315
0.001314
0.001314
0.001314
0.001313
0.001313
0.001313
0.001312
0.001312
0.001311
0.001311
0.001311
0.001310
0.001310
0.001310
0.001309
0.001309
0.001308
0.001308
0.001308
0.001307
0.001307
0.001306
0.001306
0.001306
0.001305
0.001305
0.001304
0.001304
0.001303
0.001303
0.001302
0.001302
0.001302
0.001301
0.001301
0.001300
0.001300
0.001299
0.001290
0.001291
0.001291
0.001290
0.001289
0.001289
0.001289
0.001288
0.001288
0.001288
0.001288
0.001287
0.001287
0.001287
0.001287
0.001286
0.001286
0.001286
0.001285
0.001285
0.001285
0.001285
0.001284
0.001284
0.001284
0.001284
0.001283
0.001283
0.001283
0.001282
0.001282
0.001282
0.001281
0.001281
0.001281
0.001281
0.001280
0.001280
0.001280
0.001279
0.001279
0.001279
0.001279
0.001278
0.001278
0.001278
0.001278
0.001277
0.001277
0.001277
0.001276
0.001276
0.001276
0.001276
0.001275
0.001275
0.001275
0.001274
0.001274
0.001274
0.001273
0.001273
0.001273
0.001272
0.001272
0.001272
0.001271
0.001271
0.001271
0.001270
0.001270
0.001270
0.001270
0.001269
0.001269
0.001269
0.001268
0.001268
0.001268
0.001267
0.001267
0.001267
0.001266
0.001266
0.001265
0.001265
0.001265
0.001264
0.001264
0.001264
0.001263
0.001263
0.001263
0.001262
0.001262
0.001261
0.001261
0.001261
0.001260
0.001260
