0.418591
0.241683
0.103325
0.037600
0.026613
0.020385
0.016106
0.012764
0.010292
0.008435
0.007054
0.006030
0.005288
0.004720
0.004270
0.003916
0.003655
0.003456
0.003297
0.003164
0.003052
0.002956
0.002873
0.002803
0.002740
0.002682
0.002629
0.002582
0.002539
0.002498
0.002462
0.002430
0.002400
0.002374
0.002344
0.002314
0.002263
0.002211
0.002172
0.002133
0.002092
0.002058
0.002032
0.002009
0.001989
0.001972
0.001957
0.001945
0.001934
0.001924
0.001915
0.001906
0.001898
0.001890
0.001883
0.001876
0.001869
0.001863
0.001855
0.001846
0.001839
0.001832
0.001826
0.001820
0.001813
0.001805
0.001798
0.001791
0.001786
0.001781
0.001775
0.001767
0.001761
0.001756
0.001752
0.001747
0.001741
0.001737
0.001732
0.001727
0.001722
0.001716
0.001710
0.001705
0.001700
0.001696
0.001690
0.001685
0.001682
0.001679
0.001674
0.001669
0.001664
0.001659
0.001652
0.001645
0.001639
0.001633
0.001629
0.001623
0.001560
0.001547
0.001539
0.001535
0.001533
0.001530
0.001528
0.001526
0.001524
0.001522
0.001520
0.001518
0.001516
0.001514
0.001512
0.001510
0.001508
0.001505
0.001503
0.001500
0.001498
0.001495
0.001493
0.001490
0.001488
0.001485
0.001482
0.001480
0.001477
0.001474
0.001472
0.001469
0.001467
0.001465
0.001463
0.001461
0.001459
0.001457
0.001455
0.001453
0.001451
0.001449
0.001447
0.001445
0.001442
0.001439
0.001437
0.001434
0.001432
0.001428
0.001426
0.001423
0.001420
0.001418
0.001415
0.001413
0.001411
0.001408
0.001406
0.001403
0.001401
0.001398
0.001396
0.001393
0.001391
0.001388
0.001387
0.001385
0.001383
0.001380
0.001378
0.001376
0.001375
0.001372
0.001370
0.001368
0.001365
0.001363
0.001362
0.001359
0.001358
0.001356
0.001354
0.001352
0.001350
0.001348
0.001347
0.001345
0.001343
0.001341
0.001339
0.001337
0.001336
0.001334
0.001332
0.001330
0.001329
0.001328
0.001326
0.001325
0.001303
0.001305
0.001304
0.001302
0.001301
0.001300
0.001300
0.001299
0.001298
0.001298
0.001297
0.001297
0.001296
0.001295
0.001295
0.001294
0.001293
0.001293
0.001292
0.001291
0.001291
0.001290
0.001289
0.001289
0.001288
0.001288
0.001287
0.001286
0.001286
0.001285
0.001285
0.001284
0.001284
0.001283
0.001282
0.001282
0.001281
0.001281
0.001280
0.001280
0.001279
0.001279
0.001278
0.001278
0.001277
0.001277
0.001276
0.001276
0.001275
0.001275
0.001275
0.001274
0.001273
0.001273
0.001272
0.001272
0.001271
0.001271
0.001270
0.001270
0.001269
0.001268
0.001268
0.001267
0.001267
0.001267
0.001266
0.001266
0.001266
0.001265
0.001264
0.001264
0.001263
0.001263
0.001262
0.001262
0.001261
0.001261
0.001261
0.001260
0.001260
0.001259
0.001259
0.001259
0.001258
0.001258
0.001257
0.001257
0.001256
0.001256
0.001255
0.001255
0.001254
0.001254
0.001253
0.001253
0.001253
0.001252
0.001252
0.001251
0.001233
0.001220
0.001216
0.001217
0.001216
0.001216
0.001216
0.001215
0.001215
0.001215
0.001215
0.001215
0.001214
0.001214
0.001214
0.001214
0.001214
0.001214
0.001213
0.001213
0.001213
0.001213
0.001213
0.001213
0.001212
0.001212
0.001212
0.001212
0.001212
0.001212
0.001211
0.001211
0.001211
0.001211
0.001211
0.001211
0.001210
0.001210
0.001210
0.001210
0.001210
0.001210
0.001209
0.001209
0.001209
0.001209
0.001209
0.001209
0.001209
0.001208
0.001208
0.001208
0.001208
0.001208
0.001208
0.001208
0.001207
0.001207
0.001207
0.001207
0.001207
0.001207
0.001207
0.001206
0.001206
0.001206
0.001206
0.001206
0.001206
0.001206
0.001205
0.001205
0.001205
0.001205
0.001205
0.001205
0.001205
0.001205
0.001204
0.001204
0.001204
0.001204
0.001204
0.001204
0.001204
0.001203
0.001203
0.001203
0.001203
0.001203
0.001203
0.001203
0.001203
0.001202
0.001202
0.001202
0.001202
0.001202
0.001202
0.001201
0.001193
0.001193
0.001193
0.001192
0.001192
0.001192
0.001192
0.001191
0.001191
0.001191
0.001191
0.001191
0.001191
0.001191
0.001190
0.001190
0.001190
0.001190
0.001190
0.001190
0.001190
0.001189
0.001189
0.001189
0.001189
0.001189
0.001189
0.001189
0.001188
0.001188
0.001188
0.001188
0.001188
0.001188
0.001188
0.001188
0.001187
0.001187
0.001187
0.001187
0.001187
0.001187
0.001187
0.001186
0.001186
0.001186
0.001186
0.001186
0.001186
0.001186
0.001185
0.001185
0.001185
0.001185
0.001185
0.001185
0.001185
0.001184
0.001184
0.001184
0.001184
0.001184
0.001184
0.001184
0.001183
0.001183
0.001183
0.001183
0.001183
0.001183
0.001183
0.001182
0.001182
0.001182
0.001182
0.001182
0.001182
0.001182
0.001181
0.001181
0.001181
0.001181
0.001181
0.001181
0.001181
0.001180
0.001180
0.001180
0.001180
0.001180
0.001180
0.001180
0.001179
0.001179
0.001179
0.001179
0.001179
0.001179
0.001179
0.001179
