0.416182
0.143492
0.039376
0.019296
0.011500
0.007592
0.005396
0.004177
0.003527
0.003150
0.002842
0.002607
0.002432
0.002317
0.002229
0.002159
0.002102
0.002057
0.002021
0.001994
0.001969
0.001947
0.001924
0.001890
0.001848
0.001804
0.001758
0.001715
0.001678
0.001640
0.001600
0.001563
0.001532
0.001507
0.001482
0.001461
0.001438
0.001414
0.001393
0.001375
0.001359
0.001346
0.001331
0.001315
0.001301
0.001284
0.001266
0.001252
0.001242
0.001233
0.001227
0.001220
0.001214
0.001207
0.001198
0.001190
0.001183
0.001175
0.001170
0.001165
0.001160
0.001157
0.001156
0.001153
0.001149
0.001145
0.001142
0.001140
0.001138
0.001135
0.001132
0.001129
0.001125
0.001122
0.001118
0.001116
0.001114
0.001112
0.001110
0.001108
0.001106
0.001103
0.001100
0.001097
0.001095
0.001092
0.001090
0.001087
0.001084
0.001080
0.001076
0.001073
0.001070
0.001067
0.001064
0.001061
0.001058
0.001054
0.001050
0.001047
0.001003
0.000996
0.000986
0.000985
0.000986
0.000984
0.000984
0.000984
0.000983
0.000983
0.000982
0.000982
0.000982
0.000982
0.000982
0.000982
0.000982
0.000982
0.000982
0.000982
0.000982
0.000982
0.000982
0.000982
0.000982
0.000981
0.000981
0.000980
0.000980
0.000979
0.000979
0.000978
0.000978
0.000977
0.000977
0.000976
0.000976
0.000976
0.000975
0.000975
0.000974
0.000974
0.000973
0.000973
0.000973
0.000972
0.000972
0.000972
0.000972
0.000972
0.000971
0.000971
0.000971
0.000971
0.000971
0.000971
0.000970
0.000970
0.000969
0.000969
0.000969
0.000969
0.000968
0.000968
0.000968
0.000967
0.000967
0.000967
0.000967
0.000967
0.000966
0.000966
0.000966
0.000966
0.000965
0.000965
0.000965
0.000965
0.000965
0.000965
0.000965
0.000965
0.000965
0.000964
0.000964
0.000964
0.000964
0.000964
0.000964
0.000963
0.000963
0.000963
0.000962
0.000962
0.000962
0.000962
0.000962
0.000962
0.000962
0.000962
0.000934
0.000929
0.000935
0.000939
0.000941
0.000941
0.000941
0.000940
0.000939
0.000938
0.000937
0.000936
0.000936
0.000935
0.000934
0.000933
0.000932
0.000932
0.000931
0.000930
0.000929
0.000929
0.000928
0.000927
0.000927
0.000926
0.000925
0.000925
0.000924
0.000924
0.000923
0.000923
0.000922
0.000922
0.000921
0.000921
0.000921
0.000920
0.000920
0.000919
0.000919
0.000919
0.000919
0.000918
0.000918
0.000918
0.000918
0.000917
0.000917
0.000917
0.000916
0.000916
0.000916
0.000916
0.000915
0.000915
0.000915
0.000914
0.000914
0.000914
0.000913
0.000913
0.000912
0.000912
0.000911
0.000911
0.000911
0.000910
0.000910
0.000909
0.000909
0.000908
0.000908
0.000907
0.000907
0.000906
0.000906
0.000906
0.000905
0.000905
0.000904
0.000904
0.000903
0.000903
0.000902
0.000902
0.000901
0.000901
0.000901
0.000900
0.000900
0.000900
0.000899
0.000899
0.000899
0.000898
0.000898
0.000898
0.000897
0.000897
0.000894
0.000906
0.000899
0.000894
0.000894
0.000895
0.000895
0.000895
0.000895
0.000895
0.000895
0.000895
0.000895
0.000895
0.000895
0.000894
0.000894
0.000894
0.000894
0.000894
0.000894
0.000894
0.000894
0.000894
0.000894
0.000894
0.000894
0.000894
0.000894
0.000894
0.000894
0.000894
0.000894
0.000894
0.000894
0.000894
0.000894
0.000893
0.000893
0.000893
0.000893
0.000893
0.000893
0.000893
0.000893
0.000893
0.000893
0.000893
0.000893
0.000893
0.000893
0.000893
0.000893
0.000893
0.000893
0.000893
0.000893
0.000893
0.000893
0.000893
0.000893
0.000893
0.000893
0.000892
0.000892
0.000892
0.000892
0.000892
0.000892
0.000892
0.000892
0.000892
0.000892
0.000892
0.000892
0.000892
0.000892
0.000892
0.000892
0.000892
0.000892
0.000892
0.000892
0.000892
0.000892
0.000892
0.000891
0.000891
0.000891
0.000891
0.000891
0.000891
0.000891
0.000891
0.000891
0.000891
0.000891
0.000891
0.000891
0.000891
0.000894
0.000883
0.000877
0.000877
0.000877
0.000877
0.000877
0.000877
0.000877
0.000877
0.000876
0.000876
0.000876
0.000876
0.000876
0.000876
0.000876
0.000876
0.000876
0.000876
0.000876
0.000876
0.000876
0.000876
0.000876
0.000876
0.000876
0.000876
0.000876
0.000876
0.000876
0.000876
0.000876
0.000876
0.000876
0.000876
0.000876
0.000876
0.000876
0.000876
0.000876
0.000876
0.000876
0.000876
0.000876
0.000876
0.000876
0.000876
0.000875
0.000875
0.000875
0.000875
0.000875
0.000875
0.000875
0.000875
0.000875
0.000875
0.000875
0.000875
0.000875
0.000875
0.000875
0.000875
0.000875
0.000875
0.000875
0.000875
0.000875
0.000875
0.000875
0.000875
0.000875
0.000875
0.000875
0.000875
0.000875
0.000875
0.000875
0.000875
0.000875
0.000875
0.000875
0.000875
0.000875
0.000874
0.000874
0.000874
0.000874
0.000874
0.000874
0.000874
0.000874
0.000874
0.000874
0.000874
0.000874
0.000874
0.000874
0.000874
