0.546749
0.414497
0.286932
0.194223
0.125440
0.077388
0.046807
0.016757
0.004360
0.003476
0.002852
0.002459
0.002328
0.002145
0.002045
0.001956
0.001878
0.001826
0.001774
0.001731
0.001701
0.001677
0.001657
0.001639
0.001624
0.001609
0.001594
0.001580
0.001564
0.001551
0.001540
0.001528
0.001515
0.001505
0.001499
0.001492
0.001484
0.001474
0.001464
0.001457
0.001449
0.001444
0.001439
0.001434
0.001428
0.001420
0.001411
0.001404
0.001396
0.001392
0.001388
0.001383
0.001378
0.001373
0.001369
0.001365
0.001360
0.001355
0.001350
0.001344
0.001339
0.001336
0.001333
0.001329
0.001326
0.001323
0.001320
0.001317
0.001315
0.001312
0.001308
0.001304
0.001299
0.001297
0.001294
0.001294
0.001291
0.001287
0.001282
0.001278
0.001275
0.001274
0.001273
0.001271
0.001269
0.001265
0.001261
0.001258
0.001255
0.001252
0.001250
0.001248
0.001246
0.001244
0.001241
0.001240
0.001238
0.001236
0.001234
0.001231
0.001145
0.001127
0.001109
0.001106
0.001106
0.001104
0.001104
0.001103
0.001102
0.001102
0.001101
0.001101
0.001101
0.001101
0.001101
0.001101
0.001101
0.001101
0.001102
0.001102
0.001103
0.001103
0.001104
0.001104
0.001105
0.001106
0.001106
0.001107
0.001108
0.001108
0.001109
0.001109
0.001109
0.001110
0.001110
0.001111
0.001111
0.001112
0.001112
0.001112
0.001113
0.001113
0.001113
0.001113
0.001113
0.001113
0.001113
0.001113
0.001113
0.001113
0.001112
0.001112
0.001111
0.001111
0.001110
0.001110
0.001109
0.001109
0.001109
0.001108
0.001108
0.001107
0.001106
0.001105
0.001104
0.001103
0.001103
0.001103
0.001102
0.001101
0.001100
0.001099
0.001099
0.001098
0.001097
0.001096
0.001095
0.001095
0.001094
0.001094
0.001094
0.001093
0.001092
0.001092
0.001091
0.001091
0.001090
0.001089
0.001089
0.001088
0.001088
0.001087
0.001086
0.001085
0.001085
0.001084
0.001084
0.001083
0.001082
0.001082
0.001019
0.001021
0.001025
0.001030
0.001031
0.001032
0.001031
0.001031
0.001030
0.001029
0.001028
0.001027
0.001026
0.001025
0.001024
0.001023
0.001022
0.001021
0.001020
0.001019
0.001018
0.001017
0.001016
0.001015
0.001014
0.001014
0.001013
0.001012
0.001012
0.001011
0.001010
0.001010
0.001009
0.001009
0.001008
0.001008
0.001007
0.001007
0.001007
0.001006
0.001006
0.001006
0.001005
0.001005
0.001005
0.001005
0.001004
0.001004
0.001004
0.001004
0.001003
0.001003
0.001003
0.001003
0.001003
0.001002
0.001002
0.001002
0.001001
0.001001
0.001001
0.001001
0.001000
0.001000
0.001000
0.000999
0.000999
0.000998
0.000998
0.000998
0.000997
0.000997
0.000996
0.000996
0.000995
0.000995
0.000995
0.000994
0.000994
0.000994
0.000993
0.000993
0.000993
0.000992
0.000992
0.000992
0.000991
0.000991
0.000991
0.000991
0.000991
0.000990
0.000990
0.000990
0.000990
0.000990
0.000990
0.000990
0.000990
0.000990
0.000984
0.000994
0.000993
0.000990
0.000989
0.000989
0.000990
0.000990
0.000990
0.000990
0.000990
0.000990
0.000990
0.000990
0.000990
0.000990
0.000990
0.000990
0.000990
0.000990
0.000990
0.000990
0.000990
0.000990
0.000989
0.000989
0.000989
0.000989
0.000989
0.000989
0.000989
0.000989
0.000989
0.000989
0.000989
0.000989
0.000989
0.000989
0.000989
0.000988
0.000988
0.000988
0.000988
0.000988
0.000988
0.000988
0.000988
0.000987
0.000987
0.000987
0.000987
0.000987
0.000987
0.000987
0.000987
0.000987
0.000986
0.000986
0.000986
0.000986
0.000986
0.000986
0.000986
0.000986
0.000986
0.000986
0.000985
0.000985
0.000985
0.000985
0.000985
0.000985
0.000985
0.000985
0.000985
0.000984
0.000984
0.000984
0.000984
0.000984
0.000984
0.000984
0.000983
0.000983
0.000983
0.000983
0.000983
0.000983
0.000983
0.000983
0.000982
0.000982
0.000982
0.000982
0.000982
0.000982
0.000982
0.000982
0.000982
0.000981
0.000979
0.000962
0.000960
0.000960
0.000959
0.000960
0.000960
0.000959
0.000959
0.000959
0.000959
0.000959
0.000959
0.000959
0.000959
0.000959
0.000959
0.000959
0.000959
0.000959
0.000959
0.000959
0.000959
0.000959
0.000959
0.000959
0.000959
0.000959
0.000959
0.000959
0.000959
0.000959
0.000959
0.000959
0.000959
0.000959
0.000959
0.000959
0.000959
0.000958
0.000958
0.000958
0.000958
0.000958
0.000958
0.000958
0.000958
0.000958
0.000958
0.000958
0.000958
0.000958
0.000958
0.000958
0.000958
0.000958
0.000958
0.000958
0.000957
0.000957
0.000957
0.000957
0.000957
0.000957
0.000957
0.000957
0.000957
0.000957
0.000957
0.000957
0.000957
0.000957
0.000957
0.000957
0.000957
0.000957
0.000957
0.000957
0.000956
0.000956
0.000956
0.000956
0.000956
0.000956
0.000956
0.000956
0.000956
0.000956
0.000956
0.000956
0.000956
0.000956
0.000956
0.000956
0.000956
0.000955
0.000955
0.000955
0.000955
0.000955
