0.433472
0.201835
0.060084
0.030975
0.019326
0.013642
0.010910
0.008976
0.007699
0.007023
0.006562
0.006194
0.005887
0.005621
0.005384
0.005164
0.004960
0.004769
0.004591
0.004424
0.004271
0.004129
0.003999
0.003876
0.003761
0.003652
0.003549
0.003452
0.003359
0.003271
0.003187
0.003106
0.003027
0.002950
0.002875
0.002803
0.002734
0.002665
0.002598
0.002532
0.002468
0.002406
0.002346
0.002288
0.002231
0.002177
0.002126
0.002078
0.002032
0.001985
0.001942
0.001901
0.001862
0.001825
0.001792
0.001760
0.001730
0.001701
0.001673
0.001647
0.001622
0.001599
0.001578
0.001559
0.001539
0.001523
0.001507
0.001493
0.001480
0.001467
0.001457
0.001447
0.001438
0.001431
0.001425
0.001418
0.001412
0.001407
0.001403
0.001399
0.001396
0.001392
0.001388
0.001384
0.001378
0.001372
0.001366
0.001359
0.001353
0.001348
0.001343
0.001338
0.001335
0.001332
0.001328
0.001325
0.001322
0.001319
0.001317
0.001315
0.001255
0.001256
0.001262
0.001259
0.001257
0.001257
0.001256
0.001254
0.001252
0.001250
0.001248
0.001247
0.001245
0.001243
0.001241
0.001239
0.001237
0.001235
0.001234
0.001232
0.001230
0.001229
0.001228
0.001226
0.001225
0.001223
0.001222
0.001221
0.001220
0.001219
0.001218
0.001217
0.001216
0.001215
0.001214
0.001214
0.001213
0.001212
0.001211
0.001210
0.001209
0.001209
0.001208
0.001207
0.001206
0.001206
0.001205
0.001204
0.001203
0.001203
0.001202
0.001201
0.001201
0.001200
0.001199
0.001198
0.001198
0.001197
0.001196
0.001195
0.001195
0.001194
0.001193
0.001192
0.001192
0.001191
0.001190
0.001190
0.001189
0.001188
0.001187
0.001186
0.001185
0.001185
0.001184
0.001183
0.001182
0.001181
0.001180
0.001180
0.001179
0.001178
0.001177
0.001176
0.001176
0.001175
0.001174
0.001173
0.001172
0.001171
0.001170
0.001170
0.001168
0.001167
0.001166
0.001165
0.001164
0.001163
0.001162
0.001161
0.001152
0.001166
0.001176
0.001178
0.001179
0.001178
0.001177
0.001175
0.001173
0.001171
0.001169
0.001168
0.001166
0.001165
0.001164
0.001162
0.001161
0.001160
0.001159
0.001158
0.001157
0.001156
0.001155
0.001155
0.001154
0.001153
0.001153
0.001152
0.001151
0.001150
0.001150
0.001149
0.001148
0.001148
0.001147
0.001146
0.001146
0.001145
0.001144
0.001144
0.001143
0.001142
0.001142
0.001142
0.001141
0.001140
0.001139
0.001138
0.001138
0.001137
0.001136
0.001136
0.001135
0.001134
0.001134
0.001133
0.001133
0.001132
0.001132
0.001131
0.001131
0.001130
0.001130
0.001129
0.001129
0.001128
0.001127
0.001126
0.001126
0.001125
0.001125
0.001124
0.001123
0.001122
0.001122
0.001121
0.001120
0.001119
0.001118
0.001118
0.001117
0.001116
0.001115
0.001114
0.001113
0.001113
0.001112
0.001111
0.001110
0.001109
0.001109
0.001108
0.001107
0.001106
0.001105
0.001104
0.001103
0.001102
0.001101
0.001100
0.001081
0.001064
0.001055
0.001057
0.001056
0.001055
0.001055
0.001054
0.001054
0.001053
0.001052
0.001052
0.001051
0.001051
0.001050
0.001050
0.001049
0.001048
0.001048
0.001047
0.001047
0.001046
0.001046
0.001045
0.001045
0.001044
0.001044
0.001043
0.001042
0.001042
0.001041
0.001041
0.001040
0.001040
0.001039
0.001039
0.001038
0.001038
0.001038
0.001037
0.001037
0.001036
0.001036
0.001035
0.001035
0.001034
0.001034
0.001033
0.001033
0.001032
0.001032
0.001031
0.001031
0.001031
0.001030
0.001030
0.001029
0.001029
0.001028
0.001028
0.001028
0.001027
0.001027
0.001026
0.001026
0.001026
0.001025
0.001025
0.001024
0.001024
0.001024
0.001023
0.001023
0.001022
0.001022
0.001022
0.001021
0.001021
0.001020
0.001020
0.001020
0.001019
0.001019
0.001018
0.001018
0.001018
0.001017
0.001017
0.001017
0.001016
0.001016
0.001016
0.001015
0.001015
0.001014
0.001014
0.001013
0.001013
0.001012
0.001012
0.001006
0.001006
0.001005
0.001004
0.001003
0.001003
0.001003
0.001003
0.001002
0.001002
0.001002
0.001001
0.001001
0.001001
0.001001
0.001000
0.001000
0.001000
0.000999
0.000999
0.000999
0.000999
0.000998
0.000998
0.000998
0.000998
0.000997
0.000997
0.000997
0.000997
0.000996
0.000996
0.000996
0.000996
0.000995
0.000995
0.000995
0.000995
0.000994
0.000994
0.000994
0.000994
0.000993
0.000993
0.000993
0.000993
0.000992
0.000992
0.000992
0.000992
0.000991
0.000991
0.000991
0.000991
0.000990
0.000990
0.000990
0.000990
0.000989
0.000989
0.000989
0.000989
0.000989
0.000988
0.000988
0.000988
0.000988
0.000987
0.000987
0.000987
0.000987
0.000986
0.000986
0.000986
0.000986
0.000985
0.000985
0.000985
0.000985
0.000984
0.000984
0.000984
0.000984
0.000984
0.000983
0.000983
0.000983
0.000983
0.000982
0.000982
0.000982
0.000982
0.000982
0.000981
0.000981
0.000981
0.000981
0.000981
0.000980
0.000980
