0.384915
0.133020
0.051010
0.029007
0.017630
0.011625
0.007139
0.004386
0.003450
0.003121
0.002839
0.002626
0.002479
0.002379
0.002302
0.002235
0.002174
0.002118
0.002065
0.002015
0.001974
0.001935
0.001901
0.001873
0.001852
0.001833
0.001814
0.001794
0.001771
0.001746
0.001713
0.001678
0.001642
0.001609
0.001580
0.001552
0.001526
0.001501
0.001478
0.001453
0.001427
0.001400
0.001371
0.001345
0.001323
0.001309
0.001298
0.001290
0.001284
0.001277
0.001268
0.001255
0.001239
0.001223
0.001211
0.001202
0.001195
0.001189
0.001183
0.001178
0.001172
0.001165
0.001159
0.001152
0.001145
0.001139
0.001134
0.001130
0.001127
0.001124
0.001123
0.001121
0.001119
0.001117
0.001113
0.001109
0.001106
0.001102
0.001099
0.001095
0.001092
0.001090
0.001087
0.001086
0.001084
0.001081
0.001078
0.001076
0.001072
0.001068
0.001065
0.001061
0.001058
0.001055
0.001052
0.001049
0.001046
0.001044
0.001041
0.001038
0.000981
0.000955
0.000955
0.000956
0.000954
0.000951
0.000949
0.000948
0.000947
0.000946
0.000945
0.000944
0.000943
0.000942
0.000941
0.000940
0.000940
0.000939
0.000938
0.000938
0.000937
0.000937
0.000936
0.000936
0.000935
0.000935
0.000935
0.000934
0.000934
0.000933
0.000933
0.000932
0.000932
0.000931
0.000930
0.000929
0.000928
0.000927
0.000926
0.000925
0.000925
0.000924
0.000923
0.000923
0.000923
0.000922
0.000922
0.000922
0.000922
0.000922
0.000922
0.000922
0.000922
0.000922
0.000922
0.000922
0.000923
0.000923
0.000923
0.000924
0.000924
0.000924
0.000925
0.000926
0.000926
0.000927
0.000927
0.000927
0.000928
0.000928
0.000928
0.000928
0.000929
0.000929
0.000930
0.000930
0.000931
0.000931
0.000931
0.000931
0.000931
0.000932
0.000932
0.000932
0.000932
0.000932
0.000932
0.000933
0.000933
0.000933
0.000932
0.000932
0.000932
0.000932
0.000932
0.000932
0.000932
0.000932
0.000931
0.000931
0.000899
0.000909
0.000918
0.000924
0.000926
0.000927
0.000927
0.000927
0.000927
0.000926
0.000926
0.000925
0.000925
0.000924
0.000924
0.000923
0.000923
0.000922
0.000921
0.000921
0.000920
0.000919
0.000919
0.000918
0.000918
0.000917
0.000916
0.000915
0.000915
0.000914
0.000913
0.000913
0.000912
0.000911
0.000910
0.000910
0.000909
0.000908
0.000907
0.000906
0.000906
0.000905
0.000904
0.000904
0.000903
0.000902
0.000902
0.000901
0.000900
0.000900
0.000899
0.000899
0.000898
0.000897
0.000897
0.000896
0.000896
0.000895
0.000895
0.000894
0.000894
0.000893
0.000893
0.000893
0.000892
0.000892
0.000892
0.000891
0.000891
0.000891
0.000890
0.000890
0.000890
0.000889
0.000889
0.000889
0.000889
0.000888
0.000888
0.000887
0.000887
0.000887
0.000887
0.000886
0.000886
0.000886
0.000886
0.000885
0.000885
0.000885
0.000884
0.000884
0.000884
0.000884
0.000883
0.000883
0.000883
0.000882
0.000882
0.000882
0.000877
0.000877
0.000876
0.000879
0.000880
0.000880
0.000881
0.000882
0.000882
0.000882
0.000883
0.000883
0.000883
0.000883
0.000884
0.000884
0.000884
0.000884
0.000883
0.000883
0.000883
0.000882
0.000882
0.000882
0.000881
0.000881
0.000880
0.000880
0.000879
0.000879
0.000879
0.000878
0.000878
0.000877
0.000877
0.000877
0.000877
0.000876
0.000876
0.000876
0.000876
0.000876
0.000875
0.000875
0.000875
0.000875
0.000874
0.000874
0.000874
0.000874
0.000874
0.000874
0.000874
0.000873
0.000873
0.000873
0.000873
0.000873
0.000873
0.000872
0.000872
0.000872
0.000872
0.000872
0.000872
0.000872
0.000872
0.000872
0.000872
0.000871
0.000871
0.000871
0.000871
0.000871
0.000871
0.000871
0.000871
0.000871
0.000870
0.000870
0.000870
0.000870
0.000870
0.000870
0.000870
0.000870
0.000869
0.000869
0.000869
0.000869
0.000869
0.000869
0.000869
0.000869
0.000869
0.000869
0.000869
0.000868
0.000868
0.000868
0.000854
0.000847
0.000844
0.000844
0.000844
0.000844
0.000844
0.000844
0.000844
0.000844
0.000844
0.000844
0.000844
0.000844
0.000844
0.000844
0.000844
0.000844
0.000844
0.000843
0.000843
0.000843
0.000843
0.000843
0.000843
0.000843
0.000843
0.000843
0.000843
0.000843
0.000843
0.000843
0.000843
0.000843
0.000843
0.000843
0.000843
0.000843
0.000843
0.000843
0.000843
0.000843
0.000843
0.000843
0.000843
0.000843
0.000843
0.000842
0.000842
0.000842
0.000842
0.000842
0.000842
0.000842
0.000842
0.000842
0.000842
0.000842
0.000842
0.000842
0.000842
0.000842
0.000842
0.000842
0.000842
0.000842
0.000842
0.000842
0.000842
0.000842
0.000842
0.000842
0.000842
0.000842
0.000842
0.000842
0.000842
0.000842
0.000842
0.000842
0.000842
0.000842
0.000842
0.000842
0.000842
0.000842
0.000842
0.000842
0.000842
0.000842
0.000842
0.000842
0.000842
0.000842
0.000841
0.000841
0.000841
0.000841
0.000841
0.000841
