0.420327
0.224868
0.094041
0.058948
0.044683
0.035469
0.027537
0.020984
0.015742
0.011917
0.009231
0.008020
0.007755
0.007639
0.007560
0.007493
0.007428
0.007355
0.007274
0.007165
0.007011
0.006777
0.006496
0.006266
0.006101
0.005955
0.005809
0.005659
0.005506
0.005357
0.005222
0.005105
0.005005
0.004913
0.004827
0.004748
0.004671
0.004599
0.004530
0.004466
0.004406
0.004351
0.004301
0.004253
0.004209
0.004167
0.004129
0.004092
0.004057
0.004024
0.003993
0.003963
0.003934
0.003906
0.003879
0.003853
0.003828
0.003803
0.003779
0.003755
0.003731
0.003707
0.003684
0.003660
0.003637
0.003614
0.003591
0.003569
0.003547
0.003525
0.003503
0.003482
0.003460
0.003438
0.003415
0.003393
0.003370
0.003347
0.003324
0.003299
0.003273
0.003246
0.003218
0.003189
0.003157
0.003121
0.003077
0.003024
0.002964
0.002906
0.002853
0.002798
0.002747
0.002700
0.002663
0.002629
0.002600
0.002572
0.002548
0.002527
0.002483
0.002498
0.002508
0.002511
0.002507
0.002499
0.002489
0.002479
0.002469
0.002460
0.002452
0.002445
0.002437
0.002431
0.002423
0.002416
0.002409
0.002402
0.002396
0.002388
0.002381
0.002374
0.002368
0.002364
0.002358
0.002352
0.002347
0.002342
0.002337
0.002332
0.002328
0.002324
0.002320
0.002316
0.002312
0.002308
0.002304
0.002301
0.002298
0.002294
0.002290
0.002286
0.002282
0.002278
0.002275
0.002271
0.002269
0.002266
0.002264
0.002261
0.002258
0.002255
0.002251
0.002248
0.002245
0.002242
0.002239
0.002237
0.002234
0.002232
0.002229
0.002226
0.002224
0.002221
0.002219
0.002216
0.002214
0.002212
0.002210
0.002208
0.002206
0.002204
0.002202
0.002200
0.002198
0.002197
0.002195
0.002193
0.002192
0.002191
0.002189
0.002187
0.002186
0.002184
0.002183
0.002182
0.002181
0.002179
0.002178
0.002176
0.002176
0.002174
0.002173
0.002172
0.002171
0.002171
0.002170
0.002169
0.002167
0.002165
0.002147
0.002115
0.002100
0.002104
0.002100
0.002100
0.002100
0.002100
0.002099
0.002099
0.002099
0.002099
0.002098
0.002098
0.002097
0.002097
0.002097
0.002097
0.002097
0.002096
0.002096
0.002096
0.002095
0.002095
0.002095
0.002095
0.002095
0.002094
0.002094
0.002094
0.002094
0.002094
0.002093
0.002093
0.002093
0.002093
0.002093
0.002093
0.002093
0.002093
0.002093
0.002093
0.002092
0.002092
0.002092
0.002092
0.002092
0.002092
0.002093
0.002093
0.002093
0.002093
0.002093
0.002093
0.002093
0.002093
0.002093
0.002093
0.002093
0.002093
0.002092
0.002093
0.002093
0.002093
0.002093
0.002093
0.002093
0.002093
0.002093
0.002093
0.002093
0.002093
0.002093
0.002093
0.002093
0.002093
0.002093
0.002093
0.002093
0.002093
0.002093
0.002093
0.002093
0.002093
0.002093
0.002093
0.002093
0.002093
0.002093
0.002093
0.002093
0.002093
0.002093
0.002093
0.002093
0.002093
0.002093
0.002093
0.002093
0.002093
0.002078
0.002070
0.002070
0.002069
0.002068
0.002068
0.002068
0.002068
0.002068
0.002067
0.002067
0.002067
0.002067
0.002067
0.002067
0.002067
0.002067
0.002067
0.002067
0.002067
0.002066
0.002066
0.002066
0.002066
0.002066
0.002066
0.002066
0.002066
0.002066
0.002066
0.002066
0.002066
0.002066
0.002066
0.002066
0.002066
0.002066
0.002065
0.002065
0.002065
0.002065
0.002065
0.002065
0.002065
0.002065
0.002065
0.002065
0.002065
0.002065
0.002065
0.002065
0.002065
0.002065
0.002065
0.002065
0.002065
0.002065
0.002065
0.002065
0.002065
0.002065
0.002065
0.002065
0.002065
0.002065
0.002065
0.002065
0.002065
0.002065
0.002065
0.002065
0.002064
0.002064
0.002064
0.002064
0.002064
0.002064
0.002064
0.002064
0.002064
0.002064
0.002064
0.002064
0.002064
0.002064
0.002064
0.002064
0.002064
0.002064
0.002064
0.002064
0.002064
0.002064
0.002064
0.002064
0.002064
0.002064
0.002064
0.002064
0.002064
0.002058
0.002062
0.002065
0.002066
0.002067
0.002067
0.002067
0.002067
0.002067
0.002067
0.002067
0.002067
0.002067
0.002067
0.002067
0.002067
0.002066
0.002066
0.002066
0.002066
0.002066
0.002066
0.002066
0.002066
0.002066
0.002066
0.002066
0.002066
0.002066
0.002066
0.002066
0.002066
0.002065
0.002065
0.002065
0.002065
0.002065
0.002065
0.002065
0.002065
0.002065
0.002065
0.002065
0.002065
0.002065
0.002065
0.002065
0.002065
0.002065
0.002065
0.002065
0.002065
0.002065
0.002065
0.002065
0.002065
0.002064
0.002064
0.002064
0.002064
0.002064
0.002064
0.002064
0.002064
0.002064
0.002064
0.002064
0.002064
0.002064
0.002064
0.002064
0.002064
0.002064
0.002064
0.002064
0.002064
0.002064
0.002064
0.002064
0.002064
0.002064
0.002064
0.002064
0.002064
0.002063
0.002064
0.002063
0.002063
0.002063
0.002063
0.002063
0.002063
0.002063
0.002063
0.002063
0.002063
0.002063
0.002063
0.002063
0.002063
