0.371110
0.146738
0.054432
0.030046
0.017685
0.010438
0.005897
0.004250
0.003721
0.003313
0.002992
0.002833
0.002707
0.002592
0.002496
0.002416
0.002350
0.002296
0.002245
0.002193
0.002143
0.002099
0.002058
0.002021
0.001988
0.001955
0.001923
0.001892
0.001863
0.001834
0.001808
0.001783
0.001761
0.001740
0.001720
0.001699
0.001679
0.001661
0.001644
0.001629
0.001614
0.001602
0.001589
0.001576
0.001564
0.001552
0.001541
0.001529
0.001517
0.001507
0.001496
0.001486
0.001477
0.001466
0.001455
0.001444
0.001435
0.001426
0.001416
0.001406
0.001396
0.001385
0.001375
0.001365
0.001355
0.001346
0.001336
0.001327
0.001318
0.001309
0.001301
0.001293
0.001284
0.001275
0.001266
0.001258
0.001246
0.001241
0.001233
0.001227
0.001220
0.001214
0.001208
0.001203
0.001198
0.001194
0.001189
0.001184
0.001180
0.001175
0.001171
0.001167
0.001162
0.001156
0.001151
0.001146
0.001143
0.001138
0.001134
0.001130
0.001096
0.001097
0.001094
0.001087
0.001087
0.001087
0.001085
0.001083
0.001082
0.001081
0.001080
0.001079
0.001078
0.001078
0.001077
0.001076
0.001075
0.001074
0.001073
0.001073
0.001072
0.001072
0.001071
0.001070
0.001069
0.001069
0.001068
0.001067
0.001067
0.001066
0.001065
0.001064
0.001064
0.001063
0.001062
0.001062
0.001061
0.001060
0.001060
0.001059
0.001059
0.001058
0.001057
0.001056
0.001055
0.001054
0.001054
0.001053
0.001053
0.001053
0.001052
0.001052
0.001052
0.001051
0.001050
0.001049
0.001049
0.001049
0.001048
0.001048
0.001048
0.001047
0.001047
0.001046
0.001045
0.001044
0.001043
0.001043
0.001043
0.001043
0.001042
0.001041
0.001040
0.001039
0.001038
0.001038
0.001037
0.001036
0.001036
0.001035
0.001035
0.001035
0.001035
0.001035
0.001035
0.001034
0.001034
0.001033
0.001033
0.001032
0.001032
0.001031
0.001030
0.001029
0.001029
0.001029
0.001028
0.001028
0.001027
0.001027
0.000986
0.000992
0.001005
0.001011
0.001013
0.001013
0.001013
0.001013
0.001012
0.001011
0.001011
0.001010
0.001009
0.001009
0.001008
0.001007
0.001006
0.001005
0.001005
0.001004
0.001003
0.001002
0.001001
0.001000
0.000999
0.000998
0.000997
0.000997
0.000995
0.000994
0.000993
0.000992
0.000991
0.000990
0.000990
0.000988
0.000987
0.000986
0.000985
0.000984
0.000983
0.000983
0.000982
0.000980
0.000979
0.000978
0.000978
0.000977
0.000976
0.000975
0.000973
0.000973
0.000972
0.000971
0.000970
0.000969
0.000968
0.000967
0.000966
0.000966
0.000965
0.000964
0.000963
0.000962
0.000962
0.000961
0.000960
0.000960
0.000959
0.000958
0.000957
0.000957
0.000956
0.000956
0.000955
0.000954
0.000954
0.000953
0.000953
0.000952
0.000952
0.000951
0.000951
0.000950
0.000950
0.000949
0.000949
0.000948
0.000948
0.000947
0.000947
0.000946
0.000946
0.000945
0.000945
0.000945
0.000944
0.000944
0.000944
0.000943
0.000945
0.000955
0.000949
0.000946
0.000946
0.000946
0.000946
0.000946
0.000946
0.000945
0.000945
0.000945
0.000945
0.000945
0.000945
0.000945
0.000945
0.000945
0.000944
0.000944
0.000944
0.000944
0.000944
0.000944
0.000944
0.000943
0.000943
0.000943
0.000943
0.000943
0.000943
0.000943
0.000943
0.000943
0.000942
0.000942
0.000942
0.000942
0.000942
0.000942
0.000941
0.000941
0.000941
0.000941
0.000941
0.000941
0.000940
0.000940
0.000940
0.000940
0.000940
0.000940
0.000939
0.000939
0.000939
0.000939
0.000938
0.000938
0.000938
0.000938
0.000938
0.000938
0.000937
0.000937
0.000937
0.000937
0.000936
0.000936
0.000936
0.000936
0.000936
0.000935
0.000935
0.000935
0.000935
0.000935
0.000934
0.000934
0.000934
0.000934
0.000933
0.000933
0.000933
0.000933
0.000933
0.000933
0.000932
0.000932
0.000932
0.000931
0.000931
0.000931
0.000931
0.000930
0.000930
0.000930
0.000930
0.000929
0.000929
0.000929
0.000918
0.000911
0.000908
0.000908
0.000908
0.000908
0.000908
0.000907
0.000907
0.000907
0.000907
0.000907
0.000907
0.000907
0.000907
0.000907
0.000907
0.000906
0.000906
0.000906
0.000906
0.000906
0.000906
0.000906
0.000906
0.000906
0.000905
0.000905
0.000905
0.000905
0.000905
0.000905
0.000905
0.000905
0.000905
0.000905
0.000904
0.000904
0.000904
0.000904
0.000904
0.000904
0.000904
0.000904
0.000904
0.000904
0.000903
0.000903
0.000903
0.000903
0.000903
0.000903
0.000903
0.000903
0.000903
0.000903
0.000902
0.000902
0.000902
0.000902
0.000902
0.000902
0.000902
0.000902
0.000902
0.000902
0.000901
0.000901
0.000901
0.000901
0.000901
0.000901
0.000901
0.000901
0.000900
0.000900
0.000900
0.000900
0.000900
0.000900
0.000900
0.000900
0.000900
0.000899
0.000899
0.000899
0.000899
0.000899
0.000899
0.000899
0.000899
0.000898
0.000898
0.000898
0.000898
0.000898
0.000898
0.000898
0.000898
0.000898
