0.378031
0.200665
0.126176
0.059701
0.027425
0.015628
0.008313
0.004968
0.003714
0.003347
0.003216
0.003070
0.002931
0.002799
0.002691
0.002607
0.002541
0.002488
0.002439
0.002393
0.002351
0.002309
0.002267
0.002226
0.002186
0.002145
0.002106
0.002066
0.002025
0.001983
0.001944
0.001908
0.001872
0.001837
0.001804
0.001773
0.001743
0.001715
0.001687
0.001662
0.001637
0.001615
0.001592
0.001572
0.001552
0.001533
0.001514
0.001497
0.001481
0.001465
0.001449
0.001435
0.001420
0.001407
0.001393
0.001380
0.001367
0.001356
0.001346
0.001336
0.001328
0.001319
0.001311
0.001304
0.001297
0.001290
0.001284
0.001277
0.001270
0.001264
0.001258
0.001252
0.001246
0.001240
0.001234
0.001228
0.001222
0.001215
0.001209
0.001203
0.001197
0.001191
0.001185
0.001180
0.001175
0.001170
0.001165
0.001161
0.001157
0.001153
0.001150
0.001148
0.001145
0.001143
0.001142
0.001140
0.001140
0.001139
0.001140
0.001140
0.001105
0.001111
0.001100
0.001097
0.001098
0.001097
0.001096
0.001095
0.001095
0.001094
0.001093
0.001092
0.001092
0.001091
0.001091
0.001090
0.001090
0.001089
0.001089
0.001089
0.001089
0.001089
0.001089
0.001089
0.001089
0.001089
0.001089
0.001089
0.001089
0.001089
0.001089
0.001089
0.001089
0.001089
0.001090
0.001090
0.001090
0.001090
0.001090
0.001089
0.001089
0.001089
0.001089
0.001089
0.001088
0.001088
0.001088
0.001088
0.001087
0.001087
0.001087
0.001087
0.001087
0.001086
0.001086
0.001086
0.001085
0.001085
0.001085
0.001084
0.001084
0.001084
0.001083
0.001083
0.001083
0.001083
0.001083
0.001082
0.001082
0.001082
0.001081
0.001081
0.001081
0.001081
0.001080
0.001080
0.001080
0.001080
0.001080
0.001080
0.001080
0.001080
0.001080
0.001080
0.001080
0.001080
0.001080
0.001080
0.001080
0.001080
0.001081
0.001081
0.001081
0.001082
0.001082
0.001082
0.001083
0.001083
0.001084
0.001084
0.001062
0.001041
0.001046
0.001051
0.001054
0.001055
0.001055
0.001054
0.001054
0.001053
0.001053
0.001052
0.001052
0.001052
0.001052
0.001052
0.001051
0.001051
0.001051
0.001051
0.001051
0.001050
0.001050
0.001050
0.001050
0.001050
0.001050
0.001049
0.001049
0.001049
0.001049
0.001049
0.001048
0.001048
0.001048
0.001048
0.001048
0.001047
0.001047
0.001047
0.001047
0.001047
0.001047
0.001046
0.001046
0.001046
0.001046
0.001046
0.001046
0.001045
0.001045
0.001045
0.001045
0.001045
0.001044
0.001044
0.001044
0.001044
0.001044
0.001043
0.001043
0.001043
0.001043
0.001042
0.001042
0.001042
0.001042
0.001042
0.001041
0.001041
0.001041
0.001041
0.001040
0.001040
0.001040
0.001040
0.001039
0.001039
0.001039
0.001039
0.001039
0.001038
0.001038
0.001038
0.001037
0.001037
0.001037
0.001037
0.001036
0.001036
0.001036
0.001036
0.001036
0.001035
0.001035
0.001035
0.001035
0.001034
0.001034
0.001034
0.001023
0.000995
0.000992
0.000989
0.000989
0.000989
0.000989
0.000989
0.000989
0.000989
0.000989
0.000990
0.000990
0.000990
0.000990
0.000990
0.000990
0.000990
0.000990
0.000990
0.000990
0.000990
0.000990
0.000990
0.000990
0.000990
0.000990
0.000991
0.000991
0.000991
0.000991
0.000991
0.000991
0.000991
0.000991
0.000991
0.000991
0.000991
0.000991
0.000991
0.000991
0.000991
0.000991
0.000991
0.000991
0.000991
0.000991
0.000991
0.000991
0.000991
0.000991
0.000991
0.000991
0.000991
0.000991
0.000991
0.000991
0.000991
0.000991
0.000991
0.000991
0.000991
0.000991
0.000991
0.000991
0.000991
0.000991
0.000991
0.000991
0.000991
0.000991
0.000991
0.000991
0.000991
0.000991
0.000991
0.000991
0.000991
0.000991
0.000991
0.000990
0.000990
0.000990
0.000990
0.000990
0.000990
0.000990
0.000990
0.000990
0.000990
0.000989
0.000989
0.000989
0.000989
0.000989
0.000989
0.000989
0.000989
0.000989
0.000989
0.000976
0.000971
0.000969
0.000968
0.000968
0.000968
0.000968
0.000968
0.000968
0.000968
0.000967
0.000967
0.000967
0.000967
0.000967
0.000967
0.000967
0.000967
0.000967
0.000967
0.000967
0.000967
0.000966
0.000966
0.000966
0.000966
0.000966
0.000966
0.000966
0.000966
0.000966
0.000966
0.000966
0.000966
0.000966
0.000965
0.000965
0.000965
0.000965
0.000965
0.000965
0.000965
0.000965
0.000965
0.000965
0.000965
0.000965
0.000964
0.000964
0.000964
0.000964
0.000964
0.000964
0.000964
0.000964
0.000964
0.000964
0.000964
0.000964
0.000964
0.000964
0.000963
0.000963
0.000963
0.000963
0.000963
0.000963
0.000963
0.000963
0.000963
0.000963
0.000963
0.000963
0.000963
0.000963
0.000963
0.000962
0.000962
0.000962
0.000962
0.000962
0.000962
0.000962
0.000962
0.000962
0.000962
0.000962
0.000962
0.000962
0.000962
0.000962
0.000961
0.000961
0.000961
0.000961
0.000961
0.000961
0.000961
0.000961
0.000961
