0.391793
0.204111
0.093081
0.040603
0.024480
0.013750
0.007699
0.004715
0.003801
0.003331
0.002893
0.002644
0.002541
0.002464
0.002389
0.002322
0.002267
0.002217
0.002173
0.002133
0.002096
0.002065
0.002037
0.002012
0.001989
0.001965
0.001942
0.001920
0.001898
0.001874
0.001852
0.001828
0.001805
0.001780
0.001754
0.001729
0.001705
0.001680
0.001657
0.001637
0.001621
0.001607
0.001596
0.001585
0.001575
0.001567
0.001560
0.001550
0.001540
0.001523
0.001504
0.001478
0.001448
0.001423
0.001401
0.001383
0.001368
0.001355
0.001346
0.001339
0.001334
0.001330
0.001327
0.001323
0.001317
0.001310
0.001299
0.001287
0.001274
0.001262
0.001252
0.001242
0.001237
0.001232
0.001231
0.001230
0.001230
0.001230
0.001227
0.001222
0.001215
0.001206
0.001197
0.001186
0.001177
0.001171
0.001167
0.001160
0.001152
0.001144
0.001138
0.001133
0.001131
0.001129
0.001127
0.001125
0.001122
0.001122
0.001124
0.001124
0.001086
0.001118
0.001091
0.001077
0.001079
0.001080
0.001078
0.001077
0.001077
0.001078
0.001078
0.001078
0.001077
0.001077
0.001077
0.001077
0.001076
0.001076
0.001076
0.001076
0.001076
0.001076
0.001076
0.001075
0.001075
0.001074
0.001074
0.001073
0.001073
0.001072
0.001071
0.001070
0.001070
0.001069
0.001069
0.001068
0.001067
0.001066
0.001065
0.001063
0.001062
0.001060
0.001059
0.001058
0.001057
0.001056
0.001055
0.001054
0.001053
0.001052
0.001051
0.001050
0.001049
0.001048
0.001047
0.001046
0.001045
0.001043
0.001042
0.001041
0.001040
0.001039
0.001038
0.001037
0.001036
0.001035
0.001033
0.001032
0.001031
0.001030
0.001029
0.001028
0.001028
0.001027
0.001026
0.001025
0.001025
0.001024
0.001024
0.001023
0.001022
0.001022
0.001021
0.001020
0.001020
0.001019
0.001019
0.001018
0.001018
0.001017
0.001017
0.001016
0.001016
0.001015
0.001015
0.001014
0.001014
0.001013
0.001013
0.001012
0.000968
0.000976
0.000977
0.000980
0.000981
0.000981
0.000981
0.000980
0.000980
0.000979
0.000979
0.000978
0.000977
0.000977
0.000976
0.000975
0.000974
0.000973
0.000972
0.000971
0.000970
0.000969
0.000968
0.000967
0.000966
0.000965
0.000964
0.000963
0.000962
0.000962
0.000961
0.000960
0.000959
0.000959
0.000958
0.000957
0.000957
0.000956
0.000956
0.000955
0.000955
0.000954
0.000954
0.000953
0.000953
0.000953
0.000952
0.000952
0.000952
0.000951
0.000951
0.000951
0.000950
0.000950
0.000950
0.000949
0.000949
0.000949
0.000948
0.000948
0.000948
0.000948
0.000947
0.000947
0.000947
0.000947
0.000947
0.000947
0.000946
0.000946
0.000946
0.000946
0.000946
0.000945
0.000945
0.000945
0.000945
0.000945
0.000945
0.000945
0.000944
0.000944
0.000944
0.000944
0.000944
0.000944
0.000943
0.000943
0.000943
0.000943
0.000943
0.000943
0.000942
0.000942
0.000942
0.000942
0.000942
0.000942
0.000941
0.000941
0.000937
0.000947
0.000945
0.000944
0.000945
0.000946
0.000947
0.000947
0.000947
0.000948
0.000948
0.000948
0.000948
0.000948
0.000948
0.000947
0.000947
0.000946
0.000945
0.000945
0.000944
0.000943
0.000942
0.000942
0.000941
0.000941
0.000940
0.000940
0.000939
0.000939
0.000939
0.000938
0.000938
0.000938
0.000938
0.000937
0.000937
0.000937
0.000937
0.000936
0.000936
0.000936
0.000936
0.000936
0.000936
0.000936
0.000935
0.000935
0.000935
0.000935
0.000935
0.000935
0.000935
0.000935
0.000935
0.000934
0.000934
0.000934
0.000934
0.000934
0.000934
0.000934
0.000933
0.000933
0.000933
0.000933
0.000933
0.000933
0.000933
0.000933
0.000932
0.000932
0.000932
0.000932
0.000932
0.000932
0.000932
0.000931
0.000931
0.000931
0.000931
0.000931
0.000931
0.000930
0.000930
0.000930
0.000930
0.000930
0.000930
0.000930
0.000930
0.000929
0.000929
0.000929
0.000929
0.000928
0.000928
0.000928
0.000928
0.000928
0.000915
0.000906
0.000902
0.000903
0.000903
0.000902
0.000902
0.000902
0.000902
0.000902
0.000902
0.000902
0.000902
0.000902
0.000901
0.000901
0.000901
0.000901
0.000901
0.000901
0.000901
0.000901
0.000901
0.000901
0.000901
0.000900
0.000900
0.000900
0.000900
0.000900
0.000900
0.000900
0.000900
0.000900
0.000900
0.000900
0.000900
0.000899
0.000899
0.000899
0.000899
0.000899
0.000899
0.000899
0.000899
0.000899
0.000899
0.000899
0.000899
0.000898
0.000898
0.000898
0.000898
0.000898
0.000898
0.000898
0.000898
0.000898
0.000898
0.000898
0.000898
0.000897
0.000897
0.000897
0.000897
0.000897
0.000897
0.000897
0.000897
0.000897
0.000897
0.000897
0.000897
0.000896
0.000896
0.000896
0.000896
0.000896
0.000896
0.000896
0.000896
0.000896
0.000896
0.000896
0.000896
0.000895
0.000895
0.000895
0.000895
0.000895
0.000895
0.000895
0.000895
0.000895
0.000895
0.000894
0.000894
0.000894
0.000894
0.000894
