0.443563
0.284200
0.128057
0.052720
0.018605
0.010647
0.008817
0.008220
0.007821
0.007469
0.007180
0.006957
0.006799
0.006687
0.006598
0.006517
0.006437
0.006354
0.006265
0.006175
0.006083
0.005985
0.005873
0.005744
0.005594
0.005429
0.005264
0.005108
0.004969
0.004841
0.004719
0.004606
0.004505
0.004416
0.004334
0.004259
0.004190
0.004122
0.004058
0.003994
0.003932
0.003873
0.003816
0.003761
0.003708
0.003652
0.003601
0.003552
0.003502
0.003454
0.003405
0.003358
0.003313
0.003272
0.003233
0.003194
0.003155
0.003116
0.003078
0.003040
0.003002
0.002965
0.002927
0.002890
0.002855
0.002822
0.002791
0.002759
0.002727
0.002697
0.002669
0.002641
0.002614
0.002588
0.002563
0.002539
0.002516
0.002493
0.002471
0.002449
0.002429
0.002409
0.002389
0.002370
0.002353
0.002336
0.002319
0.002303
0.002287
0.002271
0.002255
0.002240
0.002225
0.002211
0.002196
0.002182
0.002168
0.002153
0.002139
0.002125
0.002043
0.002039
0.002042
0.002039
0.002035
0.002029
0.002022
0.002016
0.002009
0.002003
0.001997
0.001990
0.001984
0.001978
0.001972
0.001966
0.001960
0.001954
0.001949
0.001943
0.001938
0.001933
0.001928
0.001923
0.001918
0.001913
0.001908
0.001903
0.001899
0.001894
0.001889
0.001884
0.001879
0.001874
0.001869
0.001864
0.001858
0.001853
0.001848
0.001842
0.001835
0.001829
0.001822
0.001816
0.001809
0.001802
0.001795
0.001788
0.001780
0.001773
0.001765
0.001758
0.001750
0.001742
0.001735
0.001727
0.001719
0.001711
0.001704
0.001695
0.001687
0.001679
0.001670
0.001663
0.001656
0.001648
0.001640
0.001633
0.001623
0.001614
0.001605
0.001595
0.001587
0.001578
0.001570
0.001562
0.001554
0.001547
0.001540
0.001533
0.001525
0.001517
0.001510
0.001502
0.001497
0.001490
0.001485
0.001479
0.001474
0.001467
0.001461
0.001457
0.001451
0.001445
0.001440
0.001435
0.001429
0.001424
0.001419
0.001414
0.001387
0.001392
0.001391
0.001390
0.001387
0.001385
0.001383
0.001381
0.001379
0.001377
0.001375
0.001372
0.001370
0.001368
0.001366
0.001364
0.001362
0.001359
0.001357
0.001354
0.001351
0.001347
0.001344
0.001340
0.001336
0.001333
0.001329
0.001325
0.001320
0.001314
0.001308
0.001300
0.001293
0.001287
0.001281
0.001274
0.001268
0.001263
0.001258
0.001253
0.001248
0.001242
0.001238
0.001233
0.001228
0.001223
0.001218
0.001212
0.001207
0.001201
0.001196
0.001192
0.001187
0.001182
0.001178
0.001174
0.001170
0.001167
0.001163
0.001160
0.001157
0.001154
0.001151
0.001149
0.001146
0.001143
0.001141
0.001138
0.001136
0.001134
0.001132
0.001131
0.001129
0.001127
0.001125
0.001123
0.001122
0.001120
0.001119
0.001117
0.001115
0.001113
0.001112
0.001111
0.001109
0.001107
0.001106
0.001104
0.001102
0.001101
0.001099
0.001097
0.001095
0.001093
0.001092
0.001091
0.001089
0.001088
0.001086
0.001085
0.001071
0.001076
0.001072
0.001068
0.001068
0.001067
0.001067
0.001066
0.001066
0.001065
0.001064
0.001064
0.001063
0.001063
0.001062
0.001061
0.001061
0.001060
0.001059
0.001059
0.001058
0.001058
0.001057
0.001056
0.001056
0.001055
0.001054
0.001054
0.001053
0.001053
0.001052
0.001051
0.001051
0.001050
0.001050
0.001049
0.001049
0.001048
0.001047
0.001047
0.001046
0.001045
0.001045
0.001044
0.001044
0.001043
0.001042
0.001042
0.001041
0.001041
0.001040
0.001039
0.001039
0.001038
0.001037
0.001037
0.001036
0.001035
0.001035
0.001034
0.001033
0.001033
0.001032
0.001031
0.001031
0.001030
0.001030
0.001029
0.001028
0.001028
0.001027
0.001026
0.001025
0.001024
0.001023
0.001023
0.001022
0.001021
0.001020
0.001019
0.001018
0.001018
0.001017
0.001016
0.001015
0.001014
0.001013
0.001012
0.001011
0.001011
0.001010
0.001009
0.001008
0.001007
0.001006
0.001005
0.001005
0.001004
0.001002
0.001001
0.000993
0.000982
0.000981
0.000981
0.000980
0.000980
0.000979
0.000978
0.000978
0.000977
0.000977
0.000976
0.000976
0.000975
0.000975
0.000974
0.000974
0.000973
0.000973
0.000972
0.000971
0.000971
0.000970
0.000970
0.000969
0.000969
0.000968
0.000968
0.000967
0.000967
0.000966
0.000966
0.000965
0.000964
0.000964
0.000963
0.000963
0.000962
0.000962
0.000961
0.000961
0.000960
0.000960
0.000959
0.000959
0.000958
0.000958
0.000957
0.000957
0.000956
0.000956
0.000955
0.000955
0.000954
0.000954
0.000953
0.000953
0.000952
0.000952
0.000952
0.000951
0.000951
0.000950
0.000950
0.000949
0.000949
0.000948
0.000948
0.000947
0.000947
0.000946
0.000946
0.000945
0.000945
0.000944
0.000944
0.000943
0.000943
0.000942
0.000942
0.000941
0.000941
0.000940
0.000940
0.000939
0.000939
0.000939
0.000938
0.000938
0.000937
0.000937
0.000936
0.000936
0.000935
0.000935
0.000935
0.000934
0.000934
0.000933
0.000933
