0.335830
0.070303
0.038802
0.023094
0.013562
0.008722
0.006711
0.005983
0.005514
0.005127
0.004814
0.004557
0.004335
0.004142
0.003971
0.003816
0.003671
0.003536
0.003407
0.003284
0.003165
0.003051
0.002941
0.002834
0.002732
0.002634
0.002544
0.002462
0.002387
0.002317
0.002253
0.002192
0.002135
0.002081
0.002028
0.001977
0.001930
0.001882
0.001842
0.001806
0.001765
0.001731
0.001696
0.001665
0.001639
0.001615
0.001593
0.001573
0.001557
0.001541
0.001525
0.001510
0.001496
0.001484
0.001471
0.001459
0.001446
0.001435
0.001425
0.001417
0.001407
0.001398
0.001390
0.001383
0.001376
0.001370
0.001366
0.001361
0.001358
0.001354
0.001349
0.001344
0.001340
0.001337
0.001333
0.001329
0.001327
0.001323
0.001320
0.001318
0.001317
0.001313
0.001309
0.001307
0.001305
0.001301
0.001297
0.001294
0.001291
0.001290
0.001287
0.001283
0.001280
0.001279
0.001276
0.001274
0.001272
0.001271
0.001269
0.001269
0.001185
0.001177
0.001169
0.001167
0.001166
0.001166
0.001165
0.001164
0.001164
0.001163
0.001163
0.001162
0.001162
0.001162
0.001162
0.001162
0.001161
0.001161
0.001161
0.001161
0.001161
0.001162
0.001162
0.001162
0.001162
0.001162
0.001163
0.001162
0.001162
0.001162
0.001162
0.001162
0.001162
0.001162
0.001162
0.001161
0.001161
0.001161
0.001160
0.001160
0.001160
0.001160
0.001159
0.001159
0.001158
0.001157
0.001157
0.001157
0.001156
0.001156
0.001156
0.001156
0.001155
0.001155
0.001154
0.001153
0.001153
0.001152
0.001152
0.001151
0.001150
0.001150
0.001149
0.001148
0.001147
0.001146
0.001145
0.001144
0.001143
0.001142
0.001141
0.001140
0.001140
0.001139
0.001138
0.001137
0.001136
0.001136
0.001135
0.001134
0.001134
0.001133
0.001132
0.001131
0.001131
0.001130
0.001130
0.001130
0.001129
0.001128
0.001128
0.001127
0.001125
0.001124
0.001123
0.001123
0.001122
0.001121
0.001120
0.001120
0.001088
0.001095
0.001098
0.001098
0.001098
0.001097
0.001097
0.001096
0.001095
0.001095
0.001094
0.001093
0.001092
0.001092
0.001091
0.001090
0.001090
0.001089
0.001088
0.001088
0.001087
0.001086
0.001085
0.001084
0.001083
0.001082
0.001082
0.001081
0.001080
0.001079
0.001078
0.001077
0.001076
0.001075
0.001074
0.001073
0.001072
0.001071
0.001070
0.001069
0.001068
0.001067
0.001066
0.001065
0.001064
0.001063
0.001062
0.001061
0.001060
0.001059
0.001058
0.001057
0.001056
0.001055
0.001054
0.001053
0.001052
0.001051
0.001050
0.001050
0.001049
0.001048
0.001047
0.001046
0.001046
0.001045
0.001044
0.001043
0.001042
0.001042
0.001041
0.001040
0.001040
0.001039
0.001038
0.001038
0.001037
0.001037
0.001036
0.001035
0.001035
0.001034
0.001034
0.001033
0.001033
0.001032
0.001031
0.001031
0.001030
0.001030
0.001030
0.001029
0.001028
0.001028
0.001027
0.001027
0.001026
0.001026
0.001025
0.001025
0.001023
0.001036
0.001036
0.001038
0.001039
0.001039
0.001039
0.001040
0.001041
0.001042
0.001043
0.001044
0.001045
0.001046
0.001047
0.001047
0.001047
0.001047
0.001046
0.001045
0.001043
0.001042
0.001040
0.001039
0.001038
0.001037
0.001037
0.001036
0.001035
0.001035
0.001034
0.001034
0.001033
0.001033
0.001032
0.001032
0.001032
0.001031
0.001031
0.001031
0.001030
0.001030
0.001030
0.001029
0.001029
0.001029
0.001028
0.001028
0.001028
0.001028
0.001027
0.001027
0.001027
0.001026
0.001026
0.001026
0.001025
0.001025
0.001025
0.001024
0.001024
0.001024
0.001023
0.001023
0.001023
0.001023
0.001022
0.001022
0.001022
0.001021
0.001021
0.001021
0.001020
0.001020
0.001019
0.001019
0.001019
0.001018
0.001018
0.001017
0.001017
0.001017
0.001016
0.001016
0.001015
0.001015
0.001015
0.001014
0.001014
0.001013
0.001013
0.001012
0.001012
0.001011
0.001011
0.001011
0.001010
0.001010
0.001009
0.001009
0.000995
0.000988
0.000984
0.000984
0.000984
0.000984
0.000984
0.000984
0.000983
0.000983
0.000983
0.000983
0.000983
0.000983
0.000982
0.000982
0.000982
0.000982
0.000982
0.000981
0.000981
0.000981
0.000981
0.000981
0.000981
0.000980
0.000980
0.000980
0.000980
0.000980
0.000980
0.000979
0.000979
0.000979
0.000979
0.000979
0.000979
0.000979
0.000978
0.000978
0.000978
0.000978
0.000978
0.000977
0.000977
0.000977
0.000977
0.000977
0.000977
0.000976
0.000976
0.000976
0.000976
0.000976
0.000975
0.000975
0.000975
0.000975
0.000975
0.000974
0.000974
0.000974
0.000974
0.000974
0.000974
0.000973
0.000973
0.000973
0.000973
0.000973
0.000972
0.000972
0.000972
0.000972
0.000971
0.000971
0.000971
0.000971
0.000971
0.000970
0.000970
0.000970
0.000970
0.000970
0.000969
0.000969
0.000969
0.000969
0.000968
0.000968
0.000968
0.000968
0.000968
0.000967
0.000967
0.000967
0.000967
0.000966
0.000966
0.000966
