0.495381
0.268158
0.112973
0.050763
0.038106
0.028889
0.022389
0.017295
0.013220
0.010103
0.007808
0.006200
0.005161
0.004542
0.004179
0.003921
0.003688
0.003467
0.003256
0.003056
0.002873
0.002700
0.002543
0.002410
0.002302
0.002207
0.002123
0.002048
0.001982
0.001921
0.001866
0.001818
0.001775
0.001733
0.001695
0.001659
0.001627
0.001599
0.001576
0.001553
0.001534
0.001513
0.001495
0.001479
0.001462
0.001446
0.001430
0.001413
0.001397
0.001383
0.001371
0.001360
0.001348
0.001338
0.001330
0.001324
0.001317
0.001312
0.001307
0.001301
0.001297
0.001292
0.001287
0.001284
0.001279
0.001274
0.001270
0.001267
0.001264
0.001259
0.001255
0.001251
0.001247
0.001243
0.001237
0.001232
0.001229
0.001223
0.001221
0.001217
0.001214
0.001211
0.001208
0.001205
0.001203
0.001201
0.001199
0.001198
0.001198
0.001197
0.001197
0.001197
0.001197
0.001197
0.001196
0.001196
0.001196
0.001196
0.001195
0.001194
0.001164
0.001167
0.001174
0.001170
0.001170
0.001170
0.001169
0.001168
0.001167
0.001167
0.001166
0.001165
0.001165
0.001164
0.001163
0.001163
0.001162
0.001161
0.001161
0.001160
0.001159
0.001159
0.001158
0.001157
0.001157
0.001156
0.001155
0.001154
0.001154
0.001153
0.001152
0.001152
0.001152
0.001151
0.001151
0.001150
0.001150
0.001149
0.001149
0.001148
0.001148
0.001148
0.001147
0.001147
0.001146
0.001146
0.001145
0.001145
0.001144
0.001144
0.001144
0.001143
0.001143
0.001142
0.001141
0.001141
0.001140
0.001140
0.001140
0.001139
0.001138
0.001137
0.001137
0.001136
0.001135
0.001135
0.001134
0.001133
0.001132
0.001131
0.001130
0.001130
0.001129
0.001128
0.001127
0.001127
0.001126
0.001125
0.001124
0.001124
0.001123
0.001122
0.001121
0.001121
0.001120
0.001120
0.001119
0.001119
0.001118
0.001116
0.001114
0.001114
0.001112
0.001112
0.001111
0.001111
0.001110
0.001110
0.001109
0.001109
0.001101
0.001123
0.001131
0.001129
0.001128
0.001129
0.001130
0.001130
0.001131
0.001131
0.001130
0.001130
0.001129
0.001128
0.001126
0.001125
0.001123
0.001121
0.001120
0.001119
0.001118
0.001117
0.001116
0.001115
0.001114
0.001113
0.001112
0.001111
0.001110
0.001110
0.001109
0.001109
0.001108
0.001107
0.001107
0.001106
0.001106
0.001105
0.001105
0.001104
0.001104
0.001103
0.001103
0.001102
0.001102
0.001102
0.001101
0.001101
0.001100
0.001100
0.001100
0.001099
0.001099
0.001098
0.001098
0.001097
0.001097
0.001096
0.001096
0.001096
0.001096
0.001095
0.001095
0.001094
0.001094
0.001093
0.001093
0.001093
0.001093
0.001092
0.001092
0.001091
0.001091
0.001091
0.001090
0.001090
0.001089
0.001089
0.001089
0.001088
0.001088
0.001088
0.001087
0.001087
0.001087
0.001086
0.001086
0.001085
0.001085
0.001085
0.001084
0.001084
0.001083
0.001083
0.001082
0.001082
0.001082
0.001081
0.001081
0.001080
0.001074
0.001049
0.001043
0.001044
0.001043
0.001043
0.001043
0.001043
0.001043
0.001043
0.001042
0.001042
0.001042
0.001042
0.001042
0.001042
0.001041
0.001041
0.001041
0.001041
0.001041
0.001041
0.001041
0.001040
0.001040
0.001040
0.001040
0.001040
0.001040
0.001039
0.001039
0.001039
0.001039
0.001039
0.001039
0.001038
0.001038
0.001038
0.001038
0.001038
0.001038
0.001038
0.001037
0.001037
0.001037
0.001037
0.001037
0.001037
0.001037
0.001036
0.001036
0.001036
0.001036
0.001036
0.001036
0.001036
0.001035
0.001035
0.001035
0.001035
0.001035
0.001035
0.001034
0.001034
0.001034
0.001034
0.001034
0.001034
0.001034
0.001033
0.001033
0.001033
0.001033
0.001033
0.001033
0.001033
0.001032
0.001032
0.001032
0.001032
0.001032
0.001032
0.001032
0.001031
0.001031
0.001031
0.001031
0.001030
0.001030
0.001030
0.001030
0.001030
0.001030
0.001029
0.001029
0.001029
0.001029
0.001028
0.001028
0.001028
0.001019
0.001020
0.001019
0.001018
0.001018
0.001017
0.001017
0.001017
0.001017
0.001017
0.001017
0.001016
0.001016
0.001016
0.001016
0.001016
0.001016
0.001015
0.001015
0.001015
0.001015
0.001015
0.001015
0.001014
0.001014
0.001014
0.001014
0.001014
0.001014
0.001013
0.001013
0.001013
0.001013
0.001013
0.001013
0.001012
0.001012
0.001012
0.001012
0.001012
0.001012
0.001012
0.001011
0.001011
0.001011
0.001011
0.001011
0.001011
0.001011
0.001010
0.001010
0.001010
0.001010
0.001010
0.001010
0.001010
0.001010
0.001009
0.001009
0.001009
0.001009
0.001009
0.001009
0.001009
0.001009
0.001008
0.001008
0.001008
0.001008
0.001008
0.001008
0.001008
0.001008
0.001008
0.001007
0.001007
0.001007
0.001007
0.001007
0.001007
0.001007
0.001007
0.001007
0.001007
0.001006
0.001006
0.001006
0.001006
0.001006
0.001006
0.001006
0.001006
0.001006
0.001006
0.001005
0.001005
0.001005
0.001005
0.001005
0.001005
