0.476560
0.270302
0.128010
0.044766
0.028159
0.016805
0.009335
0.005620
0.004545
0.004152
0.003868
0.003689
0.003550
0.003424
0.003309
0.003207
0.003112
0.003027
0.002941
0.002848
0.002749
0.002660
0.002598
0.002549
0.002501
0.002455
0.002412
0.002371
0.002331
0.002294
0.002258
0.002226
0.002193
0.002164
0.002135
0.002107
0.002083
0.002059
0.002033
0.002012
0.001994
0.001976
0.001957
0.001943
0.001929
0.001911
0.001893
0.001881
0.001870
0.001860
0.001851
0.001841
0.001833
0.001831
0.001828
0.001820
0.001811
0.001804
0.001797
0.001788
0.001779
0.001772
0.001764
0.001754
0.001747
0.001740
0.001732
0.001725
0.001719
0.001711
0.001703
0.001696
0.001688
0.001684
0.001677
0.001671
0.001663
0.001658
0.001650
0.001644
0.001638
0.001633
0.001628
0.001622
0.001617
0.001612
0.001607
0.001602
0.001597
0.001593
0.001588
0.001584
0.001580
0.001576
0.001571
0.001566
0.001563
0.001559
0.001556
0.001552
0.001442
0.001438
0.001461
0.001475
0.001480
0.001480
0.001477
0.001474
0.001471
0.001468
0.001466
0.001463
0.001460
0.001457
0.001455
0.001451
0.001448
0.001445
0.001442
0.001438
0.001435
0.001431
0.001428
0.001424
0.001421
0.001417
0.001413
0.001410
0.001406
0.001402
0.001398
0.001394
0.001390
0.001386
0.001383
0.001379
0.001375
0.001372
0.001368
0.001365
0.001361
0.001358
0.001355
0.001351
0.001348
0.001344
0.001341
0.001338
0.001334
0.001332
0.001329
0.001326
0.001323
0.001321
0.001318
0.001316
0.001313
0.001310
0.001307
0.001305
0.001302
0.001300
0.001298
0.001296
0.001294
0.001292
0.001289
0.001287
0.001285
0.001283
0.001281
0.001279
0.001276
0.001274
0.001272
0.001270
0.001268
0.001266
0.001264
0.001263
0.001260
0.001258
0.001255
0.001251
0.001248
0.001244
0.001240
0.001236
0.001232
0.001228
0.001225
0.001221
0.001217
0.001214
0.001211
0.001207
0.001204
0.001201
0.001197
0.001194
0.001177
0.001189
0.001188
0.001183
0.001181
0.001181
0.001180
0.001179
0.001178
0.001177
0.001176
0.001176
0.001175
0.001174
0.001172
0.001171
0.001170
0.001169
0.001168
0.001167
0.001167
0.001166
0.001164
0.001163
0.001162
0.001161
0.001160
0.001158
0.001158
0.001156
0.001156
0.001155
0.001154
0.001152
0.001152
0.001151
0.001150
0.001149
0.001148
0.001147
0.001146
0.001145
0.001144
0.001143
0.001143
0.001141
0.001140
0.001139
0.001138
0.001137
0.001137
0.001136
0.001134
0.001133
0.001131
0.001130
0.001129
0.001128
0.001127
0.001127
0.001126
0.001125
0.001125
0.001124
0.001123
0.001122
0.001121
0.001120
0.001120
0.001119
0.001118
0.001117
0.001116
0.001115
0.001114
0.001114
0.001113
0.001113
0.001112
0.001111
0.001111
0.001111
0.001110
0.001110
0.001108
0.001108
0.001107
0.001106
0.001105
0.001104
0.001104
0.001103
0.001102
0.001102
0.001101
0.001100
0.001100
0.001099
0.001098
0.001098
0.001084
0.001060
0.001053
0.001055
0.001054
0.001053
0.001053
0.001053
0.001052
0.001052
0.001052
0.001051
0.001051
0.001051
0.001050
0.001050
0.001050
0.001049
0.001049
0.001049
0.001049
0.001048
0.001048
0.001048
0.001047
0.001047
0.001047
0.001046
0.001046
0.001046
0.001045
0.001045
0.001045
0.001044
0.001044
0.001044
0.001044
0.001043
0.001043
0.001043
0.001042
0.001042
0.001042
0.001041
0.001041
0.001041
0.001040
0.001040
0.001040
0.001039
0.001039
0.001039
0.001038
0.001038
0.001038
0.001037
0.001037
0.001037
0.001037
0.001036
0.001036
0.001036
0.001035
0.001035
0.001035
0.001035
0.001034
0.001034
0.001033
0.001033
0.001033
0.001033
0.001032
0.001032
0.001032
0.001031
0.001031
0.001031
0.001030
0.001030
0.001029
0.001029
0.001029
0.001028
0.001028
0.001028
0.001027
0.001027
0.001026
0.001026
0.001025
0.001025
0.001025
0.001024
0.001024
0.001024
0.001023
0.001023
0.001022
0.001022
0.001015
0.001013
0.001013
0.001011
0.001011
0.001011
0.001010
0.001010
0.001010
0.001010
0.001009
0.001009
0.001009
0.001008
0.001008
0.001008
0.001008
0.001007
0.001007
0.001007
0.001006
0.001006
0.001006
0.001005
0.001005
0.001005
0.001004
0.001004
0.001004
0.001004
0.001003
0.001003
0.001003
0.001002
0.001002
0.001002
0.001001
0.001001
0.001001
0.001000
0.001000
0.001000
0.000999
0.000999
0.000999
0.000998
0.000998
0.000998
0.000997
0.000997
0.000997
0.000996
0.000996
0.000996
0.000995
0.000995
0.000995
0.000994
0.000994
0.000994
0.000993
0.000993
0.000993
0.000992
0.000992
0.000992
0.000991
0.000991
0.000991
0.000990
0.000990
0.000989
0.000989
0.000989
0.000988
0.000988
0.000988
0.000987
0.000987
0.000987
0.000986
0.000986
0.000986
0.000986
0.000985
0.000985
0.000985
0.000984
0.000984
0.000984
0.000983
0.000983
0.000983
0.000983
0.000982
0.000982
0.000982
0.000981
0.000981
0.000981
