0.462868
0.363198
0.221607
0.103734
0.063648
0.045550
0.033285
0.023294
0.016969
0.013731
0.011950
0.010676
0.009735
0.009053
0.008566
0.008230
0.007967
0.007756
0.007636
0.007535
0.007428
0.007346
0.007290
0.007238
0.007193
0.007165
0.007126
0.007100
0.007077
0.007062
0.007036
0.007021
0.007002
0.006984
0.006960
0.006950
0.006934
0.006929
0.006921
0.006906
0.006899
0.006892
0.006886
0.006874
0.006873
0.006862
0.006848
0.006845
0.006838
0.006836
0.006830
0.006821
0.006816
0.006811
0.006804
0.006797
0.006789
0.006781
0.006774
0.006769
0.006765
0.006760
0.006752
0.006745
0.006740
0.006734
0.006725
0.006718
0.006714
0.006713
0.006707
0.006699
0.006691
0.006682
0.006680
0.006668
0.006657
0.006646
0.006633
0.006621
0.006610
0.006596
0.006583
0.006569
0.006559
0.006547
0.006536
0.006525
0.006511
0.006500
0.006488
0.006478
0.006464
0.006453
0.006439
0.006423
0.006400
0.006377
0.006350
0.006314
0.006153
0.006152
0.006136
0.006122
0.006110
0.006090
0.006071
0.006050
0.006025
0.005991
0.005956
0.005920
0.005882
0.005842
0.005800
0.005759
0.005719
0.005683
0.005652
0.005623
0.005594
0.005566
0.005537
0.005505
0.005477
0.005446
0.005418
0.005393
0.005367
0.005341
0.005314
0.005287
0.005262
0.005237
0.005212
0.005187
0.005160
0.005138
0.005112
0.005087
0.005061
0.005035
0.005007
0.004980
0.004952
0.004924
0.004897
0.004870
0.004842
0.004812
0.004783
0.004752
0.004718
0.004684
0.004649
0.004615
0.004583
0.004552
0.004522
0.004494
0.004467
0.004439
0.004412
0.004384
0.004357
0.004330
0.004300
0.004270
0.004241
0.004212
0.004180
0.004145
0.004111
0.004077
0.004041
0.004005
0.003970
0.003936
0.003896
0.003858
0.003823
0.003787
0.003750
0.003715
0.003675
0.003638
0.003603
0.003566
0.003525
0.003484
0.003447
0.003409
0.003373
0.003337
0.003301
0.003266
0.003234
0.003204
0.003170
0.003137
0.003077
0.003016
0.002964
0.002948
0.002932
0.002914
0.002897
0.002879
0.002861
0.002844
0.002827
0.002808
0.002788
0.002767
0.002743
0.002716
0.002686
0.002653
0.002619
0.002583
0.002548
0.002516
0.002483
0.002452
0.002422
0.002397
0.002376
0.002357
0.002339
0.002324
0.002311
0.002299
0.002288
0.002279
0.002271
0.002262
0.002254
0.002247
0.002241
0.002234
0.002229
0.002224
0.002220
0.002215
0.002211
0.002207
0.002202
0.002199
0.002195
0.002192
0.002188
0.002184
0.002180
0.002177
0.002174
0.002171
0.002167
0.002164
0.002161
0.002158
0.002155
0.002152
0.002149
0.002146
0.002143
0.002141
0.002139
0.002137
0.002134
0.002132
0.002130
0.002127
0.002125
0.002122
0.002120
0.002118
0.002116
0.002114
0.002112
0.002110
0.002108
0.002105
0.002103
0.002101
0.002100
0.002098
0.002096
0.002094
0.002092
0.002091
0.002088
0.002087
0.002085
0.002082
0.002081
0.002079
0.002077
0.002075
0.002073
0.002071
0.002043
0.002027
0.002019
0.002020
0.002019
0.002017
0.002016
0.002015
0.002014
0.002013
0.002012
0.002010
0.002009
0.002008
0.002007
0.002006
0.002005
0.002004
0.002002
0.002001
0.002000
0.001999
0.001998
0.001996
0.001995
0.001994
0.001993
0.001992
0.001990
0.001989
0.001988
0.001987
0.001985
0.001984
0.001983
0.001982
0.001980
0.001979
0.001978
0.001976
0.001975
0.001974
0.001972
0.001971
0.001970
0.001968
0.001967
0.001966
0.001964
0.001963
0.001961
0.001960
0.001959
0.001957
0.001956
0.001955
0.001953
0.001952
0.001951
0.001949
0.001948
0.001946
0.001945
0.001943
0.001942
0.001941
0.001939
0.001938
0.001936
0.001935
0.001933
0.001932
0.001930
0.001929
0.001927
0.001925
0.001924
0.001922
0.001920
0.001919
0.001917
0.001915
0.001913
0.001912
0.001910
0.001908
0.001906
0.001904
0.001902
0.001901
0.001898
0.001897
0.001895
0.001893
0.001891
0.001889
0.001888
0.001886
0.001884
0.001882
0.001872
0.001872
0.001873
0.001872
0.001870
0.001869
0.001868
0.001867
0.001866
0.001865
0.001864
0.001863
0.001862
0.001861
0.001860
0.001859
0.001858
0.001857
0.001856
0.001855
0.001853
0.001852
0.001851
0.001850
0.001849
0.001848
0.001847
0.001846
0.001845
0.001844
0.001843
0.001841
0.001840
0.001839
0.001838
0.001837
0.001836
0.001835
0.001834
0.001833
0.001832
0.001831
0.001830
0.001829
0.001828
0.001827
0.001826
0.001825
0.001824
0.001823
0.001821
0.001820
0.001819
0.001818
0.001817
0.001816
0.001815
0.001814
0.001813
0.001812
0.001811
0.001810
0.001808
0.001807
0.001806
0.001805
0.001803
0.001802
0.001801
0.001799
0.001798
0.001797
0.001795
0.001794
0.001792
0.001791
0.001790
0.001788
0.001787
0.001785
0.001784
0.001782
0.001781
0.001780
0.001778
0.001777
0.001775
0.001774
0.001773
0.001771
0.001770
0.001768
0.001767
0.001766
0.001764
0.001763
0.001762
0.001760
0.001759
0.001758
