0.404843
0.214809
0.088235
0.036652
0.026373
0.019352
0.014315
0.010690
0.008268
0.006723
0.005825
0.005333
0.005059
0.004881
0.004741
0.004622
0.004517
0.004420
0.004325
0.004232
0.004142
0.004054
0.003966
0.003881
0.003793
0.003706
0.003620
0.003538
0.003458
0.003382
0.003309
0.003239
0.003170
0.003103
0.003036
0.002972
0.002909
0.002848
0.002791
0.002735
0.002683
0.002632
0.002585
0.002541
0.002500
0.002463
0.002427
0.002394
0.002364
0.002335
0.002308
0.002283
0.002257
0.002235
0.002214
0.002194
0.002174
0.002157
0.002140
0.002123
0.002108
0.002093
0.002080
0.002067
0.002054
0.002044
0.002033
0.002023
0.002013
0.002004
0.001997
0.001989
0.001983
0.001976
0.001970
0.001965
0.001959
0.001953
0.001948
0.001943
0.001939
0.001934
0.001929
0.001925
0.001920
0.001917
0.001913
0.001909
0.001905
0.001902
0.001897
0.001892
0.001889
0.001885
0.001882
0.001876
0.001874
0.001868
0.001865
0.001861
0.001810
0.001837
0.001854
0.001865
0.001872
0.001873
0.001872
0.001871
0.001869
0.001867
0.001865
0.001863
0.001861
0.001859
0.001857
0.001855
0.001853
0.001851
0.001848
0.001845
0.001843
0.001841
0.001837
0.001834
0.001830
0.001827
0.001825
0.001822
0.001819
0.001816
0.001813
0.001810
0.001806
0.001803
0.001800
0.001797
0.001793
0.001789
0.001785
0.001782
0.001778
0.001773
0.001769
0.001765
0.001760
0.001756
0.001751
0.001747
0.001742
0.001738
0.001733
0.001729
0.001724
0.001720
0.001715
0.001711
0.001707
0.001703
0.001699
0.001695
0.001692
0.001688
0.001685
0.001682
0.001678
0.001674
0.001670
0.001665
0.001661
0.001656
0.001652
0.001648
0.001643
0.001639
0.001634
0.001629
0.001625
0.001621
0.001618
0.001614
0.001610
0.001606
0.001602
0.001598
0.001593
0.001588
0.001583
0.001578
0.001573
0.001569
0.001564
0.001560
0.001554
0.001549
0.001544
0.001539
0.001534
0.001529
0.001525
0.001521
0.001484
0.001469
0.001458
0.001454
0.001451
0.001450
0.001448
0.001446
0.001445
0.001443
0.001441
0.001440
0.001438
0.001436
0.001434
0.001432
0.001431
0.001429
0.001427
0.001425
0.001423
0.001422
0.001420
0.001418
0.001417
0.001415
0.001413
0.001412
0.001410
0.001408
0.001406
0.001405
0.001403
0.001401
0.001399
0.001398
0.001396
0.001395
0.001393
0.001391
0.001390
0.001388
0.001387
0.001385
0.001383
0.001382
0.001380
0.001378
0.001377
0.001375
0.001374
0.001372
0.001371
0.001369
0.001367
0.001366
0.001364
0.001362
0.001361
0.001359
0.001358
0.001356
0.001355
0.001353
0.001352
0.001350
0.001348
0.001347
0.001345
0.001344
0.001342
0.001340
0.001338
0.001337
0.001335
0.001333
0.001332
0.001330
0.001329
0.001327
0.001326
0.001324
0.001323
0.001321
0.001319
0.001318
0.001316
0.001315
0.001313
0.001312
0.001310
0.001308
0.001307
0.001305
0.001304
0.001302
0.001301
0.001299
0.001297
0.001296
0.001281
0.001270
0.001269
0.001267
0.001265
0.001265
0.001264
0.001263
0.001262
0.001261
0.001260
0.001259
0.001258
0.001257
0.001257
0.001256
0.001255
0.001254
0.001253
0.001252
0.001251
0.001250
0.001249
0.001249
0.001248
0.001247
0.001246
0.001245
0.001244
0.001243
0.001242
0.001242
0.001241
0.001240
0.001239
0.001238
0.001237
0.001236
0.001236
0.001235
0.001234
0.001233
0.001232
0.001231
0.001230
0.001229
0.001229
0.001228
0.001227
0.001226
0.001225
0.001224
0.001223
0.001222
0.001221
0.001220
0.001220
0.001219
0.001218
0.001217
0.001216
0.001215
0.001214
0.001213
0.001213
0.001212
0.001211
0.001210
0.001209
0.001208
0.001207
0.001207
0.001206
0.001205
0.001204
0.001203
0.001202
0.001202
0.001201
0.001200
0.001199
0.001198
0.001197
0.001196
0.001196
0.001195
0.001194
0.001193
0.001192
0.001192
0.001191
0.001190
0.001189
0.001188
0.001187
0.001187
0.001186
0.001185
0.001184
0.001183
0.001179
0.001180
0.001183
0.001184
0.001184
0.001184
0.001184
0.001183
0.001183
0.001182
0.001182
0.001182
0.001181
0.001181
0.001180
0.001180
0.001179
0.001179
0.001179
0.001178
0.001178
0.001177
0.001177
0.001177
0.001176
0.001176
0.001175
0.001175
0.001174
0.001174
0.001174
0.001173
0.001173
0.001172
0.001172
0.001172
0.001171
0.001171
0.001171
0.001170
0.001170
0.001169
0.001169
0.001169
0.001168
0.001168
0.001168
0.001167
0.001167
0.001167
0.001166
0.001166
0.001166
0.001165
0.001165
0.001164
0.001164
0.001164
0.001163
0.001163
0.001163
0.001162
0.001162
0.001162
0.001161
0.001161
0.001161
0.001160
0.001160
0.001160
0.001159
0.001159
0.001158
0.001158
0.001158
0.001157
0.001157
0.001157
0.001156
0.001156
0.001155
0.001155
0.001155
0.001154
0.001154
0.001154
0.001153
0.001153
0.001153
0.001152
0.001152
0.001151
0.001151
0.001151
0.001150
0.001150
0.001150
0.001149
0.001149
0.001148
