0.412597
0.139837
0.046358
0.024051
0.013900
0.008662
0.005563
0.004086
0.003424
0.003048
0.002792
0.002618
0.002521
0.002442
0.002354
0.002219
0.002095
0.002022
0.001982
0.001953
0.001923
0.001894
0.001868
0.001839
0.001812
0.001791
0.001768
0.001745
0.001724
0.001703
0.001684
0.001665
0.001649
0.001633
0.001618
0.001602
0.001586
0.001571
0.001556
0.001542
0.001530
0.001517
0.001504
0.001489
0.001475
0.001461
0.001447
0.001434
0.001422
0.001412
0.001402
0.001392
0.001381
0.001370
0.001359
0.001349
0.001339
0.001329
0.001318
0.001310
0.001301
0.001292
0.001285
0.001276
0.001268
0.001260
0.001254
0.001247
0.001242
0.001236
0.001230
0.001225
0.001222
0.001217
0.001212
0.001208
0.001204
0.001200
0.001196
0.001194
0.001191
0.001185
0.001181
0.001179
0.001177
0.001175
0.001173
0.001169
0.001166
0.001162
0.001160
0.001157
0.001154
0.001151
0.001149
0.001147
0.001145
0.001144
0.001143
0.001142
0.001092
0.001085
0.001075
0.001073
0.001072
0.001071
0.001069
0.001068
0.001067
0.001066
0.001065
0.001063
0.001063
0.001062
0.001061
0.001060
0.001059
0.001058
0.001057
0.001057
0.001057
0.001056
0.001056
0.001055
0.001054
0.001054
0.001054
0.001053
0.001053
0.001053
0.001052
0.001052
0.001052
0.001051
0.001051
0.001051
0.001050
0.001050
0.001049
0.001048
0.001047
0.001046
0.001045
0.001044
0.001043
0.001042
0.001041
0.001040
0.001039
0.001038
0.001037
0.001036
0.001035
0.001033
0.001032
0.001031
0.001030
0.001028
0.001027
0.001026
0.001025
0.001024
0.001022
0.001021
0.001019
0.001018
0.001017
0.001015
0.001014
0.001013
0.001011
0.001010
0.001009
0.001007
0.001006
0.001004
0.001003
0.001001
0.001000
0.000999
0.000997
0.000996
0.000994
0.000993
0.000992
0.000990
0.000988
0.000987
0.000985
0.000984
0.000983
0.000981
0.000980
0.000979
0.000978
0.000976
0.000975
0.000974
0.000973
0.000972
0.000964
0.000961
0.000968
0.000968
0.000966
0.000964
0.000964
0.000963
0.000962
0.000962
0.000961
0.000960
0.000959
0.000959
0.000958
0.000957
0.000956
0.000956
0.000955
0.000954
0.000954
0.000953
0.000952
0.000952
0.000951
0.000950
0.000950
0.000949
0.000948
0.000948
0.000947
0.000947
0.000946
0.000946
0.000945
0.000944
0.000944
0.000943
0.000943
0.000942
0.000942
0.000941
0.000941
0.000940
0.000940
0.000939
0.000939
0.000938
0.000938
0.000938
0.000937
0.000937
0.000936
0.000936
0.000935
0.000935
0.000935
0.000934
0.000934
0.000933
0.000933
0.000933
0.000932
0.000932
0.000931
0.000931
0.000931
0.000930
0.000930
0.000929
0.000929
0.000928
0.000928
0.000928
0.000927
0.000927
0.000926
0.000926
0.000926
0.000925
0.000925
0.000924
0.000924
0.000924
0.000923
0.000923
0.000923
0.000922
0.000922
0.000921
0.000921
0.000921
0.000920
0.000920
0.000920
0.000919
0.000919
0.000919
0.000918
0.000918
0.000911
0.000933
0.000947
0.000952
0.000952
0.000950
0.000948
0.000946
0.000943
0.000940
0.000936
0.000933
0.000930
0.000928
0.000927
0.000926
0.000925
0.000924
0.000923
0.000923
0.000922
0.000921
0.000921
0.000920
0.000920
0.000920
0.000919
0.000919
0.000918
0.000918
0.000918
0.000917
0.000917
0.000917
0.000916
0.000916
0.000916
0.000915
0.000915
0.000915
0.000914
0.000914
0.000914
0.000914
0.000914
0.000913
0.000913
0.000913
0.000913
0.000913
0.000912
0.000912
0.000912
0.000912
0.000911
0.000911
0.000911
0.000910
0.000910
0.000910
0.000910
0.000909
0.000909
0.000909
0.000909
0.000908
0.000908
0.000908
0.000907
0.000907
0.000907
0.000907
0.000906
0.000906
0.000906
0.000906
0.000905
0.000905
0.000905
0.000904
0.000904
0.000904
0.000904
0.000903
0.000903
0.000903
0.000902
0.000902
0.000902
0.000901
0.000901
0.000901
0.000901
0.000900
0.000900
0.000900
0.000900
0.000899
0.000899
0.000899
0.000885
0.000879
0.000876
0.000876
0.000876
0.000876
0.000876
0.000876
0.000876
0.000875
0.000875
0.000875
0.000875
0.000875
0.000875
0.000875
0.000875
0.000875
0.000874
0.000874
0.000874
0.000874
0.000874
0.000874
0.000874
0.000874
0.000874
0.000873
0.000873
0.000873
0.000873
0.000873
0.000873
0.000873
0.000873
0.000873
0.000872
0.000872
0.000872
0.000872
0.000872
0.000872
0.000872
0.000872
0.000872
0.000872
0.000871
0.000871
0.000871
0.000871
0.000871
0.000871
0.000871
0.000871
0.000871
0.000870
0.000870
0.000870
0.000870
0.000870
0.000870
0.000870
0.000870
0.000870
0.000870
0.000869
0.000869
0.000869
0.000869
0.000869
0.000869
0.000869
0.000869
0.000869
0.000868
0.000868
0.000868
0.000868
0.000868
0.000868
0.000868
0.000868
0.000868
0.000867
0.000867
0.000867
0.000867
0.000867
0.000867
0.000867
0.000867
0.000867
0.000866
0.000866
0.000866
0.000866
0.000866
0.000866
0.000866
0.000866
