0.456981
0.299300
0.127395
0.051208
0.031338
0.020317
0.014454
0.011436
0.009809
0.008840
0.008164
0.007825
0.007703
0.007630
0.007585
0.007560
0.007539
0.007519
0.007499
0.007481
0.007463
0.007447
0.007433
0.007420
0.007408
0.007397
0.007387
0.007377
0.007368
0.007360
0.007352
0.007343
0.007336
0.007329
0.007322
0.007316
0.007310
0.007303
0.007297
0.007291
0.007286
0.007281
0.007276
0.007270
0.007267
0.007260
0.007255
0.007252
0.007249
0.007243
0.007238
0.007235
0.007231
0.007226
0.007223
0.007219
0.007217
0.007212
0.007209
0.007206
0.007204
0.007200
0.007196
0.007194
0.007190
0.007186
0.007185
0.007182
0.007178
0.007176
0.007173
0.007169
0.007167
0.007164
0.007162
0.007158
0.007153
0.007150
0.007148
0.007144
0.007140
0.007137
0.007133
0.007128
0.007126
0.007122
0.007117
0.007113
0.007108
0.007103
0.007097
0.007092
0.007085
0.007077
0.007066
0.007057
0.007043
0.007025
0.007003
0.006976
0.006835
0.006807
0.006789
0.006762
0.006732
0.006705
0.006677
0.006641
0.006594
0.006540
0.006483
0.006421
0.006359
0.006303
0.006252
0.006211
0.006178
0.006150
0.006123
0.006098
0.006074
0.006051
0.006029
0.006006
0.005984
0.005962
0.005941
0.005920
0.005900
0.005879
0.005860
0.005841
0.005823
0.005805
0.005788
0.005771
0.005755
0.005739
0.005723
0.005708
0.005693
0.005680
0.005666
0.005652
0.005638
0.005625
0.005613
0.005599
0.005587
0.005574
0.005562
0.005550
0.005539
0.005527
0.005517
0.005507
0.005496
0.005486
0.005477
0.005467
0.005458
0.005449
0.005440
0.005431
0.005422
0.005414
0.005405
0.005397
0.005389
0.005383
0.005375
0.005368
0.005362
0.005356
0.005349
0.005342
0.005336
0.005330
0.005323
0.005317
0.005310
0.005304
0.005297
0.005292
0.005286
0.005280
0.005275
0.005269
0.005263
0.005257
0.005251
0.005245
0.005239
0.005233
0.005228
0.005222
0.005217
0.005211
0.005205
0.005199
0.005116
0.005061
0.005058
0.005056
0.005052
0.005049
0.005046
0.005043
0.005040
0.005036
0.005033
0.005030
0.005027
0.005023
0.005020
0.005017
0.005013
0.005010
0.005006
0.005003
0.004999
0.004996
0.004992
0.004988
0.004984
0.004980
0.004976
0.004972
0.004967
0.004963
0.004958
0.004953
0.004948
0.004943
0.004938
0.004932
0.004927
0.004921
0.004916
0.004910
0.004903
0.004898
0.004891
0.004884
0.004878
0.004871
0.004863
0.004856
0.004849
0.004840
0.004833
0.004822
0.004813
0.004803
0.004794
0.004785
0.004777
0.004770
0.004762
0.004756
0.004749
0.004744
0.004737
0.004731
0.004725
0.004719
0.004713
0.004707
0.004701
0.004696
0.004690
0.004685
0.004679
0.004674
0.004668
0.004663
0.004658
0.004653
0.004647
0.004643
0.004637
0.004632
0.004627
0.004622
0.004617
0.004613
0.004608
0.004604
0.004598
0.004596
0.004590
0.004587
0.004582
0.004578
0.004574
0.004569
0.004565
0.004560
0.004557
0.004553
0.004523
0.004518
0.004514
0.004511
0.004510
0.004507
0.004505
0.004503
0.004501
0.004499
0.004497
0.004495
0.004493
0.004491
0.004489
0.004487
0.004485
0.004483
0.004481
0.004479
0.004477
0.004475
0.004473
0.004471
0.004469
0.004468
0.004466
0.004464
0.004462
0.004460
0.004458
0.004457
0.004455
0.004453
0.004451
0.004449
0.004448
0.004445
0.004444
0.004442
0.004440
0.004438
0.004437
0.004435
0.004433
0.004432
0.004430
0.004428
0.004427
0.004425
0.004423
0.004421
0.004420
0.004419
0.004417
0.004415
0.004414
0.004412
0.004411
0.004409
0.004408
0.004406
0.004405
0.004403
0.004402
0.004400
0.004399
0.004397
0.004395
0.004394
0.004392
0.004391
0.004389
0.004388
0.004387
0.004385
0.004384
0.004382
0.004381
0.004380
0.004378
0.004377
0.004376
0.004374
0.004373
0.004371
0.004370
0.004369
0.004367
0.004366
0.004364
0.004363
0.004362
0.004361
0.004359
0.004358
0.004357
0.004356
0.004354
0.004353
0.004344
0.004350
0.004353
0.004355
0.004355
0.004355
0.004355
0.004354
0.004354
0.004353
0.004353
0.004352
0.004352
0.004351
0.004351
0.004350
0.004349
0.004349
0.004348
0.004348
0.004347
0.004346
0.004346
0.004345
0.004345
0.004344
0.004343
0.004343
0.004342
0.004341
0.004341
0.004340
0.004339
0.004339
0.004338
0.004338
0.004337
0.004336
0.004336
0.004335
0.004335
0.004334
0.004333
0.004333
0.004332
0.004332
0.004331
0.004330
0.004330
0.004329
0.004329
0.004328
0.004328
0.004327
0.004327
0.004326
0.004325
0.004325
0.004324
0.004324
0.004323
0.004323
0.004322
0.004322
0.004321
0.004321
0.004320
0.004320
0.004319
0.004319
0.004318
0.004318
0.004317
0.004317
0.004316
0.004316
0.004315
0.004315
0.004314
0.004314
0.004313
0.004313
0.004313
0.004312
0.004312
0.004311
0.004311
0.004310
0.004310
0.004309
0.004309
0.004309
0.004308
0.004308
0.004307
0.004307
0.004306
0.004306
0.004305
0.004305
