0.476431
0.365670
0.213335
0.111805
0.066563
0.037653
0.020189
0.012374
0.008845
0.007298
0.006616
0.006284
0.006095
0.005956
0.005829
0.005720
0.005629
0.005552
0.005485
0.005426
0.005378
0.005335
0.005297
0.005264
0.005234
0.005209
0.005188
0.005167
0.005146
0.005129
0.005114
0.005100
0.005085
0.005071
0.005060
0.005049
0.005037
0.005026
0.005017
0.005008
0.004999
0.004991
0.004984
0.004978
0.004970
0.004963
0.004956
0.004949
0.004944
0.004938
0.004932
0.004927
0.004921
0.004915
0.004910
0.004905
0.004900
0.004896
0.004891
0.004886
0.004882
0.004877
0.004873
0.004869
0.004865
0.004861
0.004857
0.004854
0.004850
0.004846
0.004844
0.004840
0.004836
0.004832
0.004830
0.004828
0.004824
0.004823
0.004820
0.004817
0.004814
0.004811
0.004809
0.004807
0.004805
0.004803
0.004801
0.004800
0.004798
0.004796
0.004794
0.004792
0.004790
0.004788
0.004787
0.004785
0.004783
0.004782
0.004781
0.004780
0.004720
0.004698
0.004712
0.004734
0.004740
0.004743
0.004743
0.004744
0.004743
0.004743
0.004743
0.004743
0.004743
0.004742
0.004742
0.004741
0.004740
0.004740
0.004740
0.004739
0.004738
0.004738
0.004737
0.004737
0.004737
0.004737
0.004736
0.004736
0.004736
0.004735
0.004735
0.004735
0.004734
0.004734
0.004734
0.004733
0.004733
0.004733
0.004732
0.004732
0.004732
0.004732
0.004732
0.004732
0.004731
0.004731
0.004730
0.004730
0.004730
0.004730
0.004730
0.004729
0.004729
0.004729
0.004728
0.004728
0.004728
0.004728
0.004727
0.004727
0.004727
0.004726
0.004726
0.004726
0.004726
0.004725
0.004725
0.004725
0.004724
0.004724
0.004723
0.004723
0.004723
0.004722
0.004722
0.004722
0.004721
0.004722
0.004721
0.004721
0.004721
0.004720
0.004720
0.004720
0.004720
0.004720
0.004719
0.004719
0.004719
0.004719
0.004719
0.004718
0.004718
0.004718
0.004718
0.004717
0.004716
0.004717
0.004717
0.004716
0.004638
0.004611
0.004594
0.004594
0.004594
0.004593
0.004593
0.004593
0.004593
0.004593
0.004593
0.004593
0.004593
0.004593
0.004592
0.004592
0.004592
0.004592
0.004592
0.004592
0.004592
0.004592
0.004592
0.004592
0.004592
0.004592
0.004592
0.004592
0.004592
0.004592
0.004592
0.004592
0.004592
0.004592
0.004592
0.004593
0.004593
0.004593
0.004593
0.004593
0.004593
0.004593
0.004593
0.004593
0.004593
0.004593
0.004593
0.004593
0.004593
0.004593
0.004594
0.004594
0.004594
0.004594
0.004594
0.004594
0.004594
0.004594
0.004594
0.004595
0.004595
0.004595
0.004595
0.004595
0.004595
0.004595
0.004595
0.004596
0.004596
0.004596
0.004596
0.004596
0.004596
0.004596
0.004596
0.004597
0.004597
0.004597
0.004597
0.004597
0.004597
0.004597
0.004597
0.004597
0.004598
0.004598
0.004598
0.004598
0.004598
0.004598
0.004598
0.004599
0.004599
0.004599
0.004599
0.004599
0.004599
0.004599
0.004599
0.004599
0.004575
0.004567
0.004572
0.004574
0.004575
0.004576
0.004576
0.004576
0.004576
0.004576
0.004576
0.004576
0.004576
0.004576
0.004576
0.004576
0.004576
0.004576
0.004576
0.004576
0.004576
0.004576
0.004576
0.004576
0.004576
0.004576
0.004576
0.004576
0.004576
0.004575
0.004575
0.004575
0.004575
0.004575
0.004575
0.004575
0.004575
0.004575
0.004575
0.004575
0.004575
0.004575
0.004575
0.004575
0.004575
0.004575
0.004575
0.004575
0.004575
0.004575
0.004575
0.004575
0.004575
0.004575
0.004575
0.004575
0.004575
0.004574
0.004574
0.004574
0.004574
0.004574
0.004574
0.004574
0.004574
0.004574
0.004574
0.004574
0.004574
0.004574
0.004574
0.004574
0.004574
0.004574
0.004574
0.004574
0.004574
0.004574
0.004574
0.004574
0.004574
0.004574
0.004574
0.004574
0.004574
0.004574
0.004574
0.004574
0.004574
0.004574
0.004574
0.004574
0.004573
0.004573
0.004573
0.004573
0.004573
0.004573
0.004573
0.004573
0.004558
0.004548
0.004547
0.004550
0.004550
0.004549
0.004550
0.004550
0.004550
0.004550
0.004550
0.004550
0.004550
0.004550
0.004550
0.004550
0.004550
0.004550
0.004550
0.004550
0.004550
0.004550
0.004550
0.004550
0.004550
0.004550
0.004550
0.004550
0.004550
0.004550
0.004550
0.004550
0.004550
0.004550
0.004550
0.004550
0.004550
0.004550
0.004550
0.004550
0.004550
0.004550
0.004549
0.004549
0.004549
0.004549
0.004549
0.004549
0.004549
0.004549
0.004549
0.004549
0.004549
0.004549
0.004549
0.004549
0.004549
0.004549
0.004549
0.004549
0.004549
0.004549
0.004549
0.004549
0.004549
0.004549
0.004549
0.004549
0.004549
0.004549
0.004549
0.004549
0.004549
0.004549
0.004549
0.004549
0.004549
0.004549
0.004549
0.004549
0.004549
0.004549
0.004549
0.004549
0.004549
0.004549
0.004549
0.004549
0.004549
0.004549
0.004549
0.004549
0.004549
0.004549
0.004549
0.004549
0.004549
0.004549
0.004549
0.004549
