0.381902
0.159428
0.049112
0.023865
0.013543
0.007766
0.004877
0.003979
0.003627
0.003373
0.003126
0.002905
0.002706
0.002549
0.002415
0.002304
0.002211
0.002131
0.002062
0.002001
0.001948
0.001898
0.001857
0.001818
0.001781
0.001745
0.001713
0.001684
0.001656
0.001626
0.001598
0.001571
0.001542
0.001513
0.001487
0.001470
0.001456
0.001440
0.001424
0.001409
0.001393
0.001376
0.001359
0.001343
0.001330
0.001321
0.001315
0.001310
0.001305
0.001300
0.001295
0.001290
0.001285
0.001279
0.001272
0.001265
0.001258
0.001252
0.001250
0.001247
0.001243
0.001240
0.001236
0.001230
0.001224
0.001218
0.001211
0.001204
0.001198
0.001192
0.001187
0.001183
0.001179
0.001176
0.001173
0.001170
0.001168
0.001165
0.001161
0.001156
0.001152
0.001146
0.001140
0.001136
0.001132
0.001129
0.001125
0.001122
0.001119
0.001117
0.001114
0.001111
0.001109
0.001106
0.001104
0.001102
0.001101
0.001100
0.001098
0.001096
0.000984
0.000951
0.000951
0.000956
0.000958
0.000958
0.000956
0.000954
0.000952
0.000950
0.000947
0.000945
0.000943
0.000942
0.000940
0.000939
0.000937
0.000936
0.000935
0.000933
0.000932
0.000931
0.000930
0.000929
0.000928
0.000927
0.000926
0.000925
0.000924
0.000923
0.000922
0.000921
0.000920
0.000919
0.000918
0.000917
0.000916
0.000915
0.000914
0.000914
0.000913
0.000912
0.000911
0.000911
0.000910
0.000910
0.000909
0.000908
0.000908
0.000907
0.000907
0.000907
0.000906
0.000906
0.000906
0.000905
0.000905
0.000905
0.000905
0.000905
0.000905
0.000905
0.000905
0.000905
0.000905
0.000906
0.000906
0.000906
0.000906
0.000907
0.000907
0.000907
0.000908
0.000908
0.000909
0.000909
0.000910
0.000910
0.000911
0.000911
0.000911
0.000912
0.000913
0.000913
0.000914
0.000914
0.000914
0.000914
0.000915
0.000915
0.000915
0.000915
0.000915
0.000914
0.000914
0.000913
0.000913
0.000913
0.000913
0.000912
0.000880
0.000883
0.000884
0.000884
0.000883
0.000883
0.000882
0.000882
0.000882
0.000883
0.000883
0.000883
0.000883
0.000883
0.000883
0.000883
0.000883
0.000883
0.000883
0.000883
0.000883
0.000883
0.000883
0.000882
0.000882
0.000882
0.000882
0.000882
0.000881
0.000881
0.000881
0.000880
0.000880
0.000879
0.000878
0.000878
0.000877
0.000877
0.000876
0.000876
0.000875
0.000875
0.000874
0.000874
0.000873
0.000873
0.000872
0.000872
0.000871
0.000870
0.000870
0.000869
0.000869
0.000868
0.000867
0.000866
0.000866
0.000865
0.000865
0.000864
0.000864
0.000863
0.000862
0.000862
0.000861
0.000860
0.000860
0.000859
0.000859
0.000858
0.000857
0.000857
0.000856
0.000855
0.000855
0.000854
0.000854
0.000853
0.000852
0.000852
0.000851
0.000851
0.000851
0.000850
0.000850
0.000849
0.000849
0.000849
0.000848
0.000848
0.000847
0.000847
0.000846
0.000846
0.000845
0.000845
0.000844
0.000844
0.000843
0.000842
0.000838
0.000841
0.000844
0.000848
0.000848
0.000849
0.000849
0.000849
0.000850
0.000851
0.000852
0.000853
0.000854
0.000856
0.000857
0.000858
0.000859
0.000860
0.000861
0.000861
0.000862
0.000862
0.000862
0.000861
0.000861
0.000860
0.000859
0.000857
0.000856
0.000855
0.000854
0.000853
0.000852
0.000851
0.000850
0.000850
0.000849
0.000849
0.000849
0.000848
0.000848
0.000848
0.000847
0.000847
0.000847
0.000847
0.000846
0.000846
0.000846
0.000846
0.000846
0.000845
0.000845
0.000845
0.000845
0.000845
0.000845
0.000845
0.000845
0.000845
0.000845
0.000844
0.000844
0.000844
0.000844
0.000844
0.000844
0.000844
0.000844
0.000844
0.000844
0.000844
0.000843
0.000843
0.000843
0.000843
0.000843
0.000843
0.000843
0.000843
0.000843
0.000843
0.000843
0.000843
0.000843
0.000843
0.000843
0.000843
0.000843
0.000843
0.000842
0.000842
0.000842
0.000842
0.000842
0.000842
0.000842
0.000842
0.000842
0.000842
0.000824
0.000821
0.000817
0.000817
0.000817
0.000817
0.000817
0.000817
0.000817
0.000817
0.000817
0.000817
0.000817
0.000817
0.000816
0.000816
0.000816
0.000816
0.000816
0.000816
0.000816
0.000816
0.000816
0.000816
0.000816
0.000816
0.000816
0.000816
0.000816
0.000816
0.000816
0.000816
0.000816
0.000816
0.000816
0.000816
0.000816
0.000816
0.000816
0.000816
0.000816
0.000816
0.000816
0.000816
0.000816
0.000816
0.000816
0.000816
0.000816
0.000816
0.000816
0.000816
0.000816
0.000816
0.000816
0.000816
0.000816
0.000816
0.000816
0.000816
0.000816
0.000816
0.000816
0.000816
0.000816
0.000816
0.000816
0.000816
0.000816
0.000816
0.000816
0.000816
0.000816
0.000816
0.000816
0.000816
0.000816
0.000816
0.000816
0.000816
0.000816
0.000815
0.000815
0.000815
0.000815
0.000815
0.000815
0.000815
0.000815
0.000815
0.000815
0.000815
0.000815
0.000815
0.000815
0.000815
0.000815
0.000815
0.000815
0.000815
