0.389186
0.099121
0.034648
0.019250
0.010590
0.006642
0.004661
0.003685
0.003212
0.002958
0.002812
0.002700
0.002597
0.002495
0.002396
0.002307
0.002227
0.002153
0.002078
0.002011
0.001953
0.001897
0.001849
0.001806
0.001768
0.001734
0.001704
0.001676
0.001651
0.001628
0.001605
0.001582
0.001561
0.001542
0.001523
0.001505
0.001487
0.001472
0.001458
0.001442
0.001426
0.001409
0.001393
0.001376
0.001361
0.001347
0.001333
0.001320
0.001307
0.001296
0.001286
0.001275
0.001264
0.001253
0.001243
0.001234
0.001225
0.001217
0.001208
0.001201
0.001196
0.001191
0.001184
0.001179
0.001173
0.001167
0.001161
0.001155
0.001149
0.001145
0.001142
0.001138
0.001134
0.001130
0.001126
0.001122
0.001117
0.001113
0.001109
0.001106
0.001103
0.001100
0.001097
0.001094
0.001090
0.001085
0.001080
0.001077
0.001073
0.001068
0.001066
0.001062
0.001059
0.001056
0.001053
0.001050
0.001048
0.001047
0.001045
0.001042
0.000976
0.000967
0.000937
0.000939
0.000938
0.000936
0.000936
0.000935
0.000935
0.000935
0.000935
0.000935
0.000935
0.000935
0.000935
0.000935
0.000935
0.000936
0.000936
0.000937
0.000938
0.000939
0.000940
0.000941
0.000942
0.000943
0.000944
0.000945
0.000946
0.000946
0.000947
0.000948
0.000949
0.000949
0.000949
0.000948
0.000948
0.000948
0.000948
0.000947
0.000946
0.000945
0.000944
0.000943
0.000942
0.000941
0.000940
0.000939
0.000939
0.000938
0.000937
0.000936
0.000935
0.000934
0.000933
0.000933
0.000932
0.000931
0.000931
0.000930
0.000930
0.000929
0.000929
0.000928
0.000927
0.000927
0.000927
0.000926
0.000926
0.000925
0.000925
0.000924
0.000924
0.000923
0.000923
0.000922
0.000922
0.000922
0.000921
0.000921
0.000920
0.000920
0.000920
0.000920
0.000919
0.000919
0.000919
0.000919
0.000919
0.000919
0.000919
0.000918
0.000918
0.000918
0.000917
0.000917
0.000917
0.000917
0.000917
0.000917
0.000877
0.000887
0.000886
0.000893
0.000893
0.000894
0.000894
0.000895
0.000894
0.000893
0.000893
0.000892
0.000891
0.000891
0.000890
0.000889
0.000888
0.000887
0.000886
0.000886
0.000885
0.000884
0.000884
0.000883
0.000882
0.000881
0.000881
0.000880
0.000880
0.000879
0.000879
0.000878
0.000878
0.000877
0.000877
0.000877
0.000876
0.000876
0.000875
0.000875
0.000875
0.000875
0.000875
0.000874
0.000874
0.000874
0.000874
0.000874
0.000874
0.000874
0.000873
0.000873
0.000873
0.000873
0.000873
0.000873
0.000873
0.000873
0.000873
0.000873
0.000873
0.000873
0.000873
0.000873
0.000873
0.000873
0.000872
0.000872
0.000872
0.000872
0.000872
0.000872
0.000872
0.000872
0.000872
0.000872
0.000871
0.000871
0.000871
0.000871
0.000871
0.000871
0.000871
0.000871
0.000871
0.000871
0.000871
0.000870
0.000870
0.000870
0.000870
0.000870
0.000870
0.000870
0.000870
0.000870
0.000870
0.000870
0.000869
0.000869
0.000869
0.000883
0.000886
0.000889
0.000894
0.000897
0.000898
0.000898
0.000897
0.000896
0.000894
0.000892
0.000890
0.000888
0.000886
0.000884
0.000882
0.000881
0.000880
0.000879
0.000879
0.000878
0.000878
0.000877
0.000877
0.000876
0.000876
0.000876
0.000876
0.000875
0.000875
0.000875
0.000875
0.000875
0.000874
0.000874
0.000874
0.000874
0.000874
0.000874
0.000874
0.000874
0.000874
0.000874
0.000873
0.000873
0.000873
0.000873
0.000873
0.000873
0.000873
0.000873
0.000873
0.000873
0.000873
0.000873
0.000873
0.000873
0.000873
0.000873
0.000873
0.000872
0.000872
0.000872
0.000872
0.000872
0.000872
0.000872
0.000872
0.000872
0.000872
0.000872
0.000872
0.000872
0.000872
0.000872
0.000872
0.000872
0.000872
0.000872
0.000872
0.000871
0.000872
0.000872
0.000871
0.000871
0.000871
0.000871
0.000871
0.000871
0.000871
0.000871
0.000871
0.000871
0.000871
0.000871
0.000871
0.000871
0.000871
0.000871
0.000852
0.000844
0.000839
0.000839
0.000840
0.000839
0.000839
0.000839
0.000839
0.000839
0.000839
0.000839
0.000839
0.000839
0.000839
0.000839
0.000839
0.000839
0.000839
0.000839
0.000839
0.000839
0.000839
0.000839
0.000839
0.000839
0.000839
0.000839
0.000839
0.000839
0.000839
0.000839
0.000839
0.000839
0.000839
0.000839
0.000839
0.000839
0.000839
0.000839
0.000839
0.000839
0.000839
0.000839
0.000839
0.000839
0.000839
0.000839
0.000839
0.000839
0.000839
0.000839
0.000839
0.000839
0.000839
0.000839
0.000839
0.000839
0.000839
0.000839
0.000839
0.000839
0.000840
0.000840
0.000840
0.000840
0.000840
0.000840
0.000840
0.000840
0.000840
0.000840
0.000840
0.000840
0.000840
0.000840
0.000840
0.000840
0.000840
0.000840
0.000840
0.000840
0.000840
0.000840
0.000840
0.000840
0.000840
0.000840
0.000840
0.000840
0.000840
0.000840
0.000840
0.000840
0.000840
0.000841
0.000841
0.000841
0.000841
0.000841
