0.469096
0.346112
0.206854
0.084270
0.043805
0.032883
0.024891
0.018383
0.013535
0.009877
0.007516
0.006197
0.005512
0.005158
0.004918
0.004751
0.004625
0.004515
0.004419
0.004329
0.004247
0.004172
0.004098
0.004028
0.003962
0.003898
0.003833
0.003765
0.003700
0.003640
0.003585
0.003531
0.003477
0.003425
0.003377
0.003330
0.003286
0.003246
0.003205
0.003165
0.003127
0.003090
0.003053
0.003017
0.002981
0.002941
0.002868
0.002767
0.002686
0.002609
0.002540
0.002469
0.002406
0.002348
0.002293
0.002235
0.002180
0.002124
0.002079
0.002032
0.001988
0.001944
0.001901
0.001860
0.001824
0.001789
0.001757
0.001729
0.001702
0.001677
0.001654
0.001635
0.001618
0.001600
0.001582
0.001566
0.001549
0.001534
0.001519
0.001506
0.001496
0.001486
0.001475
0.001464
0.001455
0.001446
0.001437
0.001428
0.001421
0.001414
0.001406
0.001398
0.001390
0.001384
0.001375
0.001365
0.001358
0.001354
0.001348
0.001343
0.001290
0.001278
0.001286
0.001287
0.001282
0.001275
0.001270
0.001266
0.001262
0.001257
0.001253
0.001249
0.001245
0.001241
0.001237
0.001234
0.001230
0.001226
0.001223
0.001220
0.001217
0.001214
0.001211
0.001208
0.001206
0.001203
0.001201
0.001199
0.001196
0.001194
0.001192
0.001190
0.001188
0.001186
0.001183
0.001182
0.001180
0.001178
0.001176
0.001174
0.001172
0.001170
0.001169
0.001167
0.001165
0.001163
0.001161
0.001160
0.001159
0.001157
0.001155
0.001154
0.001152
0.001151
0.001150
0.001149
0.001147
0.001146
0.001145
0.001144
0.001142
0.001141
0.001140
0.001138
0.001137
0.001136
0.001134
0.001133
0.001132
0.001131
0.001130
0.001129
0.001128
0.001127
0.001126
0.001125
0.001124
0.001123
0.001123
0.001122
0.001121
0.001120
0.001118
0.001117
0.001117
0.001116
0.001114
0.001114
0.001112
0.001111
0.001109
0.001108
0.001106
0.001104
0.001104
0.001102
0.001102
0.001101
0.001099
0.001099
0.001080
0.001091
0.001095
0.001095
0.001092
0.001090
0.001089
0.001088
0.001088
0.001087
0.001086
0.001085
0.001084
0.001084
0.001083
0.001083
0.001082
0.001081
0.001081
0.001080
0.001080
0.001080
0.001079
0.001078
0.001078
0.001077
0.001077
0.001076
0.001076
0.001075
0.001075
0.001075
0.001074
0.001074
0.001074
0.001073
0.001072
0.001072
0.001071
0.001071
0.001070
0.001070
0.001069
0.001069
0.001068
0.001068
0.001068
0.001067
0.001067
0.001066
0.001065
0.001065
0.001064
0.001063
0.001063
0.001063
0.001062
0.001061
0.001061
0.001061
0.001060
0.001060
0.001059
0.001059
0.001059
0.001059
0.001058
0.001058
0.001058
0.001057
0.001057
0.001056
0.001055
0.001055
0.001055
0.001055
0.001053
0.001053
0.001052
0.001051
0.001051
0.001050
0.001050
0.001049
0.001049
0.001048
0.001048
0.001048
0.001047
0.001047
0.001047
0.001046
0.001046
0.001045
0.001045
0.001045
0.001044
0.001044
0.001044
0.001043
0.001037
0.001016
0.001011
0.001011
0.001010
0.001010
0.001010
0.001010
0.001010
0.001010
0.001009
0.001009
0.001009
0.001009
0.001008
0.001008
0.001008
0.001008
0.001008
0.001007
0.001007
0.001007
0.001007
0.001007
0.001007
0.001006
0.001006
0.001006
0.001006
0.001006
0.001005
0.001005
0.001005
0.001005
0.001005
0.001004
0.001004
0.001004
0.001004
0.001004
0.001003
0.001003
0.001003
0.001003
0.001003
0.001003
0.001002
0.001002
0.001002
0.001002
0.001002
0.001001
0.001001
0.001001
0.001001
0.001001
0.001000
0.001000
0.001000
0.001000
0.000999
0.000999
0.000999
0.000999
0.000999
0.000998
0.000998
0.000998
0.000998
0.000998
0.000998
0.000997
0.000997
0.000997
0.000996
0.000996
0.000996
0.000996
0.000996
0.000996
0.000995
0.000995
0.000995
0.000995
0.000994
0.000994
0.000994
0.000993
0.000993
0.000993
0.000993
0.000993
0.000993
0.000993
0.000992
0.000992
0.000992
0.000992
0.000991
0.000991
0.000982
0.000984
0.000982
0.000981
0.000981
0.000981
0.000980
0.000980
0.000980
0.000980
0.000980
0.000980
0.000980
0.000980
0.000980
0.000979
0.000979
0.000979
0.000979
0.000979
0.000979
0.000979
0.000979
0.000979
0.000978
0.000978
0.000978
0.000978
0.000978
0.000978
0.000978
0.000977
0.000977
0.000977
0.000977
0.000977
0.000977
0.000977
0.000977
0.000976
0.000976
0.000976
0.000976
0.000976
0.000976
0.000976
0.000976
0.000975
0.000975
0.000975
0.000975
0.000975
0.000975
0.000975
0.000975
0.000975
0.000975
0.000975
0.000974
0.000974
0.000974
0.000974
0.000974
0.000974
0.000974
0.000974
0.000974
0.000973
0.000973
0.000973
0.000973
0.000973
0.000973
0.000973
0.000973
0.000973
0.000972
0.000972
0.000972
0.000972
0.000972
0.000972
0.000972
0.000972
0.000972
0.000972
0.000971
0.000971
0.000971
0.000971
0.000971
0.000971
0.000971
0.000971
0.000971
0.000971
0.000971
0.000970
0.000970
0.000970
