0.432068
0.186842
0.058547
0.039989
0.028802
0.021210
0.015095
0.010424
0.007230
0.005304
0.004229
0.003744
0.003488
0.003301
0.003147
0.003006
0.002891
0.002795
0.002709
0.002633
0.002563
0.002500
0.002443
0.002390
0.002337
0.002288
0.002243
0.002200
0.002161
0.002124
0.002091
0.002063
0.002038
0.002016
0.001996
0.001978
0.001960
0.001942
0.001923
0.001905
0.001887
0.001870
0.001853
0.001837
0.001822
0.001806
0.001791
0.001775
0.001760
0.001747
0.001733
0.001718
0.001704
0.001689
0.001676
0.001664
0.001652
0.001640
0.001628
0.001616
0.001603
0.001588
0.001574
0.001562
0.001550
0.001539
0.001529
0.001518
0.001505
0.001493
0.001481
0.001469
0.001458
0.001446
0.001437
0.001428
0.001418
0.001409
0.001401
0.001393
0.001385
0.001377
0.001369
0.001361
0.001355
0.001348
0.001341
0.001334
0.001328
0.001323
0.001318
0.001312
0.001306
0.001301
0.001294
0.001289
0.001285
0.001281
0.001276
0.001271
0.001232
0.001230
0.001228
0.001222
0.001222
0.001220
0.001218
0.001216
0.001214
0.001212
0.001210
0.001208
0.001206
0.001205
0.001203
0.001201
0.001199
0.001198
0.001197
0.001195
0.001194
0.001193
0.001191
0.001190
0.001189
0.001188
0.001186
0.001185
0.001184
0.001182
0.001181
0.001180
0.001179
0.001177
0.001176
0.001175
0.001175
0.001173
0.001172
0.001171
0.001169
0.001167
0.001165
0.001164
0.001163
0.001162
0.001160
0.001159
0.001158
0.001156
0.001154
0.001153
0.001152
0.001150
0.001149
0.001147
0.001146
0.001145
0.001144
0.001142
0.001142
0.001140
0.001139
0.001137
0.001135
0.001134
0.001132
0.001130
0.001129
0.001127
0.001125
0.001124
0.001122
0.001120
0.001119
0.001118
0.001116
0.001115
0.001113
0.001112
0.001110
0.001109
0.001107
0.001106
0.001105
0.001103
0.001101
0.001100
0.001099
0.001097
0.001096
0.001094
0.001093
0.001091
0.001090
0.001088
0.001086
0.001085
0.001083
0.001082
0.001050
0.001071
0.001088
0.001096
0.001099
0.001099
0.001098
0.001097
0.001096
0.001096
0.001095
0.001095
0.001094
0.001094
0.001093
0.001093
0.001092
0.001092
0.001091
0.001090
0.001089
0.001088
0.001088
0.001088
0.001087
0.001087
0.001086
0.001085
0.001084
0.001083
0.001082
0.001081
0.001080
0.001079
0.001078
0.001077
0.001076
0.001075
0.001073
0.001072
0.001071
0.001070
0.001069
0.001068
0.001067
0.001066
0.001065
0.001064
0.001064
0.001063
0.001062
0.001061
0.001060
0.001060
0.001059
0.001058
0.001057
0.001057
0.001056
0.001055
0.001055
0.001054
0.001053
0.001053
0.001052
0.001052
0.001051
0.001051
0.001050
0.001050
0.001049
0.001049
0.001048
0.001048
0.001047
0.001046
0.001046
0.001045
0.001045
0.001044
0.001043
0.001043
0.001042
0.001042
0.001041
0.001041
0.001040
0.001040
0.001040
0.001040
0.001039
0.001039
0.001038
0.001037
0.001037
0.001036
0.001036
0.001035
0.001035
0.001034
0.001012
0.000976
0.000973
0.000973
0.000972
0.000972
0.000972
0.000971
0.000971
0.000971
0.000971
0.000971
0.000971
0.000970
0.000970
0.000970
0.000970
0.000970
0.000969
0.000969
0.000969
0.000969
0.000969
0.000969
0.000969
0.000968
0.000968
0.000968
0.000968
0.000968
0.000968
0.000968
0.000968
0.000967
0.000967
0.000967
0.000967
0.000967
0.000967
0.000967
0.000967
0.000967
0.000967
0.000966
0.000966
0.000966
0.000966
0.000966
0.000966
0.000966
0.000966
0.000966
0.000966
0.000966
0.000965
0.000965
0.000965
0.000965
0.000965
0.000965
0.000965
0.000965
0.000965
0.000965
0.000965
0.000965
0.000965
0.000965
0.000965
0.000964
0.000964
0.000964
0.000964
0.000964
0.000964
0.000964
0.000964
0.000964
0.000964
0.000964
0.000964
0.000964
0.000964
0.000964
0.000964
0.000964
0.000964
0.000964
0.000964
0.000964
0.000964
0.000964
0.000964
0.000964
0.000964
0.000964
0.000964
0.000964
0.000964
0.000964
0.000955
0.000953
0.000950
0.000950
0.000950
0.000950
0.000950
0.000950
0.000950
0.000949
0.000949
0.000949
0.000949
0.000949
0.000949
0.000949
0.000949
0.000949
0.000949
0.000948
0.000948
0.000948
0.000948
0.000948
0.000948
0.000948
0.000948
0.000948
0.000948
0.000948
0.000947
0.000947
0.000947
0.000947
0.000947
0.000947
0.000947
0.000947
0.000947
0.000947
0.000947
0.000947
0.000947
0.000947
0.000946
0.000946
0.000946
0.000946
0.000946
0.000946
0.000946
0.000946
0.000946
0.000946
0.000946
0.000946
0.000946
0.000946
0.000946
0.000945
0.000945
0.000945
0.000945
0.000945
0.000945
0.000945
0.000945
0.000945
0.000945
0.000945
0.000945
0.000945
0.000945
0.000945
0.000945
0.000945
0.000945
0.000945
0.000944
0.000944
0.000944
0.000944
0.000944
0.000944
0.000944
0.000944
0.000944
0.000944
0.000944
0.000944
0.000944
0.000944
0.000944
0.000944
0.000944
0.000944
0.000944
0.000944
0.000943
0.000943
