0.422982
0.263153
0.143380
0.068412
0.048446
0.034702
0.024773
0.017723
0.013136
0.010343
0.008670
0.007645
0.006985
0.006530
0.006194
0.005934
0.005722
0.005543
0.005388
0.005246
0.005116
0.004992
0.004873
0.004761
0.004654
0.004553
0.004460
0.004375
0.004294
0.004217
0.004141
0.004065
0.003991
0.003919
0.003844
0.003764
0.003671
0.003560
0.003430
0.003276
0.003100
0.002917
0.002748
0.002612
0.002506
0.002421
0.002348
0.002284
0.002227
0.002175
0.002128
0.002084
0.002045
0.002010
0.001977
0.001948
0.001920
0.001894
0.001869
0.001846
0.001824
0.001804
0.001784
0.001766
0.001749
0.001732
0.001716
0.001702
0.001688
0.001674
0.001661
0.001649
0.001637
0.001627
0.001617
0.001607
0.001597
0.001587
0.001578
0.001569
0.001561
0.001554
0.001546
0.001539
0.001533
0.001527
0.001520
0.001515
0.001509
0.001503
0.001496
0.001491
0.001487
0.001481
0.001476
0.001471
0.001466
0.001461
0.001457
0.001452
0.001419
0.001421
0.001427
0.001425
0.001421
0.001417
0.001413
0.001411
0.001409
0.001407
0.001405
0.001403
0.001401
0.001399
0.001397
0.001395
0.001393
0.001392
0.001390
0.001388
0.001386
0.001384
0.001382
0.001380
0.001378
0.001376
0.001374
0.001372
0.001370
0.001368
0.001366
0.001364
0.001362
0.001360
0.001358
0.001357
0.001355
0.001353
0.001351
0.001349
0.001347
0.001345
0.001344
0.001342
0.001340
0.001339
0.001337
0.001335
0.001334
0.001331
0.001330
0.001328
0.001327
0.001325
0.001324
0.001322
0.001320
0.001319
0.001318
0.001316
0.001315
0.001313
0.001312
0.001311
0.001309
0.001308
0.001307
0.001305
0.001304
0.001303
0.001302
0.001301
0.001300
0.001298
0.001297
0.001296
0.001295
0.001294
0.001293
0.001291
0.001290
0.001289
0.001288
0.001287
0.001286
0.001285
0.001284
0.001283
0.001282
0.001281
0.001280
0.001279
0.001278
0.001277
0.001276
0.001274
0.001273
0.001272
0.001271
0.001271
0.001265
0.001264
0.001263
0.001261
0.001259
0.001258
0.001258
0.001257
0.001257
0.001256
0.001256
0.001255
0.001255
0.001255
0.001254
0.001253
0.001253
0.001252
0.001252
0.001251
0.001251
0.001250
0.001250
0.001249
0.001249
0.001248
0.001247
0.001247
0.001246
0.001246
0.001245
0.001245
0.001244
0.001243
0.001243
0.001242
0.001241
0.001241
0.001240
0.001239
0.001239
0.001238
0.001237
0.001237
0.001236
0.001235
0.001235
0.001234
0.001234
0.001233
0.001232
0.001232
0.001231
0.001230
0.001230
0.001229
0.001229
0.001228
0.001227
0.001227
0.001226
0.001225
0.001224
0.001224
0.001223
0.001222
0.001221
0.001221
0.001220
0.001220
0.001219
0.001218
0.001218
0.001217
0.001216
0.001215
0.001215
0.001214
0.001213
0.001213
0.001212
0.001211
0.001211
0.001210
0.001209
0.001209
0.001208
0.001207
0.001206
0.001205
0.001205
0.001204
0.001203
0.001202
0.001202
0.001201
0.001200
0.001199
0.001198
0.001198
0.001184
0.001173
0.001170
0.001169
0.001169
0.001169
0.001168
0.001168
0.001167
0.001167
0.001167
0.001166
0.001166
0.001166
0.001165
0.001165
0.001164
0.001164
0.001164
0.001163
0.001163
0.001162
0.001162
0.001162
0.001161
0.001161
0.001160
0.001160
0.001160
0.001159
0.001159
0.001159
0.001158
0.001158
0.001158
0.001157
0.001157
0.001156
0.001156
0.001156
0.001155
0.001155
0.001154
0.001154
0.001154
0.001153
0.001153
0.001152
0.001152
0.001152
0.001151
0.001151
0.001150
0.001150
0.001149
0.001149
0.001148
0.001148
0.001148
0.001147
0.001147
0.001146
0.001146
0.001145
0.001145
0.001144
0.001144
0.001143
0.001143
0.001142
0.001142
0.001141
0.001141
0.001140
0.001139
0.001139
0.001138
0.001138
0.001137
0.001137
0.001136
0.001136
0.001135
0.001134
0.001134
0.001133
0.001133
0.001132
0.001132
0.001131
0.001131
0.001131
0.001130
0.001130
0.001129
0.001129
0.001128
0.001128
0.001127
0.001127
0.001122
0.001124
0.001126
0.001126
0.001126
0.001126
0.001126
0.001126
0.001125
0.001125
0.001125
0.001125
0.001125
0.001125
0.001124
0.001124
0.001124
0.001124
0.001123
0.001123
0.001123
0.001123
0.001122
0.001122
0.001122
0.001122
0.001121
0.001121
0.001121
0.001120
0.001120
0.001120
0.001120
0.001119
0.001119
0.001119
0.001118
0.001118
0.001118
0.001117
0.001117
0.001117
0.001116
0.001116
0.001116
0.001116
0.001115
0.001115
0.001115
0.001114
0.001114
0.001114
0.001113
0.001113
0.001113
0.001112
0.001112
0.001112
0.001112
0.001111
0.001111
0.001111
0.001110
0.001110
0.001110
0.001110
0.001109
0.001109
0.001109
0.001108
0.001108
0.001108
0.001108
0.001107
0.001107
0.001107
0.001107
0.001106
0.001106
0.001106
0.001105
0.001105
0.001105
0.001105
0.001104
0.001104
0.001104
0.001104
0.001103
0.001103
0.001103
0.001102
0.001102
0.001102
0.001102
0.001101
0.001101
0.001101
0.001101
0.001100
