0.398729
0.244659
0.121736
0.048707
0.037155
0.029281
0.023967
0.019566
0.015943
0.013058
0.010857
0.009307
0.008254
0.007557
0.007074
0.006726
0.006447
0.006223
0.006034
0.005863
0.005713
0.005581
0.005468
0.005363
0.005268
0.005187
0.005111
0.005036
0.004976
0.004912
0.004850
0.004791
0.004732
0.004670
0.004613
0.004561
0.004511
0.004460
0.004403
0.004344
0.004290
0.004240
0.004187
0.004135
0.004083
0.004029
0.003976
0.003924
0.003868
0.003813
0.003762
0.003707
0.003651
0.003595
0.003540
0.003490
0.003439
0.003391
0.003341
0.003296
0.003246
0.003199
0.003156
0.003118
0.003080
0.003043
0.003011
0.002984
0.002959
0.002933
0.002904
0.002878
0.002854
0.002834
0.002814
0.002798
0.002781
0.002766
0.002750
0.002734
0.002718
0.002702
0.002685
0.002670
0.002655
0.002639
0.002623
0.002607
0.002591
0.002579
0.002565
0.002551
0.002536
0.002524
0.002513
0.002503
0.002491
0.002482
0.002472
0.002460
0.002394
0.002395
0.002398
0.002396
0.002395
0.002393
0.002390
0.002386
0.002382
0.002377
0.002374
0.002370
0.002367
0.002364
0.002360
0.002357
0.002354
0.002350
0.002347
0.002344
0.002341
0.002337
0.002334
0.002331
0.002328
0.002325
0.002322
0.002319
0.002316
0.002312
0.002309
0.002306
0.002303
0.002300
0.002297
0.002293
0.002291
0.002288
0.002285
0.002282
0.002279
0.002277
0.002274
0.002272
0.002269
0.002267
0.002264
0.002262
0.002260
0.002258
0.002255
0.002252
0.002250
0.002248
0.002246
0.002244
0.002242
0.002239
0.002238
0.002235
0.002233
0.002231
0.002229
0.002226
0.002224
0.002222
0.002220
0.002218
0.002216
0.002214
0.002212
0.002210
0.002207
0.002206
0.002204
0.002202
0.002200
0.002198
0.002196
0.002195
0.002194
0.002192
0.002190
0.002189
0.002187
0.002186
0.002184
0.002183
0.002182
0.002180
0.002179
0.002177
0.002176
0.002174
0.002173
0.002172
0.002170
0.002169
0.002167
0.002166
0.002148
0.002141
0.002137
0.002134
0.002134
0.002134
0.002133
0.002132
0.002131
0.002131
0.002130
0.002129
0.002128
0.002127
0.002126
0.002125
0.002124
0.002123
0.002122
0.002121
0.002120
0.002120
0.002119
0.002117
0.002116
0.002115
0.002114
0.002113
0.002112
0.002110
0.002109
0.002108
0.002107
0.002105
0.002104
0.002103
0.002101
0.002100
0.002098
0.002096
0.002094
0.002091
0.002090
0.002088
0.002086
0.002084
0.002082
0.002080
0.002078
0.002076
0.002074
0.002071
0.002069
0.002066
0.002063
0.002061
0.002058
0.002055
0.002052
0.002049
0.002047
0.002044
0.002041
0.002039
0.002036
0.002033
0.002031
0.002028
0.002025
0.002023
0.002020
0.002017
0.002015
0.002012
0.002009
0.002007
0.002004
0.002001
0.001998
0.001996
0.001993
0.001991
0.001988
0.001985
0.001983
0.001981
0.001978
0.001976
0.001974
0.001971
0.001969
0.001966
0.001964
0.001962
0.001960
0.001957
0.001955
0.001953
0.001950
0.001948
0.001927
0.001921
0.001918
0.001916
0.001915
0.001914
0.001913
0.001911
0.001910
0.001909
0.001908
0.001907
0.001906
0.001904
0.001903
0.001902
0.001901
0.001900
0.001899
0.001897
0.001896
0.001895
0.001894
0.001893
0.001892
0.001891
0.001890
0.001889
0.001888
0.001887
0.001885
0.001884
0.001883
0.001882
0.001881
0.001880
0.001879
0.001878
0.001877
0.001877
0.001875
0.001874
0.001874
0.001873
0.001872
0.001871
0.001870
0.001869
0.001868
0.001867
0.001866
0.001865
0.001864
0.001864
0.001863
0.001862
0.001861
0.001860
0.001859
0.001858
0.001858
0.001857
0.001856
0.001855
0.001854
0.001853
0.001853
0.001852
0.001851
0.001850
0.001850
0.001849
0.001848
0.001848
0.001847
0.001846
0.001846
0.001845
0.001844
0.001844
0.001843
0.001842
0.001841
0.001841
0.001840
0.001840
0.001839
0.001839
0.001838
0.001837
0.001837
0.001836
0.001836
0.001835
0.001835
0.001834
0.001834
0.001833
0.001833
0.001832
0.001825
0.001829
0.001831
0.001832
0.001831
0.001831
0.001831
0.001831
0.001830
0.001830
0.001830
0.001829
0.001829
0.001829
0.001829
0.001828
0.001828
0.001828
0.001828
0.001827
0.001827
0.001827
0.001827
0.001826
0.001826
0.001826
0.001825
0.001825
0.001825
0.001825
0.001824
0.001824
0.001824
0.001824
0.001823
0.001823
0.001823
0.001823
0.001822
0.001822
0.001822
0.001822
0.001821
0.001821
0.001821
0.001821
0.001821
0.001820
0.001820
0.001820
0.001820
0.001819
0.001819
0.001819
0.001819
0.001818
0.001818
0.001818
0.001818
0.001818
0.001818
0.001817
0.001817
0.001817
0.001817
0.001816
0.001816
0.001816
0.001816
0.001815
0.001815
0.001815
0.001815
0.001814
0.001814
0.001814
0.001814
0.001813
0.001813
0.001813
0.001813
0.001813
0.001812
0.001812
0.001812
0.001812
0.001811
0.001811
0.001811
0.001811
0.001810
0.001810
0.001810
0.001810
0.001809
0.001809
0.001809
0.001809
0.001809
0.001808
