0.352625
0.126913
0.057688
0.037523
0.025204
0.016471
0.010810
0.008337
0.007328
0.006655
0.006127
0.005722
0.005410
0.005163
0.004964
0.004802
0.004665
0.004544
0.004431
0.004323
0.004220
0.004119
0.004018
0.003916
0.003815
0.003715
0.003617
0.003521
0.003428
0.003337
0.003248
0.003160
0.003071
0.002981
0.002891
0.002798
0.002702
0.002606
0.002511
0.002418
0.002330
0.002246
0.002167
0.002098
0.002036
0.001981
0.001933
0.001887
0.001844
0.001805
0.001767
0.001732
0.001697
0.001664
0.001633
0.001604
0.001580
0.001556
0.001536
0.001519
0.001503
0.001489
0.001476
0.001463
0.001453
0.001442
0.001429
0.001417
0.001406
0.001395
0.001385
0.001377
0.001370
0.001362
0.001357
0.001351
0.001344
0.001339
0.001333
0.001328
0.001324
0.001319
0.001314
0.001308
0.001304
0.001300
0.001296
0.001291
0.001286
0.001281
0.001278
0.001274
0.001270
0.001266
0.001261
0.001256
0.001252
0.001249
0.001246
0.001245
0.001180
0.001163
0.001158
0.001156
0.001154
0.001153
0.001151
0.001150
0.001149
0.001148
0.001147
0.001146
0.001145
0.001145
0.001144
0.001143
0.001142
0.001142
0.001141
0.001141
0.001140
0.001139
0.001139
0.001139
0.001138
0.001138
0.001137
0.001137
0.001136
0.001136
0.001135
0.001135
0.001134
0.001134
0.001133
0.001132
0.001131
0.001131
0.001130
0.001130
0.001129
0.001128
0.001128
0.001128
0.001127
0.001126
0.001124
0.001124
0.001123
0.001122
0.001121
0.001120
0.001119
0.001119
0.001119
0.001118
0.001116
0.001115
0.001114
0.001113
0.001112
0.001111
0.001110
0.001109
0.001108
0.001107
0.001106
0.001105
0.001104
0.001102
0.001101
0.001101
0.001099
0.001098
0.001097
0.001095
0.001094
0.001094
0.001093
0.001091
0.001089
0.001088
0.001087
0.001086
0.001085
0.001084
0.001083
0.001082
0.001082
0.001081
0.001080
0.001080
0.001079
0.001079
0.001078
0.001077
0.001076
0.001075
0.001074
0.001073
0.001052
0.001053
0.001059
0.001062
0.001063
0.001063
0.001062
0.001061
0.001061
0.001060
0.001060
0.001059
0.001059
0.001059
0.001058
0.001058
0.001058
0.001057
0.001057
0.001056
0.001056
0.001055
0.001055
0.001055
0.001054
0.001054
0.001054
0.001053
0.001053
0.001052
0.001052
0.001051
0.001050
0.001050
0.001049
0.001049
0.001048
0.001047
0.001047
0.001046
0.001045
0.001044
0.001044
0.001043
0.001042
0.001041
0.001040
0.001040
0.001039
0.001039
0.001038
0.001037
0.001037
0.001036
0.001035
0.001035
0.001034
0.001033
0.001033
0.001032
0.001031
0.001031
0.001030
0.001030
0.001029
0.001029
0.001028
0.001028
0.001028
0.001027
0.001026
0.001026
0.001025
0.001025
0.001024
0.001024
0.001024
0.001023
0.001023
0.001022
0.001022
0.001021
0.001021
0.001020
0.001020
0.001019
0.001019
0.001018
0.001018
0.001017
0.001017
0.001017
0.001016
0.001016
0.001015
0.001015
0.001015
0.001014
0.001014
0.001013
0.001000
0.000979
0.000979
0.000979
0.000978
0.000978
0.000978
0.000977
0.000977
0.000977
0.000977
0.000976
0.000976
0.000976
0.000976
0.000976
0.000975
0.000975
0.000975
0.000975
0.000975
0.000974
0.000974
0.000974
0.000974
0.000974
0.000974
0.000973
0.000973
0.000973
0.000973
0.000973
0.000973
0.000972
0.000972
0.000972
0.000972
0.000972
0.000972
0.000972
0.000971
0.000971
0.000971
0.000971
0.000971
0.000971
0.000971
0.000970
0.000970
0.000970
0.000970
0.000970
0.000970
0.000970
0.000970
0.000970
0.000970
0.000970
0.000969
0.000969
0.000969
0.000969
0.000969
0.000969
0.000969
0.000969
0.000969
0.000969
0.000969
0.000968
0.000968
0.000968
0.000968
0.000968
0.000968
0.000968
0.000968
0.000968
0.000968
0.000968
0.000968
0.000968
0.000968
0.000968
0.000968
0.000968
0.000968
0.000967
0.000967
0.000967
0.000967
0.000967
0.000967
0.000967
0.000967
0.000967
0.000967
0.000967
0.000967
0.000967
0.000957
0.000953
0.000951
0.000951
0.000951
0.000951
0.000950
0.000950
0.000950
0.000950
0.000950
0.000950
0.000950
0.000950
0.000950
0.000950
0.000950
0.000950
0.000950
0.000949
0.000949
0.000949
0.000949
0.000949
0.000949
0.000949
0.000949
0.000949
0.000949
0.000949
0.000949
0.000949
0.000949
0.000949
0.000948
0.000948
0.000948
0.000948
0.000948
0.000948
0.000948
0.000948
0.000948
0.000948
0.000948
0.000948
0.000948
0.000948
0.000948
0.000948
0.000948
0.000948
0.000947
0.000947
0.000947
0.000947
0.000947
0.000947
0.000947
0.000947
0.000947
0.000947
0.000947
0.000947
0.000947
0.000947
0.000946
0.000946
0.000946
0.000946
0.000946
0.000946
0.000946
0.000946
0.000946
0.000946
0.000946
0.000946
0.000946
0.000946
0.000946
0.000946
0.000946
0.000946
0.000945
0.000945
0.000945
0.000945
0.000945
0.000945
0.000945
0.000945
0.000945
0.000945
0.000945
0.000945
0.000945
0.000945
0.000945
0.000945
