0.430316
0.197886
0.093800
0.043354
0.019918
0.010088
0.006083
0.004665
0.004186
0.003876
0.003596
0.003325
0.003087
0.002879
0.002703
0.002554
0.002420
0.002299
0.002185
0.002088
0.002007
0.001943
0.001889
0.001846
0.001815
0.001791
0.001768
0.001741
0.001711
0.001683
0.001657
0.001632
0.001611
0.001591
0.001574
0.001558
0.001547
0.001539
0.001529
0.001517
0.001502
0.001486
0.001472
0.001458
0.001448
0.001442
0.001435
0.001428
0.001417
0.001405
0.001392
0.001377
0.001365
0.001354
0.001346
0.001338
0.001332
0.001326
0.001319
0.001310
0.001299
0.001289
0.001280
0.001269
0.001262
0.001256
0.001250
0.001243
0.001236
0.001228
0.001220
0.001212
0.001205
0.001200
0.001194
0.001189
0.001182
0.001177
0.001172
0.001166
0.001161
0.001155
0.001149
0.001142
0.001135
0.001130
0.001125
0.001122
0.001119
0.001116
0.001113
0.001109
0.001104
0.001099
0.001093
0.001088
0.001083
0.001079
0.001075
0.001072
0.001024
0.001024
0.001030
0.001032
0.001030
0.001028
0.001028
0.001027
0.001028
0.001028
0.001028
0.001028
0.001027
0.001027
0.001026
0.001026
0.001025
0.001024
0.001023
0.001021
0.001020
0.001018
0.001017
0.001015
0.001013
0.001011
0.001009
0.001007
0.001005
0.001003
0.001001
0.000999
0.000996
0.000994
0.000991
0.000989
0.000987
0.000984
0.000982
0.000980
0.000978
0.000975
0.000973
0.000972
0.000969
0.000967
0.000966
0.000964
0.000963
0.000961
0.000959
0.000958
0.000956
0.000955
0.000954
0.000953
0.000952
0.000951
0.000949
0.000948
0.000947
0.000946
0.000946
0.000944
0.000944
0.000943
0.000942
0.000942
0.000941
0.000940
0.000939
0.000938
0.000937
0.000937
0.000936
0.000936
0.000935
0.000934
0.000934
0.000933
0.000933
0.000932
0.000932
0.000931
0.000931
0.000930
0.000930
0.000930
0.000929
0.000929
0.000929
0.000929
0.000929
0.000929
0.000929
0.000928
0.000928
0.000928
0.000928
0.000928
0.000925
0.000935
0.000920
0.000922
0.000921
0.000920
0.000920
0.000919
0.000919
0.000919
0.000918
0.000918
0.000918
0.000918
0.000917
0.000917
0.000917
0.000917
0.000916
0.000916
0.000916
0.000916
0.000916
0.000915
0.000915
0.000915
0.000915
0.000915
0.000914
0.000914
0.000914
0.000913
0.000913
0.000913
0.000913
0.000912
0.000912
0.000912
0.000911
0.000911
0.000911
0.000911
0.000910
0.000910
0.000910
0.000909
0.000909
0.000909
0.000908
0.000908
0.000908
0.000907
0.000907
0.000907
0.000906
0.000906
0.000906
0.000905
0.000905
0.000904
0.000904
0.000904
0.000903
0.000903
0.000903
0.000902
0.000902
0.000902
0.000901
0.000901
0.000900
0.000900
0.000900
0.000899
0.000899
0.000899
0.000899
0.000898
0.000898
0.000897
0.000897
0.000897
0.000896
0.000896
0.000896
0.000895
0.000895
0.000895
0.000894
0.000894
0.000893
0.000893
0.000893
0.000892
0.000892
0.000892
0.000892
0.000891
0.000891
0.000891
0.000886
0.000905
0.000910
0.000907
0.000903
0.000900
0.000897
0.000896
0.000895
0.000894
0.000894
0.000893
0.000893
0.000892
0.000891
0.000891
0.000890
0.000890
0.000890
0.000889
0.000889
0.000889
0.000888
0.000888
0.000888
0.000887
0.000887
0.000887
0.000886
0.000886
0.000886
0.000885
0.000885
0.000885
0.000884
0.000884
0.000884
0.000883
0.000883
0.000883
0.000883
0.000883
0.000882
0.000882
0.000882
0.000882
0.000881
0.000881
0.000881
0.000881
0.000881
0.000881
0.000880
0.000880
0.000880
0.000880
0.000880
0.000879
0.000879
0.000879
0.000879
0.000879
0.000878
0.000878
0.000878
0.000878
0.000877
0.000877
0.000877
0.000877
0.000877
0.000877
0.000877
0.000876
0.000876
0.000876
0.000876
0.000875
0.000875
0.000875
0.000875
0.000875
0.000875
0.000874
0.000874
0.000874
0.000874
0.000874
0.000874
0.000874
0.000874
0.000874
0.000873
0.000873
0.000873
0.000873
0.000873
0.000873
0.000873
0.000872
0.000863
0.000847
0.000846
0.000846
0.000846
0.000846
0.000846
0.000846
0.000846
0.000846
0.000846
0.000846
0.000845
0.000845
0.000845
0.000845
0.000845
0.000845
0.000845
0.000845
0.000845
0.000845
0.000845
0.000845
0.000845
0.000845
0.000845
0.000845
0.000845
0.000845
0.000845
0.000845
0.000845
0.000845
0.000845
0.000845
0.000845
0.000845
0.000845
0.000844
0.000845
0.000844
0.000844
0.000844
0.000844
0.000844
0.000844
0.000844
0.000844
0.000844
0.000844
0.000844
0.000844
0.000844
0.000844
0.000844
0.000844
0.000844
0.000844
0.000844
0.000844
0.000844
0.000844
0.000844
0.000843
0.000843
0.000843
0.000843
0.000843
0.000843
0.000843
0.000843
0.000843
0.000843
0.000843
0.000843
0.000843
0.000843
0.000843
0.000843
0.000843
0.000843
0.000843
0.000843
0.000843
0.000843
0.000843
0.000843
0.000843
0.000843
0.000843
0.000843
0.000843
0.000843
0.000843
0.000842
0.000842
0.000842
0.000842
0.000842
