0.447129
0.182666
0.051126
0.034261
0.024554
0.017445
0.011158
0.005998
0.004240
0.003555
0.003135
0.002811
0.002559
0.002373
0.002235
0.002126
0.002032
0.001950
0.001879
0.001820
0.001770
0.001729
0.001691
0.001659
0.001626
0.001602
0.001582
0.001565
0.001548
0.001532
0.001519
0.001506
0.001494
0.001482
0.001471
0.001461
0.001450
0.001441
0.001432
0.001422
0.001414
0.001406
0.001396
0.001387
0.001380
0.001373
0.001366
0.001357
0.001349
0.001340
0.001333
0.001327
0.001319
0.001311
0.001307
0.001301
0.001294
0.001288
0.001285
0.001279
0.001272
0.001268
0.001264
0.001259
0.001255
0.001251
0.001248
0.001244
0.001239
0.001235
0.001231
0.001225
0.001220
0.001216
0.001212
0.001208
0.001205
0.001202
0.001198
0.001194
0.001192
0.001189
0.001187
0.001185
0.001183
0.001182
0.001181
0.001179
0.001176
0.001173
0.001171
0.001170
0.001168
0.001167
0.001164
0.001161
0.001159
0.001158
0.001157
0.001154
0.001029
0.001018
0.001011
0.001016
0.001014
0.001013
0.001011
0.001008
0.001006
0.001003
0.001001
0.000999
0.000997
0.000995
0.000993
0.000991
0.000989
0.000988
0.000986
0.000984
0.000983
0.000982
0.000980
0.000979
0.000978
0.000977
0.000976
0.000976
0.000975
0.000974
0.000974
0.000974
0.000973
0.000972
0.000972
0.000972
0.000971
0.000971
0.000971
0.000971
0.000970
0.000970
0.000970
0.000969
0.000970
0.000969
0.000969
0.000968
0.000968
0.000967
0.000967
0.000967
0.000966
0.000967
0.000966
0.000966
0.000967
0.000966
0.000966
0.000966
0.000966
0.000966
0.000965
0.000965
0.000965
0.000965
0.000965
0.000966
0.000966
0.000967
0.000967
0.000968
0.000968
0.000969
0.000970
0.000971
0.000972
0.000972
0.000973
0.000974
0.000974
0.000975
0.000976
0.000976
0.000975
0.000975
0.000974
0.000974
0.000973
0.000972
0.000971
0.000969
0.000968
0.000966
0.000965
0.000963
0.000962
0.000960
0.000959
0.000958
0.000928
0.000933
0.000935
0.000936
0.000934
0.000934
0.000933
0.000933
0.000932
0.000932
0.000932
0.000932
0.000932
0.000931
0.000931
0.000931
0.000931
0.000930
0.000930
0.000930
0.000930
0.000929
0.000929
0.000928
0.000928
0.000928
0.000927
0.000927
0.000926
0.000926
0.000925
0.000925
0.000925
0.000924
0.000923
0.000923
0.000922
0.000922
0.000921
0.000921
0.000920
0.000920
0.000919
0.000918
0.000918
0.000917
0.000917
0.000916
0.000915
0.000914
0.000913
0.000913
0.000912
0.000911
0.000910
0.000909
0.000908
0.000908
0.000907
0.000906
0.000905
0.000904
0.000904
0.000903
0.000902
0.000901
0.000900
0.000900
0.000899
0.000898
0.000898
0.000897
0.000896
0.000895
0.000895
0.000894
0.000893
0.000892
0.000892
0.000891
0.000891
0.000890
0.000889
0.000889
0.000888
0.000888
0.000887
0.000886
0.000886
0.000886
0.000885
0.000885
0.000884
0.000884
0.000883
0.000883
0.000883
0.000882
0.000882
0.000882
0.000882
0.000879
0.000870
0.000871
0.000871
0.000871
0.000871
0.000871
0.000871
0.000871
0.000871
0.000871
0.000871
0.000871
0.000871
0.000871
0.000872
0.000872
0.000872
0.000872
0.000872
0.000872
0.000872
0.000872
0.000872
0.000872
0.000872
0.000872
0.000873
0.000873
0.000873
0.000873
0.000873
0.000873
0.000873
0.000873
0.000873
0.000873
0.000874
0.000874
0.000874
0.000874
0.000874
0.000874
0.000874
0.000874
0.000874
0.000874
0.000875
0.000875
0.000875
0.000875
0.000875
0.000875
0.000875
0.000875
0.000875
0.000875
0.000875
0.000875
0.000875
0.000875
0.000875
0.000875
0.000875
0.000875
0.000875
0.000875
0.000875
0.000875
0.000875
0.000875
0.000875
0.000875
0.000875
0.000875
0.000875
0.000875
0.000875
0.000875
0.000875
0.000875
0.000875
0.000875
0.000875
0.000875
0.000875
0.000875
0.000875
0.000875
0.000874
0.000874
0.000875
0.000874
0.000874
0.000874
0.000874
0.000874
0.000874
0.000874
0.000865
0.000858
0.000855
0.000856
0.000856
0.000855
0.000855
0.000855
0.000855
0.000855
0.000855
0.000855
0.000855
0.000855
0.000855
0.000855
0.000855
0.000855
0.000855
0.000855
0.000855
0.000855
0.000855
0.000855
0.000855
0.000855
0.000855
0.000855
0.000855
0.000855
0.000855
0.000855
0.000854
0.000854
0.000854
0.000854
0.000854
0.000854
0.000854
0.000854
0.000854
0.000854
0.000854
0.000854
0.000854
0.000854
0.000854
0.000854
0.000854
0.000854
0.000854
0.000854
0.000854
0.000854
0.000854
0.000854
0.000854
0.000854
0.000854
0.000854
0.000854
0.000854
0.000854
0.000854
0.000854
0.000854
0.000853
0.000854
0.000853
0.000853
0.000853
0.000853
0.000853
0.000853
0.000853
0.000853
0.000853
0.000853
0.000853
0.000853
0.000853
0.000853
0.000853
0.000853
0.000853
0.000853
0.000853
0.000853
0.000853
0.000853
0.000853
0.000853
0.000853
0.000853
0.000853
0.000853
0.000853
0.000853
0.000853
0.000853
