0.368538
0.107886
0.046553
0.023768
0.009513
0.004762
0.003336
0.002743
0.002411
0.002216
0.002057
0.001944
0.001846
0.001767
0.001689
0.001627
0.001576
0.001536
0.001507
0.001484
0.001463
0.001442
0.001423
0.001409
0.001396
0.001384
0.001371
0.001359
0.001344
0.001327
0.001312
0.001299
0.001289
0.001280
0.001271
0.001259
0.001249
0.001240
0.001233
0.001224
0.001216
0.001208
0.001199
0.001189
0.001179
0.001170
0.001163
0.001157
0.001149
0.001140
0.001134
0.001128
0.001125
0.001121
0.001117
0.001113
0.001109
0.001104
0.001098
0.001091
0.001085
0.001079
0.001073
0.001066
0.001059
0.001052
0.001046
0.001042
0.001039
0.001039
0.001039
0.001039
0.001038
0.001037
0.001035
0.001034
0.001034
0.001033
0.001031
0.001029
0.001028
0.001024
0.001022
0.001022
0.001020
0.001019
0.001017
0.001015
0.001013
0.001008
0.001006
0.001005
0.001005
0.001004
0.001004
0.001003
0.001000
0.000999
0.000997
0.000997
0.000940
0.000970
0.001000
0.001011
0.001020
0.001026
0.001030
0.001031
0.001028
0.001020
0.001009
0.000995
0.000983
0.000974
0.000968
0.000963
0.000961
0.000959
0.000957
0.000956
0.000954
0.000953
0.000951
0.000950
0.000948
0.000946
0.000946
0.000944
0.000942
0.000941
0.000940
0.000939
0.000937
0.000936
0.000935
0.000934
0.000933
0.000932
0.000931
0.000930
0.000929
0.000928
0.000927
0.000927
0.000925
0.000925
0.000924
0.000923
0.000922
0.000921
0.000920
0.000919
0.000918
0.000918
0.000917
0.000916
0.000915
0.000914
0.000913
0.000912
0.000911
0.000910
0.000909
0.000908
0.000907
0.000906
0.000905
0.000905
0.000904
0.000904
0.000903
0.000903
0.000903
0.000903
0.000902
0.000902
0.000902
0.000902
0.000902
0.000901
0.000901
0.000901
0.000900
0.000900
0.000900
0.000899
0.000899
0.000898
0.000898
0.000898
0.000897
0.000897
0.000897
0.000897
0.000897
0.000896
0.000896
0.000896
0.000896
0.000895
0.000844
0.000847
0.000840
0.000843
0.000844
0.000843
0.000843
0.000843
0.000843
0.000843
0.000842
0.000842
0.000842
0.000841
0.000841
0.000841
0.000840
0.000840
0.000840
0.000840
0.000840
0.000839
0.000839
0.000839
0.000839
0.000839
0.000839
0.000839
0.000839
0.000839
0.000839
0.000838
0.000838
0.000838
0.000838
0.000838
0.000838
0.000838
0.000838
0.000838
0.000838
0.000838
0.000838
0.000838
0.000838
0.000838
0.000838
0.000838
0.000838
0.000838
0.000838
0.000837
0.000837
0.000837
0.000837
0.000837
0.000837
0.000837
0.000836
0.000836
0.000836
0.000836
0.000836
0.000836
0.000836
0.000835
0.000835
0.000835
0.000835
0.000835
0.000834
0.000834
0.000834
0.000834
0.000834
0.000834
0.000834
0.000834
0.000833
0.000833
0.000833
0.000833
0.000833
0.000833
0.000832
0.000832
0.000832
0.000832
0.000832
0.000832
0.000832
0.000832
0.000832
0.000831
0.000831
0.000831
0.000830
0.000830
0.000830
0.000830
0.000826
0.000841
0.000850
0.000853
0.000854
0.000855
0.000854
0.000853
0.000851
0.000849
0.000847
0.000846
0.000844
0.000843
0.000842
0.000841
0.000840
0.000839
0.000839
0.000838
0.000838
0.000837
0.000837
0.000836
0.000836
0.000836
0.000835
0.000835
0.000835
0.000834
0.000834
0.000834
0.000834
0.000834
0.000833
0.000833
0.000833
0.000833
0.000833
0.000833
0.000832
0.000832
0.000832
0.000832
0.000832
0.000832
0.000832
0.000832
0.000832
0.000831
0.000831
0.000831
0.000831
0.000831
0.000831
0.000831
0.000831
0.000831
0.000831
0.000831
0.000831
0.000830
0.000830
0.000830
0.000830
0.000830
0.000830
0.000830
0.000830
0.000830
0.000829
0.000829
0.000829
0.000829
0.000829
0.000829
0.000829
0.000829
0.000829
0.000829
0.000829
0.000829
0.000829
0.000828
0.000828
0.000828
0.000828
0.000828
0.000828
0.000828
0.000828
0.000828
0.000828
0.000828
0.000828
0.000828
0.000827
0.000827
0.000827
0.000827
0.000810
0.000798
0.000796
0.000796
0.000796
0.000796
0.000796
0.000796
0.000796
0.000796
0.000796
0.000796
0.000796
0.000796
0.000796
0.000796
0.000796
0.000796
0.000796
0.000796
0.000796
0.000796
0.000796
0.000796
0.000796
0.000796
0.000796
0.000796
0.000796
0.000796
0.000796
0.000796
0.000796
0.000796
0.000796
0.000796
0.000796
0.000796
0.000796
0.000796
0.000796
0.000796
0.000796
0.000796
0.000796
0.000796
0.000796
0.000796
0.000796
0.000796
0.000796
0.000796
0.000796
0.000796
0.000796
0.000796
0.000796
0.000796
0.000796
0.000796
0.000796
0.000796
0.000796
0.000796
0.000796
0.000796
0.000796
0.000797
0.000797
0.000797
0.000797
0.000797
0.000797
0.000797
0.000797
0.000797
0.000797
0.000797
0.000797
0.000797
0.000797
0.000797
0.000797
0.000797
0.000797
0.000797
0.000797
0.000797
0.000797
0.000797
0.000797
0.000797
0.000797
0.000797
0.000797
0.000797
0.000797
0.000797
0.000797
0.000797
