0.425979
0.246471
0.137028
0.069088
0.038171
0.023684
0.017155
0.012934
0.009980
0.008309
0.007513
0.007088
0.006756
0.006486
0.006281
0.006100
0.005933
0.005775
0.005622
0.005469
0.005281
0.005076
0.004878
0.004706
0.004545
0.004397
0.004255
0.004118
0.003985
0.003856
0.003732
0.003612
0.003497
0.003388
0.003290
0.003195
0.003106
0.003020
0.002938
0.002856
0.002776
0.002695
0.002623
0.002550
0.002478
0.002411
0.002345
0.002286
0.002230
0.002177
0.002126
0.002078
0.002031
0.001986
0.001942
0.001901
0.001861
0.001826
0.001792
0.001760
0.001730
0.001702
0.001675
0.001650
0.001627
0.001604
0.001583
0.001564
0.001545
0.001527
0.001510
0.001494
0.001480
0.001466
0.001453
0.001441
0.001430
0.001419
0.001409
0.001398
0.001389
0.001380
0.001370
0.001362
0.001353
0.001346
0.001337
0.001329
0.001322
0.001315
0.001308
0.001302
0.001294
0.001290
0.001283
0.001277
0.001272
0.001267
0.001262
0.001258
0.001217
0.001228
0.001232
0.001234
0.001233
0.001231
0.001229
0.001226
0.001223
0.001220
0.001218
0.001216
0.001213
0.001211
0.001208
0.001206
0.001204
0.001201
0.001199
0.001197
0.001195
0.001193
0.001190
0.001187
0.001185
0.001183
0.001181
0.001178
0.001176
0.001174
0.001172
0.001169
0.001167
0.001165
0.001163
0.001161
0.001158
0.001157
0.001154
0.001152
0.001150
0.001148
0.001146
0.001144
0.001142
0.001139
0.001137
0.001135
0.001133
0.001130
0.001129
0.001127
0.001125
0.001123
0.001121
0.001119
0.001117
0.001116
0.001114
0.001112
0.001110
0.001108
0.001107
0.001105
0.001104
0.001102
0.001101
0.001099
0.001098
0.001097
0.001095
0.001094
0.001092
0.001091
0.001090
0.001088
0.001087
0.001086
0.001085
0.001084
0.001083
0.001082
0.001080
0.001079
0.001078
0.001077
0.001076
0.001074
0.001073
0.001072
0.001071
0.001070
0.001069
0.001068
0.001067
0.001066
0.001065
0.001064
0.001063
0.001062
0.001059
0.001071
0.001066
0.001064
0.001065
0.001064
0.001063
0.001063
0.001063
0.001062
0.001061
0.001061
0.001060
0.001060
0.001060
0.001059
0.001059
0.001058
0.001058
0.001057
0.001057
0.001056
0.001056
0.001055
0.001055
0.001054
0.001054
0.001054
0.001053
0.001053
0.001052
0.001052
0.001051
0.001051
0.001050
0.001050
0.001049
0.001049
0.001048
0.001048
0.001047
0.001047
0.001047
0.001046
0.001046
0.001045
0.001045
0.001044
0.001044
0.001043
0.001043
0.001043
0.001042
0.001041
0.001041
0.001041
0.001040
0.001040
0.001039
0.001039
0.001038
0.001038
0.001038
0.001037
0.001037
0.001036
0.001036
0.001035
0.001035
0.001034
0.001034
0.001033
0.001033
0.001032
0.001032
0.001031
0.001031
0.001030
0.001030
0.001030
0.001029
0.001029
0.001028
0.001028
0.001027
0.001027
0.001026
0.001026
0.001026
0.001025
0.001025
0.001024
0.001024
0.001023
0.001023
0.001022
0.001022
0.001021
0.001021
0.001021
0.001015
0.001009
0.001003
0.001003
0.001003
0.001002
0.001002
0.001002
0.001002
0.001002
0.001001
0.001001
0.001001
0.001001
0.001001
0.001000
0.001000
0.001000
0.001000
0.001000
0.000999
0.000999
0.000999
0.000999
0.000999
0.000998
0.000998
0.000998
0.000998
0.000997
0.000997
0.000997
0.000997
0.000997
0.000996
0.000996
0.000996
0.000996
0.000996
0.000995
0.000995
0.000995
0.000995
0.000994
0.000994
0.000994
0.000994
0.000993
0.000993
0.000993
0.000993
0.000993
0.000992
0.000992
0.000992
0.000992
0.000991
0.000991
0.000991
0.000991
0.000990
0.000990
0.000990
0.000990
0.000989
0.000989
0.000989
0.000989
0.000988
0.000988
0.000988
0.000988
0.000988
0.000987
0.000987
0.000987
0.000987
0.000986
0.000986
0.000986
0.000986
0.000985
0.000985
0.000985
0.000985
0.000984
0.000984
0.000984
0.000984
0.000984
0.000983
0.000983
0.000983
0.000983
0.000982
0.000982
0.000982
0.000981
0.000981
0.000981
0.000973
0.000972
0.000973
0.000972
0.000971
0.000971
0.000971
0.000971
0.000971
0.000971
0.000970
0.000970
0.000970
0.000970
0.000970
0.000970
0.000969
0.000969
0.000969
0.000969
0.000969
0.000969
0.000968
0.000968
0.000968
0.000968
0.000968
0.000968
0.000968
0.000967
0.000967
0.000967
0.000967
0.000967
0.000966
0.000966
0.000966
0.000966
0.000966
0.000966
0.000965
0.000965
0.000965
0.000965
0.000965
0.000965
0.000964
0.000964
0.000964
0.000964
0.000964
0.000964
0.000963
0.000963
0.000963
0.000963
0.000963
0.000963
0.000962
0.000962
0.000962
0.000962
0.000962
0.000962
0.000961
0.000961
0.000961
0.000961
0.000961
0.000961
0.000960
0.000960
0.000960
0.000960
0.000960
0.000960
0.000959
0.000959
0.000959
0.000959
0.000959
0.000959
0.000958
0.000958
0.000958
0.000958
0.000958
0.000958
0.000957
0.000957
0.000957
0.000957
0.000957
0.000957
0.000956
0.000956
0.000956
0.000956
0.000956
0.000956
