0.503162
0.397923
0.266973
0.156248
0.087591
0.050946
0.041133
0.035250
0.030545
0.026510
0.022890
0.019686
0.016745
0.013926
0.011886
0.010484
0.009546
0.008926
0.008519
0.008254
0.008070
0.007933
0.007827
0.007743
0.007668
0.007600
0.007533
0.007472
0.007418
0.007365
0.007315
0.007263
0.007210
0.007157
0.007104
0.007046
0.006988
0.006886
0.006617
0.006362
0.006147
0.006050
0.005962
0.005896
0.005841
0.005793
0.005751
0.005714
0.005634
0.005547
0.005496
0.005452
0.005423
0.005394
0.005370
0.005349
0.005330
0.005312
0.005295
0.005278
0.005261
0.005242
0.005221
0.005198
0.005173
0.005144
0.005105
0.005052
0.004990
0.004917
0.004822
0.004700
0.004570
0.004451
0.004338
0.004227
0.004120
0.004019
0.003930
0.003854
0.003785
0.003720
0.003659
0.003605
0.003555
0.003511
0.003471
0.003435
0.003403
0.003374
0.003348
0.003324
0.003301
0.003281
0.003262
0.003245
0.003229
0.003213
0.003197
0.003182
0.003150
0.003132
0.003122
0.003118
0.003110
0.003102
0.003095
0.003088
0.003080
0.003073
0.003066
0.003059
0.003052
0.003044
0.003037
0.003030
0.003024
0.003017
0.003011
0.003004
0.002998
0.002991
0.002984
0.002977
0.002971
0.002964
0.002956
0.002950
0.002943
0.002937
0.002931
0.002925
0.002918
0.002910
0.002902
0.002892
0.002882
0.002871
0.002858
0.002847
0.002836
0.002826
0.002817
0.002808
0.002799
0.002791
0.002783
0.002775
0.002768
0.002760
0.002751
0.002742
0.002733
0.002723
0.002714
0.002705
0.002696
0.002687
0.002678
0.002671
0.002664
0.002658
0.002652
0.002647
0.002642
0.002638
0.002633
0.002630
0.002627
0.002624
0.002621
0.002618
0.002615
0.002612
0.002609
0.002605
0.002602
0.002599
0.002597
0.002594
0.002591
0.002589
0.002587
0.002585
0.002583
0.002581
0.002579
0.002578
0.002576
0.002574
0.002572
0.002570
0.002568
0.002566
0.002564
0.002561
0.002559
0.002555
0.002553
0.002550
0.002528
0.002497
0.002486
0.002488
0.002485
0.002484
0.002483
0.002481
0.002480
0.002479
0.002478
0.002476
0.002475
0.002474
0.002473
0.002472
0.002471
0.002469
0.002468
0.002467
0.002466
0.002465
0.002464
0.002462
0.002461
0.002460
0.002459
0.002458
0.002457
0.002455
0.002454
0.002453
0.002452
0.002451
0.002450
0.002449
0.002447
0.002446
0.002445
0.002444
0.002443
0.002442
0.002441
0.002440
0.002438
0.002437
0.002436
0.002435
0.002434
0.002433
0.002432
0.002430
0.002429
0.002428
0.002427
0.002426
0.002425
0.002423
0.002422
0.002421
0.002420
0.002419
0.002417
0.002416
0.002415
0.002414
0.002413
0.002412
0.002411
0.002410
0.002408
0.002407
0.002406
0.002405
0.002404
0.002403
0.002402
0.002400
0.002399
0.002398
0.002397
0.002396
0.002395
0.002394
0.002393
0.002392
0.002390
0.002389
0.002388
0.002387
0.002386
0.002385
0.002384
0.002382
0.002381
0.002380
0.002379
0.002378
0.002376
0.002375
0.002365
0.002362
0.002361
0.002360
0.002360
0.002360
0.002359
0.002359
0.002358
0.002357
0.002357
0.002356
0.002355
0.002355
0.002354
0.002353
0.002353
0.002352
0.002351
0.002351
0.002350
0.002349
0.002349
0.002348
0.002348
0.002347
0.002346
0.002346
0.002345
0.002345
0.002344
0.002343
0.002343
0.002342
0.002342
0.002341
0.002340
0.002340
0.002339
0.002338
0.002338
0.002337
0.002336
0.002336
0.002335
0.002334
0.002334
0.002333
0.002332
0.002332
0.002331
0.002330
0.002330
0.002329
0.002328
0.002328
0.002327
0.002326
0.002325
0.002325
0.002324
0.002323
0.002323
0.002322
0.002321
0.002321
0.002320
0.002319
0.002318
0.002318
0.002317
0.002316
0.002315
0.002315
0.002314
0.002313
0.002313
0.002312
0.002311
0.002310
0.002310
0.002309
0.002308
0.002308
0.002307
0.002306
0.002305
0.002305
0.002304
0.002303
0.002302
0.002302
0.002301
0.002300
0.002300
0.002299
0.002298
0.002297
0.002297
0.002296
0.002290
0.002290
0.002290
0.002289
0.002289
0.002289
0.002289
0.002288
0.002288
0.002287
0.002287
0.002287
0.002286
0.002286
0.002286
0.002285
0.002285
0.002285
0.002284
0.002284
0.002284
0.002283
0.002283
0.002282
0.002282
0.002282
0.002281
0.002281
0.002281
0.002280
0.002280
0.002280
0.002279
0.002279
0.002278
0.002278
0.002278
0.002277
0.002277
0.002277
0.002276
0.002276
0.002275
0.002275
0.002275
0.002274
0.002274
0.002273
0.002273
0.002273
0.002272
0.002272
0.002271
0.002271
0.002271
0.002270
0.002270
0.002269
0.002269
0.002269
0.002268
0.002268
0.002267
0.002267
0.002267
0.002266
0.002266
0.002266
0.002265
0.002265
0.002264
0.002264
0.002263
0.002263
0.002263
0.002262
0.002262
0.002261
0.002261
0.002261
0.002260
0.002260
0.002259
0.002259
0.002258
0.002258
0.002258
0.002257
0.002257
0.002257
0.002256
0.002256
0.002255
0.002255
0.002255
0.002254
0.002254
0.002253
0.002253
0.002252
