0.452150
0.256731
0.072155
0.039982
0.029621
0.023942
0.019808
0.016552
0.013855
0.011553
0.009582
0.007952
0.006667
0.005706
0.005017
0.004533
0.004182
0.003908
0.003676
0.003478
0.003307
0.003159
0.003026
0.002915
0.002822
0.002742
0.002672
0.002615
0.002565
0.002519
0.002479
0.002441
0.002407
0.002374
0.002341
0.002311
0.002280
0.002251
0.002221
0.002191
0.002161
0.002133
0.002107
0.002081
0.002055
0.002030
0.002007
0.001986
0.001965
0.001944
0.001925
0.001908
0.001891
0.001874
0.001858
0.001843
0.001828
0.001814
0.001802
0.001789
0.001778
0.001767
0.001756
0.001747
0.001738
0.001729
0.001719
0.001710
0.001702
0.001692
0.001684
0.001676
0.001668
0.001659
0.001652
0.001644
0.001637
0.001630
0.001622
0.001615
0.001608
0.001602
0.001597
0.001591
0.001585
0.001580
0.001575
0.001569
0.001565
0.001559
0.001553
0.001549
0.001544
0.001539
0.001533
0.001529
0.001526
0.001519
0.001514
0.001510
0.001428
0.001429
0.001441
0.001445
0.001449
0.001449
0.001448
0.001446
0.001444
0.001443
0.001441
0.001439
0.001438
0.001436
0.001434
0.001433
0.001431
0.001429
0.001428
0.001426
0.001425
0.001424
0.001423
0.001422
0.001421
0.001420
0.001419
0.001418
0.001417
0.001417
0.001416
0.001416
0.001415
0.001415
0.001415
0.001415
0.001415
0.001415
0.001415
0.001415
0.001415
0.001415
0.001415
0.001415
0.001415
0.001415
0.001414
0.001413
0.001412
0.001411
0.001411
0.001410
0.001409
0.001408
0.001407
0.001406
0.001405
0.001405
0.001404
0.001403
0.001401
0.001400
0.001398
0.001396
0.001395
0.001394
0.001392
0.001391
0.001390
0.001388
0.001387
0.001386
0.001384
0.001383
0.001382
0.001381
0.001380
0.001379
0.001378
0.001377
0.001376
0.001376
0.001375
0.001374
0.001373
0.001372
0.001371
0.001370
0.001369
0.001369
0.001367
0.001367
0.001366
0.001364
0.001363
0.001362
0.001362
0.001362
0.001361
0.001360
0.001314
0.001272
0.001265
0.001268
0.001266
0.001267
0.001267
0.001266
0.001265
0.001265
0.001264
0.001264
0.001263
0.001263
0.001263
0.001262
0.001262
0.001262
0.001261
0.001261
0.001261
0.001260
0.001260
0.001260
0.001259
0.001259
0.001259
0.001258
0.001258
0.001258
0.001257
0.001257
0.001257
0.001257
0.001256
0.001256
0.001256
0.001256
0.001255
0.001255
0.001254
0.001254
0.001254
0.001254
0.001253
0.001253
0.001253
0.001252
0.001252
0.001252
0.001252
0.001251
0.001251
0.001251
0.001250
0.001250
0.001250
0.001249
0.001249
0.001249
0.001249
0.001249
0.001248
0.001248
0.001248
0.001248
0.001247
0.001247
0.001247
0.001247
0.001247
0.001247
0.001247
0.001246
0.001246
0.001246
0.001246
0.001246
0.001246
0.001246
0.001246
0.001245
0.001245
0.001245
0.001245
0.001245
0.001245
0.001245
0.001244
0.001244
0.001244
0.001244
0.001244
0.001244
0.001243
0.001243
0.001243
0.001243
0.001243
0.001243
0.001232
0.001226
0.001222
0.001221
0.001221
0.001220
0.001220
0.001220
0.001220
0.001220
0.001220
0.001220
0.001220
0.001219
0.001219
0.001219
0.001219
0.001219
0.001219
0.001219
0.001219
0.001219
0.001218
0.001218
0.001218
0.001218
0.001218
0.001218
0.001218
0.001217
0.001217
0.001217
0.001217
0.001217
0.001217
0.001216
0.001216
0.001216
0.001216
0.001216
0.001215
0.001215
0.001215
0.001215
0.001215
0.001214
0.001214
0.001214
0.001214
0.001213
0.001213
0.001213
0.001213
0.001212
0.001212
0.001212
0.001212
0.001211
0.001211
0.001211
0.001211
0.001210
0.001210
0.001210
0.001210
0.001209
0.001209
0.001209
0.001209
0.001208
0.001208
0.001208
0.001208
0.001208
0.001207
0.001207
0.001207
0.001207
0.001206
0.001206
0.001206
0.001206
0.001206
0.001205
0.001205
0.001205
0.001205
0.001204
0.001204
0.001204
0.001204
0.001204
0.001204
0.001203
0.001203
0.001203
0.001203
0.001203
0.001202
0.001202
0.001200
0.001197
0.001198
0.001199
0.001198
0.001198
0.001198
0.001198
0.001198
0.001198
0.001197
0.001197
0.001197
0.001197
0.001197
0.001197
0.001197
0.001197
0.001196
0.001196
0.001196
0.001196
0.001196
0.001196
0.001196
0.001196
0.001196
0.001195
0.001195
0.001195
0.001195
0.001195
0.001195
0.001195
0.001194
0.001194
0.001194
0.001194
0.001194
0.001194
0.001194
0.001194
0.001193
0.001193
0.001193
0.001193
0.001193
0.001193
0.001193
0.001193
0.001193
0.001192
0.001192
0.001192
0.001192
0.001192
0.001192
0.001192
0.001192
0.001191
0.001191
0.001191
0.001191
0.001191
0.001191
0.001191
0.001191
0.001190
0.001190
0.001190
0.001190
0.001190
0.001190
0.001190
0.001190
0.001190
0.001189
0.001189
0.001189
0.001189
0.001189
0.001189
0.001189
0.001189
0.001188
0.001188
0.001188
0.001188
0.001188
0.001188
0.001188
0.001188
0.001187
0.001187
0.001187
0.001187
0.001187
0.001187
0.001187
0.001187
