0.469515
0.356232
0.239538
0.155919
0.114904
0.088092
0.066244
0.047399
0.033972
0.025794
0.020335
0.016384
0.013475
0.011217
0.009420
0.007984
0.006855
0.005980
0.005328
0.004853
0.004507
0.004243
0.004035
0.003863
0.003707
0.003564
0.003431
0.003306
0.003186
0.003071
0.002963
0.002859
0.002762
0.002664
0.002570
0.002482
0.002404
0.002335
0.002277
0.002227
0.002184
0.002145
0.002112
0.002083
0.002057
0.002034
0.002011
0.001991
0.001971
0.001955
0.001940
0.001926
0.001915
0.001904
0.001893
0.001883
0.001872
0.001862
0.001853
0.001845
0.001835
0.001827
0.001818
0.001811
0.001805
0.001799
0.001792
0.001786
0.001779
0.001773
0.001767
0.001761
0.001755
0.001750
0.001745
0.001739
0.001734
0.001728
0.001723
0.001719
0.001715
0.001710
0.001706
0.001701
0.001697
0.001692
0.001688
0.001684
0.001680
0.001677
0.001674
0.001669
0.001665
0.001662
0.001659
0.001656
0.001653
0.001650
0.001648
0.001644
0.001593
0.001590
0.001591
0.001589
0.001589
0.001587
0.001584
0.001582
0.001580
0.001577
0.001575
0.001574
0.001571
0.001570
0.001568
0.001566
0.001564
0.001562
0.001560
0.001558
0.001557
0.001555
0.001553
0.001551
0.001549
0.001547
0.001545
0.001544
0.001542
0.001540
0.001538
0.001536
0.001534
0.001532
0.001530
0.001528
0.001526
0.001524
0.001523
0.001521
0.001519
0.001517
0.001515
0.001513
0.001511
0.001509
0.001506
0.001505
0.001502
0.001501
0.001499
0.001497
0.001495
0.001493
0.001490
0.001488
0.001486
0.001484
0.001482
0.001481
0.001478
0.001476
0.001474
0.001472
0.001470
0.001468
0.001466
0.001464
0.001463
0.001460
0.001458
0.001456
0.001454
0.001452
0.001449
0.001448
0.001445
0.001443
0.001440
0.001438
0.001436
0.001434
0.001432
0.001430
0.001427
0.001425
0.001423
0.001420
0.001417
0.001415
0.001412
0.001409
0.001406
0.001403
0.001400
0.001397
0.001394
0.001390
0.001386
0.001382
0.001372
0.001386
0.001389
0.001385
0.001378
0.001373
0.001370
0.001367
0.001364
0.001361
0.001358
0.001355
0.001352
0.001350
0.001347
0.001345
0.001343
0.001341
0.001339
0.001337
0.001335
0.001334
0.001333
0.001331
0.001330
0.001328
0.001327
0.001325
0.001324
0.001323
0.001322
0.001320
0.001319
0.001318
0.001317
0.001316
0.001315
0.001314
0.001313
0.001312
0.001311
0.001310
0.001309
0.001308
0.001307
0.001306
0.001305
0.001304
0.001303
0.001303
0.001302
0.001301
0.001300
0.001299
0.001298
0.001297
0.001297
0.001296
0.001295
0.001294
0.001293
0.001293
0.001292
0.001291
0.001290
0.001290
0.001289
0.001288
0.001287
0.001287
0.001286
0.001286
0.001285
0.001284
0.001283
0.001283
0.001282
0.001281
0.001281
0.001280
0.001280
0.001279
0.001279
0.001279
0.001278
0.001278
0.001278
0.001277
0.001276
0.001276
0.001276
0.001275
0.001275
0.001274
0.001273
0.001273
0.001272
0.001272
0.001271
0.001271
0.001256
0.001232
0.001229
0.001228
0.001227
0.001227
0.001227
0.001227
0.001226
0.001226
0.001226
0.001226
0.001226
0.001225
0.001225
0.001225
0.001225
0.001225
0.001224
0.001224
0.001224
0.001224
0.001224
0.001223
0.001223
0.001223
0.001223
0.001223
0.001223
0.001222
0.001222
0.001222
0.001222
0.001222
0.001221
0.001221
0.001221
0.001221
0.001221
0.001221
0.001220
0.001220
0.001220
0.001220
0.001220
0.001220
0.001220
0.001219
0.001219
0.001219
0.001219
0.001219
0.001218
0.001218
0.001218
0.001218
0.001218
0.001218
0.001218
0.001217
0.001217
0.001217
0.001217
0.001217
0.001217
0.001217
0.001216
0.001216
0.001216
0.001216
0.001216
0.001216
0.001216
0.001216
0.001215
0.001215
0.001215
0.001215
0.001215
0.001215
0.001214
0.001214
0.001214
0.001214
0.001214
0.001214
0.001213
0.001213
0.001213
0.001213
0.001213
0.001213
0.001213
0.001212
0.001212
0.001212
0.001212
0.001212
0.001212
0.001211
0.001205
0.001205
0.001205
0.001204
0.001204
0.001204
0.001204
0.001204
0.001203
0.001203
0.001203
0.001203
0.001203
0.001203
0.001203
0.001203
0.001202
0.001202
0.001202
0.001202
0.001202
0.001202
0.001202
0.001202
0.001201
0.001201
0.001201
0.001201
0.001201
0.001201
0.001201
0.001201
0.001201
0.001200
0.001200
0.001200
0.001200
0.001200
0.001200
0.001200
0.001200
0.001200
0.001200
0.001199
0.001199
0.001199
0.001199
0.001199
0.001199
0.001199
0.001199
0.001199
0.001198
0.001198
0.001198
0.001198
0.001198
0.001198
0.001198
0.001198
0.001198
0.001198
0.001197
0.001197
0.001197
0.001197
0.001197
0.001197
0.001197
0.001197
0.001197
0.001196
0.001196
0.001196
0.001196
0.001196
0.001196
0.001196
0.001196
0.001196
0.001196
0.001195
0.001195
0.001195
0.001195
0.001195
0.001195
0.001195
0.001195
0.001195
0.001195
0.001194
0.001194
0.001194
0.001194
0.001194
0.001194
0.001194
0.001194
0.001194
