0.438997
0.246274
0.063368
0.037656
0.026475
0.018806
0.012899
0.008730
0.006372
0.005194
0.004618
0.004297
0.004094
0.003931
0.003789
0.003652
0.003516
0.003388
0.003274
0.003183
0.003095
0.003016
0.002946
0.002879
0.002815
0.002753
0.002696
0.002642
0.002594
0.002542
0.002497
0.002447
0.002398
0.002342
0.002282
0.002224
0.002168
0.002114
0.002064
0.002017
0.001977
0.001946
0.001921
0.001898
0.001878
0.001857
0.001837
0.001819
0.001802
0.001789
0.001776
0.001762
0.001751
0.001742
0.001732
0.001724
0.001716
0.001704
0.001694
0.001687
0.001679
0.001673
0.001664
0.001656
0.001649
0.001642
0.001633
0.001625
0.001616
0.001609
0.001599
0.001591
0.001584
0.001578
0.001573
0.001567
0.001560
0.001556
0.001550
0.001544
0.001537
0.001532
0.001526
0.001522
0.001517
0.001512
0.001506
0.001502
0.001498
0.001494
0.001490
0.001485
0.001480
0.001474
0.001468
0.001464
0.001460
0.001454
0.001449
0.001444
0.001369
0.001303
0.001300
0.001306
0.001307
0.001306
0.001302
0.001298
0.001295
0.001292
0.001289
0.001287
0.001284
0.001282
0.001280
0.001278
0.001276
0.001275
0.001273
0.001272
0.001270
0.001268
0.001267
0.001265
0.001264
0.001263
0.001262
0.001260
0.001259
0.001257
0.001257
0.001256
0.001254
0.001253
0.001252
0.001251
0.001250
0.001249
0.001247
0.001246
0.001245
0.001243
0.001242
0.001241
0.001240
0.001238
0.001236
0.001235
0.001235
0.001232
0.001231
0.001231
0.001229
0.001229
0.001227
0.001226
0.001226
0.001225
0.001225
0.001223
0.001222
0.001222
0.001221
0.001222
0.001221
0.001219
0.001219
0.001218
0.001218
0.001217
0.001217
0.001216
0.001217
0.001215
0.001213
0.001213
0.001211
0.001211
0.001209
0.001209
0.001208
0.001206
0.001205
0.001204
0.001203
0.001201
0.001200
0.001198
0.001198
0.001196
0.001196
0.001194
0.001193
0.001191
0.001190
0.001189
0.001188
0.001187
0.001184
0.001182
0.001154
0.001153
0.001152
0.001152
0.001152
0.001152
0.001151
0.001150
0.001149
0.001149
0.001147
0.001146
0.001145
0.001144
0.001143
0.001142
0.001140
0.001139
0.001138
0.001137
0.001136
0.001135
0.001134
0.001134
0.001133
0.001132
0.001131
0.001130
0.001130
0.001129
0.001128
0.001127
0.001127
0.001126
0.001125
0.001125
0.001124
0.001123
0.001123
0.001122
0.001122
0.001122
0.001121
0.001120
0.001120
0.001119
0.001118
0.001118
0.001118
0.001117
0.001116
0.001116
0.001115
0.001115
0.001114
0.001113
0.001113
0.001112
0.001112
0.001111
0.001111
0.001110
0.001109
0.001109
0.001108
0.001108
0.001107
0.001107
0.001106
0.001106
0.001105
0.001104
0.001104
0.001103
0.001103
0.001102
0.001102
0.001101
0.001101
0.001100
0.001099
0.001099
0.001098
0.001098
0.001097
0.001097
0.001096
0.001096
0.001095
0.001095
0.001094
0.001093
0.001093
0.001092
0.001091
0.001091
0.001090
0.001090
0.001089
0.001089
0.001079
0.001085
0.001086
0.001084
0.001083
0.001083
0.001083
0.001082
0.001082
0.001082
0.001082
0.001081
0.001081
0.001081
0.001081
0.001081
0.001080
0.001080
0.001080
0.001080
0.001080
0.001079
0.001079
0.001079
0.001079
0.001079
0.001078
0.001078
0.001078
0.001078
0.001078
0.001077
0.001077
0.001077
0.001077
0.001077
0.001076
0.001076
0.001076
0.001076
0.001075
0.001075
0.001075
0.001075
0.001074
0.001074
0.001074
0.001074
0.001073
0.001073
0.001072
0.001072
0.001072
0.001072
0.001071
0.001071
0.001071
0.001070
0.001070
0.001070
0.001070
0.001069
0.001068
0.001068
0.001068
0.001068
0.001067
0.001067
0.001066
0.001066
0.001066
0.001065
0.001065
0.001065
0.001064
0.001064
0.001064
0.001064
0.001064
0.001063
0.001063
0.001062
0.001062
0.001062
0.001062
0.001061
0.001061
0.001061
0.001061
0.001060
0.001060
0.001060
0.001060
0.001060
0.001059
0.001059
0.001059
0.001059
0.001058
0.001058
0.001044
0.001035
0.001033
0.001034
0.001033
0.001033
0.001033
0.001033
0.001033
0.001033
0.001033
0.001033
0.001033
0.001032
0.001032
0.001032
0.001032
0.001032
0.001032
0.001032
0.001032
0.001032
0.001032
0.001032
0.001032
0.001031
0.001031
0.001031
0.001031
0.001031
0.001031
0.001031
0.001031
0.001031
0.001031
0.001031
0.001030
0.001030
0.001030
0.001030
0.001030
0.001030
0.001030
0.001030
0.001030
0.001030
0.001030
0.001030
0.001029
0.001029
0.001029
0.001029
0.001029
0.001029
0.001029
0.001029
0.001029
0.001029
0.001029
0.001029
0.001029
0.001029
0.001028
0.001028
0.001028
0.001028
0.001028
0.001028
0.001028
0.001028
0.001028
0.001028
0.001028
0.001028
0.001028
0.001028
0.001027
0.001027
0.001027
0.001027
0.001027
0.001027
0.001027
0.001027
0.001027
0.001027
0.001027
0.001027
0.001027
0.001027
0.001027
0.001026
0.001026
0.001026
0.001026
0.001026
0.001026
0.001026
0.001026
0.001026
