0.510880
0.373707
0.222356
0.074751
0.026058
0.015000
0.011133
0.009111
0.007958
0.007347
0.007000
0.006783
0.006621
0.006477
0.006336
0.006157
0.005910
0.005601
0.005275
0.004963
0.004678
0.004418
0.004197
0.004013
0.003856
0.003713
0.003572
0.003438
0.003308
0.003184
0.003061
0.002943
0.002834
0.002736
0.002645
0.002562
0.002486
0.002417
0.002355
0.002298
0.002246
0.002198
0.002149
0.002104
0.002062
0.002022
0.001984
0.001948
0.001914
0.001882
0.001852
0.001823
0.001797
0.001770
0.001746
0.001724
0.001704
0.001686
0.001668
0.001651
0.001636
0.001622
0.001609
0.001596
0.001584
0.001573
0.001560
0.001550
0.001539
0.001527
0.001515
0.001503
0.001492
0.001480
0.001467
0.001455
0.001444
0.001432
0.001422
0.001412
0.001402
0.001392
0.001383
0.001375
0.001365
0.001356
0.001348
0.001339
0.001331
0.001324
0.001316
0.001308
0.001300
0.001292
0.001285
0.001278
0.001271
0.001266
0.001258
0.001252
0.001198
0.001198
0.001198
0.001195
0.001193
0.001188
0.001185
0.001182
0.001180
0.001177
0.001175
0.001172
0.001171
0.001168
0.001167
0.001164
0.001162
0.001161
0.001159
0.001157
0.001156
0.001154
0.001152
0.001151
0.001150
0.001148
0.001147
0.001145
0.001144
0.001142
0.001141
0.001140
0.001138
0.001137
0.001136
0.001135
0.001134
0.001133
0.001132
0.001131
0.001130
0.001129
0.001128
0.001127
0.001127
0.001126
0.001125
0.001125
0.001124
0.001123
0.001122
0.001122
0.001121
0.001120
0.001120
0.001119
0.001119
0.001118
0.001118
0.001117
0.001117
0.001116
0.001116
0.001116
0.001115
0.001115
0.001114
0.001114
0.001114
0.001113
0.001113
0.001113
0.001112
0.001112
0.001111
0.001112
0.001111
0.001110
0.001110
0.001110
0.001110
0.001109
0.001109
0.001109
0.001109
0.001108
0.001108
0.001107
0.001107
0.001107
0.001107
0.001106
0.001106
0.001106
0.001105
0.001106
0.001105
0.001105
0.001105
0.001104
0.001097
0.001119
0.001127
0.001123
0.001117
0.001112
0.001110
0.001109
0.001108
0.001107
0.001107
0.001106
0.001105
0.001104
0.001104
0.001103
0.001103
0.001102
0.001102
0.001101
0.001101
0.001101
0.001100
0.001100
0.001100
0.001099
0.001099
0.001099
0.001098
0.001098
0.001097
0.001097
0.001097
0.001096
0.001096
0.001096
0.001095
0.001095
0.001095
0.001095
0.001094
0.001094
0.001094
0.001094
0.001093
0.001093
0.001093
0.001092
0.001092
0.001092
0.001091
0.001091
0.001091
0.001091
0.001090
0.001091
0.001090
0.001090
0.001090
0.001090
0.001090
0.001089
0.001089
0.001089
0.001089
0.001089
0.001088
0.001088
0.001088
0.001088
0.001088
0.001088
0.001088
0.001087
0.001087
0.001087
0.001087
0.001087
0.001087
0.001086
0.001086
0.001086
0.001086
0.001086
0.001086
0.001085
0.001085
0.001085
0.001085
0.001084
0.001084
0.001084
0.001084
0.001083
0.001083
0.001083
0.001083
0.001083
0.001082
0.001082
0.001059
0.001050
0.001044
0.001043
0.001044
0.001044
0.001044
0.001043
0.001043
0.001043
0.001043
0.001043
0.001043
0.001043
0.001043
0.001043
0.001043
0.001042
0.001042
0.001042
0.001042
0.001042
0.001042
0.001042
0.001042
0.001042
0.001042
0.001041
0.001041
0.001041
0.001041
0.001041
0.001041
0.001041
0.001041
0.001040
0.001040
0.001040
0.001040
0.001040
0.001039
0.001039
0.001039
0.001039
0.001038
0.001038
0.001038
0.001038
0.001037
0.001037
0.001037
0.001036
0.001036
0.001036
0.001035
0.001035
0.001035
0.001034
0.001034
0.001034
0.001034
0.001033
0.001033
0.001033
0.001032
0.001032
0.001032
0.001031
0.001031
0.001031
0.001031
0.001030
0.001030
0.001030
0.001029
0.001029
0.001029
0.001028
0.001028
0.001028
0.001027
0.001027
0.001027
0.001026
0.001026
0.001026
0.001025
0.001025
0.001025
0.001024
0.001024
0.001023
0.001023
0.001023
0.001022
0.001022
0.001022
0.001022
0.001021
0.001021
0.001012
0.001013
0.001013
0.001013
0.001012
0.001012
0.001012
0.001011
0.001011
0.001011
0.001011
0.001011
0.001011
0.001010
0.001010
0.001010
0.001010
0.001010
0.001009
0.001009
0.001009
0.001009
0.001009
0.001009
0.001008
0.001008
0.001008
0.001008
0.001008
0.001008
0.001008
0.001007
0.001007
0.001007
0.001007
0.001007
0.001007
0.001007
0.001006
0.001006
0.001006
0.001006
0.001006
0.001006
0.001006
0.001006
0.001005
0.001005
0.001005
0.001005
0.001005
0.001005
0.001005
0.001005
0.001004
0.001004
0.001004
0.001004
0.001004
0.001004
0.001004
0.001004
0.001004
0.001003
0.001003
0.001003
0.001003
0.001003
0.001003
0.001003
0.001003
0.001003
0.001003
0.001002
0.001002
0.001002
0.001002
0.001002
0.001002
0.001002
0.001002
0.001002
0.001002
0.001001
0.001001
0.001001
0.001001
0.001001
0.001001
0.001001
0.001001
0.001001
0.001001
0.001001
0.001000
0.001000
0.001000
0.001000
0.001000
0.001000
