0.470759
0.403112
0.305532
0.201878
0.111496
0.058072
0.037794
0.030284
0.025101
0.020989
0.017302
0.014125
0.011540
0.009640
0.008402
0.007706
0.007342
0.007147
0.007013
0.006893
0.006769
0.006639
0.006507
0.006366
0.006220
0.006070
0.005919
0.005770
0.005623
0.005483
0.005347
0.005219
0.005096
0.004979
0.004868
0.004761
0.004649
0.004543
0.004441
0.004343
0.004245
0.004148
0.004052
0.003955
0.003858
0.003766
0.003681
0.003602
0.003527
0.003458
0.003392
0.003332
0.003276
0.003223
0.003174
0.003129
0.003088
0.003050
0.003015
0.002980
0.002946
0.002913
0.002879
0.002846
0.002815
0.002784
0.002753
0.002723
0.002693
0.002664
0.002634
0.002605
0.002577
0.002549
0.002522
0.002496
0.002470
0.002445
0.002421
0.002397
0.002374
0.002351
0.002329
0.002306
0.002285
0.002264
0.002243
0.002223
0.002204
0.002186
0.002168
0.002152
0.002136
0.002121
0.002106
0.002091
0.002077
0.002063
0.002049
0.002036
0.001994
0.002006
0.002004
0.001997
0.001989
0.001982
0.001977
0.001972
0.001967
0.001962
0.001957
0.001951
0.001946
0.001941
0.001936
0.001931
0.001925
0.001920
0.001915
0.001910
0.001904
0.001898
0.001892
0.001887
0.001883
0.001878
0.001873
0.001867
0.001862
0.001857
0.001852
0.001847
0.001842
0.001837
0.001832
0.001827
0.001822
0.001817
0.001812
0.001807
0.001802
0.001798
0.001793
0.001788
0.001784
0.001780
0.001776
0.001772
0.001768
0.001764
0.001760
0.001755
0.001751
0.001747
0.001742
0.001738
0.001733
0.001728
0.001724
0.001720
0.001715
0.001710
0.001706
0.001701
0.001696
0.001691
0.001686
0.001681
0.001676
0.001672
0.001667
0.001663
0.001660
0.001656
0.001652
0.001648
0.001645
0.001641
0.001638
0.001635
0.001632
0.001628
0.001625
0.001621
0.001618
0.001616
0.001612
0.001609
0.001606
0.001603
0.001601
0.001598
0.001595
0.001593
0.001590
0.001588
0.001585
0.001583
0.001581
0.001578
0.001571
0.001562
0.001550
0.001550
0.001550
0.001549
0.001548
0.001547
0.001546
0.001545
0.001544
0.001544
0.001543
0.001542
0.001541
0.001540
0.001540
0.001539
0.001538
0.001537
0.001536
0.001536
0.001535
0.001534
0.001533
0.001533
0.001532
0.001531
0.001530
0.001530
0.001529
0.001528
0.001527
0.001526
0.001526
0.001525
0.001524
0.001524
0.001523
0.001522
0.001522
0.001521
0.001520
0.001519
0.001519
0.001518
0.001517
0.001517
0.001516
0.001515
0.001515
0.001514
0.001513
0.001513
0.001512
0.001511
0.001511
0.001510
0.001510
0.001509
0.001509
0.001508
0.001507
0.001507
0.001506
0.001505
0.001505
0.001504
0.001503
0.001503
0.001502
0.001502
0.001501
0.001500
0.001500
0.001499
0.001498
0.001497
0.001497
0.001496
0.001495
0.001495
0.001494
0.001493
0.001492
0.001491
0.001491
0.001490
0.001489
0.001489
0.001488
0.001487
0.001486
0.001485
0.001484
0.001484
0.001483
0.001482
0.001481
0.001480
0.001468
0.001458
0.001456
0.001454
0.001455
0.001454
0.001453
0.001453
0.001452
0.001452
0.001451
0.001451
0.001450
0.001450
0.001449
0.001449
0.001448
0.001448
0.001447
0.001447
0.001446
0.001446
0.001445
0.001445
0.001444
0.001444
0.001443
0.001443
0.001442
0.001442
0.001441
0.001440
0.001440
0.001439
0.001439
0.001438
0.001438
0.001437
0.001436
0.001436
0.001435
0.001434
0.001434
0.001433
0.001433
0.001432
0.001431
0.001431
0.001430
0.001429
0.001429
0.001428
0.001427
0.001427
0.001426
0.001426
0.001425
0.001424
0.001424
0.001423
0.001423
0.001422
0.001421
0.001421
0.001420
0.001420
0.001419
0.001418
0.001418
0.001417
0.001416
0.001416
0.001415
0.001415
0.001414
0.001413
0.001413
0.001412
0.001411
0.001411
0.001410
0.001409
0.001409
0.001408
0.001407
0.001407
0.001406
0.001406
0.001405
0.001404
0.001404
0.001403
0.001403
0.001402
0.001401
0.001401
0.001400
0.001399
0.001399
0.001398
0.001394
0.001400
0.001405
0.001407
0.001408
0.001408
0.001408
0.001408
0.001408
0.001408
0.001407
0.001407
0.001407
0.001407
0.001406
0.001406
0.001406
0.001405
0.001405
0.001404
0.001404
0.001404
0.001403
0.001403
0.001403
0.001402
0.001402
0.001401
0.001401
0.001401
0.001400
0.001400
0.001399
0.001399
0.001399
0.001398
0.001398
0.001398
0.001397
0.001397
0.001396
0.001396
0.001396
0.001395
0.001395
0.001395
0.001395
0.001394
0.001394
0.001394
0.001393
0.001393
0.001393
0.001392
0.001392
0.001392
0.001391
0.001391
0.001391
0.001390
0.001390
0.001390
0.001389
0.001389
0.001389
0.001389
0.001388
0.001388
0.001388
0.001387
0.001387
0.001387
0.001386
0.001386
0.001386
0.001385
0.001385
0.001385
0.001384
0.001384
0.001384
0.001384
0.001383
0.001383
0.001383
0.001382
0.001382
0.001382
0.001382
0.001381
0.001381
0.001381
0.001380
0.001380
0.001380
0.001380
0.001379
0.001379
0.001379
0.001379
