0.457855
0.320269
0.180171
0.087566
0.040305
0.027008
0.019808
0.014429
0.010423
0.007889
0.006444
0.005581
0.004980
0.004559
0.004267
0.004053
0.003889
0.003756
0.003637
0.003529
0.003427
0.003332
0.003242
0.003160
0.003084
0.003012
0.002943
0.002879
0.002822
0.002768
0.002716
0.002666
0.002620
0.002576
0.002534
0.002493
0.002453
0.002415
0.002381
0.002351
0.002322
0.002295
0.002268
0.002242
0.002219
0.002195
0.002172
0.002150
0.002128
0.002107
0.002086
0.002065
0.002046
0.002027
0.002008
0.001990
0.001972
0.001954
0.001934
0.001914
0.001891
0.001863
0.001834
0.001808
0.001787
0.001770
0.001752
0.001736
0.001718
0.001700
0.001684
0.001669
0.001654
0.001641
0.001629
0.001616
0.001604
0.001594
0.001582
0.001571
0.001561
0.001551
0.001542
0.001534
0.001526
0.001518
0.001511
0.001504
0.001497
0.001491
0.001484
0.001479
0.001473
0.001466
0.001461
0.001455
0.001450
0.001447
0.001442
0.001438
0.001414
0.001449
0.001464
0.001464
0.001460
0.001455
0.001451
0.001446
0.001443
0.001440
0.001438
0.001435
0.001432
0.001430
0.001428
0.001427
0.001425
0.001423
0.001422
0.001420
0.001418
0.001417
0.001414
0.001413
0.001411
0.001408
0.001406
0.001404
0.001401
0.001398
0.001395
0.001393
0.001391
0.001389
0.001387
0.001384
0.001382
0.001381
0.001379
0.001378
0.001377
0.001375
0.001374
0.001372
0.001371
0.001370
0.001369
0.001367
0.001366
0.001365
0.001363
0.001362
0.001361
0.001359
0.001358
0.001357
0.001356
0.001354
0.001353
0.001352
0.001351
0.001350
0.001349
0.001348
0.001347
0.001346
0.001345
0.001344
0.001343
0.001341
0.001340
0.001340
0.001338
0.001337
0.001336
0.001335
0.001333
0.001332
0.001331
0.001329
0.001328
0.001327
0.001326
0.001325
0.001324
0.001323
0.001321
0.001320
0.001320
0.001318
0.001317
0.001316
0.001315
0.001314
0.001312
0.001311
0.001310
0.001309
0.001308
0.001306
0.001263
0.001241
0.001230
0.001231
0.001231
0.001231
0.001230
0.001230
0.001229
0.001229
0.001229
0.001228
0.001228
0.001228
0.001228
0.001227
0.001227
0.001227
0.001226
0.001226
0.001226
0.001226
0.001226
0.001225
0.001225
0.001225
0.001225
0.001225
0.001225
0.001224
0.001224
0.001224
0.001224
0.001223
0.001223
0.001223
0.001223
0.001223
0.001223
0.001222
0.001222
0.001222
0.001222
0.001222
0.001222
0.001221
0.001221
0.001221
0.001221
0.001220
0.001220
0.001220
0.001220
0.001220
0.001219
0.001220
0.001219
0.001219
0.001218
0.001218
0.001218
0.001218
0.001217
0.001217
0.001217
0.001216
0.001216
0.001216
0.001216
0.001215
0.001215
0.001214
0.001214
0.001214
0.001214
0.001213
0.001213
0.001212
0.001212
0.001212
0.001212
0.001211
0.001211
0.001210
0.001210
0.001210
0.001209
0.001209
0.001209
0.001208
0.001208
0.001208
0.001207
0.001207
0.001206
0.001206
0.001206
0.001205
0.001205
0.001204
0.001185
0.001173
0.001169
0.001170
0.001169
0.001168
0.001168
0.001168
0.001168
0.001168
0.001167
0.001167
0.001167
0.001167
0.001166
0.001166
0.001166
0.001166
0.001165
0.001165
0.001165
0.001165
0.001164
0.001164
0.001164
0.001164
0.001164
0.001163
0.001163
0.001163
0.001163
0.001162
0.001162
0.001162
0.001162
0.001162
0.001161
0.001161
0.001161
0.001161
0.001160
0.001160
0.001160
0.001160
0.001160
0.001159
0.001159
0.001159
0.001159
0.001159
0.001158
0.001158
0.001158
0.001158
0.001158
0.001157
0.001157
0.001157
0.001157
0.001157
0.001156
0.001156
0.001156
0.001156
0.001156
0.001155
0.001155
0.001155
0.001155
0.001155
0.001154
0.001154
0.001154
0.001154
0.001154
0.001153
0.001153
0.001153
0.001153
0.001153
0.001152
0.001152
0.001152
0.001152
0.001151
0.001152
0.001151
0.001151
0.001151
0.001151
0.001150
0.001150
0.001150
0.001150
0.001150
0.001149
0.001149
0.001149
0.001149
0.001149
0.001141
0.001143
0.001145
0.001145
0.001144
0.001144
0.001144
0.001144
0.001144
0.001143
0.001143
0.001143
0.001143
0.001143
0.001143
0.001142
0.001142
0.001142
0.001142
0.001142
0.001142
0.001141
0.001141
0.001141
0.001141
0.001141
0.001141
0.001140
0.001140
0.001140
0.001140
0.001140
0.001140
0.001139
0.001139
0.001139
0.001139
0.001139
0.001139
0.001138
0.001138
0.001138
0.001138
0.001138
0.001138
0.001138
0.001137
0.001137
0.001137
0.001137
0.001137
0.001137
0.001136
0.001136
0.001136
0.001136
0.001136
0.001136
0.001135
0.001135
0.001135
0.001135
0.001135
0.001135
0.001135
0.001134
0.001134
0.001134
0.001134
0.001134
0.001134
0.001133
0.001133
0.001133
0.001133
0.001133
0.001133
0.001133
0.001132
0.001132
0.001132
0.001132
0.001132
0.001132
0.001132
0.001131
0.001131
0.001131
0.001131
0.001131
0.001131
0.001131
0.001130
0.001130
0.001130
0.001130
0.001130
0.001130
0.001130
0.001130
