0.483645
0.404766
0.307162
0.209316
0.149056
0.110217
0.084613
0.064408
0.045837
0.030157
0.018684
0.011200
0.008609
0.008145
0.007886
0.007749
0.007656
0.007599
0.007565
0.007546
0.007531
0.007514
0.007493
0.007470
0.007445
0.007417
0.007385
0.007351
0.007316
0.007282
0.007247
0.007213
0.007180
0.007145
0.007109
0.007072
0.007031
0.006985
0.006935
0.006883
0.006825
0.006765
0.006700
0.006639
0.006584
0.006537
0.006494
0.006456
0.006420
0.006388
0.006359
0.006331
0.006302
0.006274
0.006247
0.006221
0.006195
0.006170
0.006145
0.006121
0.006096
0.006071
0.006047
0.006023
0.005997
0.005971
0.005947
0.005923
0.005902
0.005877
0.005853
0.005828
0.005808
0.005785
0.005762
0.005740
0.005717
0.005694
0.005669
0.005642
0.005618
0.005595
0.005573
0.005551
0.005524
0.005501
0.005476
0.005449
0.005425
0.005398
0.005372
0.005346
0.005316
0.005285
0.005257
0.005228
0.005197
0.005168
0.005137
0.005107
0.005054
0.005035
0.005015
0.004992
0.004968
0.004951
0.004935
0.004917
0.004897
0.004878
0.004858
0.004839
0.004819
0.004798
0.004777
0.004755
0.004731
0.004709
0.004686
0.004664
0.004642
0.004620
0.004597
0.004574
0.004551
0.004528
0.004507
0.004486
0.004467
0.004447
0.004431
0.004414
0.004398
0.004384
0.004370
0.004356
0.004344
0.004332
0.004321
0.004311
0.004301
0.004291
0.004282
0.004273
0.004264
0.004255
0.004247
0.004239
0.004231
0.004223
0.004216
0.004209
0.004202
0.004194
0.004188
0.004181
0.004174
0.004168
0.004162
0.004156
0.004150
0.004144
0.004139
0.004133
0.004127
0.004122
0.004118
0.004113
0.004108
0.004104
0.004100
0.004095
0.004091
0.004085
0.004081
0.004077
0.004073
0.004070
0.004065
0.004061
0.004057
0.004053
0.004050
0.004046
0.004042
0.004039
0.004036
0.004031
0.004028
0.004025
0.004021
0.004018
0.004014
0.004011
0.004007
0.004004
0.004000
0.003997
0.003993
0.003989
0.003959
0.003939
0.003938
0.003936
0.003935
0.003934
0.003932
0.003930
0.003929
0.003927
0.003926
0.003924
0.003923
0.003922
0.003920
0.003919
0.003918
0.003916
0.003915
0.003914
0.003912
0.003911
0.003909
0.003908
0.003906
0.003905
0.003904
0.003902
0.003901
0.003900
0.003898
0.003897
0.003895
0.003894
0.003893
0.003891
0.003890
0.003888
0.003887
0.003886
0.003885
0.003883
0.003882
0.003881
0.003880
0.003879
0.003877
0.003876
0.003875
0.003874
0.003873
0.003872
0.003871
0.003870
0.003869
0.003868
0.003867
0.003865
0.003864
0.003862
0.003861
0.003860
0.003859
0.003858
0.003856
0.003855
0.003854
0.003853
0.003852
0.003851
0.003850
0.003849
0.003848
0.003847
0.003846
0.003844
0.003844
0.003842
0.003841
0.003840
0.003839
0.003838
0.003837
0.003835
0.003835
0.003834
0.003833
0.003832
0.003831
0.003830
0.003829
0.003828
0.003827
0.003826
0.003825
0.003824
0.003824
0.003823
0.003822
0.003821
0.003810
0.003813
0.003815
0.003813
0.003813
0.003813
0.003813
0.003812
0.003812
0.003811
0.003811
0.003810
0.003810
0.003810
0.003809
0.003809
0.003809
0.003808
0.003808
0.003807
0.003807
0.003807
0.003806
0.003806
0.003806
0.003805
0.003805
0.003805
0.003804
0.003804
0.003804
0.003804
0.003803
0.003803
0.003803
0.003802
0.003802
0.003802
0.003802
0.003801
0.003801
0.003801
0.003801
0.003800
0.003800
0.003800
0.003799
0.003799
0.003799
0.003799
0.003798
0.003798
0.003798
0.003798
0.003797
0.003797
0.003797
0.003797
0.003796
0.003796
0.003796
0.003796
0.003795
0.003795
0.003795
0.003795
0.003795
0.003794
0.003794
0.003794
0.003793
0.003793
0.003793
0.003793
0.003793
0.003792
0.003792
0.003792
0.003792
0.003792
0.003791
0.003791
0.003791
0.003791
0.003790
0.003790
0.003790
0.003790
0.003790
0.003789
0.003789
0.003789
0.003788
0.003789
0.003788
0.003788
0.003788
0.003788
0.003788
0.003788
0.003783
0.003781
0.003779
0.003777
0.003777
0.003778
0.003778
0.003777
0.003777
0.003777
0.003777
0.003777
0.003777
0.003777
0.003777
0.003777
0.003777
0.003777
0.003777
0.003777
0.003776
0.003776
0.003776
0.003776
0.003776
0.003776
0.003776
0.003776
0.003776
0.003776
0.003776
0.003776
0.003776
0.003775
0.003775
0.003775
0.003775
0.003775
0.003775
0.003775
0.003775
0.003775
0.003775
0.003775
0.003775
0.003774
0.003774
0.003774
0.003774
0.003774
0.003774
0.003774
0.003774
0.003774
0.003774
0.003774
0.003774
0.003773
0.003773
0.003773
0.003773
0.003773
0.003773
0.003773
0.003773
0.003773
0.003773
0.003772
0.003772
0.003772
0.003772
0.003772
0.003772
0.003772
0.003772
0.003772
0.003772
0.003772
0.003772
0.003771
0.003771
0.003771
0.003771
0.003771
0.003771
0.003771
0.003771
0.003771
0.003771
0.003771
0.003770
0.003770
0.003770
0.003770
0.003770
0.003770
0.003770
0.003770
0.003770
0.003770
