0.559672
0.464019
0.323231
0.143435
0.068236
0.046473
0.035510
0.027887
0.022219
0.017869
0.014534
0.012012
0.010189
0.008996
0.008266
0.007839
0.007601
0.007464
0.007384
0.007334
0.007299
0.007271
0.007246
0.007221
0.007197
0.007171
0.007144
0.007115
0.007085
0.007054
0.007021
0.006988
0.006955
0.006923
0.006891
0.006859
0.006827
0.006796
0.006763
0.006731
0.006699
0.006666
0.006633
0.006600
0.006566
0.006531
0.006497
0.006463
0.006429
0.006395
0.006362
0.006327
0.006293
0.006260
0.006226
0.006193
0.006160
0.006127
0.006095
0.006063
0.006032
0.006001
0.005970
0.005939
0.005907
0.005875
0.005843
0.005811
0.005778
0.005744
0.005710
0.005675
0.005639
0.005602
0.005564
0.005526
0.005485
0.005443
0.005401
0.005356
0.005309
0.005258
0.005204
0.005148
0.005092
0.005035
0.004976
0.004918
0.004861
0.004805
0.004751
0.004700
0.004653
0.004609
0.004567
0.004527
0.004488
0.004453
0.004419
0.004391
0.004315
0.004296
0.004291
0.004294
0.004292
0.004284
0.004277
0.004271
0.004266
0.004260
0.004254
0.004248
0.004244
0.004238
0.004233
0.004228
0.004224
0.004220
0.004215
0.004212
0.004209
0.004206
0.004202
0.004199
0.004196
0.004193
0.004189
0.004186
0.004184
0.004181
0.004178
0.004176
0.004173
0.004170
0.004166
0.004165
0.004163
0.004161
0.004159
0.004157
0.004155
0.004154
0.004152
0.004150
0.004148
0.004146
0.004144
0.004141
0.004140
0.004138
0.004136
0.004134
0.004132
0.004131
0.004129
0.004127
0.004126
0.004124
0.004124
0.004122
0.004120
0.004118
0.004116
0.004115
0.004114
0.004113
0.004112
0.004110
0.004108
0.004108
0.004107
0.004106
0.004105
0.004104
0.004102
0.004102
0.004100
0.004099
0.004098
0.004097
0.004095
0.004094
0.004093
0.004092
0.004091
0.004091
0.004088
0.004088
0.004086
0.004086
0.004084
0.004084
0.004083
0.004083
0.004082
0.004081
0.004079
0.004079
0.004078
0.004077
0.004003
0.003976
0.003966
0.003965
0.003964
0.003964
0.003963
0.003963
0.003963
0.003962
0.003962
0.003962
0.003961
0.003961
0.003961
0.003961
0.003960
0.003960
0.003960
0.003960
0.003959
0.003959
0.003959
0.003959
0.003959
0.003958
0.003958
0.003958
0.003958
0.003958
0.003957
0.003957
0.003957
0.003956
0.003956
0.003956
0.003956
0.003956
0.003956
0.003956
0.003955
0.003956
0.003955
0.003955
0.003955
0.003955
0.003955
0.003955
0.003955
0.003954
0.003954
0.003954
0.003954
0.003954
0.003954
0.003954
0.003954
0.003954
0.003954
0.003954
0.003954
0.003954
0.003954
0.003954
0.003953
0.003954
0.003954
0.003954
0.003954
0.003954
0.003954
0.003954
0.003954
0.003954
0.003954
0.003954
0.003954
0.003954
0.003955
0.003954
0.003955
0.003955
0.003955
0.003955
0.003955
0.003955
0.003955
0.003955
0.003955
0.003954
0.003955
0.003955
0.003955
0.003955
0.003955
0.003955
0.003955
0.003955
0.003955
0.003955
0.003928
0.003927
0.003929
0.003929
0.003929
0.003929
0.003929
0.003929
0.003929
0.003929
0.003929
0.003928
0.003928
0.003928
0.003928
0.003928
0.003928
0.003928
0.003928
0.003928
0.003927
0.003927
0.003927
0.003927
0.003927
0.003927
0.003927
0.003927
0.003927
0.003926
0.003926
0.003926
0.003926
0.003926
0.003926
0.003926
0.003926
0.003925
0.003926
0.003925
0.003925
0.003925
0.003925
0.003925
0.003925
0.003925
0.003925
0.003925
0.003924
0.003924
0.003924
0.003924
0.003924
0.003924
0.003924
0.003924
0.003923
0.003923
0.003923
0.003923
0.003923
0.003923
0.003923
0.003923
0.003922
0.003922
0.003922
0.003922
0.003922
0.003922
0.003922
0.003921
0.003921
0.003921
0.003921
0.003921
0.003921
0.003921
0.003921
0.003921
0.003920
0.003920
0.003920
0.003920
0.003920
0.003920
0.003920
0.003920
0.003920
0.003919
0.003920
0.003919
0.003919
0.003919
0.003919
0.003919
0.003919
0.003919
0.003919
0.003919
0.003909
0.003914
0.003914
0.003913
0.003913
0.003913
0.003914
0.003914
0.003914
0.003914
0.003914
0.003914
0.003913
0.003914
0.003913
0.003913
0.003913
0.003913
0.003913
0.003913
0.003913
0.003913
0.003913
0.003913
0.003913
0.003913
0.003913
0.003913
0.003913
0.003913
0.003913
0.003913
0.003913
0.003913
0.003912
0.003913
0.003912
0.003913
0.003912
0.003912
0.003912
0.003912
0.003912
0.003912
0.003912
0.003912
0.003912
0.003912
0.003912
0.003912
0.003912
0.003912
0.003912
0.003912
0.003912
0.003912
0.003912
0.003912
0.003912
0.003912
0.003911
0.003911
0.003911
0.003911
0.003911
0.003911
0.003911
0.003911
0.003911
0.003911
0.003911
0.003911
0.003911
0.003911
0.003911
0.003911
0.003911
0.003911
0.003911
0.003911
0.003911
0.003911
0.003911
0.003911
0.003911
0.003911
0.003911
0.003911
0.003910
0.003910
0.003910
0.003910
0.003910
0.003910
0.003910
0.003910
0.003910
0.003910
0.003910
0.003910
