0.523117
0.446459
0.357756
0.249027
0.156508
0.117840
0.096846
0.081949
0.070368
0.060395
0.051258
0.042516
0.034323
0.027488
0.022811
0.019900
0.017853
0.016335
0.015169
0.014221
0.013435
0.012762
0.012192
0.011685
0.011233
0.010840
0.010496
0.010186
0.009902
0.009641
0.009399
0.009169
0.008956
0.008745
0.008549
0.008363
0.008187
0.007995
0.007811
0.007633
0.007470
0.007310
0.007164
0.007021
0.006886
0.006762
0.006652
0.006540
0.006433
0.006335
0.006244
0.006150
0.006060
0.005971
0.005885
0.005804
0.005732
0.005663
0.005597
0.005537
0.005481
0.005426
0.005370
0.005319
0.005268
0.005222
0.005181
0.005140
0.005097
0.005055
0.005010
0.004964
0.004922
0.004883
0.004847
0.004810
0.004771
0.004733
0.004697
0.004662
0.004625
0.004588
0.004547
0.004509
0.004473
0.004438
0.004401
0.004367
0.004329
0.004292
0.004258
0.004225
0.004191
0.004159
0.004129
0.004097
0.004067
0.004037
0.004007
0.003977
0.003889
0.003876
0.003858
0.003842
0.003830
0.003816
0.003803
0.003788
0.003775
0.003762
0.003748
0.003734
0.003721
0.003708
0.003694
0.003681
0.003667
0.003654
0.003639
0.003626
0.003612
0.003598
0.003584
0.003570
0.003556
0.003542
0.003527
0.003512
0.003496
0.003481
0.003466
0.003451
0.003434
0.003417
0.003401
0.003383
0.003366
0.003350
0.003333
0.003315
0.003298
0.003281
0.003263
0.003244
0.003226
0.003208
0.003189
0.003170
0.003150
0.003131
0.003112
0.003092
0.003074
0.003056
0.003037
0.003019
0.003002
0.002986
0.002970
0.002954
0.002938
0.002923
0.002909
0.002896
0.002882
0.002869
0.002856
0.002844
0.002831
0.002820
0.002808
0.002798
0.002787
0.002776
0.002766
0.002757
0.002747
0.002739
0.002731
0.002722
0.002713
0.002705
0.002698
0.002690
0.002685
0.002679
0.002673
0.002667
0.002661
0.002656
0.002651
0.002647
0.002642
0.002638
0.002634
0.002631
0.002628
0.002625
0.002622
0.002618
0.002602
0.002595
0.002581
0.002576
0.002576
0.002574
0.002573
0.002571
0.002569
0.002569
0.002567
0.002565
0.002564
0.002562
0.002561
0.002559
0.002558
0.002557
0.002556
0.002554
0.002553
0.002553
0.002551
0.002550
0.002548
0.002547
0.002546
0.002545
0.002543
0.002542
0.002541
0.002540
0.002539
0.002537
0.002536
0.002535
0.002534
0.002533
0.002532
0.002531
0.002530
0.002529
0.002528
0.002527
0.002526
0.002524
0.002523
0.002523
0.002522
0.002521
0.002520
0.002519
0.002518
0.002517
0.002516
0.002515
0.002514
0.002513
0.002512
0.002511
0.002510
0.002509
0.002508
0.002507
0.002506
0.002505
0.002504
0.002503
0.002503
0.002502
0.002501
0.002501
0.002500
0.002499
0.002498
0.002497
0.002497
0.002496
0.002495
0.002494
0.002493
0.002492
0.002491
0.002491
0.002490
0.002489
0.002488
0.002488
0.002487
0.002486
0.002486
0.002485
0.002484
0.002483
0.002482
0.002482
0.002481
0.002479
0.002479
0.002478
0.002459
0.002455
0.002455
0.002456
0.002455
0.002455
0.002454
0.002453
0.002453
0.002452
0.002452
0.002452
0.002451
0.002451
0.002450
0.002450
0.002449
0.002449
0.002448
0.002448
0.002448
0.002447
0.002446
0.002446
0.002446
0.002445
0.002445
0.002444
0.002444
0.002443
0.002443
0.002443
0.002442
0.002441
0.002442
0.002441
0.002440
0.002440
0.002439
0.002440
0.002439
0.002438
0.002438
0.002437
0.002437
0.002436
0.002436
0.002435
0.002435
0.002435
0.002434
0.002434
0.002434
0.002433
0.002433
0.002432
0.002432
0.002431
0.002431
0.002431
0.002430
0.002430
0.002429
0.002429
0.002428
0.002428
0.002428
0.002428
0.002427
0.002426
0.002426
0.002426
0.002425
0.002425
0.002425
0.002424
0.002424
0.002423
0.002423
0.002423
0.002422
0.002421
0.002421
0.002421
0.002420
0.002421
0.002420
0.002419
0.002419
0.002418
0.002419
0.002418
0.002418
0.002417
0.002417
0.002417
0.002416
0.002416
0.002416
0.002415
0.002409
0.002412
0.002412
0.002411
0.002410
0.002409
0.002409
0.002409
0.002409
0.002409
0.002409
0.002408
0.002408
0.002408
0.002408
0.002408
0.002407
0.002407
0.002407
0.002407
0.002407
0.002406
0.002406
0.002406
0.002406
0.002405
0.002405
0.002405
0.002405
0.002405
0.002404
0.002404
0.002404
0.002404
0.002404
0.002403
0.002403
0.002403
0.002403
0.002403
0.002402
0.002402
0.002402
0.002402
0.002402
0.002401
0.002401
0.002401
0.002401
0.002401
0.002400
0.002400
0.002400
0.002400
0.002399
0.002399
0.002399
0.002399
0.002399
0.002398
0.002398
0.002398
0.002398
0.002398
0.002397
0.002397
0.002397
0.002397
0.002397
0.002396
0.002396
0.002396
0.002396
0.002396
0.002395
0.002395
0.002395
0.002395
0.002394
0.002394
0.002394
0.002394
0.002394
0.002393
0.002393
0.002393
0.002393
0.002393
0.002392
0.002392
0.002392
0.002392
0.002391
0.002391
0.002391
0.002391
0.002391
0.002390
0.002390
0.002390
