0.445564
0.193857
0.053424
0.033729
0.019110
0.011834
0.007267
0.004978
0.003961
0.003483
0.003192
0.002990
0.002842
0.002721
0.002618
0.002527
0.002446
0.002376
0.002314
0.002255
0.002201
0.002150
0.002101
0.002053
0.002009
0.001968
0.001928
0.001891
0.001857
0.001825
0.001798
0.001771
0.001747
0.001723
0.001701
0.001678
0.001655
0.001635
0.001616
0.001598
0.001580
0.001561
0.001545
0.001531
0.001521
0.001509
0.001499
0.001491
0.001483
0.001475
0.001466
0.001458
0.001450
0.001444
0.001438
0.001434
0.001430
0.001425
0.001418
0.001413
0.001407
0.001402
0.001397
0.001392
0.001388
0.001383
0.001379
0.001373
0.001368
0.001361
0.001355
0.001351
0.001348
0.001341
0.001336
0.001331
0.001325
0.001320
0.001313
0.001307
0.001302
0.001296
0.001288
0.001279
0.001272
0.001263
0.001254
0.001247
0.001242
0.001239
0.001236
0.001232
0.001227
0.001223
0.001220
0.001216
0.001212
0.001208
0.001205
0.001202
0.001151
0.001164
0.001166
0.001166
0.001163
0.001160
0.001158
0.001157
0.001155
0.001154
0.001152
0.001151
0.001150
0.001148
0.001147
0.001146
0.001144
0.001142
0.001141
0.001139
0.001138
0.001136
0.001134
0.001133
0.001131
0.001129
0.001128
0.001126
0.001125
0.001123
0.001122
0.001120
0.001119
0.001117
0.001116
0.001114
0.001113
0.001112
0.001112
0.001111
0.001110
0.001109
0.001107
0.001106
0.001105
0.001104
0.001102
0.001100
0.001099
0.001098
0.001096
0.001095
0.001093
0.001091
0.001089
0.001087
0.001086
0.001083
0.001081
0.001080
0.001079
0.001077
0.001076
0.001074
0.001073
0.001071
0.001069
0.001067
0.001066
0.001064
0.001062
0.001060
0.001058
0.001056
0.001054
0.001052
0.001050
0.001048
0.001047
0.001045
0.001043
0.001043
0.001041
0.001040
0.001039
0.001038
0.001037
0.001035
0.001034
0.001033
0.001031
0.001030
0.001029
0.001028
0.001027
0.001025
0.001024
0.001023
0.001023
0.001022
0.000995
0.001003
0.001008
0.001009
0.001009
0.001009
0.001009
0.001008
0.001008
0.001007
0.001007
0.001006
0.001006
0.001005
0.001005
0.001004
0.001003
0.001003
0.001002
0.001001
0.001001
0.001000
0.000999
0.000998
0.000998
0.000997
0.000996
0.000995
0.000995
0.000994
0.000993
0.000992
0.000991
0.000990
0.000990
0.000989
0.000988
0.000987
0.000987
0.000986
0.000985
0.000984
0.000983
0.000983
0.000982
0.000981
0.000981
0.000980
0.000980
0.000979
0.000978
0.000978
0.000977
0.000977
0.000976
0.000976
0.000975
0.000975
0.000974
0.000974
0.000973
0.000973
0.000972
0.000972
0.000971
0.000971
0.000971
0.000970
0.000970
0.000969
0.000969
0.000969
0.000968
0.000968
0.000968
0.000967
0.000967
0.000967
0.000966
0.000966
0.000966
0.000966
0.000965
0.000965
0.000965
0.000964
0.000964
0.000964
0.000963
0.000963
0.000963
0.000963
0.000962
0.000962
0.000962
0.000961
0.000961
0.000961
0.000960
0.000960
0.000957
0.000958
0.000954
0.000954
0.000954
0.000953
0.000953
0.000953
0.000953
0.000953
0.000953
0.000953
0.000953
0.000952
0.000952
0.000952
0.000952
0.000952
0.000952
0.000952
0.000952
0.000952
0.000952
0.000952
0.000952
0.000952
0.000952
0.000952
0.000951
0.000951
0.000951
0.000951
0.000951
0.000951
0.000951
0.000951
0.000951
0.000951
0.000951
0.000951
0.000951
0.000951
0.000951
0.000951
0.000951
0.000951
0.000950
0.000950
0.000950
0.000950
0.000950
0.000950
0.000950
0.000950
0.000950
0.000950
0.000950
0.000950
0.000950
0.000949
0.000949
0.000949
0.000949
0.000949
0.000949
0.000949
0.000949
0.000949
0.000949
0.000949
0.000948
0.000948
0.000948
0.000948
0.000948
0.000948
0.000948
0.000947
0.000947
0.000947
0.000947
0.000947
0.000947
0.000947
0.000946
0.000946
0.000946
0.000946
0.000946
0.000946
0.000946
0.000946
0.000946
0.000946
0.000945
0.000945
0.000945
0.000945
0.000945
0.000945
0.000934
0.000929
0.000926
0.000926
0.000927
0.000926
0.000926
0.000926
0.000926
0.000926
0.000926
0.000926
0.000926
0.000926
0.000926
0.000926
0.000926
0.000926
0.000925
0.000925
0.000925
0.000925
0.000925
0.000925
0.000925
0.000925
0.000925
0.000925
0.000925
0.000925
0.000925
0.000925
0.000925
0.000925
0.000925
0.000925
0.000924
0.000924
0.000924
0.000924
0.000924
0.000924
0.000924
0.000924
0.000924
0.000924
0.000924
0.000924
0.000924
0.000924
0.000924
0.000924
0.000924
0.000924
0.000924
0.000924
0.000923
0.000923
0.000923
0.000923
0.000923
0.000923
0.000923
0.000923
0.000923
0.000923
0.000923
0.000923
0.000923
0.000923
0.000923
0.000923
0.000923
0.000923
0.000923
0.000923
0.000923
0.000923
0.000922
0.000922
0.000922
0.000922
0.000922
0.000922
0.000922
0.000922
0.000922
0.000922
0.000922
0.000922
0.000922
0.000922
0.000922
0.000922
0.000922
0.000922
0.000922
0.000922
0.000922
0.000921
