0.442820
0.280905
0.184589
0.121991
0.078255
0.046540
0.019901
0.009507
0.008910
0.008444
0.008196
0.008056
0.007962
0.007958
0.007967
0.007968
0.007969
0.007971
0.007972
0.007972
0.007971
0.007970
0.007968
0.007966
0.007964
0.007961
0.007957
0.007952
0.007947
0.007941
0.007932
0.007922
0.007912
0.007901
0.007889
0.007875
0.007860
0.007844
0.007827
0.007806
0.007783
0.007758
0.007731
0.007704
0.007674
0.007641
0.007608
0.007572
0.007533
0.007491
0.007445
0.007397
0.007347
0.007294
0.007238
0.007178
0.007117
0.007055
0.006990
0.006920
0.006854
0.006787
0.006719
0.006655
0.006597
0.006534
0.006327
0.005859
0.005473
0.005183
0.005004
0.004885
0.004786
0.004695
0.004619
0.004556
0.004498
0.004443
0.004389
0.004332
0.004270
0.004209
0.004153
0.004097
0.004039
0.003985
0.003931
0.003881
0.003833
0.003787
0.003746
0.003704
0.003663
0.003627
0.003594
0.003563
0.003532
0.003502
0.003475
0.003449
0.003355
0.003319
0.003290
0.003281
0.003272
0.003261
0.003251
0.003240
0.003229
0.003219
0.003208
0.003196
0.003185
0.003174
0.003164
0.003153
0.003141
0.003129
0.003117
0.003103
0.003088
0.003071
0.003053
0.003031
0.003004
0.002971
0.002932
0.002884
0.002835
0.002789
0.002753
0.002718
0.002686
0.002651
0.002620
0.002590
0.002562
0.002535
0.002511
0.002490
0.002470
0.002452
0.002434
0.002419
0.002405
0.002391
0.002378
0.002366
0.002354
0.002343
0.002333
0.002322
0.002310
0.002300
0.002291
0.002283
0.002275
0.002267
0.002258
0.002251
0.002243
0.002237
0.002230
0.002224
0.002218
0.002213
0.002207
0.002202
0.002197
0.002193
0.002188
0.002184
0.002179
0.002175
0.002171
0.002167
0.002164
0.002160
0.002158
0.002153
0.002151
0.002149
0.002145
0.002143
0.002140
0.002139
0.002137
0.002135
0.002134
0.002132
0.002130
0.002128
0.002126
0.002124
0.002123
0.002122
0.002120
0.002119
0.002117
0.002116
0.002090
0.002103
0.002118
0.002127
0.002130
0.002130
0.002130
0.002129
0.002128
0.002128
0.002127
0.002127
0.002125
0.002124
0.002124
0.002123
0.002123
0.002122
0.002122
0.002121
0.002121
0.002121
0.002121
0.002120
0.002120
0.002120
0.002119
0.002119
0.002119
0.002118
0.002118
0.002117
0.002117
0.002117
0.002116
0.002116
0.002115
0.002116
0.002115
0.002114
0.002113
0.002113
0.002114
0.002113
0.002112
0.002112
0.002112
0.002112
0.002112
0.002112
0.002111
0.002111
0.002110
0.002110
0.002109
0.002109
0.002108
0.002107
0.002108
0.002107
0.002107
0.002106
0.002106
0.002106
0.002106
0.002105
0.002105
0.002105
0.002105
0.002104
0.002104
0.002103
0.002103
0.002102
0.002102
0.002102
0.002102
0.002102
0.002101
0.002101
0.002101
0.002101
0.002100
0.002100
0.002100
0.002100
0.002100
0.002100
0.002099
0.002099
0.002099
0.002099
0.002099
0.002099
0.002099
0.002099
0.002099
0.002099
0.002099
0.002098
0.002082
0.002047
0.002042
0.002044
0.002043
0.002043
0.002043
0.002043
0.002043
0.002043
0.002043
0.002043
0.002043
0.002043
0.002043
0.002043
0.002043
0.002043
0.002043
0.002043
0.002043
0.002043
0.002043
0.002043
0.002043
0.002043
0.002043
0.002043
0.002043
0.002042
0.002042
0.002043
0.002042
0.002042
0.002042
0.002042
0.002043
0.002042
0.002042
0.002043
0.002043
0.002043
0.002043
0.002043
0.002042
0.002043
0.002043
0.002043
0.002043
0.002043
0.002043
0.002043
0.002043
0.002043
0.002043
0.002043
0.002043
0.002043
0.002043
0.002043
0.002043
0.002043
0.002043
0.002043
0.002043
0.002043
0.002043
0.002043
0.002043
0.002044
0.002044
0.002044
0.002044
0.002044
0.002044
0.002044
0.002044
0.002044
0.002044
0.002044
0.002045
0.002044
0.002045
0.002045
0.002045
0.002045
0.002045
0.002045
0.002045
0.002045
0.002045
0.002045
0.002045
0.002045
0.002045
0.002045
0.002045
0.002045
0.002045
0.002045
0.002037
0.002035
0.002035
0.002034
0.002034
0.002034
0.002034
0.002034
0.002034
0.002034
0.002034
0.002034
0.002034
0.002034
0.002034
0.002034
0.002034
0.002034
0.002034
0.002034
0.002034
0.002034
0.002034
0.002034
0.002034
0.002034
0.002034
0.002034
0.002034
0.002033
0.002033
0.002033
0.002033
0.002033
0.002033
0.002033
0.002033
0.002033
0.002033
0.002033
0.002033
0.002033
0.002033
0.002033
0.002033
0.002033
0.002033
0.002033
0.002033
0.002033
0.002033
0.002033
0.002033
0.002033
0.002033
0.002033
0.002033
0.002033
0.002033
0.002033
0.002033
0.002033
0.002033
0.002033
0.002033
0.002033
0.002033
0.002033
0.002033
0.002033
0.002033
0.002033
0.002033
0.002033
0.002033
0.002033
0.002033
0.002033
0.002033
0.002033
0.002033
0.002033
0.002033
0.002033
0.002033
0.002033
0.002033
0.002033
0.002033
0.002033
0.002033
0.002033
0.002033
0.002033
0.002033
0.002033
0.002033
0.002033
0.002033
0.002033
