0.446538
0.341308
0.244507
0.143021
0.060479
0.041964
0.032938
0.026940
0.022641
0.018986
0.015962
0.013565
0.011755
0.010459
0.009593
0.009044
0.008705
0.008495
0.008357
0.008259
0.008181
0.008116
0.008060
0.008003
0.007943
0.007879
0.007810
0.007733
0.007648
0.007555
0.007457
0.007356
0.007253
0.007153
0.007056
0.006963
0.006878
0.006797
0.006723
0.006655
0.006593
0.006534
0.006481
0.006428
0.006377
0.006328
0.006281
0.006238
0.006195
0.006155
0.006116
0.006078
0.006041
0.006006
0.005972
0.005942
0.005912
0.005884
0.005855
0.005828
0.005801
0.005774
0.005748
0.005722
0.005693
0.005665
0.005637
0.005604
0.005571
0.005531
0.005480
0.005428
0.005360
0.005274
0.005175
0.005057
0.004926
0.004786
0.004648
0.004514
0.004385
0.004257
0.004140
0.004030
0.003929
0.003838
0.003755
0.003677
0.003605
0.003541
0.003480
0.003423
0.003368
0.003319
0.003276
0.003235
0.003197
0.003162
0.003131
0.003100
0.003034
0.003014
0.003009
0.003001
0.002990
0.002980
0.002970
0.002960
0.002950
0.002941
0.002931
0.002923
0.002915
0.002907
0.002899
0.002892
0.002883
0.002876
0.002868
0.002860
0.002852
0.002845
0.002838
0.002831
0.002824
0.002818
0.002811
0.002804
0.002798
0.002792
0.002786
0.002780
0.002774
0.002768
0.002762
0.002756
0.002751
0.002745
0.002740
0.002734
0.002729
0.002724
0.002718
0.002713
0.002707
0.002702
0.002697
0.002692
0.002687
0.002682
0.002677
0.002672
0.002668
0.002664
0.002659
0.002655
0.002650
0.002646
0.002641
0.002637
0.002633
0.002629
0.002625
0.002622
0.002618
0.002614
0.002610
0.002606
0.002601
0.002598
0.002594
0.002590
0.002586
0.002581
0.002577
0.002573
0.002569
0.002566
0.002562
0.002559
0.002556
0.002553
0.002550
0.002547
0.002544
0.002541
0.002538
0.002535
0.002532
0.002528
0.002525
0.002522
0.002519
0.002516
0.002513
0.002510
0.002508
0.002506
0.002503
0.002501
0.002482
0.002436
0.002432
0.002433
0.002429
0.002429
0.002428
0.002427
0.002426
0.002425
0.002424
0.002423
0.002421
0.002420
0.002419
0.002418
0.002417
0.002416
0.002415
0.002414
0.002413
0.002413
0.002412
0.002411
0.002410
0.002409
0.002408
0.002407
0.002406
0.002405
0.002404
0.002403
0.002402
0.002401
0.002401
0.002400
0.002399
0.002398
0.002397
0.002396
0.002395
0.002394
0.002394
0.002393
0.002392
0.002391
0.002390
0.002390
0.002389
0.002388
0.002387
0.002387
0.002386
0.002385
0.002384
0.002384
0.002383
0.002382
0.002382
0.002381
0.002380
0.002380
0.002379
0.002378
0.002377
0.002377
0.002376
0.002375
0.002375
0.002374
0.002373
0.002373
0.002372
0.002371
0.002370
0.002370
0.002369
0.002368
0.002368
0.002367
0.002366
0.002365
0.002364
0.002363
0.002363
0.002362
0.002360
0.002359
0.002357
0.002355
0.002353
0.002350
0.002346
0.002342
0.002337
0.002331
0.002323
0.002316
0.002311
0.002306
0.002292
0.002294
0.002291
0.002287
0.002285
0.002282
0.002281
0.002279
0.002277
0.002276
0.002275
0.002273
0.002271
0.002270
0.002268
0.002267
0.002265
0.002264
0.002263
0.002262
0.002261
0.002259
0.002258
0.002257
0.002257
0.002256
0.002255
0.002254
0.002253
0.002252
0.002251
0.002250
0.002249
0.002248
0.002247
0.002246
0.002246
0.002245
0.002244
0.002243
0.002242
0.002241
0.002240
0.002239
0.002238
0.002238
0.002237
0.002236
0.002235
0.002234
0.002233
0.002231
0.002230
0.002229
0.002227
0.002226
0.002224
0.002221
0.002217
0.002212
0.002205
0.002196
0.002184
0.002173
0.002164
0.002156
0.002150
0.002145
0.002140
0.002135
0.002131
0.002126
0.002121
0.002116
0.002112
0.002107
0.002102
0.002096
0.002091
0.002086
0.002081
0.002075
0.002070
0.002065
0.002059
0.002054
0.002048
0.002043
0.002037
0.002031
0.002026
0.002020
0.002015
0.002010
0.002005
0.002000
0.001995
0.001990
0.001986
0.001981
0.001975
0.001983
0.001987
0.001987
0.001986
0.001984
0.001982
0.001980
0.001978
0.001976
0.001974
0.001972
0.001970
0.001968
0.001966
0.001964
0.001962
0.001960
0.001959
0.001957
0.001955
0.001954
0.001952
0.001950
0.001949
0.001947
0.001946
0.001944
0.001942
0.001940
0.001939
0.001938
0.001936
0.001935
0.001934
0.001933
0.001931
0.001930
0.001929
0.001928
0.001926
0.001925
0.001924
0.001923
0.001922
0.001921
0.001919
0.001918
0.001917
0.001916
0.001915
0.001914
0.001913
0.001913
0.001912
0.001911
0.001910
0.001909
0.001908
0.001907
0.001906
0.001905
0.001905
0.001904
0.001903
0.001903
0.001902
0.001901
0.001901
0.001900
0.001899
0.001899
0.001898
0.001898
0.001897
0.001896
0.001896
0.001895
0.001895
0.001894
0.001894
0.001893
0.001893
0.001892
0.001892
0.001891
0.001891
0.001890
0.001890
0.001889
0.001889
0.001889
0.001888
0.001888
0.001887
0.001887
0.001887
0.001887
0.001886
0.001886
