0.452618
0.248057
0.102136
0.044253
0.031995
0.021383
0.014097
0.009659
0.007267
0.005996
0.005332
0.004973
0.004729
0.004535
0.004364
0.004206
0.004064
0.003937
0.003821
0.003709
0.003601
0.003497
0.003399
0.003302
0.003200
0.003097
0.002985
0.002869
0.002757
0.002650
0.002553
0.002467
0.002392
0.002326
0.002264
0.002210
0.002162
0.002118
0.002078
0.002041
0.002008
0.001976
0.001947
0.001921
0.001898
0.001875
0.001855
0.001838
0.001821
0.001805
0.001790
0.001778
0.001766
0.001755
0.001745
0.001736
0.001727
0.001718
0.001710
0.001702
0.001695
0.001687
0.001680
0.001674
0.001667
0.001661
0.001655
0.001649
0.001642
0.001635
0.001629
0.001623
0.001616
0.001609
0.001602
0.001596
0.001589
0.001583
0.001579
0.001572
0.001566
0.001560
0.001555
0.001549
0.001543
0.001539
0.001535
0.001528
0.001523
0.001517
0.001512
0.001506
0.001501
0.001496
0.001492
0.001488
0.001484
0.001480
0.001473
0.001469
0.001407
0.001404
0.001402
0.001398
0.001393
0.001388
0.001384
0.001381
0.001379
0.001377
0.001374
0.001372
0.001369
0.001367
0.001365
0.001363
0.001360
0.001358
0.001355
0.001353
0.001351
0.001349
0.001346
0.001344
0.001342
0.001340
0.001338
0.001337
0.001335
0.001333
0.001331
0.001329
0.001328
0.001326
0.001324
0.001322
0.001321
0.001319
0.001317
0.001315
0.001313
0.001311
0.001309
0.001308
0.001306
0.001304
0.001302
0.001301
0.001299
0.001298
0.001296
0.001295
0.001293
0.001292
0.001290
0.001289
0.001288
0.001286
0.001285
0.001283
0.001282
0.001281
0.001280
0.001278
0.001277
0.001276
0.001275
0.001274
0.001273
0.001272
0.001270
0.001269
0.001268
0.001267
0.001266
0.001264
0.001263
0.001262
0.001261
0.001260
0.001258
0.001257
0.001256
0.001256
0.001254
0.001253
0.001252
0.001251
0.001250
0.001249
0.001248
0.001247
0.001246
0.001245
0.001244
0.001243
0.001242
0.001241
0.001239
0.001239
0.001219
0.001221
0.001222
0.001222
0.001221
0.001221
0.001220
0.001219
0.001219
0.001218
0.001218
0.001217
0.001217
0.001216
0.001216
0.001216
0.001215
0.001215
0.001214
0.001214
0.001213
0.001213
0.001213
0.001212
0.001212
0.001211
0.001211
0.001211
0.001210
0.001210
0.001210
0.001209
0.001209
0.001208
0.001208
0.001208
0.001207
0.001207
0.001206
0.001206
0.001205
0.001205
0.001204
0.001204
0.001204
0.001203
0.001202
0.001202
0.001201
0.001201
0.001200
0.001200
0.001199
0.001199
0.001198
0.001198
0.001197
0.001197
0.001196
0.001196
0.001195
0.001195
0.001194
0.001194
0.001193
0.001193
0.001192
0.001192
0.001191
0.001190
0.001189
0.001189
0.001188
0.001187
0.001186
0.001186
0.001185
0.001185
0.001184
0.001183
0.001182
0.001181
0.001181
0.001180
0.001179
0.001179
0.001178
0.001177
0.001177
0.001176
0.001175
0.001175
0.001174
0.001173
0.001172
0.001171
0.001170
0.001170
0.001169
0.001168
0.001152
0.001141
0.001140
0.001139
0.001138
0.001138
0.001137
0.001137
0.001136
0.001136
0.001135
0.001135
0.001135
0.001134
0.001134
0.001133
0.001133
0.001132
0.001132
0.001131
0.001131
0.001130
0.001130
0.001130
0.001129
0.001129
0.001128
0.001128
0.001127
0.001127
0.001126
0.001126
0.001125
0.001125
0.001125
0.001124
0.001124
0.001123
0.001123
0.001122
0.001122
0.001121
0.001121
0.001120
0.001120
0.001119
0.001119
0.001118
0.001118
0.001117
0.001117
0.001116
0.001116
0.001115
0.001115
0.001114
0.001114
0.001113
0.001113
0.001112
0.001112
0.001111
0.001111
0.001110
0.001110
0.001110
0.001109
0.001109
0.001108
0.001108
0.001107
0.001107
0.001106
0.001106
0.001105
0.001105
0.001104
0.001104
0.001103
0.001103
0.001102
0.001101
0.001101
0.001100
0.001100
0.001099
0.001099
0.001098
0.001098
0.001097
0.001097
0.001096
0.001096
0.001095
0.001095
0.001094
0.001094
0.001093
0.001093
0.001092
0.001086
0.001085
0.001084
0.001084
0.001083
0.001083
0.001083
0.001082
0.001082
0.001082
0.001081
0.001081
0.001081
0.001081
0.001080
0.001080
0.001080
0.001079
0.001079
0.001079
0.001079
0.001078
0.001078
0.001078
0.001078
0.001077
0.001077
0.001077
0.001076
0.001076
0.001076
0.001075
0.001075
0.001075
0.001075
0.001074
0.001074
0.001074
0.001073
0.001073
0.001073
0.001073
0.001072
0.001072
0.001072
0.001072
0.001071
0.001071
0.001071
0.001070
0.001070
0.001070
0.001070
0.001069
0.001069
0.001069
0.001068
0.001068
0.001068
0.001067
0.001067
0.001067
0.001067
0.001066
0.001066
0.001066
0.001066
0.001065
0.001065
0.001065
0.001064
0.001064
0.001064
0.001063
0.001063
0.001063
0.001063
0.001062
0.001062
0.001062
0.001061
0.001061
0.001061
0.001060
0.001060
0.001060
0.001060
0.001059
0.001059
0.001059
0.001058
0.001058
0.001058
0.001058
0.001057
0.001057
0.001057
0.001056
0.001056
0.001056
