0.409231
0.092234
0.034224
0.015959
0.008493
0.005497
0.003951
0.003291
0.002978
0.002762
0.002574
0.002427
0.002301
0.002193
0.002097
0.002012
0.001935
0.001867
0.001805
0.001749
0.001701
0.001659
0.001622
0.001593
0.001567
0.001543
0.001523
0.001503
0.001487
0.001468
0.001451
0.001434
0.001419
0.001403
0.001390
0.001376
0.001363
0.001352
0.001341
0.001330
0.001319
0.001310
0.001303
0.001296
0.001290
0.001285
0.001276
0.001266
0.001258
0.001248
0.001239
0.001236
0.001232
0.001228
0.001221
0.001214
0.001208
0.001199
0.001193
0.001187
0.001181
0.001178
0.001174
0.001171
0.001167
0.001164
0.001162
0.001159
0.001156
0.001153
0.001148
0.001144
0.001141
0.001138
0.001136
0.001134
0.001131
0.001129
0.001128
0.001127
0.001125
0.001123
0.001120
0.001117
0.001113
0.001110
0.001106
0.001103
0.001100
0.001096
0.001094
0.001091
0.001089
0.001084
0.001079
0.001075
0.001072
0.001070
0.001069
0.001068
0.001002
0.001019
0.001007
0.000997
0.000998
0.000999
0.000998
0.000997
0.000997
0.000996
0.000996
0.000997
0.000996
0.000996
0.000996
0.000996
0.000996
0.000995
0.000995
0.000995
0.000996
0.000996
0.000995
0.000995
0.000994
0.000994
0.000994
0.000994
0.000993
0.000992
0.000992
0.000991
0.000991
0.000990
0.000989
0.000989
0.000987
0.000986
0.000986
0.000985
0.000984
0.000984
0.000983
0.000981
0.000980
0.000980
0.000979
0.000978
0.000977
0.000976
0.000975
0.000974
0.000973
0.000972
0.000971
0.000970
0.000968
0.000967
0.000966
0.000965
0.000964
0.000963
0.000963
0.000961
0.000960
0.000959
0.000957
0.000956
0.000955
0.000955
0.000954
0.000954
0.000953
0.000952
0.000951
0.000951
0.000950
0.000949
0.000949
0.000948
0.000947
0.000946
0.000946
0.000946
0.000945
0.000945
0.000944
0.000943
0.000942
0.000941
0.000940
0.000939
0.000938
0.000938
0.000937
0.000936
0.000935
0.000935
0.000934
0.000934
0.000891
0.000897
0.000900
0.000902
0.000902
0.000902
0.000902
0.000902
0.000901
0.000901
0.000900
0.000900
0.000899
0.000899
0.000898
0.000898
0.000897
0.000896
0.000896
0.000895
0.000894
0.000893
0.000893
0.000892
0.000891
0.000890
0.000889
0.000888
0.000887
0.000886
0.000885
0.000885
0.000884
0.000883
0.000882
0.000881
0.000880
0.000879
0.000879
0.000878
0.000877
0.000876
0.000876
0.000875
0.000875
0.000874
0.000873
0.000873
0.000872
0.000872
0.000871
0.000871
0.000870
0.000870
0.000869
0.000869
0.000868
0.000868
0.000868
0.000867
0.000867
0.000866
0.000866
0.000866
0.000866
0.000865
0.000865
0.000865
0.000864
0.000864
0.000864
0.000864
0.000863
0.000863
0.000863
0.000863
0.000862
0.000862
0.000862
0.000862
0.000862
0.000861
0.000861
0.000861
0.000861
0.000861
0.000860
0.000860
0.000860
0.000860
0.000860
0.000860
0.000859
0.000859
0.000859
0.000859
0.000859
0.000858
0.000858
0.000858
0.000859
0.000879
0.000888
0.000895
0.000899
0.000901
0.000899
0.000894
0.000889
0.000883
0.000878
0.000875
0.000873
0.000871
0.000870
0.000869
0.000868
0.000868
0.000867
0.000866
0.000866
0.000865
0.000865
0.000865
0.000864
0.000864
0.000864
0.000863
0.000863
0.000863
0.000863
0.000863
0.000862
0.000862
0.000862
0.000862
0.000862
0.000862
0.000862
0.000861
0.000861
0.000861
0.000861
0.000861
0.000861
0.000861
0.000861
0.000861
0.000860
0.000860
0.000860
0.000860
0.000860
0.000860
0.000860
0.000860
0.000860
0.000859
0.000859
0.000859
0.000859
0.000859
0.000859
0.000859
0.000859
0.000859
0.000859
0.000859
0.000858
0.000858
0.000858
0.000858
0.000858
0.000858
0.000858
0.000858
0.000858
0.000857
0.000857
0.000857
0.000857
0.000857
0.000857
0.000857
0.000857
0.000857
0.000856
0.000856
0.000856
0.000856
0.000856
0.000856
0.000856
0.000856
0.000855
0.000855
0.000855
0.000855
0.000855
0.000855
0.000843
0.000831
0.000829
0.000830
0.000829
0.000829
0.000829
0.000829
0.000829
0.000829
0.000829
0.000829
0.000829
0.000829
0.000829
0.000829
0.000829
0.000829
0.000829
0.000829
0.000829
0.000829
0.000829
0.000829
0.000829
0.000829
0.000829
0.000828
0.000828
0.000828
0.000828
0.000828
0.000828
0.000828
0.000828
0.000828
0.000828
0.000828
0.000828
0.000828
0.000828
0.000828
0.000828
0.000828
0.000828
0.000828
0.000828
0.000828
0.000828
0.000828
0.000828
0.000828
0.000828
0.000828
0.000828
0.000828
0.000828
0.000828
0.000828
0.000827
0.000827
0.000827
0.000827
0.000827
0.000827
0.000827
0.000827
0.000827
0.000827
0.000827
0.000827
0.000827
0.000827
0.000827
0.000827
0.000827
0.000827
0.000827
0.000827
0.000827
0.000827
0.000827
0.000827
0.000827
0.000827
0.000827
0.000827
0.000827
0.000827
0.000827
0.000827
0.000827
0.000827
0.000827
0.000827
0.000827
0.000826
0.000826
0.000826
0.000826
