0.431310
0.136785
0.039616
0.011548
0.007271
0.005651
0.004975
0.004473
0.004021
0.003634
0.003321
0.003079
0.002880
0.002711
0.002565
0.002446
0.002347
0.002259
0.002182
0.002115
0.002056
0.002003
0.001955
0.001911
0.001868
0.001827
0.001788
0.001750
0.001711
0.001675
0.001639
0.001604
0.001567
0.001530
0.001492
0.001455
0.001420
0.001386
0.001355
0.001327
0.001302
0.001280
0.001258
0.001239
0.001219
0.001202
0.001186
0.001170
0.001155
0.001141
0.001127
0.001113
0.001097
0.001081
0.001066
0.001051
0.001037
0.001021
0.001005
0.000992
0.000979
0.000966
0.000954
0.000943
0.000933
0.000923
0.000915
0.000907
0.000900
0.000894
0.000886
0.000879
0.000870
0.000862
0.000853
0.000844
0.000835
0.000825
0.000815
0.000807
0.000799
0.000793
0.000787
0.000782
0.000778
0.000773
0.000769
0.000766
0.000763
0.000760
0.000758
0.000756
0.000754
0.000752
0.000751
0.000749
0.000748
0.000746
0.000746
0.000744
0.000701
0.000690
0.000681
0.000679
0.000678
0.000676
0.000674
0.000672
0.000670
0.000668
0.000666
0.000663
0.000661
0.000658
0.000656
0.000653
0.000652
0.000649
0.000647
0.000646
0.000644
0.000642
0.000640
0.000639
0.000637
0.000636
0.000634
0.000633
0.000631
0.000629
0.000628
0.000626
0.000625
0.000623
0.000622
0.000620
0.000618
0.000616
0.000615
0.000613
0.000611
0.000610
0.000608
0.000606
0.000605
0.000603
0.000602
0.000600
0.000599
0.000597
0.000596
0.000595
0.000594
0.000593
0.000592
0.000591
0.000590
0.000589
0.000588
0.000588
0.000587
0.000586
0.000586
0.000585
0.000584
0.000584
0.000582
0.000582
0.000581
0.000580
0.000579
0.000578
0.000577
0.000576
0.000575
0.000574
0.000573
0.000572
0.000571
0.000570
0.000569
0.000568
0.000567
0.000565
0.000564
0.000563
0.000562
0.000561
0.000560
0.000560
0.000559
0.000558
0.000557
0.000557
0.000556
0.000555
0.000554
0.000553
0.000553
0.000552
0.000530
0.000527
0.000523
0.000521
0.000520
0.000520
0.000519
0.000519
0.000518
0.000518
0.000517
0.000517
0.000517
0.000516
0.000516
0.000515
0.000515
0.000515
0.000514
0.000514
0.000514
0.000513
0.000513
0.000512
0.000512
0.000512
0.000511
0.000511
0.000511
0.000510
0.000510
0.000510
0.000509
0.000509
0.000509
0.000509
0.000508
0.000508
0.000507
0.000507
0.000507
0.000506
0.000506
0.000506
0.000505
0.000505
0.000505
0.000504
0.000504
0.000503
0.000503
0.000503
0.000502
0.000502
0.000502
0.000501
0.000501
0.000500
0.000500
0.000499
0.000499
0.000499
0.000498
0.000498
0.000498
0.000497
0.000497
0.000496
0.000496
0.000496
0.000495
0.000495
0.000495
0.000494
0.000494
0.000494
0.000494
0.000493
0.000493
0.000493
0.000492
0.000492
0.000492
0.000492
0.000491
0.000491
0.000491
0.000490
0.000490
0.000490
0.000490
0.000489
0.000489
0.000489
0.000488
0.000488
0.000488
0.000488
0.000487
0.000487
0.000479
0.000482
0.000485
0.000487
0.000487
0.000487
0.000487
0.000487
0.000487
0.000487
0.000486
0.000486
0.000486
0.000486
0.000486
0.000486
0.000486
0.000486
0.000486
0.000485
0.000485
0.000485
0.000485
0.000485
0.000485
0.000484
0.000484
0.000484
0.000484
0.000484
0.000484
0.000483
0.000483
0.000483
0.000483
0.000483
0.000482
0.000482
0.000482
0.000482
0.000482
0.000481
0.000481
0.000481
0.000481
0.000480
0.000480
0.000480
0.000480
0.000479
0.000479
0.000479
0.000479
0.000478
0.000478
0.000478
0.000478
0.000478
0.000477
0.000477
0.000477
0.000477
0.000477
0.000476
0.000476
0.000476
0.000476
0.000476
0.000475
0.000475
0.000475
0.000475
0.000475
0.000475
0.000474
0.000474
0.000474
0.000474
0.000474
0.000473
0.000473
0.000473
0.000473
0.000473
0.000473
0.000472
0.000472
0.000472
0.000472
0.000472
0.000472
0.000472
0.000472
0.000471
0.000471
0.000471
0.000471
0.000471
0.000471
0.000471
0.000471
0.000471
0.000467
0.000468
0.000468
0.000468
0.000468
0.000467
0.000467
0.000467
0.000467
0.000467
0.000466
0.000466
0.000466
0.000466
0.000466
0.000466
0.000466
0.000466
0.000466
0.000465
0.000465
0.000465
0.000465
0.000465
0.000465
0.000465
0.000465
0.000465
0.000465
0.000465
0.000465
0.000465
0.000464
0.000464
0.000464
0.000464
0.000464
0.000464
0.000464
0.000464
0.000464
0.000464
0.000464
0.000464
0.000464
0.000464
0.000464
0.000463
0.000463
0.000463
0.000463
0.000463
0.000463
0.000463
0.000463
0.000463
0.000463
0.000462
0.000462
0.000462
0.000462
0.000462
0.000462
0.000462
0.000462
0.000462
0.000462
0.000462
0.000462
0.000461
0.000461
0.000461
0.000461
0.000461
0.000461
0.000461
0.000461
0.000461
0.000461
0.000461
0.000461
0.000460
0.000460
0.000460
0.000460
0.000460
0.000460
0.000460
0.000460
0.000460
0.000460
0.000460
0.000460
0.000460
0.000459
0.000459
0.000459
0.000459
