0.388711
0.166652
0.059045
0.020639
0.009381
0.007908
0.007136
0.006733
0.006369
0.006026
0.005717
0.005444
0.005211
0.005013
0.004842
0.004692
0.004558
0.004437
0.004324
0.004217
0.004113
0.004011
0.003905
0.003798
0.003693
0.003584
0.003477
0.003372
0.003269
0.003172
0.003084
0.003004
0.002930
0.002860
0.002792
0.002728
0.002665
0.002604
0.002545
0.002486
0.002431
0.002378
0.002325
0.002276
0.002229
0.002181
0.002137
0.002095
0.002056
0.002018
0.001983
0.001951
0.001920
0.001893
0.001867
0.001842
0.001818
0.001796
0.001774
0.001753
0.001733
0.001714
0.001695
0.001678
0.001659
0.001642
0.001625
0.001609
0.001594
0.001579
0.001566
0.001554
0.001542
0.001530
0.001519
0.001508
0.001499
0.001488
0.001479
0.001469
0.001460
0.001452
0.001445
0.001437
0.001432
0.001425
0.001419
0.001414
0.001407
0.001403
0.001396
0.001390
0.001384
0.001378
0.001372
0.001366
0.001360
0.001354
0.001352
0.001347
0.001288
0.001266
0.001257
0.001249
0.001245
0.001242
0.001240
0.001238
0.001235
0.001233
0.001231
0.001229
0.001227
0.001225
0.001223
0.001222
0.001220
0.001218
0.001217
0.001215
0.001214
0.001212
0.001211
0.001210
0.001209
0.001207
0.001206
0.001205
0.001204
0.001203
0.001202
0.001200
0.001199
0.001197
0.001196
0.001195
0.001193
0.001191
0.001189
0.001188
0.001187
0.001185
0.001184
0.001183
0.001182
0.001181
0.001180
0.001179
0.001178
0.001177
0.001176
0.001175
0.001175
0.001174
0.001173
0.001173
0.001173
0.001172
0.001172
0.001171
0.001171
0.001170
0.001170
0.001170
0.001169
0.001169
0.001169
0.001168
0.001168
0.001167
0.001167
0.001167
0.001166
0.001165
0.001165
0.001164
0.001164
0.001163
0.001163
0.001163
0.001162
0.001161
0.001161
0.001160
0.001160
0.001159
0.001158
0.001158
0.001157
0.001155
0.001155
0.001154
0.001153
0.001152
0.001151
0.001150
0.001149
0.001149
0.001148
0.001146
0.001116
0.001125
0.001131
0.001129
0.001126
0.001123
0.001121
0.001121
0.001120
0.001120
0.001120
0.001120
0.001119
0.001118
0.001118
0.001118
0.001117
0.001117
0.001117
0.001117
0.001116
0.001116
0.001115
0.001115
0.001114
0.001113
0.001113
0.001112
0.001111
0.001110
0.001109
0.001108
0.001107
0.001106
0.001105
0.001104
0.001102
0.001101
0.001099
0.001097
0.001096
0.001094
0.001092
0.001091
0.001089
0.001087
0.001086
0.001084
0.001083
0.001081
0.001080
0.001078
0.001077
0.001075
0.001073
0.001071
0.001070
0.001068
0.001066
0.001064
0.001062
0.001060
0.001058
0.001056
0.001055
0.001053
0.001051
0.001049
0.001047
0.001045
0.001043
0.001042
0.001040
0.001038
0.001036
0.001035
0.001033
0.001032
0.001031
0.001029
0.001028
0.001026
0.001025
0.001024
0.001023
0.001022
0.001021
0.001020
0.001019
0.001018
0.001017
0.001015
0.001014
0.001014
0.001013
0.001012
0.001010
0.001009
0.001008
0.001007
0.001003
0.000987
0.000992
0.000990
0.000991
0.000991
0.000990
0.000989
0.000989
0.000988
0.000987
0.000987
0.000986
0.000985
0.000984
0.000984
0.000983
0.000982
0.000982
0.000981
0.000980
0.000980
0.000979
0.000978
0.000977
0.000977
0.000976
0.000975
0.000975
0.000974
0.000973
0.000972
0.000972
0.000971
0.000970
0.000969
0.000969
0.000968
0.000967
0.000967
0.000966
0.000966
0.000965
0.000964
0.000964
0.000963
0.000962
0.000962
0.000961
0.000961
0.000960
0.000960
0.000959
0.000959
0.000958
0.000958
0.000957
0.000957
0.000956
0.000956
0.000955
0.000955
0.000955
0.000954
0.000954
0.000953
0.000953
0.000952
0.000952
0.000951
0.000951
0.000951
0.000950
0.000950
0.000949
0.000949
0.000949
0.000948
0.000948
0.000948
0.000947
0.000947
0.000947
0.000946
0.000946
0.000946
0.000945
0.000945
0.000945
0.000944
0.000944
0.000944
0.000944
0.000943
0.000943
0.000943
0.000942
0.000942
0.000942
0.000942
0.000937
0.000930
0.000928
0.000928
0.000928
0.000928
0.000928
0.000928
0.000927
0.000927
0.000927
0.000927
0.000927
0.000927
0.000927
0.000927
0.000927
0.000926
0.000926
0.000926
0.000926
0.000926
0.000926
0.000926
0.000926
0.000926
0.000926
0.000925
0.000925
0.000925
0.000925
0.000925
0.000925
0.000925
0.000925
0.000925
0.000925
0.000924
0.000924
0.000924
0.000924
0.000924
0.000924
0.000924
0.000924
0.000924
0.000924
0.000923
0.000923
0.000923
0.000923
0.000923
0.000923
0.000923
0.000923
0.000923
0.000923
0.000923
0.000922
0.000922
0.000922
0.000922
0.000922
0.000922
0.000922
0.000922
0.000922
0.000922
0.000922
0.000922
0.000921
0.000921
0.000921
0.000921
0.000921
0.000921
0.000921
0.000921
0.000921
0.000921
0.000921
0.000920
0.000920
0.000920
0.000920
0.000920
0.000920
0.000920
0.000920
0.000920
0.000920
0.000919
0.000919
0.000919
0.000919
0.000919
0.000919
0.000919
0.000919
0.000919
