0.460229
0.296703
0.247291
0.178640
0.087387
0.030713
0.013993
0.009649
0.008167
0.007416
0.006943
0.006620
0.006327
0.006057
0.005825
0.005636
0.005477
0.005337
0.005207
0.005083
0.004960
0.004839
0.004720
0.004603
0.004491
0.004383
0.004277
0.004174
0.004075
0.003981
0.003892
0.003808
0.003727
0.003650
0.003578
0.003508
0.003438
0.003370
0.003303
0.003232
0.003160
0.003083
0.003004
0.002922
0.002839
0.002754
0.002670
0.002588
0.002507
0.002432
0.002362
0.002296
0.002233
0.002173
0.002117
0.002064
0.002014
0.001969
0.001926
0.001887
0.001849
0.001815
0.001784
0.001755
0.001730
0.001706
0.001685
0.001666
0.001649
0.001633
0.001618
0.001603
0.001590
0.001578
0.001566
0.001555
0.001545
0.001535
0.001525
0.001515
0.001506
0.001498
0.001489
0.001480
0.001473
0.001465
0.001458
0.001450
0.001443
0.001436
0.001429
0.001422
0.001416
0.001408
0.001400
0.001391
0.001384
0.001375
0.001365
0.001356
0.001302
0.001306
0.001290
0.001287
0.001282
0.001280
0.001276
0.001273
0.001270
0.001266
0.001264
0.001261
0.001258
0.001256
0.001253
0.001250
0.001248
0.001245
0.001243
0.001240
0.001238
0.001236
0.001234
0.001232
0.001229
0.001227
0.001225
0.001223
0.001222
0.001220
0.001217
0.001216
0.001214
0.001212
0.001210
0.001208
0.001207
0.001205
0.001203
0.001201
0.001199
0.001197
0.001195
0.001193
0.001192
0.001190
0.001188
0.001186
0.001183
0.001181
0.001180
0.001178
0.001176
0.001174
0.001172
0.001169
0.001167
0.001165
0.001163
0.001161
0.001159
0.001157
0.001155
0.001153
0.001151
0.001149
0.001148
0.001146
0.001144
0.001143
0.001141
0.001140
0.001139
0.001137
0.001136
0.001135
0.001134
0.001133
0.001132
0.001131
0.001131
0.001131
0.001130
0.001131
0.001131
0.001132
0.001134
0.001135
0.001137
0.001139
0.001140
0.001141
0.001140
0.001137
0.001132
0.001126
0.001121
0.001115
0.001110
0.001107
0.001072
0.001076
0.001080
0.001080
0.001080
0.001079
0.001079
0.001078
0.001078
0.001077
0.001077
0.001077
0.001076
0.001076
0.001075
0.001075
0.001074
0.001074
0.001073
0.001072
0.001072
0.001071
0.001071
0.001070
0.001069
0.001069
0.001068
0.001068
0.001067
0.001066
0.001065
0.001065
0.001064
0.001063
0.001062
0.001062
0.001061
0.001060
0.001059
0.001058
0.001057
0.001056
0.001055
0.001054
0.001053
0.001052
0.001052
0.001051
0.001050
0.001049
0.001048
0.001047
0.001046
0.001045
0.001044
0.001043
0.001042
0.001040
0.001039
0.001038
0.001037
0.001036
0.001035
0.001034
0.001033
0.001032
0.001031
0.001030
0.001029
0.001028
0.001027
0.001025
0.001024
0.001023
0.001023
0.001022
0.001021
0.001020
0.001019
0.001018
0.001017
0.001016
0.001015
0.001014
0.001013
0.001013
0.001012
0.001011
0.001010
0.001009
0.001009
0.001008
0.001007
0.001007
0.001006
0.001005
0.001004
0.001004
0.001003
0.001002
0.001001
0.001002
0.000997
0.000999
0.000999
0.000998
0.000998
0.000998
0.000998
0.000997
0.000997
0.000997
0.000997
0.000997
0.000996
0.000996
0.000996
0.000996
0.000996
0.000995
0.000995
0.000995
0.000995
0.000995
0.000995
0.000995
0.000995
0.000994
0.000994
0.000994
0.000994
0.000994
0.000994
0.000993
0.000993
0.000993
0.000993
0.000993
0.000992
0.000992
0.000992
0.000992
0.000992
0.000991
0.000991
0.000991
0.000991
0.000991
0.000991
0.000990
0.000990
0.000990
0.000990
0.000990
0.000989
0.000989
0.000989
0.000989
0.000988
0.000988
0.000988
0.000988
0.000987
0.000987
0.000987
0.000987
0.000986
0.000986
0.000986
0.000985
0.000985
0.000985
0.000985
0.000984
0.000984
0.000984
0.000984
0.000983
0.000983
0.000983
0.000982
0.000982
0.000982
0.000981
0.000981
0.000981
0.000980
0.000980
0.000980
0.000979
0.000979
0.000979
0.000978
0.000978
0.000978
0.000977
0.000977
0.000977
0.000976
0.000976
0.000968
0.000963
0.000960
0.000960
0.000960
0.000960
0.000960
0.000959
0.000959
0.000959
0.000959
0.000959
0.000959
0.000958
0.000958
0.000958
0.000958
0.000958
0.000958
0.000957
0.000957
0.000957
0.000957
0.000957
0.000957
0.000956
0.000956
0.000956
0.000956
0.000956
0.000956
0.000955
0.000955
0.000955
0.000955
0.000955
0.000955
0.000954
0.000954
0.000954
0.000954
0.000954
0.000953
0.000953
0.000953
0.000953
0.000953
0.000953
0.000952
0.000952
0.000952
0.000952
0.000952
0.000952
0.000951
0.000951
0.000951
0.000951
0.000951
0.000951
0.000950
0.000950
0.000950
0.000950
0.000950
0.000949
0.000949
0.000949
0.000949
0.000949
0.000948
0.000948
0.000948
0.000948
0.000948
0.000947
0.000947
0.000947
0.000947
0.000946
0.000946
0.000946
0.000946
0.000946
0.000945
0.000945
0.000945
0.000945
0.000944
0.000944
0.000944
0.000944
0.000944
0.000943
0.000943
0.000943
0.000943
0.000942
0.000942
0.000942
