0.370398
0.175559
0.054254
0.020677
0.010767
0.007410
0.005985
0.005516
0.005181
0.004907
0.004628
0.004350
0.004100
0.003869
0.003646
0.003428
0.003221
0.003032
0.002862
0.002711
0.002571
0.002443
0.002325
0.002219
0.002124
0.002040
0.001966
0.001900
0.001840
0.001787
0.001739
0.001698
0.001658
0.001623
0.001590
0.001557
0.001524
0.001491
0.001454
0.001416
0.001373
0.001328
0.001284
0.001243
0.001206
0.001173
0.001144
0.001119
0.001097
0.001077
0.001058
0.001040
0.001024
0.001008
0.000995
0.000981
0.000969
0.000957
0.000947
0.000935
0.000925
0.000917
0.000910
0.000900
0.000890
0.000881
0.000872
0.000863
0.000856
0.000849
0.000844
0.000836
0.000830
0.000822
0.000817
0.000811
0.000807
0.000803
0.000799
0.000795
0.000793
0.000790
0.000787
0.000785
0.000783
0.000780
0.000777
0.000776
0.000774
0.000773
0.000771
0.000769
0.000768
0.000767
0.000767
0.000766
0.000766
0.000765
0.000763
0.000762
0.000709
0.000685
0.000679
0.000674
0.000673
0.000672
0.000672
0.000671
0.000670
0.000669
0.000669
0.000668
0.000667
0.000667
0.000666
0.000666
0.000665
0.000665
0.000664
0.000664
0.000663
0.000663
0.000663
0.000662
0.000662
0.000662
0.000661
0.000661
0.000661
0.000661
0.000661
0.000660
0.000660
0.000661
0.000661
0.000661
0.000661
0.000661
0.000661
0.000661
0.000661
0.000662
0.000661
0.000661
0.000662
0.000662
0.000662
0.000662
0.000663
0.000663
0.000663
0.000663
0.000664
0.000664
0.000664
0.000664
0.000664
0.000665
0.000665
0.000664
0.000664
0.000664
0.000664
0.000664
0.000664
0.000664
0.000664
0.000664
0.000664
0.000664
0.000664
0.000664
0.000663
0.000663
0.000663
0.000663
0.000663
0.000663
0.000662
0.000662
0.000662
0.000661
0.000661
0.000660
0.000660
0.000660
0.000660
0.000659
0.000659
0.000659
0.000659
0.000659
0.000659
0.000659
0.000659
0.000659
0.000659
0.000658
0.000658
0.000658
0.000628
0.000626
0.000624
0.000625
0.000624
0.000623
0.000623
0.000623
0.000623
0.000623
0.000623
0.000623
0.000622
0.000622
0.000622
0.000622
0.000622
0.000622
0.000622
0.000622
0.000621
0.000621
0.000621
0.000621
0.000621
0.000621
0.000621
0.000621
0.000621
0.000621
0.000621
0.000621
0.000621
0.000621
0.000621
0.000621
0.000622
0.000622
0.000622
0.000622
0.000622
0.000622
0.000622
0.000622
0.000622
0.000622
0.000622
0.000622
0.000622
0.000622
0.000622
0.000621
0.000621
0.000621
0.000621
0.000621
0.000620
0.000620
0.000620
0.000620
0.000620
0.000620
0.000619
0.000619
0.000619
0.000619
0.000619
0.000618
0.000618
0.000618
0.000617
0.000617
0.000617
0.000617
0.000617
0.000617
0.000616
0.000616
0.000616
0.000616
0.000615
0.000615
0.000615
0.000615
0.000615
0.000615
0.000614
0.000614
0.000614
0.000614
0.000614
0.000614
0.000614
0.000613
0.000613
0.000613
0.000613
0.000613
0.000613
0.000612
0.000606
0.000610
0.000614
0.000616
0.000618
0.000618
0.000619
0.000619
0.000619
0.000619
0.000619
0.000619
0.000619
0.000619
0.000618
0.000618
0.000618
0.000618
0.000618
0.000618
0.000618
0.000618
0.000618
0.000617
0.000617
0.000617
0.000617
0.000617
0.000616
0.000616
0.000616
0.000616
0.000615
0.000615
0.000615
0.000615
0.000615
0.000615
0.000614
0.000614
0.000614
0.000614
0.000614
0.000613
0.000613
0.000613
0.000613
0.000613
0.000612
0.000612
0.000612
0.000612
0.000612
0.000612
0.000612
0.000612
0.000611
0.000611
0.000611
0.000611
0.000611
0.000611
0.000611
0.000611
0.000611
0.000611
0.000610
0.000610
0.000610
0.000610
0.000610
0.000610
0.000610
0.000609
0.000609
0.000609
0.000609
0.000609
0.000609
0.000608
0.000608
0.000608
0.000608
0.000608
0.000607
0.000607
0.000607
0.000607
0.000607
0.000606
0.000606
0.000606
0.000606
0.000606
0.000606
0.000606
0.000606
0.000605
0.000605
0.000605
0.000600
0.000595
0.000593
0.000592
0.000592
0.000592
0.000592
0.000592
0.000592
0.000591
0.000591
0.000591
0.000591
0.000591
0.000591
0.000591
0.000591
0.000591
0.000591
0.000591
0.000591
0.000591
0.000590
0.000590
0.000590
0.000590
0.000590
0.000590
0.000590
0.000590
0.000590
0.000590
0.000590
0.000590
0.000590
0.000589
0.000589
0.000589
0.000589
0.000589
0.000589
0.000589
0.000589
0.000589
0.000589
0.000589
0.000589
0.000588
0.000588
0.000588
0.000588
0.000588
0.000588
0.000588
0.000588
0.000587
0.000587
0.000587
0.000587
0.000587
0.000587
0.000587
0.000587
0.000586
0.000586
0.000586
0.000586
0.000586
0.000586
0.000586
0.000585
0.000585
0.000585
0.000585
0.000585
0.000585
0.000584
0.000584
0.000584
0.000584
0.000584
0.000584
0.000583
0.000583
0.000583
0.000583
0.000583
0.000583
0.000582
0.000582
0.000582
0.000582
0.000582
0.000581
0.000581
0.000581
0.000581
0.000581
0.000580
0.000580
