0.511603
0.377695
0.233126
0.138035
0.069915
0.045706
0.033112
0.026309
0.021352
0.017143
0.013536
0.010613
0.008563
0.007314
0.006603
0.006177
0.005896
0.005694
0.005537
0.005411
0.005308
0.005221
0.005147
0.005086
0.005033
0.004987
0.004948
0.004911
0.004879
0.004850
0.004823
0.004799
0.004773
0.004743
0.004703
0.004662
0.004604
0.004495
0.004286
0.004137
0.004042
0.003958
0.003891
0.003834
0.003782
0.003733
0.003685
0.003639
0.003588
0.003540
0.003488
0.003424
0.003357
0.003299
0.003239
0.003184
0.003132
0.003085
0.003040
0.002997
0.002954
0.002913
0.002875
0.002839
0.002811
0.002782
0.002754
0.002726
0.002697
0.002670
0.002644
0.002618
0.002595
0.002573
0.002552
0.002529
0.002505
0.002483
0.002463
0.002440
0.002420
0.002400
0.002382
0.002363
0.002349
0.002328
0.002313
0.002293
0.002276
0.002259
0.002243
0.002229
0.002215
0.002201
0.002183
0.002165
0.002151
0.002136
0.002119
0.002102
0.002043
0.002061
0.002079
0.002082
0.002073
0.002063
0.002054
0.002044
0.002035
0.002026
0.002017
0.002007
0.001998
0.001988
0.001979
0.001969
0.001960
0.001951
0.001942
0.001934
0.001926
0.001918
0.001910
0.001903
0.001896
0.001889
0.001883
0.001877
0.001871
0.001863
0.001857
0.001852
0.001845
0.001839
0.001834
0.001826
0.001821
0.001817
0.001813
0.001806
0.001802
0.001798
0.001794
0.001790
0.001784
0.001779
0.001776
0.001774
0.001768
0.001763
0.001760
0.001757
0.001751
0.001748
0.001745
0.001740
0.001735
0.001733
0.001730
0.001725
0.001720
0.001717
0.001713
0.001710
0.001706
0.001703
0.001700
0.001696
0.001693
0.001689
0.001686
0.001683
0.001680
0.001677
0.001673
0.001671
0.001667
0.001664
0.001660
0.001657
0.001653
0.001649
0.001647
0.001645
0.001643
0.001640
0.001637
0.001634
0.001632
0.001630
0.001628
0.001625
0.001622
0.001620
0.001618
0.001616
0.001615
0.001614
0.001611
0.001609
0.001580
0.001542
0.001537
0.001535
0.001534
0.001533
0.001532
0.001531
0.001531
0.001530
0.001529
0.001528
0.001528
0.001527
0.001526
0.001525
0.001525
0.001524
0.001523
0.001522
0.001522
0.001521
0.001521
0.001520
0.001519
0.001519
0.001518
0.001518
0.001517
0.001516
0.001516
0.001515
0.001515
0.001514
0.001513
0.001513
0.001512
0.001511
0.001511
0.001510
0.001510
0.001509
0.001508
0.001508
0.001507
0.001507
0.001507
0.001506
0.001506
0.001505
0.001505
0.001504
0.001504
0.001503
0.001503
0.001502
0.001502
0.001502
0.001501
0.001501
0.001500
0.001500
0.001499
0.001499
0.001499
0.001498
0.001498
0.001497
0.001497
0.001496
0.001496
0.001496
0.001495
0.001495
0.001495
0.001495
0.001494
0.001494
0.001494
0.001494
0.001493
0.001493
0.001493
0.001492
0.001492
0.001492
0.001492
0.001492
0.001492
0.001491
0.001491
0.001491
0.001491
0.001490
0.001490
0.001490
0.001490
0.001489
0.001489
0.001489
0.001473
0.001469
0.001468
0.001467
0.001466
0.001466
0.001466
0.001466
0.001466
0.001465
0.001465
0.001465
0.001465
0.001465
0.001465
0.001464
0.001464
0.001464
0.001464
0.001464
0.001464
0.001463
0.001463
0.001463
0.001463
0.001462
0.001462
0.001462
0.001462
0.001462
0.001462
0.001461
0.001461
0.001461
0.001461
0.001461
0.001461
0.001460
0.001460
0.001460
0.001460
0.001460
0.001460
0.001459
0.001459
0.001459
0.001459
0.001459
0.001459
0.001458
0.001458
0.001458
0.001458
0.001458
0.001458
0.001457
0.001457
0.001457
0.001457
0.001457
0.001457
0.001457
0.001456
0.001456
0.001456
0.001456
0.001456
0.001456
0.001455
0.001455
0.001455
0.001455
0.001455
0.001454
0.001454
0.001454
0.001454
0.001454
0.001454
0.001454
0.001454
0.001454
0.001453
0.001453
0.001453
0.001453
0.001453
0.001453
0.001452
0.001452
0.001452
0.001452
0.001452
0.001452
0.001452
0.001451
0.001451
0.001451
0.001451
0.001451
0.001445
0.001445
0.001447
0.001448
0.001448
0.001448
0.001448
0.001448
0.001448
0.001447
0.001447
0.001447
0.001447
0.001447
0.001447
0.001447
0.001447
0.001447
0.001447
0.001447
0.001446
0.001446
0.001446
0.001446
0.001446
0.001446
0.001446
0.001446
0.001446
0.001446
0.001445
0.001445
0.001445
0.001445
0.001445
0.001445
0.001445
0.001445
0.001445
0.001445
0.001445
0.001444
0.001444
0.001444
0.001444
0.001444
0.001444
0.001444
0.001444
0.001444
0.001443
0.001443
0.001443
0.001443
0.001443
0.001443
0.001443
0.001443
0.001443
0.001443
0.001443
0.001442
0.001442
0.001442
0.001442
0.001442
0.001442
0.001442
0.001442
0.001442
0.001442
0.001442
0.001442
0.001441
0.001441
0.001441
0.001441
0.001441
0.001441
0.001441
0.001441
0.001441
0.001441
0.001441
0.001440
0.001440
0.001440
0.001440
0.001440
0.001440
0.001440
0.001440
0.001440
0.001440
0.001440
0.001439
0.001439
0.001439
0.001439
0.001439
