0.438539
0.221478
0.082702
0.061423
0.044904
0.031072
0.021210
0.014936
0.011303
0.009637
0.008659
0.008083
0.007711
0.007412
0.007104
0.006757
0.006426
0.006153
0.005920
0.005698
0.005469
0.005235
0.004995
0.004757
0.004524
0.004296
0.004073
0.003860
0.003665
0.003488
0.003331
0.003189
0.003059
0.002940
0.002832
0.002733
0.002643
0.002561
0.002486
0.002417
0.002354
0.002294
0.002238
0.002187
0.002140
0.002094
0.002052
0.002013
0.001977
0.001943
0.001911
0.001882
0.001855
0.001830
0.001807
0.001785
0.001764
0.001745
0.001726
0.001707
0.001689
0.001674
0.001659
0.001644
0.001631
0.001619
0.001608
0.001597
0.001587
0.001578
0.001569
0.001561
0.001554
0.001547
0.001540
0.001534
0.001528
0.001522
0.001517
0.001511
0.001506
0.001501
0.001496
0.001493
0.001489
0.001485
0.001481
0.001477
0.001473
0.001471
0.001467
0.001464
0.001461
0.001458
0.001455
0.001453
0.001450
0.001448
0.001445
0.001443
0.001410
0.001408
0.001413
0.001413
0.001411
0.001411
0.001410
0.001408
0.001407
0.001406
0.001405
0.001403
0.001402
0.001401
0.001400
0.001399
0.001398
0.001397
0.001396
0.001395
0.001394
0.001393
0.001392
0.001391
0.001390
0.001389
0.001389
0.001388
0.001387
0.001387
0.001386
0.001385
0.001385
0.001384
0.001383
0.001383
0.001382
0.001382
0.001381
0.001381
0.001380
0.001380
0.001379
0.001379
0.001379
0.001378
0.001378
0.001377
0.001377
0.001377
0.001377
0.001376
0.001376
0.001376
0.001375
0.001375
0.001375
0.001374
0.001374
0.001374
0.001374
0.001374
0.001374
0.001374
0.001374
0.001374
0.001373
0.001373
0.001373
0.001373
0.001373
0.001372
0.001372
0.001372
0.001372
0.001372
0.001372
0.001372
0.001372
0.001372
0.001372
0.001372
0.001372
0.001372
0.001372
0.001372
0.001371
0.001371
0.001371
0.001371
0.001371
0.001371
0.001370
0.001370
0.001370
0.001370
0.001370
0.001370
0.001370
0.001370
0.001360
0.001366
0.001372
0.001375
0.001376
0.001376
0.001375
0.001375
0.001375
0.001375
0.001375
0.001376
0.001376
0.001376
0.001376
0.001376
0.001376
0.001376
0.001376
0.001376
0.001376
0.001376
0.001376
0.001376
0.001376
0.001376
0.001375
0.001375
0.001375
0.001375
0.001374
0.001374
0.001374
0.001374
0.001373
0.001373
0.001373
0.001373
0.001372
0.001372
0.001372
0.001372
0.001372
0.001372
0.001371
0.001371
0.001371
0.001371
0.001371
0.001371
0.001370
0.001370
0.001370
0.001370
0.001370
0.001370
0.001369
0.001369
0.001369
0.001369
0.001369
0.001369
0.001369
0.001369
0.001369
0.001369
0.001368
0.001368
0.001368
0.001368
0.001368
0.001368
0.001368
0.001368
0.001367
0.001367
0.001367
0.001367
0.001367
0.001367
0.001367
0.001367
0.001367
0.001367
0.001367
0.001366
0.001366
0.001366
0.001366
0.001366
0.001366
0.001365
0.001365
0.001365
0.001365
0.001365
0.001365
0.001365
0.001364
0.001364
0.001349
0.001334
0.001333
0.001333
0.001333
0.001333
0.001333
0.001333
0.001333
0.001333
0.001333
0.001333
0.001333
0.001333
0.001333
0.001333
0.001333
0.001333
0.001333
0.001333
0.001333
0.001333
0.001333
0.001333
0.001333
0.001333
0.001333
0.001333
0.001333
0.001333
0.001333
0.001333
0.001333
0.001333
0.001333
0.001333
0.001333
0.001333
0.001333
0.001334
0.001334
0.001334
0.001334
0.001334
0.001334
0.001334
0.001334
0.001334
0.001334
0.001334
0.001334
0.001334
0.001334
0.001334
0.001334
0.001334
0.001334
0.001334
0.001334
0.001334
0.001334
0.001334
0.001335
0.001335
0.001335
0.001335
0.001335
0.001335
0.001335
0.001335
0.001335
0.001335
0.001335
0.001335
0.001335
0.001335
0.001335
0.001335
0.001335
0.001335
0.001335
0.001335
0.001335
0.001335
0.001335
0.001335
0.001335
0.001335
0.001336
0.001336
0.001336
0.001336
0.001336
0.001336
0.001336
0.001336
0.001336
0.001336
0.001336
0.001336
0.001330
0.001329
0.001328
0.001328
0.001328
0.001328
0.001328
0.001328
0.001328
0.001328
0.001328
0.001328
0.001328
0.001328
0.001328
0.001328
0.001328
0.001328
0.001328
0.001328
0.001328
0.001328
0.001328
0.001328
0.001328
0.001328
0.001328
0.001328
0.001328
0.001328
0.001328
0.001328
0.001328
0.001328
0.001328
0.001328
0.001328
0.001328
0.001328
0.001328
0.001328
0.001328
0.001328
0.001327
0.001327
0.001327
0.001327
0.001327
0.001327
0.001327
0.001327
0.001327
0.001327
0.001327
0.001327
0.001327
0.001327
0.001327
0.001327
0.001327
0.001327
0.001327
0.001327
0.001327
0.001327
0.001327
0.001327
0.001327
0.001327
0.001327
0.001327
0.001327
0.001327
0.001327
0.001327
0.001327
0.001327
0.001327
0.001327
0.001327
0.001327
0.001327
0.001327
0.001327
0.001327
0.001327
0.001327
0.001327
0.001327
0.001327
0.001327
0.001327
0.001327
0.001327
0.001327
0.001327
0.001327
0.001327
0.001327
0.001327
