0.403776
0.203737
0.077405
0.051421
0.037323
0.025445
0.016552
0.011748
0.009308
0.007398
0.006102
0.005251
0.004739
0.004459
0.004263
0.004103
0.003957
0.003827
0.003707
0.003604
0.003513
0.003435
0.003367
0.003307
0.003252
0.003199
0.003150
0.003102
0.003057
0.003012
0.002971
0.002934
0.002900
0.002869
0.002841
0.002814
0.002787
0.002758
0.002729
0.002699
0.002670
0.002641
0.002612
0.002580
0.002548
0.002518
0.002485
0.002452
0.002421
0.002390
0.002359
0.002326
0.002291
0.002256
0.002223
0.002193
0.002164
0.002137
0.002113
0.002087
0.002065
0.002044
0.002025
0.002007
0.001990
0.001975
0.001961
0.001947
0.001935
0.001923
0.001912
0.001901
0.001889
0.001877
0.001865
0.001855
0.001846
0.001835
0.001826
0.001817
0.001807
0.001798
0.001787
0.001777
0.001767
0.001757
0.001748
0.001739
0.001731
0.001723
0.001715
0.001705
0.001699
0.001692
0.001685
0.001676
0.001669
0.001661
0.001653
0.001645
0.001536
0.001525
0.001531
0.001532
0.001532
0.001530
0.001527
0.001522
0.001518
0.001512
0.001507
0.001501
0.001495
0.001489
0.001483
0.001477
0.001471
0.001465
0.001459
0.001453
0.001448
0.001442
0.001437
0.001431
0.001426
0.001421
0.001416
0.001411
0.001406
0.001402
0.001398
0.001393
0.001389
0.001385
0.001381
0.001377
0.001373
0.001369
0.001366
0.001362
0.001359
0.001355
0.001352
0.001348
0.001345
0.001342
0.001339
0.001336
0.001333
0.001331
0.001328
0.001326
0.001323
0.001321
0.001319
0.001316
0.001314
0.001312
0.001310
0.001308
0.001306
0.001304
0.001303
0.001301
0.001299
0.001298
0.001296
0.001295
0.001293
0.001292
0.001290
0.001289
0.001288
0.001286
0.001285
0.001284
0.001282
0.001281
0.001280
0.001279
0.001278
0.001276
0.001275
0.001274
0.001273
0.001272
0.001271
0.001270
0.001269
0.001268
0.001267
0.001266
0.001265
0.001264
0.001263
0.001262
0.001261
0.001260
0.001259
0.001258
0.001252
0.001264
0.001265
0.001269
0.001267
0.001265
0.001264
0.001262
0.001262
0.001261
0.001260
0.001260
0.001259
0.001258
0.001258
0.001257
0.001257
0.001256
0.001256
0.001255
0.001255
0.001254
0.001254
0.001253
0.001253
0.001252
0.001251
0.001251
0.001250
0.001250
0.001249
0.001249
0.001248
0.001247
0.001247
0.001246
0.001246
0.001245
0.001245
0.001244
0.001244
0.001243
0.001243
0.001242
0.001242
0.001241
0.001241
0.001240
0.001240
0.001239
0.001239
0.001238
0.001238
0.001238
0.001237
0.001237
0.001236
0.001236
0.001236
0.001235
0.001235
0.001235
0.001234
0.001234
0.001234
0.001233
0.001233
0.001232
0.001232
0.001232
0.001231
0.001231
0.001230
0.001230
0.001230
0.001229
0.001229
0.001228
0.001228
0.001228
0.001227
0.001227
0.001227
0.001226
0.001226
0.001225
0.001225
0.001225
0.001224
0.001224
0.001224
0.001223
0.001224
0.001223
0.001222
0.001222
0.001221
0.001221
0.001221
0.001221
0.001213
0.001202
0.001205
0.001207
0.001201
0.001196
0.001192
0.001190
0.001188
0.001187
0.001187
0.001186
0.001185
0.001184
0.001184
0.001183
0.001183
0.001183
0.001182
0.001182
0.001181
0.001181
0.001181
0.001180
0.001180
0.001180
0.001180
0.001179
0.001179
0.001179
0.001179
0.001179
0.001178
0.001178
0.001178
0.001178
0.001178
0.001178
0.001177
0.001177
0.001177
0.001177
0.001177
0.001177
0.001176
0.001176
0.001176
0.001176
0.001176
0.001176
0.001176
0.001176
0.001175
0.001175
0.001175
0.001175
0.001175
0.001175
0.001175
0.001175
0.001174
0.001174
0.001174
0.001174
0.001174
0.001174
0.001174
0.001174
0.001174
0.001173
0.001173
0.001173
0.001173
0.001173
0.001173
0.001173
0.001173
0.001173
0.001173
0.001172
0.001172
0.001172
0.001172
0.001172
0.001172
0.001172
0.001171
0.001171
0.001171
0.001171
0.001171
0.001171
0.001171
0.001171
0.001171
0.001171
0.001171
0.001170
0.001171
0.001170
0.001152
0.001154
0.001152
0.001149
0.001150
0.001150
0.001149
0.001149
0.001149
0.001149
0.001149
0.001149
0.001149
0.001149
0.001149
0.001149
0.001149
0.001148
0.001148
0.001148
0.001148
0.001148
0.001148
0.001148
0.001148
0.001148
0.001148
0.001147
0.001147
0.001147
0.001147
0.001147
0.001147
0.001147
0.001147
0.001147
0.001147
0.001147
0.001147
0.001147
0.001146
0.001147
0.001146
0.001146
0.001146
0.001146
0.001146
0.001146
0.001146
0.001146
0.001146
0.001146
0.001146
0.001146
0.001146
0.001146
0.001146
0.001145
0.001145
0.001145
0.001145
0.001145
0.001145
0.001145
0.001145
0.001145
0.001145
0.001145
0.001145
0.001145
0.001145
0.001144
0.001144
0.001144
0.001144
0.001144
0.001144
0.001144
0.001144
0.001144
0.001144
0.001144
0.001144
0.001144
0.001144
0.001144
0.001143
0.001144
0.001143
0.001143
0.001143
0.001143
0.001143
0.001143
0.001143
0.001143
0.001143
0.001143
0.001143
0.001143
