0.383133
0.151471
0.054908
0.030828
0.019706
0.013374
0.009661
0.008402
0.007957
0.007508
0.007061
0.006656
0.006342
0.006080
0.005834
0.005602
0.005388
0.005192
0.005018
0.004863
0.004721
0.004587
0.004459
0.004333
0.004212
0.004091
0.003975
0.003864
0.003761
0.003664
0.003573
0.003484
0.003396
0.003308
0.003224
0.003141
0.003060
0.002981
0.002904
0.002828
0.002756
0.002688
0.002624
0.002563
0.002504
0.002442
0.002380
0.002320
0.002263
0.002218
0.002173
0.002131
0.002090
0.002051
0.002013
0.001977
0.001943
0.001909
0.001878
0.001847
0.001818
0.001791
0.001767
0.001740
0.001715
0.001693
0.001672
0.001651
0.001630
0.001611
0.001593
0.001576
0.001560
0.001544
0.001530
0.001516
0.001502
0.001488
0.001476
0.001463
0.001451
0.001441
0.001429
0.001418
0.001408
0.001400
0.001392
0.001383
0.001375
0.001366
0.001358
0.001352
0.001345
0.001338
0.001332
0.001325
0.001320
0.001313
0.001307
0.001299
0.001219
0.001215
0.001203
0.001199
0.001197
0.001194
0.001191
0.001188
0.001185
0.001183
0.001180
0.001178
0.001175
0.001173
0.001171
0.001169
0.001167
0.001165
0.001163
0.001160
0.001159
0.001157
0.001154
0.001153
0.001151
0.001149
0.001148
0.001146
0.001145
0.001143
0.001142
0.001140
0.001139
0.001137
0.001136
0.001134
0.001133
0.001131
0.001130
0.001128
0.001126
0.001125
0.001123
0.001121
0.001120
0.001118
0.001116
0.001114
0.001112
0.001110
0.001108
0.001107
0.001105
0.001103
0.001102
0.001100
0.001098
0.001097
0.001095
0.001094
0.001092
0.001090
0.001088
0.001086
0.001085
0.001083
0.001082
0.001080
0.001079
0.001077
0.001075
0.001074
0.001072
0.001071
0.001069
0.001067
0.001066
0.001065
0.001064
0.001062
0.001060
0.001059
0.001058
0.001057
0.001055
0.001054
0.001053
0.001051
0.001050
0.001049
0.001048
0.001047
0.001046
0.001045
0.001044
0.001043
0.001041
0.001039
0.001038
0.001037
0.001005
0.001017
0.001027
0.001030
0.001030
0.001030
0.001029
0.001028
0.001028
0.001027
0.001026
0.001025
0.001024
0.001023
0.001022
0.001021
0.001020
0.001020
0.001018
0.001017
0.001016
0.001015
0.001014
0.001013
0.001012
0.001011
0.001010
0.001009
0.001008
0.001008
0.001007
0.001006
0.001005
0.001004
0.001003
0.001002
0.001001
0.001000
0.001000
0.000999
0.000998
0.000997
0.000997
0.000996
0.000995
0.000995
0.000994
0.000993
0.000993
0.000992
0.000991
0.000991
0.000990
0.000990
0.000989
0.000988
0.000988
0.000987
0.000986
0.000985
0.000984
0.000984
0.000983
0.000982
0.000982
0.000981
0.000980
0.000980
0.000979
0.000978
0.000977
0.000977
0.000976
0.000976
0.000975
0.000974
0.000973
0.000973
0.000972
0.000971
0.000971
0.000970
0.000969
0.000969
0.000968
0.000967
0.000967
0.000966
0.000965
0.000965
0.000964
0.000963
0.000962
0.000962
0.000961
0.000960
0.000960
0.000959
0.000958
0.000958
0.000955
0.000942
0.000939
0.000939
0.000940
0.000939
0.000939
0.000939
0.000939
0.000938
0.000938
0.000938
0.000938
0.000938
0.000937
0.000937
0.000937
0.000937
0.000937
0.000936
0.000936
0.000936
0.000936
0.000936
0.000936
0.000936
0.000935
0.000935
0.000935
0.000935
0.000935
0.000935
0.000935
0.000934
0.000934
0.000934
0.000934
0.000934
0.000934
0.000933
0.000933
0.000933
0.000933
0.000933
0.000932
0.000932
0.000932
0.000932
0.000932
0.000932
0.000932
0.000932
0.000932
0.000931
0.000931
0.000931
0.000931
0.000931
0.000931
0.000931
0.000931
0.000931
0.000931
0.000930
0.000930
0.000930
0.000930
0.000930
0.000930
0.000929
0.000929
0.000929
0.000929
0.000929
0.000929
0.000929
0.000929
0.000929
0.000928
0.000928
0.000928
0.000928
0.000928
0.000928
0.000928
0.000928
0.000927
0.000927
0.000927
0.000927
0.000927
0.000927
0.000927
0.000927
0.000927
0.000927
0.000926
0.000926
0.000926
0.000926
0.000915
0.000911
0.000908
0.000908
0.000908
0.000908
0.000908
0.000908
0.000908
0.000908
0.000908
0.000908
0.000908
0.000908
0.000907
0.000907
0.000907
0.000907
0.000907
0.000907
0.000907
0.000907
0.000907
0.000907
0.000907
0.000907
0.000907
0.000907
0.000907
0.000906
0.000906
0.000906
0.000906
0.000906
0.000906
0.000906
0.000906
0.000906
0.000906
0.000906
0.000906
0.000906
0.000906
0.000906
0.000906
0.000906
0.000906
0.000906
0.000906
0.000905
0.000905
0.000905
0.000905
0.000905
0.000905
0.000905
0.000905
0.000905
0.000905
0.000905
0.000905
0.000905
0.000905
0.000905
0.000905
0.000905
0.000905
0.000905
0.000905
0.000905
0.000905
0.000904
0.000904
0.000904
0.000904
0.000904
0.000904
0.000904
0.000904
0.000904
0.000904
0.000904
0.000904
0.000904
0.000904
0.000904
0.000904
0.000904
0.000904
0.000904
0.000904
0.000904
0.000904
0.000904
0.000904
0.000903
0.000903
0.000903
0.000903
0.000903
