0.382738
0.097232
0.022483
0.009638
0.006379
0.005252
0.004704
0.003988
0.003533
0.003213
0.002962
0.002658
0.002264
0.001981
0.001857
0.001815
0.001792
0.001727
0.001621
0.001506
0.001411
0.001363
0.001339
0.001326
0.001317
0.001300
0.001245
0.001151
0.001091
0.001101
0.001029
0.000913
0.000914
0.001040
0.001144
0.000914
0.000904
0.000893
0.000908
0.000920
0.000941
0.000942
0.000904
0.000865
0.000834
0.000806
0.000791
0.000866
0.001200
0.001160
0.000746
0.000632
0.000614
0.000590
0.000615
0.000621
0.000631
0.000622
0.000612
0.000661
0.000842
0.000781
0.000616
0.000603
0.000559
0.000524
0.000493
0.000492
0.000521
0.000683
0.000950
0.000685
0.000600
0.000606
0.000570
0.000551
0.000538
0.000526
0.000507
0.000500
0.000476
0.000488
0.000536
0.000680
0.000749
0.000523
0.000503
0.000509
0.000559
0.000628
0.000646
0.000561
0.000507
0.000505
0.000539
0.000681
0.000864
0.000649
0.000579
0.000536
0.000410
0.000415
0.000421
0.000421
0.000418
0.000416
0.000412
0.000409
0.000405
0.000403
0.000401
0.000399
0.000397
0.000396
0.000394
0.000393
0.000392
0.000391
0.000390
0.000389
0.000389
0.000388
0.000387
0.000387
0.000387
0.000386
0.000386
0.000385
0.000385
0.000385
0.000386
0.000386
0.000386
0.000385
0.000385
0.000385
0.000385
0.000385
0.000386
0.000387
0.000389
0.000391
0.000394
0.000397
0.000401
0.000405
0.000409
0.000414
0.000419
0.000425
0.000429
0.000434
0.000436
0.000438
0.000438
0.000436
0.000434
0.000432
0.000432
0.000431
0.000432
0.000434
0.000435
0.000436
0.000436
0.000437
0.000437
0.000436
0.000436
0.000436
0.000437
0.000437
0.000437
0.000436
0.000435
0.000434
0.000434
0.000434
0.000434
0.000434
0.000434
0.000434
0.000434
0.000434
0.000433
0.000433
0.000433
0.000433
0.000433
0.000432
0.000432
0.000431
0.000431
0.000430
0.000430
0.000428
0.000427
0.000426
0.000427
0.000427
0.000375
0.000361
0.000342
0.000342
0.000343
0.000341
0.000342
0.000341
0.000341
0.000341
0.000341
0.000341
0.000341
0.000341
0.000341
0.000341
0.000341
0.000341
0.000341
0.000342
0.000342
0.000342
0.000343
0.000343
0.000343
0.000344
0.000345
0.000345
0.000346
0.000347
0.000347
0.000348
0.000349
0.000349
0.000350
0.000351
0.000351
0.000352
0.000352
0.000353
0.000353
0.000354
0.000354
0.000354
0.000354
0.000354
0.000354
0.000354
0.000353
0.000353
0.000353
0.000352
0.000352
0.000351
0.000351
0.000351
0.000350
0.000349
0.000349
0.000348
0.000348
0.000347
0.000347
0.000346
0.000346
0.000346
0.000345
0.000344
0.000343
0.000343
0.000342
0.000341
0.000340
0.000339
0.000337
0.000336
0.000335
0.000334
0.000333
0.000332
0.000332
0.000331
0.000331
0.000331
0.000330
0.000330
0.000330
0.000330
0.000330
0.000330
0.000330
0.000330
0.000329
0.000330
0.000330
0.000329
0.000330
0.000330
0.000330
0.000330
0.000326
0.000328
0.000326
0.000326
0.000326
0.000326
0.000326
0.000326
0.000326
0.000326
0.000326
0.000326
0.000326
0.000326
0.000326
0.000326
0.000326
0.000326
0.000326
0.000326
0.000325
0.000325
0.000325
0.000325
0.000325
0.000324
0.000324
0.000324
0.000324
0.000324
0.000323
0.000323
0.000323
0.000323
0.000323
0.000322
0.000322
0.000322
0.000322
0.000322
0.000322
0.000322
0.000322
0.000322
0.000322
0.000322
0.000322
0.000322
0.000322
0.000322
0.000322
0.000322
0.000323
0.000323
0.000323
0.000323
0.000323
0.000323
0.000323
0.000323
0.000324
0.000324
0.000324
0.000324
0.000324
0.000324
0.000325
0.000325
0.000325
0.000325
0.000325
0.000325
0.000325
0.000325
0.000326
0.000326
0.000326
0.000326
0.000326
0.000326
0.000326
0.000326
0.000326
0.000326
0.000326
0.000326
0.000326
0.000326
0.000326
0.000326
0.000326
0.000326
0.000326
0.000326
0.000326
0.000326
0.000326
0.000326
0.000326
0.000326
0.000318
0.000318
0.000321
0.000322
0.000323
0.000324
0.000324
0.000324
0.000324
0.000324
0.000324
0.000324
0.000324
0.000324
0.000324
0.000324
0.000324
0.000324
0.000324
0.000324
0.000324
0.000324
0.000324
0.000323
0.000323
0.000323
0.000323
0.000323
0.000323
0.000323
0.000323
0.000323
0.000323
0.000323
0.000323
0.000323
0.000323
0.000323
0.000323
0.000323
0.000323
0.000323
0.000322
0.000322
0.000322
0.000322
0.000322
0.000322
0.000322
0.000322
0.000322
0.000322
0.000322
0.000322
0.000322
0.000322
0.000322
0.000321
0.000321
0.000321
0.000321
0.000321
0.000321
0.000321
0.000321
0.000321
0.000321
0.000321
0.000321
0.000320
0.000320
0.000320
0.000320
0.000320
0.000320
0.000320
0.000320
0.000320
0.000320
0.000319
0.000319
0.000319
0.000319
0.000319
0.000319
0.000319
0.000319
0.000318
0.000318
0.000318
0.000318
0.000318
0.000318
0.000318
0.000317
0.000317
0.000317
0.000317
0.000317
0.000317
