0.425457
0.251424
0.110704
0.025860
0.014839
0.010524
0.008275
0.006966
0.006064
0.005431
0.005005
0.004684
0.004421
0.004189
0.003965
0.003746
0.003428
0.003025
0.002733
0.002521
0.002357
0.002227
0.002110
0.002008
0.001924
0.001859
0.001800
0.001742
0.001690
0.001644
0.001606
0.001573
0.001540
0.001510
0.001481
0.001455
0.001430
0.001408
0.001387
0.001367
0.001346
0.001326
0.001307
0.001289
0.001271
0.001253
0.001237
0.001221
0.001207
0.001194
0.001181
0.001169
0.001157
0.001145
0.001134
0.001123
0.001112
0.001103
0.001093
0.001084
0.001075
0.001065
0.001056
0.001046
0.001037
0.001028
0.001019
0.001008
0.000999
0.000990
0.000981
0.000972
0.000962
0.000953
0.000942
0.000932
0.000922
0.000911
0.000899
0.000888
0.000878
0.000869
0.000860
0.000851
0.000844
0.000837
0.000831
0.000826
0.000820
0.000815
0.000810
0.000806
0.000802
0.000798
0.000794
0.000790
0.000787
0.000784
0.000782
0.000779
0.000759
0.000761
0.000755
0.000755
0.000753
0.000752
0.000750
0.000748
0.000747
0.000745
0.000744
0.000742
0.000741
0.000740
0.000738
0.000737
0.000736
0.000735
0.000734
0.000732
0.000732
0.000730
0.000729
0.000729
0.000728
0.000727
0.000725
0.000725
0.000724
0.000723
0.000722
0.000722
0.000721
0.000720
0.000720
0.000720
0.000720
0.000719
0.000719
0.000718
0.000718
0.000717
0.000717
0.000716
0.000716
0.000715
0.000715
0.000714
0.000713
0.000712
0.000711
0.000711
0.000710
0.000709
0.000709
0.000708
0.000707
0.000707
0.000706
0.000705
0.000704
0.000703
0.000702
0.000702
0.000701
0.000700
0.000699
0.000698
0.000697
0.000696
0.000695
0.000694
0.000693
0.000692
0.000692
0.000691
0.000690
0.000689
0.000689
0.000688
0.000687
0.000686
0.000685
0.000684
0.000683
0.000683
0.000682
0.000681
0.000681
0.000680
0.000679
0.000678
0.000676
0.000676
0.000676
0.000674
0.000673
0.000673
0.000672
0.000671
0.000653
0.000636
0.000635
0.000636
0.000636
0.000636
0.000635
0.000634
0.000633
0.000632
0.000631
0.000630
0.000629
0.000629
0.000628
0.000627
0.000626
0.000625
0.000625
0.000624
0.000623
0.000623
0.000622
0.000622
0.000621
0.000620
0.000620
0.000619
0.000619
0.000618
0.000618
0.000617
0.000616
0.000616
0.000615
0.000615
0.000614
0.000614
0.000613
0.000613
0.000612
0.000612
0.000611
0.000611
0.000610
0.000610
0.000609
0.000609
0.000608
0.000608
0.000607
0.000607
0.000606
0.000606
0.000605
0.000605
0.000605
0.000604
0.000603
0.000603
0.000603
0.000602
0.000602
0.000602
0.000601
0.000601
0.000601
0.000600
0.000600
0.000599
0.000599
0.000599
0.000599
0.000598
0.000598
0.000598
0.000597
0.000597
0.000597
0.000597
0.000596
0.000596
0.000596
0.000596
0.000595
0.000595
0.000595
0.000595
0.000595
0.000594
0.000594
0.000594
0.000594
0.000594
0.000593
0.000593
0.000593
0.000593
0.000593
0.000592
0.000587
0.000593
0.000599
0.000601
0.000601
0.000601
0.000602
0.000602
0.000602
0.000601
0.000601
0.000601
0.000601
0.000601
0.000600
0.000600
0.000600
0.000600
0.000600
0.000599
0.000599
0.000599
0.000599
0.000598
0.000598
0.000598
0.000598
0.000598
0.000597
0.000597
0.000597
0.000596
0.000596
0.000596
0.000596
0.000595
0.000595
0.000595
0.000595
0.000594
0.000594
0.000594
0.000594
0.000594
0.000594
0.000594
0.000594
0.000593
0.000593
0.000593
0.000593
0.000592
0.000592
0.000592
0.000592
0.000592
0.000592
0.000592
0.000591
0.000591
0.000591
0.000591
0.000591
0.000590
0.000590
0.000590
0.000590
0.000589
0.000589
0.000589
0.000589
0.000588
0.000588
0.000588
0.000588
0.000588
0.000588
0.000587
0.000587
0.000587
0.000587
0.000587
0.000587
0.000586
0.000586
0.000586
0.000586
0.000586
0.000586
0.000585
0.000585
0.000585
0.000585
0.000585
0.000584
0.000584
0.000584
0.000584
0.000584
0.000584
0.000570
0.000563
0.000559
0.000560
0.000560
0.000560
0.000560
0.000560
0.000560
0.000559
0.000559
0.000559
0.000559
0.000559
0.000559
0.000559
0.000559
0.000559
0.000559
0.000559
0.000559
0.000559
0.000559
0.000559
0.000558
0.000558
0.000558
0.000558
0.000558
0.000558
0.000558
0.000558
0.000558
0.000558
0.000558
0.000558
0.000558
0.000558
0.000558
0.000557
0.000557
0.000557
0.000557
0.000557
0.000557
0.000557
0.000557
0.000557
0.000557
0.000557
0.000557
0.000557
0.000557
0.000557
0.000557
0.000557
0.000556
0.000556
0.000556
0.000556
0.000556
0.000556
0.000556
0.000556
0.000556
0.000556
0.000556
0.000556
0.000556
0.000556
0.000556
0.000556
0.000555
0.000555
0.000555
0.000555
0.000555
0.000555
0.000555
0.000555
0.000555
0.000555
0.000555
0.000555
0.000554
0.000554
0.000554
0.000554
0.000554
0.000554
0.000554
0.000554
0.000554
0.000554
0.000553
0.000553
0.000553
0.000553
0.000553
0.000553
