0.395251
0.130890
0.041978
0.018584
0.011973
0.009277
0.007956
0.007357
0.006953
0.006630
0.006361
0.006109
0.005864
0.005642
0.005452
0.005285
0.005132
0.004992
0.004864
0.004746
0.004638
0.004538
0.004446
0.004354
0.004266
0.004182
0.004098
0.004019
0.003943
0.003872
0.003802
0.003737
0.003677
0.003620
0.003564
0.003514
0.003468
0.003422
0.003377
0.003335
0.003295
0.003258
0.003223
0.003190
0.003157
0.003122
0.003087
0.003053
0.003020
0.002988
0.002953
0.002914
0.002871
0.002832
0.002795
0.002757
0.002722
0.002686
0.002648
0.002613
0.002580
0.002546
0.002513
0.002482
0.002453
0.002424
0.002396
0.002370
0.002344
0.002319
0.002294
0.002269
0.002242
0.002208
0.002156
0.002080
0.001998
0.001910
0.001831
0.001764
0.001705
0.001656
0.001613
0.001581
0.001555
0.001531
0.001509
0.001489
0.001472
0.001454
0.001437
0.001422
0.001407
0.001392
0.001378
0.001364
0.001353
0.001339
0.001327
0.001315
0.001255
0.001248
0.001252
0.001249
0.001243
0.001236
0.001230
0.001224
0.001219
0.001213
0.001208
0.001204
0.001199
0.001195
0.001190
0.001185
0.001181
0.001177
0.001173
0.001168
0.001164
0.001160
0.001156
0.001153
0.001149
0.001146
0.001143
0.001139
0.001136
0.001133
0.001129
0.001126
0.001123
0.001120
0.001117
0.001114
0.001111
0.001109
0.001106
0.001103
0.001101
0.001098
0.001096
0.001093
0.001091
0.001088
0.001086
0.001084
0.001081
0.001079
0.001077
0.001075
0.001073
0.001071
0.001069
0.001067
0.001066
0.001064
0.001062
0.001061
0.001059
0.001057
0.001055
0.001054
0.001052
0.001050
0.001049
0.001047
0.001046
0.001045
0.001043
0.001042
0.001040
0.001039
0.001037
0.001036
0.001035
0.001034
0.001032
0.001031
0.001030
0.001029
0.001028
0.001027
0.001026
0.001025
0.001024
0.001023
0.001022
0.001020
0.001019
0.001018
0.001017
0.001016
0.001015
0.001014
0.001013
0.001012
0.001012
0.001011
0.000989
0.001001
0.001011
0.001015
0.001016
0.001016
0.001016
0.001016
0.001015
0.001015
0.001014
0.001013
0.001013
0.001012
0.001011
0.001011
0.001010
0.001009
0.001009
0.001008
0.001007
0.001006
0.001006
0.001005
0.001004
0.001004
0.001003
0.001003
0.001002
0.001001
0.001000
0.001000
0.000999
0.000998
0.000997
0.000996
0.000996
0.000995
0.000994
0.000994
0.000993
0.000992
0.000992
0.000991
0.000990
0.000989
0.000989
0.000988
0.000988
0.000987
0.000986
0.000986
0.000985
0.000985
0.000984
0.000983
0.000983
0.000982
0.000981
0.000981
0.000980
0.000979
0.000979
0.000978
0.000977
0.000977
0.000976
0.000975
0.000975
0.000974
0.000974
0.000973
0.000972
0.000972
0.000971
0.000971
0.000970
0.000969
0.000969
0.000968
0.000968
0.000967
0.000967
0.000966
0.000966
0.000965
0.000965
0.000965
0.000964
0.000963
0.000963
0.000962
0.000962
0.000962
0.000961
0.000960
0.000960
0.000960
0.000959
0.000959
0.000953
0.000961
0.000958
0.000956
0.000954
0.000954
0.000954
0.000954
0.000954
0.000954
0.000954
0.000954
0.000954
0.000954
0.000954
0.000954
0.000954
0.000954
0.000954
0.000954
0.000954
0.000954
0.000955
0.000955
0.000955
0.000955
0.000955
0.000955
0.000955
0.000955
0.000955
0.000955
0.000955
0.000955
0.000955
0.000955
0.000955
0.000955
0.000955
0.000955
0.000955
0.000955
0.000955
0.000955
0.000955
0.000955
0.000955
0.000955
0.000955
0.000955
0.000955
0.000955
0.000955
0.000955
0.000955
0.000955
0.000955
0.000955
0.000955
0.000955
0.000955
0.000955
0.000955
0.000955
0.000955
0.000955
0.000955
0.000955
0.000955
0.000955
0.000955
0.000955
0.000955
0.000955
0.000955
0.000955
0.000955
0.000955
0.000955
0.000955
0.000955
0.000955
0.000955
0.000955
0.000955
0.000954
0.000954
0.000954
0.000954
0.000954
0.000955
0.000954
0.000954
0.000954
0.000954
0.000954
0.000954
0.000954
0.000954
0.000954
0.000947
0.000934
0.000934
0.000934
0.000934
0.000934
0.000934
0.000934
0.000934
0.000934
0.000934
0.000934
0.000934
0.000934
0.000934
0.000934
0.000934
0.000934
0.000934
0.000934
0.000934
0.000934
0.000934
0.000934
0.000934
0.000934
0.000934
0.000934
0.000934
0.000933
0.000933
0.000933
0.000933
0.000933
0.000933
0.000933
0.000933
0.000933
0.000933
0.000933
0.000933
0.000933
0.000933
0.000933
0.000933
0.000933
0.000933
0.000933
0.000933
0.000933
0.000933
0.000933
0.000933
0.000933
0.000933
0.000933
0.000933
0.000933
0.000933
0.000933
0.000933
0.000933
0.000933
0.000933
0.000933
0.000933
0.000933
0.000933
0.000933
0.000933
0.000933
0.000933
0.000933
0.000933
0.000933
0.000933
0.000933
0.000933
0.000933
0.000933
0.000933
0.000933
0.000933
0.000933
0.000932
0.000932
0.000932
0.000932
0.000932
0.000932
0.000932
0.000932
0.000932
0.000932
0.000932
0.000932
0.000932
0.000932
0.000932
0.000932
