0.429648
0.131397
0.047406
0.023410
0.009789
0.004709
0.003663
0.003262
0.002983
0.002798
0.002608
0.002450
0.002327
0.002222
0.002128
0.002051
0.001988
0.001936
0.001894
0.001861
0.001836
0.001810
0.001782
0.001751
0.001725
0.001698
0.001671
0.001648
0.001629
0.001612
0.001593
0.001576
0.001560
0.001544
0.001529
0.001516
0.001507
0.001498
0.001487
0.001477
0.001468
0.001459
0.001451
0.001448
0.001445
0.001440
0.001432
0.001423
0.001416
0.001409
0.001402
0.001397
0.001393
0.001389
0.001386
0.001383
0.001378
0.001374
0.001371
0.001367
0.001363
0.001361
0.001358
0.001356
0.001351
0.001344
0.001339
0.001335
0.001331
0.001329
0.001326
0.001322
0.001318
0.001314
0.001310
0.001306
0.001302
0.001295
0.001289
0.001284
0.001279
0.001275
0.001272
0.001268
0.001262
0.001259
0.001258
0.001258
0.001256
0.001255
0.001254
0.001254
0.001253
0.001251
0.001249
0.001246
0.001241
0.001237
0.001236
0.001234
0.001123
0.001058
0.001054
0.001057
0.001057
0.001055
0.001053
0.001051
0.001048
0.001046
0.001044
0.001043
0.001041
0.001039
0.001038
0.001036
0.001035
0.001034
0.001033
0.001032
0.001031
0.001029
0.001028
0.001028
0.001027
0.001026
0.001025
0.001024
0.001024
0.001023
0.001022
0.001022
0.001022
0.001021
0.001021
0.001020
0.001019
0.001019
0.001018
0.001016
0.001015
0.001013
0.001011
0.001010
0.001009
0.001007
0.001006
0.001004
0.001002
0.001001
0.000999
0.000998
0.000997
0.000996
0.000995
0.000994
0.000993
0.000992
0.000991
0.000991
0.000990
0.000989
0.000989
0.000989
0.000988
0.000988
0.000987
0.000987
0.000986
0.000986
0.000985
0.000985
0.000985
0.000985
0.000985
0.000984
0.000984
0.000984
0.000984
0.000984
0.000984
0.000983
0.000982
0.000982
0.000982
0.000981
0.000981
0.000981
0.000981
0.000980
0.000980
0.000979
0.000978
0.000978
0.000977
0.000977
0.000976
0.000974
0.000974
0.000973
0.000939
0.000937
0.000940
0.000941
0.000941
0.000941
0.000941
0.000941
0.000940
0.000940
0.000940
0.000940
0.000939
0.000939
0.000939
0.000939
0.000939
0.000938
0.000937
0.000937
0.000936
0.000935
0.000935
0.000934
0.000933
0.000932
0.000931
0.000930
0.000929
0.000928
0.000927
0.000926
0.000925
0.000924
0.000922
0.000921
0.000920
0.000918
0.000917
0.000916
0.000915
0.000914
0.000912
0.000911
0.000910
0.000909
0.000908
0.000907
0.000906
0.000905
0.000904
0.000903
0.000903
0.000902
0.000901
0.000900
0.000900
0.000899
0.000898
0.000898
0.000897
0.000896
0.000896
0.000895
0.000895
0.000894
0.000893
0.000893
0.000892
0.000892
0.000891
0.000890
0.000890
0.000889
0.000889
0.000888
0.000888
0.000887
0.000887
0.000887
0.000886
0.000886
0.000886
0.000885
0.000884
0.000884
0.000883
0.000883
0.000883
0.000882
0.000882
0.000882
0.000881
0.000881
0.000881
0.000881
0.000880
0.000880
0.000880
0.000880
0.000868
0.000870
0.000870
0.000871
0.000872
0.000872
0.000871
0.000871
0.000871
0.000871
0.000870
0.000870
0.000870
0.000870
0.000869
0.000869
0.000869
0.000869
0.000869
0.000868
0.000868
0.000868
0.000868
0.000868
0.000867
0.000867
0.000867
0.000867
0.000866
0.000866
0.000866
0.000866
0.000866
0.000865
0.000865
0.000865
0.000865
0.000864
0.000864
0.000864
0.000864
0.000863
0.000863
0.000863
0.000863
0.000862
0.000862
0.000862
0.000862
0.000862
0.000861
0.000861
0.000861
0.000861
0.000860
0.000860
0.000860
0.000860
0.000859
0.000859
0.000859
0.000859
0.000858
0.000858
0.000858
0.000858
0.000857
0.000857
0.000857
0.000857
0.000857
0.000856
0.000856
0.000856
0.000856
0.000856
0.000855
0.000855
0.000855
0.000855
0.000855
0.000855
0.000854
0.000854
0.000854
0.000854
0.000854
0.000853
0.000853
0.000853
0.000853
0.000853
0.000853
0.000852
0.000852
0.000852
0.000852
0.000852
0.000851
0.000851
0.000850
0.000834
0.000833
0.000834
0.000833
0.000833
0.000833
0.000833
0.000832
0.000832
0.000832
0.000832
0.000832
0.000832
0.000832
0.000832
0.000832
0.000832
0.000832
0.000832
0.000832
0.000832
0.000832
0.000831
0.000831
0.000831
0.000831
0.000831
0.000831
0.000831
0.000831
0.000831
0.000831
0.000831
0.000831
0.000831
0.000831
0.000831
0.000831
0.000831
0.000831
0.000830
0.000830
0.000830
0.000830
0.000830
0.000830
0.000830
0.000830
0.000830
0.000830
0.000830
0.000830
0.000830
0.000830
0.000830
0.000830
0.000830
0.000830
0.000829
0.000829
0.000829
0.000829
0.000829
0.000829
0.000829
0.000829
0.000829
0.000829
0.000829
0.000829
0.000829
0.000829
0.000829
0.000829
0.000829
0.000829
0.000829
0.000828
0.000828
0.000828
0.000828
0.000828
0.000828
0.000828
0.000828
0.000828
0.000828
0.000828
0.000828
0.000828
0.000828
0.000827
0.000827
0.000827
0.000827
0.000827
0.000827
0.000827
0.000827
