0.458569
0.388540
0.295615
0.191763
0.126630
0.101087
0.081770
0.064672
0.048813
0.035214
0.025840
0.020469
0.017254
0.015117
0.013565
0.012355
0.011383
0.010584
0.009926
0.009402
0.009004
0.008704
0.008489
0.008351
0.008250
0.008189
0.008147
0.008118
0.008097
0.008083
0.008070
0.008059
0.008055
0.008050
0.008044
0.008039
0.008034
0.008029
0.008024
0.008020
0.008017
0.008015
0.008014
0.008012
0.008011
0.008010
0.008011
0.008011
0.008009
0.008010
0.008011
0.008011
0.008011
0.008010
0.008009
0.008008
0.008007
0.008006
0.008006
0.008006
0.008006
0.008006
0.008008
0.008010
0.008010
0.008010
0.008010
0.008009
0.008009
0.008009
0.008008
0.008008
0.008008
0.008008
0.008008
0.008008
0.008009
0.008009
0.008009
0.008009
0.008009
0.008009
0.008009
0.008009
0.008009
0.008009
0.008009
0.008009
0.008009
0.008009
0.008009
0.008009
0.008009
0.008009
0.008009
0.008009
0.008009
0.008009
0.008009
0.008009
0.007846
0.007787
0.007790
0.007791
0.007789
0.007790
0.007791
0.007791
0.007791
0.007792
0.007792
0.007793
0.007793
0.007793
0.007794
0.007794
0.007795
0.007795
0.007796
0.007796
0.007797
0.007797
0.007798
0.007798
0.007799
0.007799
0.007800
0.007800
0.007801
0.007801
0.007801
0.007802
0.007802
0.007803
0.007803
0.007804
0.007805
0.007805
0.007806
0.007806
0.007807
0.007807
0.007808
0.007808
0.007809
0.007809
0.007810
0.007810
0.007811
0.007811
0.007811
0.007812
0.007812
0.007813
0.007813
0.007814
0.007814
0.007815
0.007815
0.007816
0.007816
0.007817
0.007817
0.007818
0.007818
0.007818
0.007819
0.007819
0.007820
0.007820
0.007821
0.007821
0.007821
0.007822
0.007822
0.007823
0.007823
0.007823
0.007824
0.007824
0.007825
0.007825
0.007825
0.007826
0.007826
0.007826
0.007827
0.007827
0.007827
0.007828
0.007828
0.007828
0.007829
0.007829
0.007829
0.007830
0.007830
0.007830
0.007831
0.007831
0.007777
0.007775
0.007773
0.007770
0.007771
0.007771
0.007771
0.007771
0.007771
0.007771
0.007771
0.007771
0.007771
0.007771
0.007771
0.007771
0.007771
0.007771
0.007771
0.007771
0.007771
0.007771
0.007771
0.007771
0.007771
0.007771
0.007771
0.007771
0.007771
0.007771
0.007771
0.007771
0.007771
0.007771
0.007772
0.007772
0.007772
0.007772
0.007772
0.007772
0.007772
0.007772
0.007772
0.007772
0.007772
0.007772
0.007772
0.007772
0.007772
0.007772
0.007772
0.007773
0.007773
0.007773
0.007773
0.007773
0.007773
0.007773
0.007773
0.007773
0.007773
0.007773
0.007773
0.007773
0.007773
0.007773
0.007773
0.007773
0.007774
0.007774
0.007774
0.007774
0.007774
0.007774
0.007774
0.007774
0.007774
0.007774
0.007774
0.007774
0.007774
0.007774
0.007774
0.007774
0.007774
0.007774
0.007774
0.007774
0.007775
0.007775
0.007775
0.007775
0.007775
0.007775
0.007775
0.007775
0.007775
0.007775
0.007775
0.007775
0.007761
0.007772
0.007780
0.007784
0.007786
0.007787
0.007787
0.007787
0.007787
0.007788
0.007788
0.007788
0.007788
0.007788
0.007788
0.007789
0.007789
0.007789
0.007789
0.007789
0.007789
0.007789
0.007789
0.007789
0.007789
0.007789
0.007789
0.007789
0.007789
0.007789
0.007789
0.007789
0.007789
0.007789
0.007789
0.007789
0.007789
0.007789
0.007789
0.007789
0.007789
0.007789
0.007789
0.007789
0.007789
0.007789
0.007789
0.007789
0.007789
0.007789
0.007788
0.007789
0.007789
0.007788
0.007788
0.007788
0.007788
0.007788
0.007788
0.007788
0.007788
0.007788
0.007788
0.007788
0.007788
0.007788
0.007788
0.007788
0.007788
0.007788
0.007787
0.007787
0.007787
0.007787
0.007787
0.007787
0.007787
0.007787
0.007787
0.007787
0.007787
0.007787
0.007787
0.007787
0.007787
0.007787
0.007787
0.007787
0.007787
0.007787
0.007787
0.007787
0.007787
0.007786
0.007786
0.007786
0.007786
0.007786
0.007786
0.007786
0.007768
0.007753
0.007752
0.007754
0.007753
0.007753
0.007753
0.007753
0.007753
0.007753
0.007753
0.007753
0.007753
0.007753
0.007753
0.007754
0.007754
0.007754
0.007754
0.007754
0.007754
0.007754
0.007754
0.007754
0.007754
0.007754
0.007754
0.007754
0.007754
0.007754
0.007754
0.007754
0.007754
0.007754
0.007754
0.007754
0.007754
0.007754
0.007754
0.007754
0.007755
0.007755
0.007755
0.007755
0.007755
0.007755
0.007755
0.007755
0.007755
0.007755
0.007755
0.007755
0.007755
0.007755
0.007755
0.007755
0.007755
0.007755
0.007755
0.007755
0.007755
0.007755
0.007755
0.007755
0.007755
0.007755
0.007755
0.007755
0.007755
0.007755
0.007755
0.007756
0.007756
0.007756
0.007756
0.007756
0.007756
0.007756
0.007756
0.007756
0.007756
0.007756
0.007756
0.007756
0.007756
0.007756
0.007756
0.007756
0.007756
0.007756
0.007756
0.007756
0.007756
0.007756
0.007756
0.007756
0.007756
0.007756
0.007756
0.007756
