0.527045
0.397876
0.261317
0.164488
0.097027
0.048244
0.032449
0.024612
0.018925
0.014445
0.010955
0.008313
0.006401
0.005088
0.004290
0.003879
0.003679
0.003560
0.003469
0.003389
0.003315
0.003241
0.003165
0.003086
0.003003
0.002916
0.002824
0.002732
0.002643
0.002560
0.002486
0.002423
0.002369
0.002322
0.002282
0.002248
0.002218
0.002190
0.002165
0.002140
0.002117
0.002095
0.002073
0.002052
0.002032
0.002013
0.001994
0.001974
0.001956
0.001937
0.001919
0.001901
0.001884
0.001866
0.001849
0.001833
0.001816
0.001800
0.001784
0.001768
0.001752
0.001736
0.001720
0.001703
0.001685
0.001667
0.001650
0.001633
0.001616
0.001601
0.001586
0.001572
0.001559
0.001546
0.001533
0.001519
0.001507
0.001495
0.001484
0.001473
0.001463
0.001454
0.001445
0.001437
0.001429
0.001421
0.001414
0.001407
0.001400
0.001394
0.001387
0.001381
0.001375
0.001369
0.001363
0.001358
0.001352
0.001348
0.001343
0.001338
0.001320
0.001337
0.001361
0.001374
0.001378
0.001379
0.001379
0.001379
0.001380
0.001381
0.001383
0.001384
0.001385
0.001386
0.001386
0.001386
0.001386
0.001385
0.001384
0.001382
0.001380
0.001377
0.001374
0.001371
0.001368
0.001365
0.001362
0.001360
0.001357
0.001355
0.001352
0.001350
0.001348
0.001346
0.001345
0.001343
0.001342
0.001341
0.001340
0.001339
0.001338
0.001337
0.001336
0.001335
0.001334
0.001333
0.001332
0.001331
0.001331
0.001330
0.001330
0.001329
0.001329
0.001328
0.001327
0.001327
0.001326
0.001326
0.001325
0.001324
0.001324
0.001323
0.001323
0.001322
0.001322
0.001322
0.001321
0.001321
0.001320
0.001319
0.001319
0.001319
0.001318
0.001318
0.001318
0.001318
0.001317
0.001317
0.001316
0.001316
0.001315
0.001315
0.001314
0.001314
0.001314
0.001313
0.001313
0.001313
0.001312
0.001312
0.001311
0.001311
0.001311
0.001311
0.001311
0.001311
0.001310
0.001310
0.001309
0.001309
0.001279
0.001249
0.001242
0.001243
0.001238
0.001237
0.001237
0.001236
0.001236
0.001236
0.001236
0.001236
0.001236
0.001236
0.001236
0.001236
0.001236
0.001236
0.001236
0.001236
0.001236
0.001236
0.001236
0.001236
0.001236
0.001236
0.001236
0.001236
0.001236
0.001236
0.001236
0.001236
0.001236
0.001236
0.001236
0.001236
0.001236
0.001236
0.001236
0.001236
0.001236
0.001236
0.001236
0.001236
0.001236
0.001236
0.001236
0.001236
0.001236
0.001236
0.001237
0.001237
0.001237
0.001237
0.001237
0.001237
0.001237
0.001237
0.001237
0.001237
0.001237
0.001237
0.001237
0.001237
0.001237
0.001237
0.001237
0.001237
0.001237
0.001237
0.001237
0.001237
0.001238
0.001238
0.001238
0.001238
0.001238
0.001238
0.001238
0.001238
0.001238
0.001238
0.001238
0.001238
0.001239
0.001239
0.001239
0.001239
0.001239
0.001239
0.001239
0.001239
0.001239
0.001240
0.001240
0.001240
0.001240
0.001240
0.001240
0.001240
0.001217
0.001208
0.001205
0.001205
0.001205
0.001205
0.001205
0.001205
0.001205
0.001205
0.001205
0.001205
0.001205
0.001205
0.001205
0.001205
0.001205
0.001205
0.001205
0.001204
0.001204
0.001204
0.001204
0.001204
0.001204
0.001204
0.001204
0.001204
0.001204
0.001204
0.001204
0.001204
0.001204
0.001204
0.001204
0.001204
0.001204
0.001204
0.001204
0.001204
0.001204
0.001204
0.001204
0.001204
0.001204
0.001204
0.001204
0.001204
0.001204
0.001204
0.001204
0.001204
0.001204
0.001204
0.001204
0.001204
0.001204
0.001204
0.001204
0.001204
0.001204
0.001204
0.001204
0.001204
0.001204
0.001204
0.001204
0.001204
0.001204
0.001204
0.001204
0.001204
0.001204
0.001204
0.001204
0.001204
0.001204
0.001204
0.001204
0.001204
0.001204
0.001204
0.001204
0.001204
0.001204
0.001204
0.001204
0.001204
0.001204
0.001204
0.001204
0.001204
0.001204
0.001204
0.001203
0.001203
0.001203
0.001203
0.001203
0.001203
0.001196
0.001198
0.001199
0.001198
0.001198
0.001198
0.001198
0.001198
0.001198
0.001198
0.001198
0.001198
0.001198
0.001198
0.001198
0.001197
0.001197
0.001197
0.001197
0.001197
0.001197
0.001197
0.001197
0.001197
0.001197
0.001197
0.001197
0.001197
0.001197
0.001197
0.001196
0.001196
0.001196
0.001196
0.001196
0.001196
0.001196
0.001196
0.001196
0.001196
0.001196
0.001196
0.001196
0.001196
0.001196
0.001196
0.001195
0.001195
0.001195
0.001195
0.001195
0.001195
0.001195
0.001195
0.001195
0.001195
0.001195
0.001195
0.001195
0.001195
0.001195
0.001195
0.001195
0.001195
0.001194
0.001194
0.001194
0.001194
0.001194
0.001194
0.001194
0.001194
0.001194
0.001194
0.001194
0.001194
0.001194
0.001194
0.001194
0.001194
0.001194
0.001194
0.001194
0.001194
0.001194
0.001193
0.001193
0.001193
0.001193
0.001193
0.001193
0.001193
0.001193
0.001193
0.001193
0.001193
0.001193
0.001193
0.001193
0.001193
