0.411255
0.183120
0.055446
0.031358
0.018414
0.012152
0.008374
0.006007
0.004374
0.003385
0.002879
0.002623
0.002483
0.002383
0.002291
0.002209
0.002132
0.002059
0.001988
0.001924
0.001865
0.001812
0.001763
0.001718
0.001675
0.001632
0.001594
0.001556
0.001520
0.001487
0.001457
0.001431
0.001409
0.001390
0.001375
0.001361
0.001349
0.001338
0.001327
0.001317
0.001307
0.001298
0.001288
0.001277
0.001267
0.001257
0.001247
0.001238
0.001228
0.001218
0.001207
0.001196
0.001187
0.001178
0.001169
0.001159
0.001151
0.001143
0.001137
0.001131
0.001127
0.001124
0.001120
0.001118
0.001116
0.001114
0.001111
0.001108
0.001105
0.001101
0.001097
0.001092
0.001088
0.001083
0.001079
0.001075
0.001071
0.001068
0.001065
0.001061
0.001058
0.001055
0.001053
0.001051
0.001049
0.001047
0.001046
0.001046
0.001045
0.001044
0.001043
0.001042
0.001040
0.001039
0.001037
0.001036
0.001035
0.001035
0.001033
0.001032
0.001003
0.000992
0.000992
0.000997
0.000998
0.000998
0.000997
0.000997
0.000996
0.000995
0.000995
0.000994
0.000993
0.000993
0.000992
0.000991
0.000990
0.000990
0.000989
0.000989
0.000988
0.000987
0.000987
0.000986
0.000985
0.000984
0.000984
0.000983
0.000983
0.000982
0.000982
0.000981
0.000981
0.000980
0.000980
0.000979
0.000978
0.000978
0.000978
0.000977
0.000976
0.000976
0.000976
0.000975
0.000974
0.000974
0.000973
0.000972
0.000971
0.000970
0.000969
0.000968
0.000968
0.000967
0.000966
0.000965
0.000964
0.000963
0.000962
0.000960
0.000959
0.000958
0.000957
0.000955
0.000953
0.000951
0.000950
0.000948
0.000947
0.000945
0.000944
0.000943
0.000941
0.000940
0.000938
0.000937
0.000935
0.000934
0.000932
0.000929
0.000928
0.000926
0.000925
0.000923
0.000922
0.000921
0.000920
0.000919
0.000918
0.000917
0.000916
0.000916
0.000915
0.000915
0.000914
0.000913
0.000913
0.000912
0.000912
0.000912
0.000892
0.000899
0.000899
0.000897
0.000897
0.000897
0.000897
0.000896
0.000895
0.000895
0.000894
0.000894
0.000893
0.000892
0.000892
0.000891
0.000890
0.000890
0.000889
0.000888
0.000887
0.000887
0.000886
0.000886
0.000885
0.000884
0.000883
0.000883
0.000882
0.000882
0.000881
0.000880
0.000880
0.000879
0.000879
0.000878
0.000878
0.000877
0.000877
0.000876
0.000876
0.000875
0.000875
0.000874
0.000874
0.000874
0.000873
0.000873
0.000873
0.000872
0.000872
0.000872
0.000871
0.000871
0.000871
0.000871
0.000870
0.000870
0.000870
0.000869
0.000869
0.000869
0.000869
0.000869
0.000868
0.000868
0.000868
0.000868
0.000868
0.000868
0.000868
0.000867
0.000867
0.000867
0.000867
0.000867
0.000867
0.000867
0.000866
0.000866
0.000866
0.000866
0.000866
0.000866
0.000866
0.000866
0.000865
0.000865
0.000865
0.000865
0.000865
0.000865
0.000865
0.000865
0.000864
0.000864
0.000864
0.000864
0.000864
0.000864
0.000857
0.000869
0.000872
0.000873
0.000873
0.000872
0.000871
0.000870
0.000870
0.000869
0.000869
0.000869
0.000869
0.000868
0.000868
0.000868
0.000868
0.000868
0.000868
0.000867
0.000867
0.000867
0.000867
0.000867
0.000867
0.000867
0.000867
0.000866
0.000866
0.000866
0.000866
0.000866
0.000866
0.000866
0.000866
0.000866
0.000866
0.000866
0.000866
0.000865
0.000865
0.000865
0.000865
0.000865
0.000865
0.000865
0.000865
0.000865
0.000865
0.000864
0.000864
0.000864
0.000864
0.000864
0.000864
0.000864
0.000864
0.000864
0.000864
0.000864
0.000864
0.000863
0.000863
0.000863
0.000863
0.000863
0.000863
0.000863
0.000863
0.000863
0.000863
0.000863
0.000863
0.000863
0.000863
0.000862
0.000862
0.000862
0.000862
0.000862
0.000862
0.000862
0.000862
0.000862
0.000862
0.000862
0.000862
0.000862
0.000862
0.000862
0.000862
0.000861
0.000861
0.000861
0.000861
0.000861
0.000861
0.000861
0.000861
0.000861
0.000850
0.000842
0.000840
0.000841
0.000841
0.000841
0.000841
0.000841
0.000841
0.000841
0.000841
0.000841
0.000841
0.000841
0.000841
0.000841
0.000841
0.000841
0.000841
0.000841
0.000840
0.000840
0.000840
0.000840
0.000840
0.000840
0.000840
0.000840
0.000840
0.000840
0.000840
0.000840
0.000840
0.000840
0.000840
0.000840
0.000840
0.000840
0.000840
0.000840
0.000840
0.000840
0.000840
0.000840
0.000840
0.000840
0.000840
0.000840
0.000840
0.000840
0.000840
0.000840
0.000840
0.000840
0.000840
0.000840
0.000840
0.000840
0.000840
0.000840
0.000840
0.000839
0.000839
0.000839
0.000839
0.000839
0.000839
0.000839
0.000839
0.000839
0.000839
0.000839
0.000839
0.000839
0.000839
0.000839
0.000839
0.000839
0.000839
0.000839
0.000839
0.000839
0.000839
0.000839
0.000839
0.000839
0.000839
0.000839
0.000839
0.000839
0.000839
0.000839
0.000839
0.000839
0.000839
0.000839
0.000839
0.000839
0.000839
0.000839
