0.454107
0.256604
0.119100
0.068921
0.030431
0.012656
0.009688
0.008622
0.007719
0.006995
0.006450
0.006016
0.005675
0.005417
0.005206
0.005022
0.004854
0.004707
0.004574
0.004452
0.004350
0.004258
0.004173
0.004094
0.004009
0.003910
0.003815
0.003716
0.003610
0.003503
0.003393
0.003280
0.003178
0.003082
0.002990
0.002910
0.002833
0.002765
0.002698
0.002644
0.002593
0.002531
0.002479
0.002424
0.002371
0.002322
0.002271
0.002224
0.002171
0.002122
0.002080
0.002044
0.002013
0.001986
0.001960
0.001940
0.001920
0.001902
0.001887
0.001872
0.001862
0.001851
0.001843
0.001833
0.001825
0.001818
0.001815
0.001809
0.001803
0.001795
0.001790
0.001785
0.001777
0.001773
0.001771
0.001762
0.001757
0.001755
0.001747
0.001737
0.001726
0.001718
0.001708
0.001705
0.001699
0.001688
0.001678
0.001668
0.001662
0.001652
0.001645
0.001634
0.001617
0.001614
0.001602
0.001579
0.001566
0.001553
0.001540
0.001521
0.001426
0.001412
0.001399
0.001390
0.001379
0.001370
0.001359
0.001348
0.001335
0.001324
0.001313
0.001301
0.001289
0.001277
0.001265
0.001253
0.001240
0.001227
0.001213
0.001202
0.001189
0.001178
0.001168
0.001159
0.001150
0.001141
0.001133
0.001126
0.001119
0.001112
0.001106
0.001099
0.001093
0.001088
0.001084
0.001078
0.001073
0.001069
0.001064
0.001060
0.001056
0.001052
0.001048
0.001045
0.001040
0.001037
0.001034
0.001031
0.001028
0.001025
0.001022
0.001020
0.001019
0.001016
0.001014
0.001012
0.001010
0.001008
0.001005
0.001003
0.001001
0.000999
0.000997
0.000996
0.000993
0.000991
0.000989
0.000988
0.000985
0.000983
0.000982
0.000980
0.000979
0.000978
0.000977
0.000975
0.000974
0.000972
0.000970
0.000968
0.000966
0.000965
0.000964
0.000963
0.000962
0.000960
0.000959
0.000958
0.000957
0.000955
0.000954
0.000953
0.000952
0.000952
0.000950
0.000949
0.000948
0.000947
0.000946
0.000945
0.000916
0.000910
0.000911
0.000913
0.000913
0.000913
0.000912
0.000912
0.000911
0.000911
0.000910
0.000909
0.000909
0.000908
0.000908
0.000907
0.000906
0.000906
0.000905
0.000904
0.000903
0.000902
0.000902
0.000901
0.000900
0.000900
0.000899
0.000898
0.000897
0.000897
0.000896
0.000895
0.000895
0.000894
0.000893
0.000893
0.000892
0.000891
0.000891
0.000890
0.000889
0.000889
0.000888
0.000888
0.000887
0.000886
0.000886
0.000885
0.000885
0.000884
0.000883
0.000883
0.000882
0.000882
0.000881
0.000881
0.000880
0.000880
0.000879
0.000879
0.000878
0.000878
0.000877
0.000877
0.000877
0.000876
0.000875
0.000875
0.000874
0.000874
0.000873
0.000873
0.000872
0.000872
0.000871
0.000871
0.000870
0.000870
0.000870
0.000869
0.000869
0.000868
0.000868
0.000867
0.000867
0.000866
0.000866
0.000865
0.000865
0.000864
0.000864
0.000863
0.000863
0.000862
0.000862
0.000862
0.000861
0.000861
0.000861
0.000860
0.000852
0.000866
0.000876
0.000881
0.000885
0.000887
0.000886
0.000884
0.000881
0.000877
0.000873
0.000870
0.000868
0.000867
0.000866
0.000865
0.000864
0.000864
0.000863
0.000862
0.000862
0.000862
0.000861
0.000861
0.000860
0.000860
0.000860
0.000860
0.000859
0.000859
0.000859
0.000859
0.000858
0.000858
0.000858
0.000858
0.000858
0.000857
0.000857
0.000857
0.000857
0.000857
0.000857
0.000857
0.000856
0.000856
0.000856
0.000856
0.000856
0.000856
0.000855
0.000855
0.000855
0.000855
0.000855
0.000855
0.000854
0.000854
0.000854
0.000854
0.000854
0.000853
0.000853
0.000853
0.000853
0.000853
0.000853
0.000852
0.000852
0.000852
0.000852
0.000852
0.000852
0.000852
0.000851
0.000851
0.000851
0.000851
0.000851
0.000851
0.000851
0.000850
0.000850
0.000850
0.000850
0.000850
0.000850
0.000849
0.000849
0.000849
0.000849
0.000849
0.000849
0.000849
0.000849
0.000848
0.000848
0.000848
0.000848
0.000848
0.000837
0.000828
0.000824
0.000825
0.000825
0.000825
0.000825
0.000825
0.000825
0.000825
0.000825
0.000825
0.000825
0.000824
0.000824
0.000824
0.000824
0.000824
0.000824
0.000824
0.000824
0.000824
0.000824
0.000824
0.000824
0.000824
0.000824
0.000824
0.000824
0.000824
0.000823
0.000824
0.000823
0.000823
0.000823
0.000823
0.000823
0.000823
0.000823
0.000823
0.000823
0.000823
0.000823
0.000823
0.000823
0.000823
0.000823
0.000823
0.000823
0.000823
0.000823
0.000823
0.000823
0.000822
0.000822
0.000822
0.000822
0.000822
0.000822
0.000822
0.000822
0.000822
0.000822
0.000822
0.000822
0.000822
0.000822
0.000822
0.000822
0.000822
0.000822
0.000822
0.000822
0.000822
0.000822
0.000822
0.000822
0.000821
0.000821
0.000822
0.000821
0.000821
0.000821
0.000821
0.000821
0.000821
0.000821
0.000821
0.000821
0.000821
0.000821
0.000821
0.000821
0.000821
0.000821
0.000821
0.000821
0.000821
0.000820
0.000820
