0.422716
0.133866
0.047211
0.017066
0.006355
0.004693
0.003791
0.003215
0.003038
0.002849
0.002667
0.002530
0.002425
0.002337
0.002253
0.002173
0.002097
0.002026
0.001959
0.001901
0.001847
0.001800
0.001758
0.001719
0.001683
0.001647
0.001614
0.001582
0.001550
0.001520
0.001493
0.001468
0.001445
0.001420
0.001399
0.001379
0.001361
0.001346
0.001335
0.001324
0.001318
0.001312
0.001305
0.001298
0.001290
0.001282
0.001275
0.001268
0.001262
0.001256
0.001250
0.001246
0.001241
0.001238
0.001236
0.001233
0.001231
0.001229
0.001226
0.001224
0.001220
0.001215
0.001211
0.001209
0.001207
0.001205
0.001204
0.001200
0.001195
0.001192
0.001190
0.001188
0.001186
0.001184
0.001182
0.001178
0.001175
0.001173
0.001169
0.001168
0.001163
0.001157
0.001153
0.001149
0.001150
0.001149
0.001147
0.001144
0.001145
0.001144
0.001143
0.001141
0.001142
0.001141
0.001140
0.001137
0.001134
0.001133
0.001131
0.001128
0.001062
0.001040
0.001025
0.001014
0.001015
0.001016
0.001016
0.001017
0.001017
0.001017
0.001018
0.001018
0.001018
0.001019
0.001020
0.001020
0.001021
0.001021
0.001022
0.001023
0.001024
0.001024
0.001025
0.001025
0.001026
0.001026
0.001026
0.001026
0.001027
0.001027
0.001027
0.001026
0.001026
0.001025
0.001025
0.001023
0.001022
0.001021
0.001021
0.001020
0.001020
0.001019
0.001018
0.001016
0.001015
0.001014
0.001013
0.001013
0.001012
0.001012
0.001011
0.001010
0.001009
0.001009
0.001008
0.001007
0.001006
0.001005
0.001004
0.001003
0.001003
0.001002
0.001002
0.001001
0.001000
0.000999
0.000998
0.000997
0.000996
0.000996
0.000995
0.000994
0.000994
0.000992
0.000992
0.000991
0.000991
0.000991
0.000990
0.000991
0.000990
0.000989
0.000989
0.000988
0.000988
0.000987
0.000987
0.000986
0.000986
0.000985
0.000985
0.000985
0.000984
0.000984
0.000984
0.000983
0.000982
0.000982
0.000980
0.000980
0.000943
0.000928
0.000941
0.000950
0.000952
0.000951
0.000949
0.000947
0.000945
0.000943
0.000941
0.000940
0.000938
0.000937
0.000936
0.000934
0.000933
0.000932
0.000931
0.000929
0.000928
0.000927
0.000926
0.000925
0.000924
0.000923
0.000923
0.000922
0.000921
0.000920
0.000920
0.000919
0.000918
0.000918
0.000917
0.000917
0.000916
0.000916
0.000915
0.000915
0.000914
0.000914
0.000913
0.000913
0.000913
0.000912
0.000912
0.000912
0.000911
0.000911
0.000911
0.000911
0.000911
0.000910
0.000910
0.000910
0.000910
0.000909
0.000909
0.000909
0.000909
0.000909
0.000908
0.000908
0.000908
0.000908
0.000907
0.000907
0.000907
0.000906
0.000906
0.000906
0.000905
0.000905
0.000905
0.000904
0.000904
0.000904
0.000903
0.000903
0.000903
0.000903
0.000902
0.000902
0.000902
0.000902
0.000902
0.000902
0.000902
0.000902
0.000901
0.000901
0.000901
0.000901
0.000901
0.000901
0.000901
0.000901
0.000900
0.000900
0.000896
0.000914
0.000919
0.000915
0.000913
0.000912
0.000911
0.000911
0.000911
0.000910
0.000910
0.000910
0.000910
0.000910
0.000910
0.000909
0.000909
0.000909
0.000909
0.000909
0.000909
0.000909
0.000908
0.000908
0.000908
0.000908
0.000908
0.000908
0.000908
0.000908
0.000908
0.000908
0.000908
0.000908
0.000907
0.000907
0.000907
0.000907
0.000907
0.000907
0.000907
0.000907
0.000907
0.000907
0.000907
0.000907
0.000907
0.000907
0.000907
0.000907
0.000907
0.000907
0.000906
0.000906
0.000906
0.000906
0.000906
0.000906
0.000906
0.000906
0.000906
0.000906
0.000906
0.000906
0.000906
0.000906
0.000906
0.000906
0.000906
0.000906
0.000907
0.000907
0.000907
0.000907
0.000907
0.000907
0.000907
0.000907
0.000907
0.000908
0.000908
0.000908
0.000909
0.000909
0.000910
0.000910
0.000911
0.000912
0.000913
0.000914
0.000916
0.000917
0.000919
0.000920
0.000922
0.000923
0.000924
0.000923
0.000922
0.000921
0.000895
0.000873
0.000866
0.000868
0.000867
0.000867
0.000867
0.000867
0.000867
0.000867
0.000866
0.000866
0.000866
0.000866
0.000866
0.000866
0.000866
0.000866
0.000866
0.000866
0.000866
0.000866
0.000866
0.000866
0.000866
0.000866
0.000866
0.000866
0.000866
0.000866
0.000866
0.000866
0.000866
0.000865
0.000865
0.000865
0.000865
0.000865
0.000865
0.000865
0.000865
0.000865
0.000865
0.000865
0.000865
0.000865
0.000865
0.000865
0.000865
0.000865
0.000865
0.000865
0.000865
0.000865
0.000865
0.000865
0.000865
0.000865
0.000865
0.000865
0.000865
0.000865
0.000865
0.000865
0.000865
0.000865
0.000865
0.000865
0.000865
0.000865
0.000865
0.000865
0.000865
0.000865
0.000865
0.000865
0.000865
0.000865
0.000865
0.000865
0.000865
0.000865
0.000865
0.000865
0.000865
0.000865
0.000865
0.000865
0.000865
0.000865
0.000865
0.000865
0.000865
0.000865
0.000865
0.000865
0.000865
0.000865
0.000865
0.000865
