0.399056
0.193804
0.059044
0.031110
0.018576
0.011213
0.007275
0.005359
0.004458
0.004000
0.003667
0.003405
0.003196
0.003018
0.002855
0.002703
0.002553
0.002413
0.002272
0.002146
0.002037
0.001950
0.001879
0.001814
0.001746
0.001677
0.001613
0.001557
0.001510
0.001471
0.001439
0.001412
0.001388
0.001370
0.001353
0.001340
0.001327
0.001314
0.001299
0.001285
0.001273
0.001263
0.001257
0.001251
0.001247
0.001244
0.001243
0.001241
0.001241
0.001240
0.001239
0.001237
0.001233
0.001227
0.001221
0.001214
0.001208
0.001200
0.001187
0.001177
0.001168
0.001158
0.001152
0.001145
0.001138
0.001134
0.001129
0.001125
0.001123
0.001119
0.001116
0.001114
0.001111
0.001106
0.001103
0.001100
0.001098
0.001094
0.001092
0.001090
0.001088
0.001086
0.001083
0.001081
0.001078
0.001076
0.001073
0.001070
0.001068
0.001066
0.001064
0.001062
0.001061
0.001060
0.001057
0.001055
0.001052
0.001049
0.001047
0.001045
0.000975
0.000979
0.000979
0.000975
0.000978
0.000977
0.000975
0.000973
0.000972
0.000971
0.000970
0.000969
0.000968
0.000968
0.000967
0.000967
0.000967
0.000966
0.000966
0.000966
0.000966
0.000966
0.000967
0.000966
0.000966
0.000966
0.000966
0.000966
0.000966
0.000966
0.000966
0.000966
0.000966
0.000966
0.000965
0.000965
0.000965
0.000965
0.000965
0.000965
0.000964
0.000964
0.000964
0.000963
0.000962
0.000962
0.000962
0.000961
0.000961
0.000960
0.000960
0.000960
0.000959
0.000959
0.000959
0.000959
0.000958
0.000958
0.000958
0.000958
0.000958
0.000958
0.000958
0.000958
0.000958
0.000958
0.000958
0.000958
0.000958
0.000957
0.000957
0.000956
0.000956
0.000955
0.000954
0.000953
0.000952
0.000951
0.000950
0.000950
0.000949
0.000948
0.000948
0.000947
0.000946
0.000945
0.000944
0.000944
0.000943
0.000942
0.000942
0.000942
0.000941
0.000941
0.000941
0.000940
0.000941
0.000940
0.000940
0.000940
0.000912
0.000924
0.000932
0.000931
0.000931
0.000932
0.000933
0.000933
0.000932
0.000932
0.000931
0.000930
0.000930
0.000929
0.000928
0.000927
0.000926
0.000925
0.000925
0.000924
0.000923
0.000922
0.000921
0.000920
0.000919
0.000919
0.000918
0.000916
0.000916
0.000915
0.000914
0.000913
0.000912
0.000911
0.000910
0.000909
0.000908
0.000908
0.000907
0.000906
0.000905
0.000905
0.000904
0.000903
0.000903
0.000902
0.000901
0.000901
0.000900
0.000900
0.000899
0.000899
0.000898
0.000898
0.000897
0.000897
0.000896
0.000896
0.000896
0.000895
0.000895
0.000895
0.000894
0.000894
0.000893
0.000893
0.000893
0.000892
0.000892
0.000892
0.000891
0.000891
0.000891
0.000890
0.000890
0.000890
0.000889
0.000889
0.000889
0.000888
0.000888
0.000888
0.000888
0.000888
0.000887
0.000887
0.000887
0.000887
0.000886
0.000886
0.000886
0.000885
0.000885
0.000885
0.000884
0.000884
0.000884
0.000883
0.000883
0.000883
0.000876
0.000887
0.000888
0.000891
0.000893
0.000894
0.000894
0.000894
0.000894
0.000894
0.000894
0.000893
0.000893
0.000892
0.000892
0.000891
0.000891
0.000890
0.000890
0.000889
0.000889
0.000888
0.000888
0.000888
0.000888
0.000887
0.000887
0.000887
0.000887
0.000887
0.000886
0.000886
0.000886
0.000886
0.000886
0.000886
0.000885
0.000885
0.000885
0.000885
0.000885
0.000885
0.000885
0.000884
0.000884
0.000884
0.000884
0.000884
0.000884
0.000884
0.000884
0.000884
0.000884
0.000884
0.000883
0.000883
0.000883
0.000883
0.000883
0.000883
0.000883
0.000883
0.000883
0.000883
0.000883
0.000883
0.000883
0.000883
0.000883
0.000882
0.000882
0.000882
0.000882
0.000882
0.000882
0.000882
0.000882
0.000882
0.000882
0.000882
0.000881
0.000881
0.000881
0.000881
0.000881
0.000881
0.000881
0.000881
0.000881
0.000880
0.000880
0.000880
0.000880
0.000880
0.000880
0.000880
0.000880
0.000880
0.000880
0.000879
0.000862
0.000854
0.000850
0.000851
0.000851
0.000851
0.000851
0.000851
0.000851
0.000851
0.000851
0.000851
0.000851
0.000850
0.000850
0.000850
0.000850
0.000850
0.000850
0.000850
0.000850
0.000850
0.000850
0.000850
0.000850
0.000850
0.000850
0.000850
0.000850
0.000850
0.000850
0.000850
0.000850
0.000850
0.000850
0.000850
0.000850
0.000850
0.000850
0.000850
0.000850
0.000850
0.000850
0.000850
0.000850
0.000850
0.000850
0.000850
0.000850
0.000850
0.000850
0.000850
0.000850
0.000850
0.000850
0.000850
0.000850
0.000850
0.000850
0.000850
0.000850
0.000850
0.000850
0.000850
0.000850
0.000850
0.000850
0.000850
0.000850
0.000850
0.000850
0.000850
0.000850
0.000850
0.000850
0.000851
0.000851
0.000851
0.000851
0.000851
0.000851
0.000851
0.000851
0.000851
0.000851
0.000851
0.000851
0.000851
0.000851
0.000851
0.000851
0.000851
0.000851
0.000851
0.000851
0.000851
0.000851
0.000851
0.000851
0.000851
