0.453692
0.318080
0.254840
0.213489
0.139338
0.089396
0.065063
0.046439
0.032659
0.021380
0.012951
0.008202
0.005738
0.004748
0.004381
0.004153
0.003939
0.003734
0.003549
0.003390
0.003248
0.003128
0.003030
0.002946
0.002885
0.002832
0.002787
0.002747
0.002712
0.002679
0.002650
0.002617
0.002589
0.002563
0.002535
0.002507
0.002483
0.002461
0.002438
0.002412
0.002384
0.002363
0.002337
0.002315
0.002290
0.002265
0.002238
0.002215
0.002190
0.002167
0.002145
0.002122
0.002100
0.002080
0.002059
0.002039
0.002019
0.002002
0.001986
0.001971
0.001958
0.001945
0.001931
0.001918
0.001907
0.001895
0.001885
0.001874
0.001865
0.001854
0.001846
0.001839
0.001832
0.001825
0.001819
0.001812
0.001807
0.001802
0.001796
0.001790
0.001785
0.001781
0.001777
0.001773
0.001769
0.001765
0.001762
0.001759
0.001755
0.001752
0.001749
0.001746
0.001742
0.001740
0.001737
0.001734
0.001732
0.001730
0.001727
0.001725
0.001656
0.001654
0.001660
0.001658
0.001653
0.001652
0.001650
0.001649
0.001648
0.001647
0.001646
0.001645
0.001644
0.001642
0.001641
0.001641
0.001640
0.001639
0.001638
0.001638
0.001637
0.001636
0.001636
0.001635
0.001634
0.001634
0.001633
0.001632
0.001632
0.001631
0.001631
0.001631
0.001630
0.001630
0.001630
0.001630
0.001629
0.001629
0.001629
0.001629
0.001629
0.001629
0.001629
0.001629
0.001629
0.001629
0.001628
0.001629
0.001629
0.001629
0.001628
0.001628
0.001628
0.001628
0.001628
0.001627
0.001627
0.001627
0.001626
0.001626
0.001625
0.001625
0.001624
0.001624
0.001623
0.001622
0.001622
0.001621
0.001621
0.001620
0.001619
0.001619
0.001618
0.001617
0.001617
0.001616
0.001615
0.001615
0.001614
0.001613
0.001612
0.001611
0.001611
0.001610
0.001610
0.001609
0.001608
0.001608
0.001607
0.001606
0.001606
0.001605
0.001604
0.001603
0.001603
0.001602
0.001602
0.001601
0.001600
0.001600
0.001558
0.001554
0.001554
0.001554
0.001554
0.001555
0.001556
0.001556
0.001557
0.001557
0.001557
0.001558
0.001558
0.001558
0.001558
0.001559
0.001559
0.001559
0.001559
0.001559
0.001559
0.001559
0.001559
0.001559
0.001558
0.001558
0.001558
0.001558
0.001558
0.001557
0.001557
0.001557
0.001556
0.001556
0.001556
0.001556
0.001555
0.001555
0.001555
0.001554
0.001554
0.001554
0.001553
0.001553
0.001553
0.001553
0.001552
0.001552
0.001551
0.001551
0.001551
0.001550
0.001550
0.001550
0.001549
0.001549
0.001549
0.001549
0.001548
0.001548
0.001548
0.001547
0.001547
0.001547
0.001546
0.001546
0.001546
0.001545
0.001545
0.001545
0.001545
0.001544
0.001544
0.001544
0.001544
0.001543
0.001543
0.001543
0.001542
0.001542
0.001542
0.001541
0.001541
0.001541
0.001540
0.001540
0.001540
0.001539
0.001539
0.001539
0.001538
0.001538
0.001538
0.001538
0.001538
0.001538
0.001537
0.001537
0.001537
0.001536
0.001518
0.001496
0.001488
0.001491
0.001491
0.001490
0.001490
0.001490
0.001490
0.001490
0.001490
0.001489
0.001489
0.001489
0.001489
0.001489
0.001489
0.001489
0.001489
0.001488
0.001488
0.001488
0.001488
0.001488
0.001488
0.001488
0.001488
0.001487
0.001487
0.001487
0.001487
0.001487
0.001487
0.001487
0.001487
0.001487
0.001486
0.001486
0.001486
0.001486
0.001486
0.001486
0.001486
0.001486
0.001486
0.001486
0.001485
0.001485
0.001485
0.001485
0.001485
0.001485
0.001485
0.001485
0.001485
0.001485
0.001485
0.001484
0.001484
0.001484
0.001484
0.001484
0.001484
0.001484
0.001484
0.001484
0.001484
0.001484
0.001483
0.001483
0.001483
0.001483
0.001483
0.001483
0.001483
0.001483
0.001483
0.001482
0.001482
0.001482
0.001482
0.001482
0.001482
0.001482
0.001482
0.001482
0.001481
0.001481
0.001481
0.001481
0.001481
0.001481
0.001481
0.001481
0.001480
0.001480
0.001480
0.001480
0.001480
0.001480
0.001470
0.001472
0.001474
0.001473
0.001473
0.001472
0.001472
0.001472
0.001472
0.001472
0.001472
0.001472
0.001472
0.001471
0.001471
0.001471
0.001471
0.001471
0.001471
0.001471
0.001471
0.001470
0.001470
0.001470
0.001470
0.001470
0.001470
0.001470
0.001470
0.001470
0.001470
0.001469
0.001469
0.001469
0.001469
0.001469
0.001469
0.001469
0.001469
0.001469
0.001468
0.001468
0.001468
0.001468
0.001468
0.001468
0.001468
0.001468
0.001468
0.001467
0.001467
0.001467
0.001467
0.001467
0.001467
0.001467
0.001467
0.001467
0.001466
0.001466
0.001466
0.001466
0.001466
0.001466
0.001466
0.001466
0.001466
0.001465
0.001465
0.001465
0.001465
0.001465
0.001465
0.001465
0.001465
0.001464
0.001464
0.001464
0.001464
0.001464
0.001464
0.001464
0.001464
0.001464
0.001463
0.001463
0.001463
0.001463
0.001463
0.001463
0.001463
0.001463
0.001463
0.001462
0.001462
0.001462
0.001462
0.001462
0.001462
0.001462
