0.417229
0.150530
0.040653
0.015588
0.008150
0.006536
0.005985
0.005518
0.005122
0.004787
0.004504
0.004247
0.004028
0.003833
0.003661
0.003495
0.003341
0.003199
0.003059
0.002922
0.002800
0.002696
0.002601
0.002514
0.002434
0.002356
0.002277
0.002201
0.002128
0.002060
0.001992
0.001927
0.001863
0.001800
0.001738
0.001676
0.001614
0.001554
0.001498
0.001444
0.001396
0.001357
0.001323
0.001295
0.001271
0.001248
0.001229
0.001209
0.001192
0.001175
0.001161
0.001149
0.001142
0.001127
0.001119
0.001092
0.001086
0.001089
0.001075
0.001048
0.001025
0.001003
0.000984
0.000964
0.000947
0.000934
0.000921
0.000912
0.000904
0.000897
0.000889
0.000879
0.000869
0.000861
0.000853
0.000847
0.000841
0.000835
0.000831
0.000825
0.000818
0.000811
0.000805
0.000799
0.000794
0.000789
0.000785
0.000779
0.000775
0.000770
0.000768
0.000765
0.000760
0.000756
0.000752
0.000748
0.000743
0.000740
0.000738
0.000735
0.000672
0.000673
0.000665
0.000665
0.000664
0.000661
0.000659
0.000657
0.000655
0.000653
0.000652
0.000650
0.000649
0.000648
0.000646
0.000645
0.000644
0.000643
0.000642
0.000642
0.000641
0.000640
0.000639
0.000639
0.000638
0.000638
0.000637
0.000637
0.000636
0.000636
0.000636
0.000636
0.000635
0.000635
0.000635
0.000634
0.000634
0.000633
0.000633
0.000632
0.000631
0.000631
0.000630
0.000630
0.000629
0.000628
0.000627
0.000626
0.000625
0.000624
0.000624
0.000622
0.000622
0.000621
0.000619
0.000618
0.000617
0.000617
0.000616
0.000615
0.000614
0.000613
0.000612
0.000611
0.000610
0.000609
0.000608
0.000607
0.000606
0.000605
0.000604
0.000603
0.000602
0.000601
0.000600
0.000600
0.000599
0.000598
0.000598
0.000597
0.000597
0.000596
0.000595
0.000595
0.000594
0.000593
0.000593
0.000593
0.000592
0.000591
0.000591
0.000590
0.000590
0.000589
0.000589
0.000588
0.000588
0.000587
0.000587
0.000586
0.000549
0.000545
0.000547
0.000547
0.000547
0.000546
0.000546
0.000545
0.000544
0.000544
0.000543
0.000543
0.000542
0.000542
0.000541
0.000541
0.000541
0.000540
0.000540
0.000539
0.000539
0.000539
0.000538
0.000538
0.000538
0.000538
0.000537
0.000537
0.000537
0.000537
0.000536
0.000536
0.000536
0.000536
0.000535
0.000535
0.000535
0.000535
0.000535
0.000534
0.000534
0.000534
0.000534
0.000534
0.000533
0.000533
0.000533
0.000533
0.000533
0.000532
0.000532
0.000532
0.000532
0.000531
0.000531
0.000531
0.000531
0.000530
0.000530
0.000530
0.000529
0.000529
0.000529
0.000528
0.000528
0.000527
0.000527
0.000527
0.000526
0.000526
0.000526
0.000525
0.000525
0.000525
0.000524
0.000524
0.000524
0.000523
0.000523
0.000523
0.000523
0.000522
0.000522
0.000522
0.000522
0.000521
0.000521
0.000521
0.000521
0.000521
0.000520
0.000520
0.000520
0.000520
0.000520
0.000519
0.000519
0.000519
0.000519
0.000519
0.000512
0.000516
0.000518
0.000518
0.000518
0.000518
0.000518
0.000518
0.000518
0.000518
0.000518
0.000518
0.000518
0.000518
0.000519
0.000519
0.000519
0.000519
0.000519
0.000519
0.000519
0.000518
0.000518
0.000518
0.000518
0.000518
0.000518
0.000518
0.000518
0.000518
0.000518
0.000518
0.000518
0.000517
0.000517
0.000517
0.000517
0.000517
0.000517
0.000516
0.000516
0.000516
0.000516
0.000516
0.000515
0.000515
0.000515
0.000515
0.000514
0.000514
0.000514
0.000514
0.000513
0.000513
0.000513
0.000513
0.000512
0.000512
0.000512
0.000512
0.000511
0.000511
0.000511
0.000511
0.000511
0.000510
0.000510
0.000510
0.000510
0.000510
0.000510
0.000510
0.000509
0.000509
0.000509
0.000509
0.000509
0.000509
0.000509
0.000509
0.000508
0.000508
0.000508
0.000508
0.000508
0.000508
0.000508
0.000508
0.000508
0.000507
0.000507
0.000507
0.000507
0.000507
0.000507
0.000507
0.000507
0.000506
0.000506
0.000506
0.000502
0.000496
0.000494
0.000495
0.000494
0.000494
0.000494
0.000494
0.000494
0.000494
0.000494
0.000494
0.000494
0.000494
0.000494
0.000494
0.000494
0.000494
0.000494
0.000494
0.000494
0.000494
0.000494
0.000494
0.000494
0.000493
0.000494
0.000493
0.000493
0.000493
0.000493
0.000493
0.000493
0.000493
0.000493
0.000493
0.000493
0.000493
0.000493
0.000493
0.000493
0.000493
0.000493
0.000493
0.000493
0.000493
0.000492
0.000492
0.000492
0.000492
0.000492
0.000492
0.000492
0.000492
0.000492
0.000492
0.000492
0.000492
0.000492
0.000492
0.000492
0.000491
0.000491
0.000491
0.000491
0.000491
0.000491
0.000491
0.000491
0.000491
0.000491
0.000491
0.000491
0.000491
0.000490
0.000490
0.000490
0.000490
0.000490
0.000490
0.000490
0.000490
0.000490
0.000490
0.000489
0.000489
0.000489
0.000489
0.000489
0.000489
0.000489
0.000489
0.000488
0.000488
0.000488
0.000488
0.000488
0.000488
0.000488
0.000487
