0.460876
0.180668
0.077665
0.048288
0.028646
0.018427
0.012804
0.009734
0.008277
0.007527
0.007029
0.006617
0.006248
0.005913
0.005608
0.005330
0.005074
0.004843
0.004632
0.004439
0.004263
0.004100
0.003950
0.003812
0.003684
0.003565
0.003452
0.003344
0.003242
0.003142
0.003048
0.002957
0.002870
0.002788
0.002709
0.002636
0.002566
0.002500
0.002440
0.002384
0.002333
0.002285
0.002240
0.002197
0.002156
0.002116
0.002078
0.002042
0.002007
0.001974
0.001943
0.001913
0.001884
0.001856
0.001828
0.001803
0.001777
0.001752
0.001728
0.001705
0.001683
0.001662
0.001643
0.001625
0.001608
0.001592
0.001578
0.001564
0.001551
0.001538
0.001527
0.001516
0.001505
0.001495
0.001486
0.001477
0.001468
0.001459
0.001451
0.001444
0.001436
0.001429
0.001422
0.001416
0.001410
0.001404
0.001398
0.001392
0.001387
0.001381
0.001376
0.001371
0.001366
0.001363
0.001358
0.001353
0.001348
0.001344
0.001340
0.001336
0.001292
0.001293
0.001287
0.001289
0.001283
0.001281
0.001278
0.001275
0.001273
0.001270
0.001268
0.001265
0.001263
0.001261
0.001259
0.001257
0.001254
0.001252
0.001250
0.001248
0.001246
0.001243
0.001241
0.001239
0.001237
0.001236
0.001234
0.001232
0.001230
0.001228
0.001227
0.001225
0.001223
0.001222
0.001220
0.001219
0.001217
0.001216
0.001214
0.001213
0.001211
0.001209
0.001208
0.001206
0.001204
0.001202
0.001201
0.001199
0.001198
0.001196
0.001194
0.001192
0.001191
0.001189
0.001188
0.001186
0.001184
0.001183
0.001181
0.001179
0.001177
0.001175
0.001174
0.001172
0.001170
0.001168
0.001167
0.001165
0.001163
0.001161
0.001160
0.001158
0.001157
0.001155
0.001154
0.001152
0.001151
0.001149
0.001148
0.001146
0.001145
0.001143
0.001142
0.001140
0.001139
0.001138
0.001136
0.001135
0.001134
0.001133
0.001132
0.001130
0.001129
0.001127
0.001126
0.001125
0.001123
0.001122
0.001120
0.001119
0.001103
0.001122
0.001137
0.001140
0.001140
0.001137
0.001132
0.001129
0.001125
0.001123
0.001121
0.001119
0.001118
0.001116
0.001115
0.001114
0.001113
0.001113
0.001112
0.001111
0.001110
0.001109
0.001108
0.001108
0.001107
0.001106
0.001105
0.001105
0.001104
0.001103
0.001103
0.001102
0.001101
0.001100
0.001100
0.001099
0.001099
0.001098
0.001097
0.001097
0.001096
0.001095
0.001095
0.001094
0.001094
0.001093
0.001093
0.001092
0.001091
0.001091
0.001090
0.001090
0.001089
0.001088
0.001088
0.001087
0.001087
0.001086
0.001086
0.001085
0.001084
0.001084
0.001083
0.001083
0.001082
0.001082
0.001081
0.001080
0.001080
0.001079
0.001079
0.001078
0.001077
0.001077
0.001076
0.001076
0.001075
0.001074
0.001074
0.001073
0.001073
0.001072
0.001072
0.001071
0.001070
0.001070
0.001069
0.001069
0.001068
0.001068
0.001068
0.001067
0.001067
0.001066
0.001066
0.001065
0.001065
0.001064
0.001063
0.001063
0.001039
0.001026
0.001022
0.001024
0.001023
0.001023
0.001023
0.001023
0.001023
0.001022
0.001022
0.001022
0.001022
0.001021
0.001021
0.001021
0.001021
0.001020
0.001020
0.001020
0.001020
0.001020
0.001019
0.001019
0.001019
0.001019
0.001018
0.001018
0.001018
0.001018
0.001018
0.001017
0.001017
0.001017
0.001017
0.001016
0.001016
0.001016
0.001016
0.001016
0.001015
0.001015
0.001015
0.001015
0.001014
0.001014
0.001014
0.001014
0.001014
0.001013
0.001013
0.001013
0.001013
0.001012
0.001012
0.001012
0.001012
0.001012
0.001011
0.001011
0.001011
0.001011
0.001011
0.001010
0.001010
0.001010
0.001010
0.001010
0.001010
0.001009
0.001009
0.001009
0.001009
0.001009
0.001009
0.001008
0.001008
0.001008
0.001008
0.001008
0.001008
0.001007
0.001007
0.001007
0.001007
0.001007
0.001007
0.001006
0.001006
0.001006
0.001006
0.001006
0.001005
0.001005
0.001005
0.001005
0.001005
0.001005
0.001004
0.001004
0.000995
0.000994
0.000992
0.000992
0.000992
0.000991
0.000991
0.000991
0.000991
0.000991
0.000991
0.000990
0.000990
0.000990
0.000990
0.000990
0.000990
0.000990
0.000989
0.000989
0.000989
0.000989
0.000989
0.000989
0.000988
0.000988
0.000988
0.000988
0.000988
0.000988
0.000988
0.000988
0.000987
0.000987
0.000987
0.000987
0.000987
0.000987
0.000987
0.000986
0.000986
0.000986
0.000986
0.000986
0.000986
0.000986
0.000985
0.000985
0.000985
0.000985
0.000985
0.000985
0.000985
0.000984
0.000984
0.000984
0.000984
0.000984
0.000984
0.000984
0.000983
0.000983
0.000983
0.000983
0.000983
0.000983
0.000982
0.000982
0.000982
0.000982
0.000982
0.000982
0.000982
0.000981
0.000981
0.000981
0.000981
0.000981
0.000981
0.000981
0.000980
0.000980
0.000980
0.000980
0.000980
0.000980
0.000979
0.000979
0.000979
0.000979
0.000979
0.000979
0.000979
0.000978
0.000978
0.000978
0.000978
0.000978
0.000978
0.000977
