0.447776
0.246596
0.102508
0.041205
0.026732
0.016795
0.010200
0.006835
0.005240
0.004516
0.004130
0.003846
0.003620
0.003428
0.003253
0.003097
0.002961
0.002846
0.002751
0.002665
0.002589
0.002521
0.002458
0.002398
0.002343
0.002292
0.002245
0.002201
0.002161
0.002123
0.002086
0.002052
0.002020
0.001989
0.001957
0.001925
0.001894
0.001863
0.001832
0.001801
0.001771
0.001743
0.001717
0.001694
0.001673
0.001652
0.001633
0.001617
0.001601
0.001587
0.001574
0.001561
0.001549
0.001538
0.001528
0.001518
0.001508
0.001500
0.001493
0.001485
0.001479
0.001473
0.001467
0.001462
0.001457
0.001451
0.001446
0.001442
0.001436
0.001431
0.001425
0.001420
0.001415
0.001409
0.001402
0.001395
0.001389
0.001383
0.001378
0.001373
0.001366
0.001361
0.001355
0.001348
0.001340
0.001333
0.001326
0.001319
0.001311
0.001304
0.001298
0.001293
0.001288
0.001282
0.001275
0.001268
0.001263
0.001258
0.001254
0.001251
0.001197
0.001205
0.001194
0.001191
0.001190
0.001188
0.001187
0.001186
0.001184
0.001183
0.001182
0.001181
0.001180
0.001179
0.001178
0.001176
0.001174
0.001173
0.001172
0.001171
0.001169
0.001168
0.001167
0.001166
0.001165
0.001164
0.001163
0.001162
0.001161
0.001161
0.001160
0.001159
0.001159
0.001158
0.001157
0.001156
0.001156
0.001155
0.001154
0.001153
0.001153
0.001152
0.001151
0.001150
0.001150
0.001149
0.001148
0.001147
0.001146
0.001146
0.001145
0.001144
0.001143
0.001143
0.001142
0.001141
0.001141
0.001140
0.001139
0.001139
0.001139
0.001138
0.001137
0.001137
0.001136
0.001136
0.001135
0.001135
0.001134
0.001134
0.001133
0.001133
0.001132
0.001132
0.001132
0.001131
0.001131
0.001131
0.001130
0.001129
0.001129
0.001129
0.001128
0.001128
0.001128
0.001127
0.001127
0.001127
0.001127
0.001127
0.001127
0.001127
0.001126
0.001126
0.001126
0.001126
0.001126
0.001126
0.001126
0.001127
0.001102
0.001105
0.001112
0.001116
0.001119
0.001121
0.001121
0.001120
0.001120
0.001119
0.001119
0.001118
0.001118
0.001117
0.001116
0.001116
0.001116
0.001115
0.001115
0.001114
0.001114
0.001113
0.001113
0.001112
0.001112
0.001111
0.001111
0.001110
0.001110
0.001109
0.001109
0.001108
0.001108
0.001107
0.001107
0.001106
0.001106
0.001105
0.001105
0.001104
0.001104
0.001103
0.001103
0.001102
0.001102
0.001101
0.001101
0.001100
0.001100
0.001099
0.001099
0.001098
0.001098
0.001097
0.001097
0.001096
0.001096
0.001096
0.001095
0.001095
0.001094
0.001094
0.001093
0.001093
0.001093
0.001092
0.001092
0.001091
0.001091
0.001091
0.001090
0.001090
0.001089
0.001089
0.001089
0.001088
0.001088
0.001087
0.001087
0.001086
0.001086
0.001085
0.001085
0.001084
0.001084
0.001084
0.001083
0.001083
0.001082
0.001082
0.001081
0.001081
0.001080
0.001080
0.001080
0.001079
0.001079
0.001078
0.001078
0.001077
0.001076
0.001059
0.001056
0.001055
0.001056
0.001055
0.001055
0.001055
0.001055
0.001055
0.001055
0.001055
0.001055
0.001055
0.001055
0.001055
0.001055
0.001055
0.001055
0.001055
0.001055
0.001055
0.001055
0.001055
0.001055
0.001055
0.001056
0.001056
0.001056
0.001056
0.001056
0.001056
0.001056
0.001056
0.001056
0.001056
0.001056
0.001056
0.001056
0.001056
0.001056
0.001056
0.001057
0.001056
0.001057
0.001057
0.001057
0.001057
0.001057
0.001057
0.001057
0.001057
0.001057
0.001057
0.001057
0.001057
0.001057
0.001057
0.001057
0.001057
0.001057
0.001057
0.001057
0.001057
0.001057
0.001057
0.001057
0.001057
0.001057
0.001057
0.001057
0.001057
0.001057
0.001057
0.001057
0.001057
0.001057
0.001057
0.001057
0.001057
0.001057
0.001057
0.001057
0.001057
0.001057
0.001057
0.001057
0.001057
0.001057
0.001057
0.001057
0.001057
0.001057
0.001057
0.001057
0.001057
0.001057
0.001057
0.001056
0.001056
0.001048
0.001043
0.001041
0.001040
0.001041
0.001040
0.001040
0.001040
0.001040
0.001040
0.001040
0.001040
0.001040
0.001040
0.001040
0.001040
0.001040
0.001040
0.001040
0.001040
0.001040
0.001039
0.001039
0.001039
0.001039
0.001039
0.001039
0.001039
0.001039
0.001039
0.001039
0.001039
0.001039
0.001039
0.001039
0.001039
0.001039
0.001039
0.001039
0.001038
0.001038
0.001038
0.001038
0.001038
0.001038
0.001038
0.001038
0.001038
0.001038
0.001038
0.001038
0.001038
0.001038
0.001038
0.001038
0.001038
0.001038
0.001038
0.001038
0.001037
0.001037
0.001037
0.001037
0.001037
0.001037
0.001037
0.001037
0.001037
0.001037
0.001037
0.001037
0.001037
0.001037
0.001037
0.001037
0.001037
0.001037
0.001037
0.001036
0.001036
0.001036
0.001036
0.001036
0.001036
0.001036
0.001036
0.001036
0.001036
0.001036
0.001036
0.001036
0.001036
0.001036
0.001036
0.001036
0.001036
0.001036
0.001035
0.001035
0.001035
