0.549275
0.410884
0.308548
0.224624
0.133211
0.092429
0.071610
0.059784
0.052120
0.046249
0.041410
0.037274
0.033769
0.030817
0.028278
0.026043
0.024062
0.022298
0.020714
0.019300
0.018034
0.016908
0.015921
0.015050
0.014280
0.013586
0.012957
0.012380
0.011861
0.011388
0.010951
0.010551
0.010188
0.009848
0.009537
0.009250
0.008979
0.008724
0.008492
0.008274
0.008065
0.007868
0.007686
0.007507
0.007339
0.007179
0.007024
0.006878
0.006740
0.006606
0.006476
0.006353
0.006232
0.006115
0.006006
0.005904
0.005805
0.005708
0.005615
0.005532
0.005452
0.005377
0.005307
0.005236
0.005173
0.005113
0.005058
0.005008
0.004958
0.004916
0.004871
0.004834
0.004795
0.004760
0.004726
0.004696
0.004666
0.004638
0.004613
0.004589
0.004566
0.004543
0.004520
0.004504
0.004486
0.004469
0.004450
0.004438
0.004422
0.004408
0.004394
0.004384
0.004372
0.004361
0.004351
0.004343
0.004331
0.004323
0.004315
0.004305
0.004217
0.004225
0.004215
0.004207
0.004200
0.004198
0.004195
0.004192
0.004189
0.004186
0.004183
0.004182
0.004179
0.004177
0.004174
0.004172
0.004170
0.004167
0.004165
0.004164
0.004164
0.004162
0.004161
0.004160
0.004157
0.004157
0.004155
0.004153
0.004152
0.004151
0.004151
0.004150
0.004148
0.004146
0.004146
0.004145
0.004144
0.004144
0.004143
0.004141
0.004140
0.004140
0.004139
0.004138
0.004137
0.004136
0.004135
0.004133
0.004132
0.004132
0.004131
0.004131
0.004130
0.004129
0.004128
0.004127
0.004125
0.004125
0.004124
0.004123
0.004122
0.004120
0.004119
0.004119
0.004118
0.004118
0.004117
0.004116
0.004115
0.004115
0.004115
0.004114
0.004115
0.004112
0.004113
0.004113
0.004111
0.004110
0.004109
0.004108
0.004107
0.004107
0.004106
0.004109
0.004109
0.004107
0.004106
0.004106
0.004105
0.004105
0.004104
0.004104
0.004103
0.004101
0.004100
0.004099
0.004099
0.004098
0.004097
0.004096
0.004057
0.004061
0.004064
0.004078
0.004079
0.004075
0.004070
0.004064
0.004057
0.004051
0.004047
0.004045
0.004043
0.004041
0.004040
0.004038
0.004037
0.004036
0.004035
0.004035
0.004033
0.004032
0.004031
0.004031
0.004030
0.004029
0.004029
0.004029
0.004028
0.004028
0.004028
0.004027
0.004027
0.004027
0.004026
0.004026
0.004025
0.004025
0.004025
0.004024
0.004024
0.004023
0.004024
0.004023
0.004023
0.004022
0.004022
0.004022
0.004021
0.004021
0.004021
0.004020
0.004021
0.004021
0.004019
0.004020
0.004020
0.004019
0.004020
0.004019
0.004018
0.004019
0.004018
0.004018
0.004018
0.004019
0.004017
0.004017
0.004018
0.004018
0.004018
0.004018
0.004017
0.004017
0.004016
0.004016
0.004017
0.004016
0.004016
0.004016
0.004015
0.004015
0.004015
0.004015
0.004015
0.004014
0.004014
0.004014
0.004014
0.004013
0.004013
0.004013
0.004013
0.004012
0.004012
0.004012
0.004012
0.004011
0.004011
0.004011
0.003987
0.003981
0.003981
0.003983
0.003984
0.003984
0.003984
0.003984
0.003984
0.003984
0.003984
0.003984
0.003984
0.003984
0.003984
0.003983
0.003984
0.003983
0.003983
0.003983
0.003983
0.003983
0.003983
0.003983
0.003983
0.003983
0.003983
0.003982
0.003982
0.003982
0.003982
0.003982
0.003982
0.003982
0.003982
0.003982
0.003982
0.003982
0.003982
0.003981
0.003981
0.003981
0.003981
0.003981
0.003981
0.003981
0.003981
0.003981
0.003981
0.003981
0.003981
0.003981
0.003981
0.003980
0.003980
0.003980
0.003980
0.003980
0.003980
0.003980
0.003980
0.003980
0.003980
0.003980
0.003980
0.003979
0.003980
0.003979
0.003979
0.003979
0.003979
0.003979
0.003979
0.003979
0.003979
0.003979
0.003979
0.003979
0.003979
0.003978
0.003978
0.003978
0.003978
0.003978
0.003978
0.003978
0.003978
0.003978
0.003978
0.003978
0.003978
0.003977
0.003978
0.003977
0.003977
0.003977
0.003977
0.003977
0.003977
0.003977
0.003968
0.003953
0.003950
0.003953
0.003953
0.003952
0.003952
0.003952
0.003952
0.003952
0.003952
0.003952
0.003952
0.003952
0.003952
0.003952
0.003951
0.003951
0.003951
0.003951
0.003951
0.003951
0.003951
0.003951
0.003951
0.003951
0.003951
0.003951
0.003951
0.003950
0.003950
0.003950
0.003950
0.003950
0.003950
0.003950
0.003950
0.003950
0.003950
0.003950
0.003950
0.003949
0.003949
0.003950
0.003949
0.003949
0.003949
0.003949
0.003949
0.003949
0.003949
0.003949
0.003949
0.003949
0.003949
0.003949
0.003948
0.003948
0.003948
0.003948
0.003948
0.003948
0.003948
0.003948
0.003948
0.003948
0.003948
0.003948
0.003948
0.003948
0.003947
0.003947
0.003947
0.003947
0.003947
0.003947
0.003947
0.003947
0.003947
0.003947
0.003947
0.003947
0.003946
0.003946
0.003946
0.003946
0.003946
0.003946
0.003946
0.003946
0.003946
0.003946
0.003946
0.003945
0.003945
0.003945
0.003945
0.003945
0.003945
0.003945
