0.437826
0.187657
0.054540
0.027253
0.015743
0.008385
0.004565
0.003083
0.002626
0.002351
0.002180
0.002072
0.001997
0.001949
0.001911
0.001879
0.001847
0.001818
0.001788
0.001759
0.001733
0.001707
0.001683
0.001661
0.001642
0.001624
0.001605
0.001588
0.001572
0.001557
0.001542
0.001526
0.001510
0.001493
0.001478
0.001464
0.001451
0.001437
0.001426
0.001418
0.001408
0.001395
0.001381
0.001370
0.001357
0.001344
0.001333
0.001324
0.001315
0.001307
0.001301
0.001295
0.001290
0.001283
0.001275
0.001266
0.001259
0.001254
0.001246
0.001239
0.001231
0.001226
0.001220
0.001213
0.001206
0.001200
0.001194
0.001189
0.001183
0.001176
0.001169
0.001165
0.001160
0.001153
0.001145
0.001141
0.001137
0.001133
0.001129
0.001124
0.001120
0.001116
0.001111
0.001109
0.001107
0.001105
0.001100
0.001097
0.001094
0.001091
0.001088
0.001086
0.001083
0.001078
0.001073
0.001068
0.001063
0.001060
0.001059
0.001058
0.000983
0.000990
0.000990
0.000992
0.000993
0.000992
0.000991
0.000990
0.000989
0.000988
0.000986
0.000985
0.000985
0.000984
0.000983
0.000982
0.000981
0.000980
0.000979
0.000978
0.000977
0.000976
0.000975
0.000974
0.000974
0.000973
0.000972
0.000971
0.000970
0.000969
0.000968
0.000967
0.000966
0.000965
0.000964
0.000964
0.000962
0.000962
0.000961
0.000960
0.000960
0.000959
0.000958
0.000957
0.000956
0.000956
0.000955
0.000954
0.000953
0.000952
0.000951
0.000949
0.000948
0.000947
0.000946
0.000945
0.000944
0.000942
0.000941
0.000939
0.000938
0.000936
0.000934
0.000933
0.000931
0.000930
0.000928
0.000926
0.000924
0.000922
0.000921
0.000919
0.000917
0.000916
0.000914
0.000913
0.000911
0.000910
0.000909
0.000908
0.000907
0.000906
0.000904
0.000904
0.000903
0.000902
0.000901
0.000900
0.000900
0.000899
0.000898
0.000898
0.000897
0.000896
0.000896
0.000896
0.000895
0.000895
0.000894
0.000894
0.000888
0.000888
0.000886
0.000885
0.000885
0.000884
0.000884
0.000884
0.000883
0.000883
0.000883
0.000882
0.000882
0.000881
0.000881
0.000881
0.000880
0.000880
0.000879
0.000880
0.000879
0.000879
0.000879
0.000878
0.000878
0.000878
0.000878
0.000878
0.000878
0.000877
0.000877
0.000877
0.000877
0.000877
0.000877
0.000876
0.000877
0.000876
0.000876
0.000876
0.000877
0.000877
0.000877
0.000877
0.000877
0.000877
0.000877
0.000877
0.000878
0.000878
0.000878
0.000878
0.000879
0.000879
0.000879
0.000879
0.000879
0.000879
0.000879
0.000879
0.000880
0.000880
0.000880
0.000880
0.000880
0.000880
0.000880
0.000880
0.000880
0.000880
0.000881
0.000881
0.000881
0.000881
0.000881
0.000881
0.000881
0.000881
0.000881
0.000881
0.000881
0.000881
0.000881
0.000881
0.000881
0.000881
0.000880
0.000880
0.000881
0.000880
0.000880
0.000880
0.000880
0.000879
0.000879
0.000879
0.000879
0.000878
0.000878
0.000878
0.000871
0.000881
0.000887
0.000889
0.000889
0.000888
0.000888
0.000887
0.000886
0.000885
0.000883
0.000882
0.000881
0.000880
0.000880
0.000879
0.000878
0.000878
0.000877
0.000877
0.000877
0.000876
0.000876
0.000876
0.000875
0.000875
0.000875
0.000875
0.000875
0.000874
0.000874
0.000874
0.000874
0.000874
0.000874
0.000874
0.000874
0.000873
0.000873
0.000873
0.000873
0.000873
0.000873
0.000873
0.000873
0.000873
0.000873
0.000873
0.000873
0.000873
0.000873
0.000873
0.000873
0.000873
0.000873
0.000873
0.000873
0.000873
0.000873
0.000873
0.000873
0.000873
0.000873
0.000873
0.000873
0.000873
0.000873
0.000873
0.000873
0.000873
0.000872
0.000872
0.000872
0.000872
0.000872
0.000872
0.000872
0.000872
0.000872
0.000872
0.000872
0.000872
0.000872
0.000872
0.000872
0.000872
0.000872
0.000872
0.000872
0.000872
0.000872
0.000872
0.000872
0.000872
0.000871
0.000871
0.000871
0.000871
0.000871
0.000871
0.000860
0.000845
0.000844
0.000844
0.000843
0.000844
0.000844
0.000844
0.000844
0.000844
0.000844
0.000844
0.000844
0.000844
0.000844
0.000844
0.000843
0.000843
0.000843
0.000843
0.000843
0.000843
0.000843
0.000843
0.000843
0.000843
0.000843
0.000843
0.000843
0.000843
0.000843
0.000843
0.000843
0.000843
0.000843
0.000843
0.000843
0.000843
0.000843
0.000843
0.000843
0.000843
0.000844
0.000843
0.000843
0.000844
0.000843
0.000844
0.000844
0.000844
0.000844
0.000844
0.000844
0.000844
0.000844
0.000844
0.000844
0.000844
0.000844
0.000844
0.000844
0.000844
0.000844
0.000844
0.000844
0.000844
0.000844
0.000844
0.000844
0.000844
0.000844
0.000844
0.000844
0.000844
0.000844
0.000844
0.000844
0.000844
0.000844
0.000844
0.000844
0.000844
0.000844
0.000844
0.000844
0.000844
0.000844
0.000844
0.000844
0.000844
0.000844
0.000844
0.000844
0.000844
0.000844
0.000844
0.000844
0.000844
0.000844
0.000844
