0.453603
0.305713
0.180078
0.074871
0.053542
0.042746
0.034795
0.028236
0.022429
0.017637
0.013878
0.011137
0.009360
0.008449
0.008089
0.007954
0.007924
0.007912
0.007904
0.007896
0.007888
0.007881
0.007872
0.007865
0.007858
0.007848
0.007839
0.007829
0.007818
0.007805
0.007791
0.007776
0.007760
0.007744
0.007727
0.007708
0.007690
0.007667
0.007642
0.007617
0.007589
0.007560
0.007525
0.007489
0.007456
0.007424
0.007390
0.007354
0.007316
0.007275
0.007232
0.007186
0.007137
0.007084
0.007031
0.006977
0.006921
0.006866
0.006806
0.006748
0.006691
0.006635
0.006577
0.006521
0.006463
0.006406
0.006347
0.006287
0.006225
0.006165
0.006101
0.006032
0.005958
0.005878
0.005784
0.005683
0.005583
0.005492
0.005410
0.005329
0.005248
0.005167
0.005084
0.005003
0.004918
0.004833
0.004745
0.004657
0.004560
0.004448
0.004325
0.004181
0.004022
0.003855
0.003684
0.003517
0.003361
0.003219
0.003099
0.002998
0.002878
0.002822
0.002777
0.002739
0.002706
0.002674
0.002645
0.002616
0.002588
0.002562
0.002537
0.002512
0.002489
0.002467
0.002447
0.002427
0.002407
0.002387
0.002369
0.002352
0.002334
0.002318
0.002301
0.002285
0.002270
0.002256
0.002241
0.002228
0.002214
0.002201
0.002187
0.002175
0.002162
0.002150
0.002139
0.002127
0.002116
0.002106
0.002095
0.002086
0.002076
0.002066
0.002057
0.002049
0.002040
0.002032
0.002025
0.002017
0.002010
0.002003
0.001996
0.001990
0.001984
0.001977
0.001971
0.001966
0.001960
0.001955
0.001949
0.001944
0.001939
0.001934
0.001929
0.001924
0.001919
0.001915
0.001911
0.001906
0.001902
0.001899
0.001895
0.001891
0.001887
0.001884
0.001880
0.001877
0.001874
0.001871
0.001868
0.001865
0.001862
0.001859
0.001857
0.001854
0.001852
0.001849
0.001847
0.001844
0.001842
0.001840
0.001837
0.001835
0.001833
0.001831
0.001829
0.001828
0.001825
0.001823
0.001821
0.001820
0.001800
0.001800
0.001797
0.001796
0.001795
0.001794
0.001793
0.001792
0.001792
0.001791
0.001790
0.001790
0.001789
0.001788
0.001788
0.001787
0.001786
0.001785
0.001785
0.001784
0.001783
0.001782
0.001782
0.001781
0.001781
0.001780
0.001779
0.001778
0.001778
0.001777
0.001777
0.001776
0.001775
0.001774
0.001773
0.001773
0.001772
0.001771
0.001771
0.001770
0.001769
0.001768
0.001768
0.001767
0.001766
0.001766
0.001765
0.001764
0.001764
0.001763
0.001762
0.001762
0.001761
0.001760
0.001759
0.001759
0.001758
0.001757
0.001757
0.001756
0.001755
0.001754
0.001753
0.001753
0.001752
0.001751
0.001750
0.001749
0.001748
0.001748
0.001747
0.001746
0.001746
0.001745
0.001744
0.001743
0.001742
0.001742
0.001740
0.001740
0.001739
0.001738
0.001737
0.001737
0.001736
0.001735
0.001734
0.001733
0.001733
0.001732
0.001731
0.001731
0.001730
0.001729
0.001728
0.001728
0.001727
0.001726
0.001725
0.001725
0.001717
0.001700
0.001700
0.001698
0.001698
0.001698
0.001697
0.001697
0.001697
0.001696
0.001696
0.001696
0.001695
0.001695
0.001695
0.001694
0.001694
0.001694
0.001693
0.001693
0.001693
0.001692
0.001692
0.001692
0.001691
0.001691
0.001691
0.001690
0.001690
0.001690
0.001689
0.001689
0.001689
0.001688
0.001688
0.001688
0.001687
0.001687
0.001686
0.001686
0.001686
0.001685
0.001685
0.001685
0.001684
0.001684
0.001683
0.001683
0.001683
0.001683
0.001682
0.001682
0.001681
0.001681
0.001680
0.001680
0.001680
0.001680
0.001679
0.001679
0.001678
0.001678
0.001677
0.001677
0.001676
0.001676
0.001676
0.001675
0.001675
0.001675
0.001674
0.001674
0.001673
0.001673
0.001672
0.001672
0.001672
0.001671
0.001670
0.001670
0.001670
0.001669
0.001669
0.001668
0.001668
0.001668
0.001667
0.001667
0.001666
0.001666
0.001665
0.001665
0.001664
0.001664
0.001663
0.001663
0.001663
0.001662
0.001662
0.001661
0.001655
0.001659
0.001659
0.001657
0.001657
0.001656
0.001656
0.001656
0.001656
0.001655
0.001655
0.001655
0.001654
0.001654
0.001654
0.001654
0.001653
0.001653
0.001653
0.001652
0.001652
0.001652
0.001651
0.001651
0.001651
0.001651
0.001650
0.001650
0.001650
0.001649
0.001649
0.001649
0.001649
0.001648
0.001648
0.001648
0.001647
0.001647
0.001647
0.001647
0.001646
0.001646
0.001646
0.001645
0.001645
0.001645
0.001645
0.001644
0.001644
0.001644
0.001643
0.001643
0.001643
0.001642
0.001642
0.001642
0.001642
0.001641
0.001641
0.001641
0.001640
0.001640
0.001640
0.001639
0.001639
0.001639
0.001638
0.001638
0.001638
0.001637
0.001637
0.001637
0.001636
0.001636
0.001636
0.001636
0.001635
0.001635
0.001635
0.001634
0.001634
0.001634
0.001633
0.001633
0.001633
0.001632
0.001632
0.001632
0.001631
0.001631
0.001631
0.001630
0.001630
0.001630
0.001629
0.001629
0.001629
0.001629
0.001628
0.001628
