0.334775
0.149371
0.052117
0.026842
0.014970
0.008496
0.004821
0.003541
0.003076
0.002750
0.002515
0.002346
0.002231
0.002141
0.002068
0.001999
0.001930
0.001864
0.001806
0.001752
0.001695
0.001638
0.001582
0.001531
0.001482
0.001437
0.001400
0.001367
0.001344
0.001325
0.001313
0.001302
0.001296
0.001289
0.001284
0.001279
0.001275
0.001272
0.001268
0.001261
0.001256
0.001252
0.001246
0.001242
0.001239
0.001237
0.001230
0.001230
0.001229
0.001226
0.001224
0.001221
0.001218
0.001215
0.001211
0.001207
0.001203
0.001197
0.001194
0.001190
0.001185
0.001182
0.001179
0.001175
0.001171
0.001168
0.001164
0.001161
0.001160
0.001158
0.001155
0.001152
0.001148
0.001147
0.001146
0.001145
0.001142
0.001138
0.001135
0.001133
0.001129
0.001126
0.001124
0.001121
0.001119
0.001117
0.001114
0.001111
0.001109
0.001107
0.001107
0.001106
0.001103
0.001102
0.001100
0.001099
0.001097
0.001094
0.001092
0.001090
0.000982
0.001003
0.001010
0.001018
0.001023
0.001022
0.001021
0.001021
0.001020
0.001019
0.001018
0.001017
0.001016
0.001015
0.001014
0.001013
0.001012
0.001011
0.001010
0.001010
0.001009
0.001008
0.001007
0.001006
0.001005
0.001004
0.001003
0.001002
0.001001
0.000999
0.000998
0.000997
0.000997
0.000996
0.000995
0.000994
0.000993
0.000992
0.000992
0.000991
0.000990
0.000989
0.000989
0.000989
0.000988
0.000987
0.000987
0.000986
0.000985
0.000984
0.000984
0.000984
0.000983
0.000982
0.000982
0.000982
0.000982
0.000981
0.000981
0.000981
0.000981
0.000980
0.000980
0.000980
0.000979
0.000979
0.000979
0.000979
0.000979
0.000979
0.000978
0.000978
0.000978
0.000977
0.000977
0.000976
0.000976
0.000975
0.000975
0.000974
0.000974
0.000974
0.000973
0.000973
0.000972
0.000972
0.000972
0.000972
0.000971
0.000971
0.000971
0.000970
0.000970
0.000970
0.000970
0.000970
0.000970
0.000970
0.000970
0.000970
0.000950
0.000949
0.000944
0.000948
0.000949
0.000950
0.000950
0.000949
0.000949
0.000948
0.000947
0.000947
0.000946
0.000945
0.000944
0.000943
0.000942
0.000941
0.000940
0.000939
0.000938
0.000937
0.000936
0.000935
0.000934
0.000933
0.000932
0.000931
0.000930
0.000929
0.000928
0.000927
0.000926
0.000925
0.000924
0.000924
0.000923
0.000922
0.000922
0.000921
0.000920
0.000920
0.000919
0.000919
0.000918
0.000917
0.000917
0.000917
0.000916
0.000916
0.000915
0.000915
0.000915
0.000914
0.000914
0.000914
0.000913
0.000913
0.000913
0.000912
0.000912
0.000911
0.000911
0.000911
0.000910
0.000910
0.000910
0.000909
0.000909
0.000909
0.000908
0.000908
0.000907
0.000907
0.000907
0.000906
0.000906
0.000906
0.000905
0.000905
0.000905
0.000904
0.000904
0.000904
0.000903
0.000903
0.000903
0.000902
0.000902
0.000901
0.000901
0.000901
0.000901
0.000900
0.000900
0.000900
0.000899
0.000899
0.000899
0.000898
0.000893
0.000914
0.000919
0.000921
0.000922
0.000922
0.000921
0.000919
0.000917
0.000916
0.000914
0.000912
0.000911
0.000910
0.000909
0.000908
0.000908
0.000907
0.000906
0.000906
0.000905
0.000905
0.000904
0.000904
0.000904
0.000903
0.000903
0.000903
0.000902
0.000902
0.000902
0.000902
0.000901
0.000901
0.000901
0.000901
0.000900
0.000900
0.000900
0.000900
0.000900
0.000899
0.000899
0.000899
0.000899
0.000899
0.000898
0.000898
0.000898
0.000898
0.000897
0.000897
0.000897
0.000897
0.000897
0.000896
0.000896
0.000896
0.000896
0.000896
0.000896
0.000895
0.000895
0.000895
0.000895
0.000895
0.000895
0.000894
0.000894
0.000894
0.000894
0.000894
0.000893
0.000893
0.000893
0.000893
0.000893
0.000893
0.000893
0.000893
0.000892
0.000892
0.000892
0.000892
0.000892
0.000892
0.000891
0.000891
0.000891
0.000891
0.000891
0.000891
0.000890
0.000890
0.000890
0.000890
0.000890
0.000890
0.000889
0.000889
0.000869
0.000855
0.000852
0.000853
0.000853
0.000853
0.000853
0.000853
0.000853
0.000853
0.000853
0.000852
0.000852
0.000852
0.000852
0.000852
0.000852
0.000852
0.000852
0.000852
0.000852
0.000852
0.000852
0.000852
0.000852
0.000852
0.000852
0.000852
0.000852
0.000852
0.000852
0.000852
0.000852
0.000852
0.000852
0.000852
0.000852
0.000852
0.000852
0.000852
0.000852
0.000852
0.000852
0.000852
0.000852
0.000852
0.000852
0.000852
0.000852
0.000851
0.000851
0.000851
0.000851
0.000851
0.000851
0.000851
0.000851
0.000851
0.000851
0.000851
0.000851
0.000851
0.000851
0.000851
0.000851
0.000851
0.000851
0.000851
0.000851
0.000851
0.000851
0.000851
0.000851
0.000851
0.000851
0.000851
0.000851
0.000851
0.000851
0.000851
0.000851
0.000851
0.000851
0.000851
0.000851
0.000851
0.000851
0.000851
0.000851
0.000851
0.000851
0.000851
0.000851
0.000851
0.000851
0.000851
0.000851
0.000851
0.000851
0.000851
