0.493924
0.455933
0.368573
0.223829
0.111494
0.062289
0.032431
0.019491
0.013255
0.010483
0.009027
0.008208
0.007597
0.007035
0.006498
0.006055
0.005705
0.005461
0.005278
0.005114
0.004964
0.004829
0.004681
0.004534
0.004391
0.004260
0.004145
0.004044
0.003939
0.003840
0.003749
0.003669
0.003606
0.003553
0.003500
0.003453
0.003404
0.003358
0.003316
0.003280
0.003245
0.003215
0.003188
0.003160
0.003135
0.003109
0.003087
0.003066
0.003039
0.003014
0.002989
0.002967
0.002948
0.002933
0.002922
0.002903
0.002889
0.002875
0.002859
0.002841
0.002824
0.002809
0.002795
0.002783
0.002769
0.002756
0.002744
0.002731
0.002719
0.002708
0.002696
0.002686
0.002677
0.002664
0.002650
0.002638
0.002627
0.002618
0.002608
0.002599
0.002591
0.002582
0.002573
0.002563
0.002552
0.002542
0.002532
0.002524
0.002514
0.002506
0.002497
0.002489
0.002480
0.002471
0.002460
0.002451
0.002446
0.002439
0.002434
0.002427
0.002298
0.002311
0.002327
0.002337
0.002339
0.002336
0.002333
0.002329
0.002326
0.002322
0.002318
0.002313
0.002308
0.002303
0.002298
0.002293
0.002289
0.002284
0.002278
0.002272
0.002267
0.002261
0.002256
0.002251
0.002245
0.002238
0.002232
0.002226
0.002220
0.002215
0.002208
0.002202
0.002196
0.002190
0.002183
0.002177
0.002170
0.002164
0.002158
0.002152
0.002144
0.002138
0.002132
0.002126
0.002121
0.002115
0.002110
0.002104
0.002099
0.002093
0.002088
0.002083
0.002078
0.002073
0.002068
0.002063
0.002058
0.002053
0.002048
0.002043
0.002038
0.002033
0.002028
0.002023
0.002018
0.002013
0.002007
0.002001
0.001996
0.001991
0.001985
0.001980
0.001975
0.001970
0.001964
0.001958
0.001952
0.001946
0.001940
0.001934
0.001929
0.001921
0.001914
0.001906
0.001896
0.001885
0.001869
0.001855
0.001843
0.001834
0.001824
0.001816
0.001807
0.001800
0.001793
0.001786
0.001780
0.001774
0.001767
0.001762
0.001757
0.001754
0.001744
0.001740
0.001738
0.001735
0.001733
0.001730
0.001728
0.001727
0.001725
0.001723
0.001721
0.001719
0.001717
0.001715
0.001713
0.001712
0.001710
0.001709
0.001707
0.001705
0.001704
0.001702
0.001701
0.001699
0.001698
0.001697
0.001695
0.001694
0.001693
0.001692
0.001690
0.001689
0.001687
0.001686
0.001684
0.001683
0.001682
0.001681
0.001680
0.001679
0.001677
0.001676
0.001675
0.001673
0.001672
0.001671
0.001669
0.001668
0.001666
0.001664
0.001663
0.001661
0.001659
0.001657
0.001656
0.001654
0.001653
0.001652
0.001650
0.001649
0.001647
0.001645
0.001644
0.001643
0.001641
0.001639
0.001638
0.001636
0.001634
0.001633
0.001631
0.001630
0.001629
0.001627
0.001626
0.001624
0.001623
0.001621
0.001620
0.001618
0.001617
0.001615
0.001613
0.001611
0.001609
0.001608
0.001606
0.001605
0.001603
0.001602
0.001601
0.001599
0.001598
0.001597
0.001596
0.001595
0.001593
0.001592
0.001555
0.001530
0.001527
0.001527
0.001526
0.001525
0.001524
0.001524
0.001523
0.001522
0.001521
0.001521
0.001520
0.001519
0.001518
0.001517
0.001517
0.001516
0.001515
0.001514
0.001514
0.001513
0.001512
0.001511
0.001510
0.001510
0.001509
0.001508
0.001507
0.001506
0.001505
0.001505
0.001504
0.001503
0.001502
0.001501
0.001500
0.001500
0.001499
0.001498
0.001497
0.001497
0.001496
0.001495
0.001494
0.001493
0.001492
0.001492
0.001491
0.001490
0.001489
0.001488
0.001487
0.001487
0.001486
0.001485
0.001484
0.001483
0.001483
0.001482
0.001481
0.001480
0.001479
0.001479
0.001478
0.001477
0.001476
0.001475
0.001475
0.001474
0.001473
0.001472
0.001471
0.001470
0.001470
0.001469
0.001468
0.001467
0.001466
0.001465
0.001465
0.001464
0.001463
0.001462
0.001461
0.001461
0.001460
0.001459
0.001458
0.001457
0.001457
0.001456
0.001455
0.001454
0.001454
0.001453
0.001452
0.001451
0.001450
0.001450
0.001437
0.001438
0.001437
0.001435
0.001434
0.001434
0.001434
0.001433
0.001433
0.001432
0.001432
0.001432
0.001431
0.001431
0.001430
0.001430
0.001429
0.001429
0.001428
0.001428
0.001428
0.001427
0.001427
0.001426
0.001426
0.001426
0.001425
0.001425
0.001424
0.001424
0.001423
0.001423
0.001422
0.001422
0.001422
0.001421
0.001421
0.001420
0.001420
0.001420
0.001419
0.001419
0.001418
0.001418
0.001417
0.001417
0.001417
0.001416
0.001416
0.001415
0.001415
0.001414
0.001414
0.001414
0.001413
0.001413
0.001412
0.001412
0.001411
0.001411
0.001410
0.001410
0.001410
0.001409
0.001409
0.001408
0.001408
0.001407
0.001407
0.001407
0.001406
0.001406
0.001405
0.001405
0.001404
0.001404
0.001403
0.001403
0.001403
0.001402
0.001402
0.001401
0.001401
0.001400
0.001400
0.001399
0.001399
0.001399
0.001398
0.001398
0.001397
0.001397
0.001396
0.001396
0.001395
0.001395
0.001394
0.001394
0.001393
0.001393
