0.332432
0.072472
0.039316
0.022112
0.011991
0.007045
0.004883
0.003892
0.003373
0.003074
0.002839
0.002637
0.002474
0.002338
0.002212
0.002095
0.001994
0.001913
0.001842
0.001779
0.001722
0.001672
0.001629
0.001590
0.001555
0.001522
0.001487
0.001455
0.001429
0.001407
0.001389
0.001376
0.001366
0.001362
0.001362
0.001368
0.001372
0.001373
0.001370
0.001356
0.001334
0.001307
0.001284
0.001268
0.001258
0.001255
0.001252
0.001248
0.001244
0.001237
0.001230
0.001225
0.001218
0.001212
0.001207
0.001201
0.001195
0.001189
0.001183
0.001179
0.001173
0.001165
0.001157
0.001148
0.001141
0.001135
0.001132
0.001130
0.001130
0.001130
0.001127
0.001123
0.001119
0.001115
0.001112
0.001110
0.001107
0.001107
0.001103
0.001101
0.001098
0.001094
0.001092
0.001091
0.001088
0.001085
0.001082
0.001078
0.001076
0.001071
0.001068
0.001064
0.001061
0.001058
0.001055
0.001056
0.001056
0.001054
0.001053
0.001052
0.000985
0.000991
0.001009
0.001011
0.001014
0.001011
0.001007
0.001002
0.000998
0.000994
0.000991
0.000989
0.000987
0.000986
0.000985
0.000984
0.000982
0.000982
0.000981
0.000980
0.000980
0.000979
0.000979
0.000978
0.000977
0.000976
0.000976
0.000975
0.000975
0.000975
0.000974
0.000974
0.000973
0.000972
0.000971
0.000971
0.000970
0.000970
0.000970
0.000969
0.000969
0.000969
0.000968
0.000967
0.000966
0.000965
0.000964
0.000963
0.000963
0.000962
0.000961
0.000961
0.000960
0.000959
0.000959
0.000959
0.000958
0.000957
0.000957
0.000957
0.000956
0.000955
0.000955
0.000954
0.000954
0.000953
0.000953
0.000952
0.000952
0.000951
0.000950
0.000949
0.000949
0.000949
0.000948
0.000948
0.000947
0.000947
0.000946
0.000946
0.000946
0.000945
0.000945
0.000944
0.000944
0.000944
0.000943
0.000943
0.000943
0.000942
0.000941
0.000941
0.000940
0.000940
0.000940
0.000940
0.000939
0.000939
0.000939
0.000939
0.000894
0.000891
0.000893
0.000895
0.000896
0.000895
0.000894
0.000893
0.000892
0.000890
0.000889
0.000887
0.000886
0.000885
0.000884
0.000883
0.000881
0.000880
0.000879
0.000879
0.000878
0.000877
0.000876
0.000875
0.000874
0.000874
0.000873
0.000873
0.000872
0.000871
0.000871
0.000871
0.000870
0.000870
0.000869
0.000869
0.000869
0.000868
0.000868
0.000868
0.000868
0.000867
0.000867
0.000867
0.000867
0.000867
0.000867
0.000867
0.000867
0.000866
0.000866
0.000866
0.000866
0.000866
0.000866
0.000866
0.000866
0.000866
0.000866
0.000866
0.000866
0.000866
0.000866
0.000866
0.000866
0.000866
0.000866
0.000866
0.000866
0.000866
0.000866
0.000866
0.000866
0.000866
0.000866
0.000866
0.000866
0.000866
0.000866
0.000866
0.000866
0.000866
0.000866
0.000866
0.000866
0.000866
0.000866
0.000866
0.000867
0.000867
0.000867
0.000867
0.000867
0.000867
0.000867
0.000867
0.000867
0.000868
0.000868
0.000868
0.000851
0.000861
0.000869
0.000873
0.000874
0.000875
0.000876
0.000876
0.000876
0.000877
0.000877
0.000877
0.000877
0.000877
0.000877
0.000877
0.000877
0.000876
0.000875
0.000875
0.000874
0.000874
0.000873
0.000872
0.000872
0.000871
0.000870
0.000870
0.000869
0.000869
0.000868
0.000868
0.000867
0.000867
0.000866
0.000866
0.000865
0.000865
0.000865
0.000864
0.000864
0.000864
0.000864
0.000864
0.000863
0.000863
0.000863
0.000863
0.000862
0.000862
0.000862
0.000862
0.000862
0.000862
0.000862
0.000862
0.000861
0.000861
0.000861
0.000861
0.000861
0.000860
0.000860
0.000860
0.000859
0.000859
0.000859
0.000859
0.000859
0.000859
0.000858
0.000858
0.000858
0.000858
0.000858
0.000857
0.000857
0.000857
0.000857
0.000856
0.000856
0.000857
0.000856
0.000856
0.000856
0.000856
0.000856
0.000856
0.000856
0.000856
0.000856
0.000856
0.000856
0.000856
0.000856
0.000856
0.000856
0.000856
0.000856
0.000856
0.000843
0.000830
0.000827
0.000828
0.000827
0.000827
0.000827
0.000827
0.000827
0.000827
0.000827
0.000827
0.000827
0.000827
0.000827
0.000827
0.000827
0.000826
0.000827
0.000826
0.000826
0.000826
0.000826
0.000826
0.000826
0.000826
0.000826
0.000826
0.000826
0.000826
0.000826
0.000826
0.000826
0.000826
0.000826
0.000826
0.000826
0.000826
0.000826
0.000826
0.000826
0.000826
0.000826
0.000826
0.000826
0.000826
0.000826
0.000826
0.000826
0.000826
0.000826
0.000826
0.000826
0.000826
0.000826
0.000826
0.000826
0.000826
0.000826
0.000826
0.000826
0.000826
0.000826
0.000826
0.000826
0.000826
0.000826
0.000826
0.000826
0.000826
0.000826
0.000826
0.000826
0.000826
0.000826
0.000826
0.000826
0.000826
0.000826
0.000826
0.000826
0.000827
0.000827
0.000827
0.000827
0.000827
0.000827
0.000827
0.000827
0.000827
0.000827
0.000827
0.000827
0.000827
0.000827
0.000827
0.000827
0.000827
0.000827
0.000827
