0.365867
0.092585
0.036635
0.019931
0.010405
0.005307
0.003798
0.003022
0.002594
0.002402
0.002274
0.002162
0.002075
0.002009
0.001963
0.001929
0.001895
0.001865
0.001838
0.001813
0.001794
0.001777
0.001763
0.001753
0.001745
0.001737
0.001724
0.001709
0.001684
0.001645
0.001594
0.001544
0.001506
0.001480
0.001460
0.001440
0.001420
0.001401
0.001386
0.001375
0.001364
0.001352
0.001340
0.001328
0.001317
0.001308
0.001300
0.001293
0.001285
0.001278
0.001271
0.001265
0.001258
0.001251
0.001245
0.001239
0.001233
0.001230
0.001226
0.001221
0.001217
0.001212
0.001207
0.001201
0.001197
0.001194
0.001191
0.001188
0.001185
0.001182
0.001177
0.001174
0.001170
0.001167
0.001163
0.001159
0.001155
0.001151
0.001148
0.001144
0.001140
0.001136
0.001132
0.001129
0.001124
0.001120
0.001116
0.001113
0.001108
0.001104
0.001099
0.001094
0.001088
0.001082
0.001075
0.001068
0.001062
0.001054
0.001047
0.001039
0.001017
0.000983
0.000983
0.000983
0.000980
0.000978
0.000977
0.000976
0.000975
0.000973
0.000972
0.000971
0.000970
0.000970
0.000969
0.000968
0.000967
0.000966
0.000966
0.000965
0.000965
0.000964
0.000964
0.000964
0.000963
0.000963
0.000963
0.000963
0.000962
0.000962
0.000962
0.000961
0.000961
0.000961
0.000960
0.000959
0.000959
0.000958
0.000957
0.000957
0.000956
0.000955
0.000954
0.000954
0.000953
0.000952
0.000952
0.000951
0.000951
0.000950
0.000950
0.000950
0.000950
0.000950
0.000950
0.000950
0.000950
0.000950
0.000950
0.000951
0.000951
0.000952
0.000952
0.000952
0.000953
0.000953
0.000953
0.000952
0.000952
0.000952
0.000951
0.000951
0.000952
0.000951
0.000951
0.000950
0.000949
0.000948
0.000948
0.000947
0.000946
0.000945
0.000945
0.000944
0.000944
0.000944
0.000943
0.000943
0.000942
0.000941
0.000941
0.000940
0.000939
0.000938
0.000938
0.000937
0.000936
0.000936
0.000935
0.000934
0.000894
0.000896
0.000898
0.000900
0.000900
0.000900
0.000900
0.000900
0.000899
0.000898
0.000898
0.000897
0.000896
0.000895
0.000894
0.000893
0.000892
0.000891
0.000890
0.000888
0.000887
0.000886
0.000885
0.000884
0.000883
0.000882
0.000881
0.000880
0.000879
0.000879
0.000878
0.000877
0.000876
0.000875
0.000874
0.000873
0.000873
0.000872
0.000871
0.000870
0.000869
0.000869
0.000868
0.000867
0.000867
0.000866
0.000865
0.000865
0.000864
0.000864
0.000863
0.000863
0.000862
0.000862
0.000861
0.000861
0.000860
0.000860
0.000859
0.000859
0.000858
0.000858
0.000857
0.000857
0.000857
0.000856
0.000856
0.000856
0.000855
0.000855
0.000855
0.000854
0.000854
0.000854
0.000853
0.000853
0.000853
0.000852
0.000852
0.000851
0.000851
0.000851
0.000850
0.000850
0.000850
0.000849
0.000849
0.000849
0.000849
0.000848
0.000848
0.000848
0.000847
0.000847
0.000847
0.000847
0.000847
0.000847
0.000846
0.000846
0.000844
0.000857
0.000862
0.000865
0.000867
0.000870
0.000873
0.000876
0.000879
0.000882
0.000884
0.000884
0.000882
0.000879
0.000875
0.000870
0.000866
0.000863
0.000861
0.000860
0.000859
0.000858
0.000857
0.000856
0.000855
0.000855
0.000854
0.000854
0.000853
0.000853
0.000853
0.000852
0.000852
0.000852
0.000851
0.000851
0.000851
0.000851
0.000851
0.000850
0.000850
0.000850
0.000850
0.000849
0.000849
0.000849
0.000849
0.000849
0.000849
0.000848
0.000848
0.000848
0.000848
0.000848
0.000848
0.000848
0.000847
0.000847
0.000847
0.000847
0.000847
0.000847
0.000847
0.000847
0.000847
0.000846
0.000846
0.000846
0.000846
0.000846
0.000846
0.000846
0.000846
0.000846
0.000846
0.000846
0.000845
0.000845
0.000845
0.000845
0.000845
0.000845
0.000845
0.000845
0.000845
0.000845
0.000845
0.000844
0.000844
0.000844
0.000844
0.000844
0.000844
0.000844
0.000844
0.000843
0.000843
0.000843
0.000843
0.000843
0.000829
0.000819
0.000816
0.000816
0.000816
0.000816
0.000816
0.000816
0.000816
0.000816
0.000816
0.000816
0.000816
0.000816
0.000816
0.000815
0.000815
0.000815
0.000815
0.000815
0.000815
0.000815
0.000815
0.000815
0.000815
0.000815
0.000815
0.000815
0.000815
0.000815
0.000815
0.000815
0.000815
0.000815
0.000815
0.000815
0.000815
0.000815
0.000815
0.000815
0.000815
0.000815
0.000815
0.000815
0.000815
0.000815
0.000815
0.000815
0.000815
0.000815
0.000815
0.000815
0.000815
0.000815
0.000815
0.000815
0.000815
0.000815
0.000815
0.000815
0.000815
0.000815
0.000814
0.000814
0.000814
0.000814
0.000814
0.000814
0.000814
0.000814
0.000814
0.000814
0.000814
0.000814
0.000814
0.000814
0.000814
0.000814
0.000814
0.000814
0.000814
0.000814
0.000814
0.000814
0.000814
0.000814
0.000814
0.000814
0.000814
0.000814
0.000814
0.000814
0.000814
0.000814
0.000814
0.000814
0.000814
0.000814
0.000814
0.000814
