0.534210
0.439581
0.357892
0.332844
0.320924
0.309874
0.300026
0.291289
0.284299
0.279316
0.275560
0.272477
0.269892
0.267698
0.265823
0.264194
0.262766
0.261506
0.260384
0.259374
0.258455
0.257616
0.256840
0.256113
0.255432
0.254789
0.254180
0.253603
0.253056
0.252536
0.252042
0.251568
0.251112
0.250671
0.250248
0.249838
0.249444
0.249065
0.248696
0.248337
0.247986
0.247645
0.247309
0.246980
0.246659
0.246344
0.246037
0.245740
0.245452
0.245169
0.244894
0.244627
0.244369
0.244119
0.243877
0.243641
0.243416
0.243198
0.242988
0.242784
0.242587
0.242397
0.242214
0.242037
0.241865
0.241698
0.241537
0.241382
0.241231
0.241085
0.240943
0.240806
0.240672
0.240542
0.240416
0.240294
0.240175
0.240059
0.239946
0.239838
0.239733
0.239630
0.239530
0.239434
0.239340
0.239249
0.239161
0.239076
0.238993
0.238913
0.238834
0.238758
0.238684
0.238612
0.238543
0.238476
0.238410
0.238346
0.238283
0.238223
0.238121
0.238100
0.238075
0.238047
0.238019
0.237990
0.237962
0.237934
0.237907
0.237880
0.237854
0.237827
0.237801
0.237776
0.237750
0.237726
0.237701
0.237677
0.237653
0.237629
0.237606
0.237583
0.237559
0.237537
0.237514
0.237492
0.237470
0.237449
0.237428
0.237407
0.237386
0.237366
0.237346
0.237326
0.237306
0.237287
0.237268
0.237249
0.237231
0.237213
0.237195
0.237178
0.237160
0.237143
0.237126
0.237110
0.237094
0.237078
0.237062
0.237046
0.237031
0.237016
0.237001
0.236986
0.236972
0.236957
0.236943
0.236930
0.236916
0.236902
0.236889
0.236876
0.236863
0.236851
0.236838
0.236826
0.236813
0.236801
0.236789
0.236778
0.236766
0.236755
0.236743
0.236732
0.236721
0.236711
0.236700
0.236690
0.236679
0.236669
0.236659
0.236649
0.236640
0.236630
0.236621
0.236611
0.236602
0.236593
0.236584
0.236576
0.236567
0.236558
0.236550
0.236542
0.236534
0.236526
0.236518
0.236510
0.236502
0.236495
0.236467
0.236476
0.236480
0.236477
0.236472
0.236465
0.236459
0.236454
0.236450
0.236446
0.236442
0.236438
0.236434
0.236431
0.236427
0.236423
0.236420
0.236417
0.236413
0.236410
0.236406
0.236403
0.236399
0.236396
0.236393
0.236390
0.236386
0.236383
0.236380
0.236377
0.236374
0.236371
0.236368
0.236364
0.236361
0.236358
0.236356
0.236353
0.236350
0.236347
0.236344
0.236341
0.236338
0.236335
0.236332
0.236329
0.236326
0.236324
0.236321
0.236318
0.236316
0.236313
0.236310
0.236308
0.236305
0.236303
0.236300
0.236297
0.236295
0.236292
0.236290
0.236287
0.236285
0.236282
0.236280
0.236277
0.236275
0.236272
0.236270
0.236267
0.236265
0.236263
0.236260
0.236258
0.236256
0.236254
0.236251
0.236249
0.236247
0.236244
0.236242
0.236240
0.236238
0.236236
0.236233
0.236231
0.236229
0.236227
0.236225
0.236223
0.236221
0.236219
0.236217
0.236215
0.236213
0.236211
0.236209
0.236207
0.236205
0.236203
0.236187
0.236184
0.236181
0.236179
0.236178
0.236177
0.236176
0.236175
0.236174
0.236174
0.236173
0.236172
0.236171
0.236170
0.236169
0.236168
0.236167
0.236166
0.236165
0.236165
0.236164
0.236163
0.236162
0.236161
0.236160
0.236159
0.236158
0.236158
0.236157
0.236156
0.236155
0.236154
0.236153
0.236152
0.236152
0.236151
0.236150
0.236149
0.236148
0.236148
0.236147
0.236146
0.236145
0.236144
0.236143
0.236143
0.236142
0.236141
0.236140
0.236140
0.236139
0.236138
0.236137
0.236136
0.236136
0.236135
0.236134
0.236133
0.236133
0.236132
0.236131
0.236130
0.236130
0.236129
0.236128
0.236127
0.236127
0.236126
0.236125
0.236124
0.236124
0.236123
0.236122
0.236121
0.236121
0.236120
0.236119
0.236118
0.236118
0.236117
0.236116
0.236116
0.236115
0.236114
0.236114
0.236113
0.236112
0.236111
0.236111
0.236110
0.236109
0.236109
0.236108
0.236107
0.236107
0.236106
0.236105
0.236105
0.236104
0.236103
0.236095
0.236096
0.236096
0.236096
0.236096
0.236096
0.236095
0.236095
0.236095
0.236094
0.236094
0.236094
0.236093
0.236093
0.236093
0.236092
0.236092
0.236092
0.236091
0.236091
0.236091
0.236090
0.236090
0.236090
0.236089
0.236089
0.236089
0.236088
0.236088
0.236088
0.236087
0.236087
0.236087
0.236086
0.236086
0.236086
0.236085
0.236085
0.236085
0.236085
0.236084
0.236084
0.236084
0.236083
0.236083
0.236083
0.236082
0.236082
0.236082
0.236081
0.236081
0.236081
0.236080
0.236080
0.236080
0.236079
0.236079
0.236079
0.236078
0.236078
0.236078
0.236078
0.236077
0.236077
0.236077
0.236076
0.236076
0.236076
0.236075
0.236075
0.236075
0.236074
0.236074
0.236074
0.236074
0.236073
0.236073
0.236073
0.236072
0.236072
0.236072
0.236071
0.236071
0.236071
0.236071
0.236070
0.236070
0.236070
0.236069
0.236069
0.236069
0.236068
0.236068
0.236068
0.236068
0.236067
0.236067
0.236067
0.236066
0.236066
