0.432222
0.220333
0.068959
0.041541
0.030872
0.024723
0.020314
0.016910
0.014160
0.011853
0.009917
0.008289
0.006967
0.005942
0.005171
0.004598
0.004170
0.003848
0.003598
0.003398
0.003236
0.003096
0.002973
0.002864
0.002764
0.002676
0.002600
0.002532
0.002469
0.002409
0.002354
0.002301
0.002250
0.002199
0.002147
0.002098
0.002050
0.002005
0.001964
0.001922
0.001883
0.001843
0.001804
0.001771
0.001738
0.001707
0.001680
0.001655
0.001632
0.001611
0.001591
0.001572
0.001555
0.001539
0.001524
0.001509
0.001496
0.001483
0.001471
0.001460
0.001449
0.001439
0.001430
0.001421
0.001413
0.001405
0.001397
0.001389
0.001382
0.001375
0.001369
0.001362
0.001356
0.001351
0.001345
0.001340
0.001334
0.001329
0.001325
0.001320
0.001315
0.001311
0.001307
0.001303
0.001299
0.001295
0.001291
0.001288
0.001285
0.001282
0.001280
0.001277
0.001275
0.001273
0.001270
0.001268
0.001266
0.001264
0.001261
0.001260
0.001238
0.001245
0.001247
0.001247
0.001246
0.001244
0.001242
0.001240
0.001238
0.001236
0.001234
0.001232
0.001229
0.001227
0.001225
0.001223
0.001221
0.001219
0.001216
0.001214
0.001212
0.001210
0.001207
0.001205
0.001203
0.001201
0.001199
0.001197
0.001195
0.001193
0.001191
0.001189
0.001188
0.001186
0.001184
0.001182
0.001180
0.001179
0.001177
0.001175
0.001174
0.001172
0.001170
0.001169
0.001168
0.001166
0.001165
0.001163
0.001162
0.001160
0.001159
0.001157
0.001156
0.001155
0.001154
0.001152
0.001151
0.001150
0.001149
0.001148
0.001146
0.001145
0.001144
0.001143
0.001142
0.001141
0.001140
0.001139
0.001137
0.001136
0.001135
0.001134
0.001133
0.001132
0.001131
0.001130
0.001130
0.001129
0.001128
0.001127
0.001126
0.001126
0.001125
0.001124
0.001123
0.001122
0.001122
0.001121
0.001120
0.001120
0.001119
0.001118
0.001117
0.001117
0.001116
0.001115
0.001115
0.001114
0.001113
0.001112
0.001111
0.001128
0.001137
0.001143
0.001147
0.001150
0.001151
0.001151
0.001148
0.001145
0.001141
0.001137
0.001133
0.001130
0.001127
0.001125
0.001124
0.001122
0.001121
0.001120
0.001120
0.001119
0.001118
0.001117
0.001117
0.001116
0.001116
0.001115
0.001115
0.001114
0.001114
0.001113
0.001112
0.001112
0.001112
0.001111
0.001111
0.001110
0.001110
0.001110
0.001109
0.001109
0.001109
0.001108
0.001108
0.001107
0.001107
0.001106
0.001106
0.001105
0.001105
0.001105
0.001105
0.001104
0.001104
0.001103
0.001103
0.001102
0.001102
0.001102
0.001101
0.001101
0.001100
0.001100
0.001100
0.001099
0.001099
0.001099
0.001099
0.001098
0.001098
0.001097
0.001097
0.001096
0.001096
0.001096
0.001096
0.001095
0.001095
0.001095
0.001094
0.001094
0.001093
0.001093
0.001093
0.001092
0.001092
0.001091
0.001091
0.001091
0.001091
0.001090
0.001090
0.001089
0.001089
0.001089
0.001088
0.001088
0.001088
0.001088
0.001065
0.001057
0.001051
0.001052
0.001052
0.001051
0.001051
0.001051
0.001051
0.001051
0.001050
0.001050
0.001050
0.001050
0.001050
0.001050
0.001049
0.001049
0.001049
0.001049
0.001049
0.001049
0.001049
0.001048
0.001048
0.001048
0.001048
0.001048
0.001048
0.001048
0.001047
0.001047
0.001047
0.001047
0.001047
0.001047
0.001046
0.001046
0.001046
0.001046
0.001046
0.001046
0.001045
0.001045
0.001045
0.001045
0.001045
0.001045
0.001045
0.001044
0.001044
0.001044
0.001044
0.001044
0.001044
0.001044
0.001043
0.001043
0.001043
0.001043
0.001043
0.001043
0.001043
0.001042
0.001042
0.001042
0.001042
0.001042
0.001042
0.001042
0.001041
0.001041
0.001041
0.001041
0.001041
0.001041
0.001040
0.001040
0.001040
0.001040
0.001040
0.001040
0.001040
0.001039
0.001039
0.001039
0.001039
0.001039
0.001039
0.001039
0.001039
0.001038
0.001038
0.001038
0.001038
0.001038
0.001038
0.001038
0.001037
0.001037
0.001030
0.001032
0.001033
0.001033
0.001032
0.001032
0.001031
0.001031
0.001031
0.001031
0.001031
0.001031
0.001031
0.001030
0.001030
0.001030
0.001030
0.001030
0.001030
0.001030
0.001030
0.001029
0.001029
0.001029
0.001029
0.001029
0.001029
0.001029
0.001028
0.001028
0.001028
0.001028
0.001028
0.001028
0.001028
0.001028
0.001027
0.001027
0.001027
0.001027
0.001027
0.001027
0.001027
0.001026
0.001026
0.001026
0.001026
0.001026
0.001026
0.001026
0.001026
0.001025
0.001025
0.001025
0.001025
0.001025
0.001025
0.001025
0.001025
0.001024
0.001024
0.001024
0.001024
0.001024
0.001024
0.001024
0.001024
0.001023
0.001023
0.001023
0.001023
0.001023
0.001023
0.001023
0.001023
0.001022
0.001022
0.001022
0.001022
0.001022
0.001022
0.001022
0.001022
0.001021
0.001021
0.001021
0.001021
0.001021
0.001021
0.001021
0.001021
0.001020
0.001020
0.001020
0.001020
0.001020
0.001020
0.001020
0.001020
0.001019
