0.370815
0.085656
0.019661
0.009022
0.006303
0.005028
0.004306
0.003725
0.003236
0.002869
0.002633
0.002477
0.002353
0.002251
0.002164
0.002093
0.002024
0.001958
0.001896
0.001841
0.001790
0.001747
0.001709
0.001673
0.001637
0.001603
0.001569
0.001540
0.001511
0.001484
0.001453
0.001419
0.001386
0.001355
0.001328
0.001303
0.001282
0.001257
0.001237
0.001218
0.001199
0.001182
0.001165
0.001147
0.001129
0.001111
0.001097
0.001082
0.001066
0.001048
0.001031
0.001014
0.000997
0.000982
0.000967
0.000952
0.000936
0.000921
0.000907
0.000889
0.000873
0.000857
0.000841
0.000825
0.000811
0.000798
0.000788
0.000781
0.000775
0.000769
0.000762
0.000757
0.000753
0.000750
0.000747
0.000746
0.000746
0.000744
0.000745
0.000745
0.000746
0.000748
0.000750
0.000752
0.000752
0.000752
0.000751
0.000750
0.000749
0.000746
0.000743
0.000742
0.000739
0.000735
0.000733
0.000733
0.000732
0.000730
0.000727
0.000724
0.000641
0.000619
0.000603
0.000604
0.000603
0.000601
0.000600
0.000599
0.000598
0.000597
0.000596
0.000595
0.000595
0.000594
0.000593
0.000592
0.000592
0.000591
0.000591
0.000590
0.000590
0.000590
0.000590
0.000589
0.000589
0.000589
0.000589
0.000589
0.000590
0.000590
0.000590
0.000591
0.000591
0.000591
0.000591
0.000591
0.000592
0.000592
0.000592
0.000591
0.000592
0.000591
0.000591
0.000591
0.000590
0.000589
0.000588
0.000587
0.000586
0.000585
0.000584
0.000583
0.000582
0.000581
0.000580
0.000579
0.000578
0.000577
0.000576
0.000575
0.000574
0.000573
0.000572
0.000572
0.000571
0.000570
0.000569
0.000567
0.000566
0.000565
0.000563
0.000562
0.000561
0.000560
0.000559
0.000558
0.000557
0.000556
0.000556
0.000555
0.000555
0.000554
0.000554
0.000554
0.000553
0.000553
0.000553
0.000553
0.000553
0.000552
0.000553
0.000552
0.000552
0.000552
0.000551
0.000551
0.000551
0.000551
0.000551
0.000551
0.000535
0.000529
0.000529
0.000529
0.000529
0.000529
0.000529
0.000528
0.000528
0.000528
0.000528
0.000528
0.000527
0.000527
0.000527
0.000526
0.000526
0.000526
0.000525
0.000525
0.000525
0.000524
0.000524
0.000524
0.000524
0.000523
0.000523
0.000523
0.000522
0.000522
0.000522
0.000521
0.000521
0.000521
0.000521
0.000520
0.000520
0.000520
0.000520
0.000519
0.000519
0.000519
0.000519
0.000518
0.000518
0.000518
0.000518
0.000518
0.000518
0.000518
0.000518
0.000518
0.000518
0.000517
0.000517
0.000517
0.000517
0.000517
0.000517
0.000517
0.000517
0.000517
0.000517
0.000517
0.000517
0.000517
0.000517
0.000517
0.000517
0.000517
0.000517
0.000517
0.000517
0.000516
0.000516
0.000516
0.000516
0.000516
0.000515
0.000515
0.000515
0.000515
0.000515
0.000515
0.000514
0.000514
0.000514
0.000514
0.000514
0.000514
0.000514
0.000514
0.000514
0.000514
0.000514
0.000515
0.000515
0.000515
0.000515
0.000515
0.000504
0.000501
0.000501
0.000501
0.000500
0.000500
0.000499
0.000499
0.000499
0.000499
0.000498
0.000498
0.000498
0.000498
0.000497
0.000497
0.000497
0.000497
0.000496
0.000496
0.000496
0.000496
0.000496
0.000495
0.000495
0.000495
0.000495
0.000495
0.000494
0.000494
0.000494
0.000494
0.000494
0.000493
0.000493
0.000493
0.000493
0.000493
0.000493
0.000492
0.000492
0.000492
0.000492
0.000492
0.000492
0.000492
0.000492
0.000491
0.000491
0.000491
0.000491
0.000491
0.000491
0.000491
0.000490
0.000490
0.000490
0.000490
0.000490
0.000490
0.000489
0.000489
0.000489
0.000489
0.000488
0.000488
0.000488
0.000488
0.000487
0.000487
0.000487
0.000487
0.000486
0.000486
0.000486
0.000485
0.000485
0.000485
0.000485
0.000484
0.000484
0.000484
0.000483
0.000483
0.000483
0.000482
0.000482
0.000482
0.000481
0.000481
0.000481
0.000481
0.000480
0.000480
0.000480
0.000480
0.000479
0.000479
0.000479
0.000479
0.000476
0.000479
0.000479
0.000479
0.000478
0.000478
0.000478
0.000478
0.000478
0.000478
0.000478
0.000478
0.000478
0.000478
0.000478
0.000478
0.000478
0.000478
0.000478
0.000478
0.000478
0.000478
0.000478
0.000479
0.000479
0.000479
0.000479
0.000480
0.000480
0.000481
0.000481
0.000482
0.000483
0.000484
0.000485
0.000486
0.000487
0.000488
0.000489
0.000489
0.000489
0.000489
0.000487
0.000486
0.000484
0.000482
0.000481
0.000480
0.000479
0.000478
0.000478
0.000477
0.000477
0.000477
0.000476
0.000476
0.000476
0.000475
0.000475
0.000475
0.000475
0.000475
0.000474
0.000474
0.000474
0.000474
0.000474
0.000473
0.000473
0.000473
0.000473
0.000473
0.000473
0.000472
0.000472
0.000472
0.000472
0.000472
0.000472
0.000471
0.000471
0.000471
0.000471
0.000471
0.000471
0.000471
0.000470
0.000470
0.000470
0.000470
0.000470
0.000470
0.000469
0.000469
0.000469
0.000469
0.000469
0.000469
0.000468
0.000468
