0.410341
0.246919
0.101201
0.054030
0.027594
0.014346
0.009112
0.007397
0.006837
0.006529
0.006202
0.005808
0.005455
0.005190
0.004980
0.004797
0.004643
0.004511
0.004393
0.004266
0.004115
0.003921
0.003664
0.003448
0.003307
0.003192
0.003082
0.002977
0.002875
0.002782
0.002697
0.002611
0.002532
0.002456
0.002378
0.002305
0.002238
0.002174
0.002112
0.002054
0.001998
0.001945
0.001897
0.001852
0.001812
0.001774
0.001739
0.001706
0.001676
0.001647
0.001619
0.001593
0.001566
0.001541
0.001517
0.001494
0.001473
0.001454
0.001438
0.001424
0.001410
0.001398
0.001387
0.001377
0.001368
0.001361
0.001353
0.001344
0.001337
0.001331
0.001326
0.001321
0.001316
0.001312
0.001308
0.001306
0.001304
0.001301
0.001299
0.001295
0.001291
0.001286
0.001281
0.001278
0.001275
0.001272
0.001270
0.001267
0.001264
0.001261
0.001257
0.001253
0.001251
0.001248
0.001246
0.001244
0.001241
0.001238
0.001235
0.001232
0.001186
0.001197
0.001182
0.001179
0.001179
0.001178
0.001177
0.001176
0.001176
0.001175
0.001175
0.001175
0.001174
0.001174
0.001174
0.001173
0.001172
0.001171
0.001171
0.001171
0.001170
0.001170
0.001170
0.001169
0.001169
0.001168
0.001168
0.001167
0.001166
0.001166
0.001165
0.001164
0.001162
0.001162
0.001161
0.001161
0.001160
0.001159
0.001159
0.001158
0.001157
0.001156
0.001155
0.001153
0.001152
0.001151
0.001150
0.001149
0.001148
0.001147
0.001146
0.001145
0.001145
0.001144
0.001143
0.001142
0.001141
0.001140
0.001139
0.001139
0.001138
0.001137
0.001137
0.001137
0.001136
0.001136
0.001135
0.001134
0.001133
0.001133
0.001132
0.001131
0.001131
0.001130
0.001130
0.001130
0.001129
0.001128
0.001128
0.001127
0.001127
0.001126
0.001126
0.001125
0.001124
0.001124
0.001123
0.001123
0.001122
0.001122
0.001122
0.001121
0.001121
0.001120
0.001120
0.001120
0.001120
0.001119
0.001119
0.001119
0.001094
0.001110
0.001114
0.001117
0.001118
0.001117
0.001117
0.001117
0.001116
0.001116
0.001116
0.001116
0.001116
0.001116
0.001115
0.001115
0.001115
0.001115
0.001115
0.001115
0.001114
0.001114
0.001114
0.001114
0.001114
0.001114
0.001114
0.001113
0.001113
0.001113
0.001113
0.001113
0.001113
0.001113
0.001112
0.001112
0.001112
0.001112
0.001112
0.001112
0.001112
0.001111
0.001111
0.001111
0.001111
0.001110
0.001110
0.001110
0.001110
0.001109
0.001109
0.001109
0.001108
0.001108
0.001108
0.001107
0.001107
0.001107
0.001106
0.001106
0.001105
0.001105
0.001105
0.001104
0.001104
0.001104
0.001103
0.001103
0.001102
0.001102
0.001102
0.001101
0.001101
0.001101
0.001100
0.001100
0.001099
0.001098
0.001098
0.001097
0.001097
0.001096
0.001096
0.001095
0.001094
0.001094
0.001093
0.001093
0.001092
0.001091
0.001091
0.001090
0.001090
0.001089
0.001088
0.001088
0.001087
0.001086
0.001086
0.001085
0.001089
0.001075
0.001075
0.001069
0.001069
0.001067
0.001067
0.001067
0.001067
0.001066
0.001066
0.001066
0.001066
0.001066
0.001065
0.001065
0.001065
0.001065
0.001065
0.001065
0.001065
0.001065
0.001065
0.001065
0.001065
0.001065
0.001065
0.001065
0.001065
0.001065
0.001065
0.001065
0.001065
0.001065
0.001064
0.001065
0.001064
0.001064
0.001064
0.001064
0.001065
0.001064
0.001064
0.001064
0.001064
0.001064
0.001064
0.001064
0.001064
0.001064
0.001064
0.001064
0.001064
0.001064
0.001064
0.001065
0.001065
0.001065
0.001065
0.001065
0.001065
0.001065
0.001065
0.001065
0.001065
0.001065
0.001065
0.001065
0.001065
0.001065
0.001065
0.001065
0.001065
0.001065
0.001065
0.001065
0.001065
0.001065
0.001065
0.001065
0.001065
0.001065
0.001065
0.001065
0.001065
0.001065
0.001065
0.001065
0.001065
0.001065
0.001065
0.001065
0.001065
0.001065
0.001065
0.001065
0.001065
0.001065
0.001065
0.001065
0.001054
0.001050
0.001048
0.001047
0.001047
0.001047
0.001047
0.001047
0.001047
0.001047
0.001047
0.001047
0.001047
0.001046
0.001046
0.001046
0.001046
0.001046
0.001046
0.001046
0.001046
0.001046
0.001046
0.001046
0.001046
0.001046
0.001046
0.001046
0.001046
0.001046
0.001046
0.001046
0.001046
0.001046
0.001046
0.001046
0.001046
0.001046
0.001046
0.001046
0.001046
0.001045
0.001045
0.001045
0.001045
0.001045
0.001045
0.001045
0.001045
0.001045
0.001045
0.001045
0.001045
0.001045
0.001045
0.001045
0.001045
0.001045
0.001045
0.001045
0.001045
0.001045
0.001045
0.001045
0.001045
0.001045
0.001045
0.001045
0.001045
0.001045
0.001045
0.001045
0.001045
0.001045
0.001045
0.001045
0.001045
0.001045
0.001045
0.001045
0.001045
0.001045
0.001045
0.001045
0.001045
0.001045
0.001045
0.001045
0.001045
0.001045
0.001045
0.001045
0.001045
0.001044
0.001044
0.001044
0.001044
0.001044
0.001044
0.001044
