0.436745
0.241719
0.133924
0.088526
0.058686
0.039200
0.027093
0.019531
0.011942
0.006299
0.005371
0.004656
0.004036
0.003571
0.003217
0.002937
0.002741
0.002602
0.002493
0.002413
0.002350
0.002298
0.002249
0.002201
0.002156
0.002111
0.002067
0.002023
0.001984
0.001949
0.001917
0.001886
0.001854
0.001821
0.001786
0.001751
0.001716
0.001682
0.001650
0.001620
0.001590
0.001562
0.001537
0.001514
0.001495
0.001476
0.001458
0.001440
0.001422
0.001405
0.001389
0.001376
0.001364
0.001351
0.001339
0.001329
0.001319
0.001310
0.001300
0.001291
0.001284
0.001277
0.001269
0.001262
0.001255
0.001249
0.001244
0.001238
0.001232
0.001227
0.001221
0.001217
0.001213
0.001211
0.001208
0.001205
0.001202
0.001199
0.001196
0.001193
0.001190
0.001188
0.001186
0.001183
0.001180
0.001177
0.001175
0.001173
0.001172
0.001171
0.001169
0.001167
0.001165
0.001163
0.001161
0.001159
0.001158
0.001156
0.001155
0.001154
0.001066
0.001066
0.001052
0.001051
0.001052
0.001050
0.001050
0.001050
0.001050
0.001050
0.001050
0.001049
0.001049
0.001049
0.001049
0.001050
0.001050
0.001050
0.001050
0.001050
0.001050
0.001050
0.001050
0.001050
0.001050
0.001050
0.001050
0.001050
0.001050
0.001050
0.001050
0.001050
0.001050
0.001049
0.001049
0.001049
0.001048
0.001048
0.001048
0.001047
0.001046
0.001045
0.001045
0.001044
0.001044
0.001043
0.001042
0.001041
0.001040
0.001040
0.001039
0.001038
0.001037
0.001036
0.001036
0.001035
0.001034
0.001033
0.001032
0.001031
0.001030
0.001030
0.001029
0.001029
0.001028
0.001027
0.001026
0.001025
0.001024
0.001024
0.001023
0.001022
0.001022
0.001021
0.001020
0.001020
0.001019
0.001018
0.001017
0.001017
0.001016
0.001015
0.001015
0.001014
0.001013
0.001013
0.001012
0.001012
0.001011
0.001011
0.001010
0.001010
0.001009
0.001009
0.001008
0.001008
0.001007
0.001007
0.001006
0.001005
0.000971
0.000982
0.000986
0.000991
0.000994
0.000994
0.000994
0.000993
0.000992
0.000991
0.000990
0.000989
0.000988
0.000988
0.000987
0.000986
0.000985
0.000984
0.000984
0.000983
0.000982
0.000981
0.000980
0.000980
0.000979
0.000978
0.000977
0.000976
0.000976
0.000975
0.000974
0.000974
0.000973
0.000973
0.000972
0.000971
0.000971
0.000970
0.000969
0.000969
0.000968
0.000968
0.000968
0.000967
0.000967
0.000966
0.000966
0.000966
0.000965
0.000965
0.000964
0.000964
0.000964
0.000964
0.000963
0.000963
0.000963
0.000962
0.000962
0.000962
0.000962
0.000961
0.000961
0.000961
0.000961
0.000960
0.000960
0.000960
0.000960
0.000960
0.000959
0.000959
0.000959
0.000959
0.000958
0.000958
0.000958
0.000958
0.000958
0.000957
0.000957
0.000957
0.000957
0.000956
0.000956
0.000956
0.000955
0.000955
0.000955
0.000955
0.000954
0.000954
0.000954
0.000953
0.000953
0.000953
0.000952
0.000952
0.000952
0.000952
0.000952
0.000967
0.000966
0.000966
0.000967
0.000968
0.000968
0.000968
0.000967
0.000967
0.000966
0.000965
0.000964
0.000963
0.000962
0.000961
0.000960
0.000959
0.000958
0.000958
0.000957
0.000957
0.000956
0.000956
0.000956
0.000955
0.000955
0.000954
0.000954
0.000954
0.000954
0.000953
0.000953
0.000953
0.000953
0.000953
0.000953
0.000952
0.000952
0.000952
0.000952
0.000952
0.000952
0.000951
0.000951
0.000951
0.000951
0.000951
0.000951
0.000951
0.000951
0.000950
0.000950
0.000950
0.000950
0.000950
0.000950
0.000950
0.000950
0.000950
0.000949
0.000949
0.000949
0.000949
0.000949
0.000949
0.000949
0.000949
0.000949
0.000949
0.000948
0.000948
0.000948
0.000948
0.000948
0.000948
0.000948
0.000948
0.000948
0.000948
0.000947
0.000947
0.000947
0.000947
0.000947
0.000947
0.000947
0.000947
0.000947
0.000947
0.000947
0.000946
0.000946
0.000946
0.000946
0.000946
0.000946
0.000946
0.000946
0.000946
0.000931
0.000922
0.000919
0.000919
0.000919
0.000919
0.000919
0.000919
0.000919
0.000919
0.000919
0.000918
0.000918
0.000918
0.000918
0.000918
0.000918
0.000918
0.000918
0.000918
0.000918
0.000918
0.000918
0.000918
0.000918
0.000918
0.000918
0.000918
0.000918
0.000918
0.000918
0.000918
0.000918
0.000918
0.000918
0.000918
0.000918
0.000918
0.000918
0.000918
0.000918
0.000917
0.000917
0.000917
0.000917
0.000917
0.000917
0.000917
0.000917
0.000917
0.000917
0.000917
0.000917
0.000917
0.000917
0.000917
0.000917
0.000917
0.000917
0.000917
0.000917
0.000917
0.000917
0.000917
0.000917
0.000917
0.000917
0.000917
0.000917
0.000917
0.000917
0.000917
0.000917
0.000917
0.000917
0.000917
0.000917
0.000917
0.000917
0.000917
0.000917
0.000917
0.000917
0.000917
0.000917
0.000917
0.000917
0.000917
0.000917
0.000917
0.000916
0.000916
0.000916
0.000916
0.000916
0.000916
0.000916
0.000916
0.000916
0.000916
