0.447111
0.304677
0.206171
0.149534
0.112670
0.087052
0.068537
0.055513
0.045820
0.038277
0.032309
0.027761
0.024234
0.021397
0.019042
0.017071
0.015463
0.014093
0.012926
0.011920
0.011046
0.010299
0.009649
0.009079
0.008563
0.008098
0.007665
0.007281
0.006936
0.006625
0.006352
0.006076
0.005723
0.005379
0.005059
0.004790
0.004572
0.004379
0.004201
0.004042
0.003900
0.003767
0.003643
0.003531
0.003427
0.003325
0.003230
0.003139
0.003059
0.002987
0.002922
0.002860
0.002803
0.002752
0.002709
0.002657
0.002602
0.002543
0.002483
0.002430
0.002381
0.002339
0.002303
0.002271
0.002242
0.002217
0.002189
0.002164
0.002137
0.002108
0.002079
0.002052
0.002028
0.002002
0.001978
0.001956
0.001938
0.001921
0.001905
0.001888
0.001871
0.001854
0.001837
0.001820
0.001804
0.001788
0.001771
0.001757
0.001743
0.001730
0.001716
0.001702
0.001688
0.001675
0.001663
0.001650
0.001638
0.001626
0.001616
0.001608
0.001516
0.001523
0.001514
0.001502
0.001500
0.001496
0.001492
0.001490
0.001487
0.001484
0.001483
0.001480
0.001478
0.001476
0.001475
0.001473
0.001472
0.001471
0.001469
0.001468
0.001468
0.001468
0.001467
0.001467
0.001466
0.001465
0.001464
0.001463
0.001462
0.001461
0.001460
0.001458
0.001456
0.001455
0.001453
0.001450
0.001447
0.001444
0.001441
0.001438
0.001435
0.001432
0.001430
0.001427
0.001425
0.001422
0.001420
0.001417
0.001414
0.001411
0.001409
0.001406
0.001402
0.001399
0.001395
0.001391
0.001389
0.001386
0.001383
0.001380
0.001377
0.001374
0.001371
0.001368
0.001365
0.001362
0.001359
0.001355
0.001352
0.001349
0.001345
0.001343
0.001340
0.001337
0.001332
0.001329
0.001325
0.001322
0.001318
0.001313
0.001309
0.001307
0.001304
0.001301
0.001299
0.001295
0.001291
0.001288
0.001285
0.001282
0.001279
0.001277
0.001274
0.001272
0.001269
0.001267
0.001265
0.001262
0.001259
0.001257
0.001255
0.001256
0.001263
0.001263
0.001263
0.001263
0.001262
0.001260
0.001259
0.001257
0.001255
0.001254
0.001252
0.001251
0.001249
0.001247
0.001246
0.001245
0.001243
0.001241
0.001240
0.001239
0.001238
0.001237
0.001235
0.001234
0.001233
0.001232
0.001231
0.001231
0.001230
0.001228
0.001228
0.001226
0.001226
0.001225
0.001224
0.001223
0.001222
0.001221
0.001221
0.001221
0.001220
0.001218
0.001218
0.001218
0.001217
0.001217
0.001217
0.001216
0.001215
0.001215
0.001214
0.001213
0.001212
0.001212
0.001211
0.001210
0.001210
0.001209
0.001209
0.001208
0.001207
0.001208
0.001207
0.001206
0.001206
0.001205
0.001205
0.001204
0.001204
0.001203
0.001203
0.001202
0.001201
0.001201
0.001201
0.001200
0.001200
0.001200
0.001199
0.001198
0.001198
0.001198
0.001197
0.001197
0.001196
0.001195
0.001196
0.001194
0.001194
0.001194
0.001193
0.001192
0.001192
0.001191
0.001191
0.001190
0.001190
0.001188
0.001164
0.001152
0.001149
0.001150
0.001149
0.001148
0.001148
0.001148
0.001148
0.001147
0.001147
0.001147
0.001147
0.001147
0.001147
0.001147
0.001146
0.001146
0.001146
0.001146
0.001146
0.001145
0.001145
0.001145
0.001145
0.001144
0.001144
0.001144
0.001144
0.001143
0.001143
0.001143
0.001142
0.001142
0.001142
0.001141
0.001141
0.001141
0.001140
0.001140
0.001139
0.001139
0.001139
0.001138
0.001138
0.001138
0.001137
0.001137
0.001136
0.001136
0.001135
0.001135
0.001134
0.001134
0.001134
0.001133
0.001133
0.001132
0.001132
0.001131
0.001131
0.001130
0.001130
0.001129
0.001129
0.001128
0.001128
0.001127
0.001127
0.001126
0.001125
0.001125
0.001124
0.001124
0.001123
0.001123
0.001122
0.001122
0.001121
0.001121
0.001120
0.001119
0.001119
0.001118
0.001118
0.001117
0.001117
0.001116
0.001116
0.001115
0.001115
0.001114
0.001114
0.001113
0.001113
0.001112
0.001112
0.001111
0.001111
0.001110
0.001102
0.001097
0.001098
0.001097
0.001096
0.001096
0.001096
0.001096
0.001095
0.001095
0.001095
0.001095
0.001095
0.001094
0.001094
0.001094
0.001094
0.001094
0.001093
0.001093
0.001093
0.001093
0.001092
0.001092
0.001092
0.001092
0.001092
0.001091
0.001091
0.001091
0.001091
0.001091
0.001090
0.001090
0.001090
0.001090
0.001090
0.001089
0.001089
0.001089
0.001089
0.001089
0.001088
0.001088
0.001088
0.001088
0.001088
0.001087
0.001087
0.001087
0.001087
0.001087
0.001086
0.001086
0.001086
0.001086
0.001085
0.001085
0.001085
0.001085
0.001085
0.001084
0.001084
0.001084
0.001084
0.001083
0.001083
0.001083
0.001083
0.001082
0.001082
0.001082
0.001082
0.001081
0.001081
0.001081
0.001080
0.001080
0.001080
0.001079
0.001079
0.001079
0.001078
0.001078
0.001078
0.001077
0.001077
0.001077
0.001076
0.001076
0.001076
0.001075
0.001075
0.001074
0.001074
0.001074
0.001073
0.001073
0.001072
0.001072
