0.489397
0.363192
0.236289
0.122992
0.059841
0.047273
0.038351
0.031062
0.024894
0.019772
0.015775
0.012813
0.010655
0.009000
0.007694
0.006662
0.005839
0.005183
0.004655
0.004230
0.003892
0.003621
0.003405
0.003231
0.003089
0.002970
0.002869
0.002781
0.002701
0.002629
0.002565
0.002505
0.002450
0.002396
0.002344
0.002291
0.002244
0.002200
0.002163
0.002129
0.002097
0.002068
0.002041
0.002017
0.001997
0.001976
0.001956
0.001938
0.001922
0.001904
0.001888
0.001872
0.001858
0.001845
0.001832
0.001819
0.001807
0.001793
0.001780
0.001767
0.001754
0.001740
0.001727
0.001715
0.001703
0.001692
0.001679
0.001667
0.001655
0.001643
0.001631
0.001619
0.001607
0.001593
0.001580
0.001568
0.001558
0.001546
0.001537
0.001527
0.001517
0.001508
0.001498
0.001486
0.001476
0.001466
0.001457
0.001448
0.001441
0.001435
0.001428
0.001419
0.001411
0.001404
0.001397
0.001389
0.001384
0.001379
0.001375
0.001369
0.001345
0.001355
0.001359
0.001355
0.001352
0.001349
0.001348
0.001346
0.001345
0.001344
0.001343
0.001341
0.001340
0.001338
0.001337
0.001336
0.001335
0.001333
0.001332
0.001330
0.001328
0.001326
0.001325
0.001324
0.001323
0.001322
0.001321
0.001319
0.001318
0.001317
0.001317
0.001315
0.001314
0.001312
0.001311
0.001309
0.001307
0.001307
0.001305
0.001304
0.001303
0.001301
0.001300
0.001299
0.001298
0.001297
0.001296
0.001294
0.001293
0.001291
0.001290
0.001289
0.001288
0.001287
0.001285
0.001284
0.001283
0.001282
0.001282
0.001280
0.001279
0.001278
0.001278
0.001276
0.001275
0.001274
0.001273
0.001271
0.001270
0.001269
0.001268
0.001266
0.001265
0.001263
0.001262
0.001261
0.001260
0.001259
0.001258
0.001257
0.001256
0.001256
0.001255
0.001255
0.001255
0.001254
0.001253
0.001253
0.001252
0.001251
0.001250
0.001250
0.001249
0.001249
0.001248
0.001247
0.001246
0.001246
0.001245
0.001244
0.001236
0.001207
0.001202
0.001204
0.001201
0.001201
0.001200
0.001200
0.001200
0.001199
0.001199
0.001199
0.001199
0.001199
0.001198
0.001198
0.001198
0.001198
0.001198
0.001197
0.001197
0.001197
0.001197
0.001196
0.001196
0.001196
0.001196
0.001196
0.001196
0.001195
0.001195
0.001195
0.001195
0.001195
0.001194
0.001194
0.001194
0.001193
0.001193
0.001193
0.001192
0.001192
0.001192
0.001191
0.001191
0.001191
0.001191
0.001191
0.001191
0.001191
0.001190
0.001190
0.001190
0.001189
0.001189
0.001189
0.001189
0.001188
0.001188
0.001188
0.001188
0.001187
0.001187
0.001187
0.001187
0.001186
0.001186
0.001186
0.001186
0.001186
0.001185
0.001185
0.001185
0.001185
0.001185
0.001185
0.001184
0.001184
0.001184
0.001184
0.001183
0.001183
0.001182
0.001182
0.001182
0.001181
0.001181
0.001181
0.001180
0.001180
0.001180
0.001180
0.001180
0.001179
0.001179
0.001179
0.001178
0.001178
0.001178
0.001178
0.001162
0.001157
0.001156
0.001155
0.001154
0.001154
0.001154
0.001154
0.001154
0.001153
0.001153
0.001153
0.001153
0.001153
0.001152
0.001152
0.001152
0.001152
0.001152
0.001151
0.001151
0.001151
0.001151
0.001151
0.001151
0.001150
0.001150
0.001150
0.001150
0.001150
0.001150
0.001149
0.001149
0.001149
0.001149
0.001149
0.001149
0.001149
0.001148
0.001148
0.001148
0.001148
0.001148
0.001148
0.001148
0.001147
0.001147
0.001147
0.001147
0.001147
0.001147
0.001147
0.001146
0.001146
0.001146
0.001146
0.001146
0.001146
0.001146
0.001146
0.001145
0.001145
0.001145
0.001145
0.001145
0.001145
0.001145
0.001144
0.001144
0.001144
0.001144
0.001144
0.001144
0.001144
0.001143
0.001143
0.001143
0.001143
0.001143
0.001143
0.001143
0.001143
0.001142
0.001142
0.001142
0.001142
0.001142
0.001142
0.001142
0.001141
0.001141
0.001141
0.001141
0.001141
0.001141
0.001141
0.001141
0.001140
0.001140
0.001140
0.001135
0.001140
0.001143
0.001144
0.001145
0.001145
0.001145
0.001145
0.001145
0.001144
0.001144
0.001144
0.001144
0.001144
0.001144
0.001143
0.001143
0.001143
0.001143
0.001143
0.001143
0.001142
0.001142
0.001142
0.001142
0.001142
0.001142
0.001142
0.001141
0.001141
0.001141
0.001141
0.001141
0.001141
0.001141
0.001141
0.001141
0.001140
0.001140
0.001140
0.001140
0.001140
0.001140
0.001140
0.001140
0.001140
0.001140
0.001139
0.001139
0.001139
0.001139
0.001139
0.001139
0.001139
0.001139
0.001139
0.001139
0.001138
0.001138
0.001138
0.001138
0.001138
0.001138
0.001138
0.001138
0.001138
0.001138
0.001138
0.001138
0.001137
0.001137
0.001137
0.001137
0.001137
0.001137
0.001137
0.001137
0.001137
0.001137
0.001137
0.001137
0.001137
0.001136
0.001136
0.001136
0.001136
0.001136
0.001136
0.001136
0.001136
0.001136
0.001136
0.001136
0.001136
0.001136
0.001136
0.001136
0.001135
0.001135
0.001135
