0.400191
0.135142
0.033146
0.011125
0.007296
0.005750
0.004863
0.004234
0.003711
0.003328
0.003088
0.002950
0.002802
0.002564
0.002336
0.002197
0.002123
0.002086
0.002053
0.001993
0.001908
0.001821
0.001750
0.001699
0.001659
0.001621
0.001582
0.001543
0.001507
0.001470
0.001434
0.001393
0.001351
0.001307
0.001281
0.001259
0.001239
0.001218
0.001195
0.001175
0.001155
0.001130
0.001106
0.001081
0.001056
0.001031
0.001003
0.000977
0.000957
0.000940
0.000929
0.000920
0.000913
0.000907
0.000902
0.000897
0.000892
0.000886
0.000882
0.000876
0.000871
0.000864
0.000859
0.000855
0.000854
0.000851
0.000848
0.000841
0.000838
0.000832
0.000824
0.000818
0.000813
0.000810
0.000806
0.000802
0.000791
0.000776
0.000758
0.000744
0.000733
0.000727
0.000720
0.000713
0.000707
0.000700
0.000695
0.000690
0.000686
0.000682
0.000677
0.000674
0.000669
0.000665
0.000661
0.000659
0.000655
0.000652
0.000650
0.000648
0.000559
0.000551
0.000537
0.000533
0.000532
0.000531
0.000529
0.000528
0.000527
0.000526
0.000526
0.000525
0.000525
0.000525
0.000524
0.000525
0.000525
0.000525
0.000526
0.000526
0.000527
0.000528
0.000529
0.000530
0.000531
0.000532
0.000533
0.000534
0.000535
0.000535
0.000535
0.000535
0.000534
0.000533
0.000532
0.000531
0.000530
0.000528
0.000526
0.000524
0.000522
0.000520
0.000518
0.000516
0.000514
0.000512
0.000510
0.000507
0.000504
0.000502
0.000499
0.000496
0.000493
0.000491
0.000488
0.000486
0.000484
0.000482
0.000480
0.000478
0.000477
0.000475
0.000474
0.000473
0.000472
0.000471
0.000470
0.000469
0.000469
0.000469
0.000469
0.000470
0.000471
0.000472
0.000473
0.000474
0.000474
0.000475
0.000475
0.000475
0.000476
0.000476
0.000477
0.000477
0.000477
0.000477
0.000478
0.000478
0.000478
0.000477
0.000476
0.000474
0.000473
0.000471
0.000469
0.000469
0.000468
0.000468
0.000468
0.000469
0.000454
0.000446
0.000440
0.000442
0.000440
0.000441
0.000441
0.000440
0.000440
0.000440
0.000440
0.000440
0.000440
0.000440
0.000440
0.000440
0.000440
0.000440
0.000440
0.000440
0.000439
0.000440
0.000440
0.000439
0.000439
0.000440
0.000440
0.000440
0.000439
0.000440
0.000440
0.000440
0.000440
0.000441
0.000441
0.000441
0.000441
0.000441
0.000442
0.000442
0.000442
0.000442
0.000442
0.000442
0.000442
0.000443
0.000443
0.000443
0.000443
0.000444
0.000443
0.000444
0.000444
0.000444
0.000444
0.000444
0.000444
0.000444
0.000445
0.000444
0.000444
0.000444
0.000444
0.000444
0.000444
0.000444
0.000444
0.000445
0.000444
0.000444
0.000444
0.000444
0.000444
0.000444
0.000444
0.000443
0.000443
0.000443
0.000442
0.000442
0.000442
0.000441
0.000441
0.000441
0.000441
0.000441
0.000440
0.000440
0.000440
0.000440
0.000439
0.000439
0.000439
0.000439
0.000438
0.000438
0.000438
0.000438
0.000438
0.000438
0.000422
0.000424
0.000425
0.000425
0.000425
0.000425
0.000425
0.000425
0.000425
0.000424
0.000424
0.000424
0.000423
0.000423
0.000422
0.000422
0.000422
0.000421
0.000421
0.000421
0.000420
0.000420
0.000420
0.000419
0.000419
0.000418
0.000418
0.000418
0.000417
0.000417
0.000416
0.000416
0.000416
0.000415
0.000415
0.000415
0.000415
0.000414
0.000414
0.000414
0.000413
0.000413
0.000413
0.000413
0.000412
0.000412
0.000412
0.000412
0.000412
0.000412
0.000411
0.000411
0.000411
0.000411
0.000411
0.000410
0.000410
0.000410
0.000410
0.000410
0.000410
0.000409
0.000409
0.000409
0.000409
0.000409
0.000408
0.000408
0.000408
0.000408
0.000408
0.000407
0.000407
0.000407
0.000407
0.000407
0.000407
0.000407
0.000407
0.000406
0.000406
0.000406
0.000406
0.000406
0.000406
0.000406
0.000406
0.000405
0.000405
0.000405
0.000405
0.000405
0.000405
0.000405
0.000405
0.000405
0.000405
0.000404
0.000404
0.000404
0.000403
0.000405
0.000404
0.000402
0.000403
0.000403
0.000403
0.000403
0.000403
0.000403
0.000403
0.000403
0.000403
0.000403
0.000403
0.000403
0.000403
0.000403
0.000403
0.000403
0.000403
0.000403
0.000403
0.000403
0.000403
0.000403
0.000403
0.000403
0.000403
0.000403
0.000403
0.000403
0.000403
0.000403
0.000403
0.000403
0.000403
0.000403
0.000403
0.000403
0.000403
0.000403
0.000403
0.000402
0.000402
0.000402
0.000402
0.000402
0.000402
0.000402
0.000402
0.000402
0.000402
0.000402
0.000402
0.000402
0.000402
0.000402
0.000402
0.000402
0.000402
0.000402
0.000402
0.000402
0.000402
0.000402
0.000402
0.000401
0.000401
0.000401
0.000401
0.000401
0.000401
0.000401
0.000401
0.000401
0.000401
0.000401
0.000401
0.000401
0.000401
0.000401
0.000401
0.000401
0.000401
0.000401
0.000400
0.000400
0.000400
0.000400
0.000400
0.000400
0.000400
0.000400
0.000400
0.000400
0.000400
0.000400
0.000400
0.000400
