0.489247
0.380547
0.221808
0.061356
0.029473
0.018528
0.012535
0.009641
0.008159
0.007259
0.006763
0.006475
0.006266
0.006088
0.005934
0.005796
0.005668
0.005544
0.005423
0.005305
0.005192
0.005080
0.004969
0.004857
0.004742
0.004629
0.004514
0.004400
0.004284
0.004173
0.004067
0.003964
0.003860
0.003758
0.003661
0.003568
0.003475
0.003387
0.003304
0.003224
0.003148
0.003074
0.003004
0.002935
0.002870
0.002806
0.002745
0.002688
0.002636
0.002587
0.002540
0.002494
0.002452
0.002413
0.002375
0.002341
0.002310
0.002280
0.002253
0.002229
0.002206
0.002183
0.002161
0.002142
0.002125
0.002107
0.002091
0.002077
0.002063
0.002050
0.002038
0.002024
0.002012
0.002001
0.001988
0.001975
0.001963
0.001951
0.001937
0.001923
0.001910
0.001901
0.001894
0.001887
0.001876
0.001869
0.001860
0.001852
0.001845
0.001838
0.001835
0.001831
0.001825
0.001821
0.001818
0.001815
0.001809
0.001805
0.001802
0.001799
0.001651
0.001651
0.001650
0.001653
0.001650
0.001648
0.001645
0.001641
0.001637
0.001634
0.001629
0.001625
0.001622
0.001618
0.001615
0.001611
0.001608
0.001605
0.001602
0.001599
0.001597
0.001595
0.001593
0.001590
0.001588
0.001586
0.001584
0.001583
0.001581
0.001579
0.001577
0.001576
0.001575
0.001573
0.001572
0.001571
0.001570
0.001569
0.001568
0.001567
0.001566
0.001566
0.001565
0.001564
0.001564
0.001563
0.001562
0.001562
0.001561
0.001561
0.001560
0.001559
0.001559
0.001558
0.001557
0.001556
0.001555
0.001554
0.001553
0.001552
0.001551
0.001550
0.001549
0.001548
0.001547
0.001546
0.001545
0.001544
0.001543
0.001542
0.001540
0.001539
0.001539
0.001538
0.001536
0.001535
0.001534
0.001533
0.001532
0.001531
0.001530
0.001530
0.001530
0.001529
0.001529
0.001528
0.001528
0.001528
0.001527
0.001526
0.001527
0.001527
0.001527
0.001527
0.001527
0.001527
0.001528
0.001528
0.001528
0.001529
0.001529
0.001532
0.001527
0.001518
0.001514
0.001512
0.001511
0.001510
0.001510
0.001510
0.001509
0.001509
0.001508
0.001508
0.001507
0.001507
0.001506
0.001506
0.001505
0.001505
0.001504
0.001503
0.001503
0.001502
0.001502
0.001501
0.001500
0.001500
0.001499
0.001499
0.001498
0.001497
0.001497
0.001496
0.001495
0.001495
0.001494
0.001494
0.001493
0.001493
0.001492
0.001491
0.001490
0.001490
0.001489
0.001488
0.001487
0.001487
0.001486
0.001485
0.001485
0.001484
0.001484
0.001483
0.001482
0.001482
0.001481
0.001481
0.001480
0.001480
0.001479
0.001479
0.001478
0.001477
0.001477
0.001476
0.001476
0.001475
0.001475
0.001474
0.001473
0.001473
0.001472
0.001472
0.001471
0.001471
0.001470
0.001470
0.001469
0.001469
0.001468
0.001468
0.001467
0.001467
0.001466
0.001466
0.001465
0.001465
0.001464
0.001464
0.001463
0.001463
0.001463
0.001462
0.001461
0.001461
0.001460
0.001460
0.001459
0.001459
0.001432
0.001407
0.001399
0.001403
0.001401
0.001401
0.001401
0.001401
0.001401
0.001400
0.001400
0.001400
0.001400
0.001400
0.001399
0.001399
0.001399
0.001399
0.001399
0.001399
0.001398
0.001398
0.001398
0.001398
0.001398
0.001397
0.001397
0.001397
0.001397
0.001397
0.001397
0.001396
0.001396
0.001396
0.001396
0.001396
0.001396
0.001395
0.001395
0.001395
0.001395
0.001395
0.001395
0.001395
0.001394
0.001394
0.001394
0.001394
0.001394
0.001394
0.001394
0.001393
0.001393
0.001393
0.001393
0.001393
0.001393
0.001392
0.001392
0.001392
0.001392
0.001392
0.001392
0.001391
0.001391
0.001391
0.001391
0.001391
0.001391
0.001390
0.001390
0.001390
0.001390
0.001390
0.001389
0.001389
0.001389
0.001389
0.001389
0.001389
0.001388
0.001388
0.001388
0.001388
0.001388
0.001388
0.001387
0.001387
0.001387
0.001387
0.001387
0.001386
0.001386
0.001386
0.001386
0.001386
0.001385
0.001385
0.001385
0.001385
0.001371
0.001373
0.001371
0.001370
0.001369
0.001369
0.001369
0.001369
0.001368
0.001368
0.001368
0.001368
0.001368
0.001367
0.001367
0.001367
0.001367
0.001366
0.001366
0.001366
0.001366
0.001365
0.001365
0.001365
0.001365
0.001365
0.001364
0.001364
0.001364
0.001364
0.001364
0.001363
0.001363
0.001363
0.001363
0.001363
0.001362
0.001362
0.001362
0.001362
0.001362
0.001361
0.001361
0.001361
0.001361
0.001361
0.001360
0.001360
0.001360
0.001360
0.001360
0.001360
0.001359
0.001359
0.001359
0.001359
0.001359
0.001358
0.001358
0.001358
0.001358
0.001358
0.001358
0.001357
0.001357
0.001357
0.001357
0.001357
0.001356
0.001356
0.001356
0.001356
0.001356
0.001355
0.001355
0.001355
0.001355
0.001355
0.001355
0.001354
0.001354
0.001354
0.001354
0.001354
0.001353
0.001353
0.001353
0.001353
0.001353
0.001352
0.001352
0.001352
0.001352
0.001352
0.001352
0.001351
0.001351
0.001351
0.001351
0.001351
