0.350540
0.094058
0.042425
0.026734
0.018016
0.012266
0.008367
0.005844
0.004375
0.003521
0.003042
0.002745
0.002531
0.002384
0.002272
0.002185
0.002101
0.002025
0.001952
0.001883
0.001819
0.001763
0.001703
0.001656
0.001612
0.001567
0.001527
0.001492
0.001459
0.001430
0.001406
0.001383
0.001363
0.001346
0.001328
0.001309
0.001291
0.001271
0.001253
0.001238
0.001225
0.001213
0.001204
0.001198
0.001194
0.001190
0.001186
0.001182
0.001179
0.001176
0.001170
0.001165
0.001158
0.001150
0.001144
0.001136
0.001128
0.001119
0.001111
0.001102
0.001093
0.001084
0.001077
0.001073
0.001070
0.001069
0.001068
0.001067
0.001066
0.001068
0.001066
0.001060
0.001053
0.001049
0.001046
0.001044
0.001040
0.001037
0.001034
0.001031
0.001027
0.001024
0.001023
0.001022
0.001022
0.001022
0.001022
0.001021
0.001018
0.001014
0.001011
0.001009
0.001008
0.001005
0.001003
0.001001
0.001000
0.001001
0.001000
0.000998
0.000937
0.000934
0.000925
0.000925
0.000926
0.000923
0.000922
0.000921
0.000920
0.000918
0.000917
0.000917
0.000916
0.000915
0.000915
0.000914
0.000913
0.000913
0.000913
0.000912
0.000912
0.000912
0.000912
0.000912
0.000912
0.000912
0.000912
0.000912
0.000912
0.000913
0.000913
0.000913
0.000913
0.000913
0.000913
0.000913
0.000913
0.000913
0.000913
0.000912
0.000912
0.000912
0.000912
0.000912
0.000912
0.000911
0.000911
0.000911
0.000911
0.000910
0.000910
0.000910
0.000910
0.000910
0.000910
0.000909
0.000910
0.000909
0.000909
0.000909
0.000909
0.000908
0.000908
0.000908
0.000908
0.000908
0.000907
0.000907
0.000907
0.000906
0.000907
0.000907
0.000905
0.000905
0.000905
0.000905
0.000905
0.000904
0.000904
0.000904
0.000904
0.000903
0.000903
0.000902
0.000902
0.000901
0.000901
0.000901
0.000901
0.000900
0.000899
0.000899
0.000898
0.000898
0.000897
0.000897
0.000896
0.000895
0.000895
0.000895
0.000867
0.000869
0.000870
0.000870
0.000870
0.000869
0.000869
0.000868
0.000868
0.000867
0.000866
0.000866
0.000865
0.000865
0.000864
0.000864
0.000863
0.000862
0.000862
0.000861
0.000860
0.000860
0.000859
0.000859
0.000858
0.000857
0.000857
0.000857
0.000856
0.000856
0.000855
0.000855
0.000855
0.000854
0.000854
0.000854
0.000853
0.000853
0.000853
0.000853
0.000852
0.000852
0.000852
0.000852
0.000852
0.000852
0.000851
0.000851
0.000851
0.000851
0.000851
0.000851
0.000851
0.000850
0.000850
0.000850
0.000850
0.000850
0.000850
0.000850
0.000850
0.000850
0.000850
0.000849
0.000849
0.000849
0.000849
0.000849
0.000849
0.000849
0.000848
0.000848
0.000848
0.000848
0.000848
0.000847
0.000847
0.000847
0.000846
0.000846
0.000846
0.000846
0.000846
0.000845
0.000845
0.000845
0.000845
0.000845
0.000844
0.000844
0.000844
0.000844
0.000843
0.000843
0.000843
0.000843
0.000842
0.000842
0.000842
0.000841
0.000833
0.000844
0.000848
0.000850
0.000851
0.000852
0.000853
0.000853
0.000854
0.000854
0.000855
0.000856
0.000857
0.000857
0.000858
0.000858
0.000859
0.000859
0.000859
0.000859
0.000859
0.000859
0.000859
0.000858
0.000857
0.000857
0.000856
0.000855
0.000855
0.000854
0.000853
0.000852
0.000852
0.000851
0.000851
0.000851
0.000850
0.000850
0.000850
0.000849
0.000849
0.000849
0.000849
0.000849
0.000848
0.000848
0.000848
0.000848
0.000848
0.000848
0.000848
0.000847
0.000847
0.000847
0.000847
0.000847
0.000847
0.000847
0.000847
0.000847
0.000847
0.000847
0.000847
0.000847
0.000847
0.000847
0.000847
0.000847
0.000847
0.000846
0.000846
0.000846
0.000846
0.000846
0.000846
0.000846
0.000846
0.000846
0.000846
0.000846
0.000846
0.000846
0.000846
0.000846
0.000846
0.000846
0.000846
0.000846
0.000846
0.000846
0.000846
0.000846
0.000846
0.000846
0.000846
0.000846
0.000846
0.000846
0.000846
0.000846
0.000830
0.000822
0.000819
0.000820
0.000820
0.000820
0.000820
0.000820
0.000820
0.000820
0.000820
0.000820
0.000820
0.000820
0.000820
0.000820
0.000820
0.000820
0.000820
0.000820
0.000820
0.000820
0.000820
0.000820
0.000820
0.000820
0.000820
0.000820
0.000820
0.000820
0.000820
0.000820
0.000820
0.000820
0.000820
0.000820
0.000820
0.000820
0.000820
0.000820
0.000820
0.000820
0.000820
0.000820
0.000820
0.000820
0.000820
0.000820
0.000820
0.000820
0.000820
0.000820
0.000820
0.000820
0.000820
0.000820
0.000820
0.000820
0.000820
0.000820
0.000820
0.000820
0.000820
0.000820
0.000820
0.000820
0.000820
0.000820
0.000820
0.000820
0.000821
0.000821
0.000821
0.000821
0.000821
0.000821
0.000821
0.000821
0.000821
0.000821
0.000821
0.000821
0.000821
0.000821
0.000821
0.000821
0.000821
0.000821
0.000821
0.000821
0.000821
0.000821
0.000821
0.000821
0.000821
0.000821
0.000821
0.000821
0.000821
0.000821
