0.449359
0.276079
0.142597
0.076349
0.042533
0.028202
0.018575
0.012929
0.009372
0.007067
0.005660
0.004891
0.004435
0.004104
0.003837
0.003620
0.003448
0.003315
0.003207
0.003115
0.003036
0.002966
0.002902
0.002843
0.002785
0.002731
0.002681
0.002633
0.002587
0.002546
0.002507
0.002471
0.002438
0.002406
0.002373
0.002341
0.002310
0.002280
0.002250
0.002222
0.002195
0.002169
0.002144
0.002122
0.002099
0.002077
0.002056
0.002035
0.002012
0.001988
0.001966
0.001942
0.001919
0.001894
0.001869
0.001843
0.001816
0.001788
0.001760
0.001732
0.001704
0.001675
0.001647
0.001619
0.001593
0.001568
0.001546
0.001525
0.001507
0.001491
0.001476
0.001463
0.001452
0.001441
0.001431
0.001422
0.001414
0.001406
0.001399
0.001392
0.001386
0.001380
0.001375
0.001370
0.001365
0.001361
0.001357
0.001354
0.001351
0.001348
0.001345
0.001342
0.001339
0.001337
0.001335
0.001334
0.001333
0.001331
0.001331
0.001330
0.001297
0.001303
0.001300
0.001301
0.001300
0.001299
0.001298
0.001297
0.001296
0.001295
0.001295
0.001294
0.001293
0.001293
0.001292
0.001291
0.001291
0.001290
0.001289
0.001289
0.001288
0.001288
0.001287
0.001287
0.001286
0.001286
0.001285
0.001285
0.001285
0.001284
0.001284
0.001283
0.001283
0.001282
0.001282
0.001281
0.001281
0.001280
0.001280
0.001279
0.001278
0.001277
0.001277
0.001276
0.001275
0.001274
0.001273
0.001273
0.001272
0.001270
0.001269
0.001268
0.001267
0.001266
0.001265
0.001264
0.001262
0.001261
0.001260
0.001258
0.001257
0.001256
0.001254
0.001253
0.001251
0.001250
0.001248
0.001247
0.001245
0.001244
0.001242
0.001240
0.001239
0.001237
0.001235
0.001233
0.001232
0.001230
0.001228
0.001227
0.001225
0.001223
0.001221
0.001220
0.001218
0.001217
0.001215
0.001214
0.001212
0.001211
0.001209
0.001208
0.001206
0.001205
0.001204
0.001202
0.001201
0.001199
0.001197
0.001196
0.001179
0.001187
0.001191
0.001191
0.001192
0.001192
0.001192
0.001192
0.001191
0.001191
0.001190
0.001190
0.001189
0.001189
0.001188
0.001188
0.001187
0.001187
0.001186
0.001186
0.001185
0.001185
0.001184
0.001184
0.001183
0.001183
0.001183
0.001182
0.001182
0.001181
0.001181
0.001180
0.001180
0.001179
0.001179
0.001178
0.001178
0.001177
0.001177
0.001176
0.001176
0.001175
0.001175
0.001175
0.001174
0.001173
0.001173
0.001172
0.001172
0.001171
0.001170
0.001170
0.001169
0.001169
0.001168
0.001168
0.001167
0.001167
0.001166
0.001166
0.001165
0.001165
0.001164
0.001164
0.001163
0.001163
0.001162
0.001162
0.001161
0.001161
0.001160
0.001160
0.001159
0.001159
0.001159
0.001158
0.001157
0.001157
0.001156
0.001156
0.001156
0.001155
0.001155
0.001154
0.001154
0.001153
0.001153
0.001153
0.001152
0.001152
0.001151
0.001151
0.001151
0.001150
0.001150
0.001149
0.001149
0.001148
0.001148
0.001148
0.001144
0.001117
0.001116
0.001113
0.001111
0.001111
0.001111
0.001111
0.001111
0.001110
0.001110
0.001110
0.001110
0.001110
0.001110
0.001110
0.001109
0.001109
0.001109
0.001109
0.001109
0.001109
0.001109
0.001108
0.001108
0.001108
0.001108
0.001108
0.001108
0.001108
0.001108
0.001107
0.001107
0.001107
0.001107
0.001107
0.001107
0.001107
0.001107
0.001106
0.001106
0.001106
0.001106
0.001106
0.001106
0.001106
0.001105
0.001105
0.001105
0.001105
0.001105
0.001105
0.001105
0.001104
0.001104
0.001104
0.001104
0.001104
0.001104
0.001103
0.001103
0.001103
0.001103
0.001103
0.001103
0.001103
0.001102
0.001102
0.001102
0.001102
0.001102
0.001102
0.001101
0.001101
0.001101
0.001101
0.001101
0.001101
0.001101
0.001100
0.001100
0.001100
0.001100
0.001100
0.001100
0.001100
0.001099
0.001099
0.001099
0.001099
0.001099
0.001098
0.001098
0.001098
0.001098
0.001098
0.001098
0.001097
0.001097
0.001097
0.001086
0.001085
0.001083
0.001082
0.001082
0.001082
0.001082
0.001082
0.001082
0.001082
0.001082
0.001081
0.001081
0.001081
0.001081
0.001081
0.001081
0.001081
0.001081
0.001081
0.001080
0.001080
0.001080
0.001080
0.001080
0.001080
0.001080
0.001080
0.001080
0.001079
0.001079
0.001079
0.001079
0.001079
0.001079
0.001079
0.001079
0.001079
0.001078
0.001078
0.001078
0.001078
0.001078
0.001078
0.001078
0.001078
0.001078
0.001077
0.001077
0.001077
0.001077
0.001077
0.001077
0.001077
0.001077
0.001077
0.001076
0.001076
0.001076
0.001076
0.001076
0.001076
0.001076
0.001076
0.001075
0.001075
0.001075
0.001075
0.001075
0.001075
0.001075
0.001075
0.001074
0.001074
0.001074
0.001074
0.001074
0.001074
0.001074
0.001073
0.001073
0.001073
0.001073
0.001073
0.001073
0.001072
0.001072
0.001072
0.001072
0.001072
0.001072
0.001072
0.001071
0.001071
0.001071
0.001071
0.001071
0.001071
0.001070
0.001070
