0.454365
0.297483
0.187127
0.121316
0.089368
0.067522
0.051576
0.039166
0.026225
0.011441
0.005805
0.004575
0.004015
0.003714
0.003510
0.003234
0.002930
0.002716
0.002588
0.002497
0.002417
0.002345
0.002279
0.002220
0.002167
0.002120
0.002075
0.002032
0.001993
0.001955
0.001919
0.001884
0.001850
0.001818
0.001787
0.001756
0.001723
0.001690
0.001660
0.001632
0.001606
0.001582
0.001558
0.001536
0.001514
0.001493
0.001471
0.001449
0.001427
0.001407
0.001387
0.001367
0.001346
0.001327
0.001309
0.001292
0.001276
0.001263
0.001250
0.001240
0.001230
0.001221
0.001215
0.001210
0.001207
0.001205
0.001203
0.001203
0.001203
0.001204
0.001205
0.001206
0.001208
0.001207
0.001205
0.001203
0.001200
0.001196
0.001194
0.001191
0.001188
0.001185
0.001182
0.001180
0.001178
0.001176
0.001173
0.001170
0.001168
0.001166
0.001163
0.001161
0.001159
0.001157
0.001155
0.001153
0.001152
0.001151
0.001149
0.001147
0.001065
0.001075
0.001053
0.001051
0.001055
0.001053
0.001051
0.001051
0.001050
0.001050
0.001050
0.001050
0.001050
0.001050
0.001050
0.001051
0.001051
0.001052
0.001053
0.001054
0.001055
0.001056
0.001057
0.001058
0.001060
0.001061
0.001062
0.001063
0.001064
0.001065
0.001066
0.001067
0.001068
0.001069
0.001070
0.001070
0.001071
0.001071
0.001072
0.001072
0.001073
0.001073
0.001073
0.001073
0.001073
0.001073
0.001074
0.001073
0.001073
0.001074
0.001074
0.001074
0.001074
0.001073
0.001073
0.001073
0.001073
0.001073
0.001073
0.001073
0.001073
0.001073
0.001073
0.001073
0.001072
0.001072
0.001072
0.001072
0.001072
0.001072
0.001071
0.001071
0.001071
0.001071
0.001071
0.001070
0.001070
0.001070
0.001069
0.001069
0.001069
0.001069
0.001068
0.001068
0.001068
0.001067
0.001067
0.001067
0.001066
0.001066
0.001066
0.001066
0.001065
0.001065
0.001064
0.001064
0.001064
0.001063
0.001062
0.001062
0.001002
0.001006
0.001009
0.001013
0.001014
0.001015
0.001016
0.001016
0.001015
0.001014
0.001013
0.001012
0.001011
0.001010
0.001009
0.001008
0.001006
0.001005
0.001004
0.001003
0.001002
0.001000
0.000999
0.000998
0.000997
0.000996
0.000995
0.000994
0.000994
0.000993
0.000992
0.000992
0.000992
0.000991
0.000991
0.000990
0.000990
0.000990
0.000990
0.000990
0.000989
0.000990
0.000990
0.000989
0.000989
0.000989
0.000989
0.000990
0.000990
0.000990
0.000990
0.000990
0.000990
0.000990
0.000990
0.000990
0.000990
0.000990
0.000990
0.000990
0.000989
0.000989
0.000989
0.000990
0.000990
0.000989
0.000989
0.000989
0.000989
0.000989
0.000989
0.000989
0.000989
0.000988
0.000988
0.000988
0.000988
0.000988
0.000988
0.000988
0.000988
0.000988
0.000988
0.000988
0.000988
0.000988
0.000988
0.000988
0.000988
0.000987
0.000987
0.000987
0.000987
0.000987
0.000987
0.000987
0.000986
0.000986
0.000986
0.000986
0.000976
0.000972
0.000967
0.000967
0.000968
0.000969
0.000969
0.000969
0.000969
0.000968
0.000968
0.000968
0.000968
0.000968
0.000968
0.000968
0.000968
0.000968
0.000968
0.000968
0.000968
0.000968
0.000968
0.000968
0.000968
0.000968
0.000968
0.000967
0.000967
0.000967
0.000968
0.000967
0.000967
0.000967
0.000967
0.000967
0.000967
0.000967
0.000967
0.000967
0.000967
0.000967
0.000967
0.000967
0.000967
0.000967
0.000967
0.000967
0.000967
0.000967
0.000967
0.000967
0.000967
0.000967
0.000966
0.000966
0.000966
0.000965
0.000965
0.000965
0.000964
0.000964
0.000964
0.000963
0.000963
0.000963
0.000963
0.000962
0.000962
0.000962
0.000962
0.000961
0.000961
0.000961
0.000961
0.000961
0.000960
0.000960
0.000960
0.000960
0.000959
0.000959
0.000959
0.000959
0.000958
0.000958
0.000958
0.000957
0.000957
0.000957
0.000957
0.000957
0.000957
0.000956
0.000956
0.000956
0.000956
0.000956
0.000956
0.000955
0.000957
0.000943
0.000940
0.000940
0.000940
0.000940
0.000940
0.000940
0.000940
0.000939
0.000939
0.000939
0.000939
0.000939
0.000939
0.000939
0.000939
0.000939
0.000939
0.000939
0.000939
0.000939
0.000939
0.000939
0.000939
0.000938
0.000938
0.000938
0.000938
0.000938
0.000938
0.000938
0.000938
0.000938
0.000938
0.000938
0.000938
0.000938
0.000938
0.000938
0.000937
0.000937
0.000937
0.000937
0.000937
0.000937
0.000937
0.000937
0.000937
0.000937
0.000937
0.000937
0.000936
0.000936
0.000936
0.000936
0.000936
0.000936
0.000936
0.000936
0.000936
0.000936
0.000936
0.000936
0.000936
0.000936
0.000935
0.000935
0.000935
0.000935
0.000935
0.000935
0.000935
0.000935
0.000935
0.000935
0.000935
0.000935
0.000935
0.000935
0.000935
0.000935
0.000934
0.000934
0.000934
0.000934
0.000934
0.000934
0.000934
0.000934
0.000934
0.000934
0.000934
0.000934
0.000934
0.000934
0.000934
0.000933
0.000933
0.000933
