0.439303
0.172221
0.039616
0.022392
0.013578
0.008211
0.005321
0.003877
0.003088
0.002698
0.002474
0.002321
0.002207
0.002108
0.002029
0.001959
0.001900
0.001848
0.001799
0.001750
0.001702
0.001658
0.001615
0.001576
0.001539
0.001507
0.001478
0.001452
0.001431
0.001412
0.001394
0.001377
0.001362
0.001351
0.001341
0.001330
0.001319
0.001308
0.001298
0.001288
0.001279
0.001270
0.001261
0.001254
0.001244
0.001237
0.001230
0.001223
0.001216
0.001211
0.001206
0.001200
0.001195
0.001188
0.001182
0.001178
0.001172
0.001168
0.001163
0.001159
0.001156
0.001153
0.001152
0.001151
0.001148
0.001147
0.001145
0.001140
0.001135
0.001129
0.001124
0.001119
0.001114
0.001111
0.001107
0.001104
0.001099
0.001096
0.001092
0.001089
0.001085
0.001081
0.001079
0.001076
0.001073
0.001070
0.001066
0.001062
0.001058
0.001054
0.001052
0.001051
0.001051
0.001049
0.001048
0.001046
0.001044
0.001042
0.001040
0.001038
0.000962
0.000952
0.000951
0.000952
0.000954
0.000953
0.000950
0.000947
0.000945
0.000942
0.000939
0.000937
0.000934
0.000932
0.000930
0.000928
0.000926
0.000924
0.000923
0.000922
0.000920
0.000919
0.000919
0.000918
0.000917
0.000916
0.000915
0.000914
0.000914
0.000912
0.000912
0.000911
0.000910
0.000909
0.000908
0.000906
0.000905
0.000904
0.000902
0.000901
0.000900
0.000898
0.000897
0.000896
0.000895
0.000893
0.000892
0.000890
0.000889
0.000889
0.000888
0.000887
0.000886
0.000885
0.000885
0.000884
0.000884
0.000883
0.000883
0.000882
0.000882
0.000881
0.000881
0.000881
0.000881
0.000881
0.000881
0.000880
0.000880
0.000880
0.000880
0.000880
0.000880
0.000880
0.000881
0.000881
0.000881
0.000881
0.000881
0.000881
0.000882
0.000882
0.000882
0.000882
0.000882
0.000883
0.000883
0.000883
0.000883
0.000883
0.000883
0.000883
0.000883
0.000883
0.000883
0.000883
0.000883
0.000883
0.000883
0.000882
0.000861
0.000870
0.000873
0.000876
0.000877
0.000877
0.000877
0.000877
0.000877
0.000877
0.000876
0.000876
0.000876
0.000876
0.000876
0.000875
0.000875
0.000874
0.000874
0.000874
0.000873
0.000873
0.000873
0.000872
0.000872
0.000872
0.000871
0.000871
0.000871
0.000871
0.000870
0.000870
0.000869
0.000869
0.000869
0.000868
0.000868
0.000868
0.000867
0.000867
0.000867
0.000866
0.000866
0.000865
0.000865
0.000865
0.000864
0.000864
0.000863
0.000863
0.000862
0.000862
0.000862
0.000861
0.000861
0.000860
0.000860
0.000859
0.000859
0.000859
0.000858
0.000858
0.000857
0.000857
0.000856
0.000856
0.000856
0.000855
0.000855
0.000854
0.000854
0.000853
0.000853
0.000853
0.000853
0.000852
0.000852
0.000852
0.000851
0.000851
0.000851
0.000850
0.000850
0.000850
0.000849
0.000849
0.000849
0.000848
0.000848
0.000848
0.000848
0.000847
0.000847
0.000847
0.000846
0.000846
0.000846
0.000846
0.000845
0.000845
0.000843
0.000849
0.000850
0.000854
0.000856
0.000857
0.000857
0.000856
0.000854
0.000853
0.000851
0.000849
0.000847
0.000846
0.000845
0.000844
0.000844
0.000843
0.000843
0.000843
0.000842
0.000842
0.000842
0.000841
0.000841
0.000841
0.000841
0.000841
0.000840
0.000840
0.000840
0.000840
0.000840
0.000840
0.000840
0.000839
0.000839
0.000839
0.000839
0.000839
0.000839
0.000839
0.000839
0.000839
0.000839
0.000839
0.000839
0.000839
0.000838
0.000838
0.000838
0.000838
0.000838
0.000838
0.000838
0.000838
0.000838
0.000838
0.000838
0.000838
0.000838
0.000838
0.000838
0.000838
0.000838
0.000838
0.000838
0.000838
0.000838
0.000838
0.000838
0.000838
0.000838
0.000838
0.000838
0.000837
0.000837
0.000838
0.000837
0.000837
0.000837
0.000837
0.000837
0.000837
0.000837
0.000837
0.000837
0.000837
0.000837
0.000837
0.000837
0.000837
0.000837
0.000837
0.000837
0.000837
0.000837
0.000837
0.000837
0.000837
0.000825
0.000820
0.000819
0.000819
0.000819
0.000819
0.000819
0.000819
0.000819
0.000819
0.000819
0.000819
0.000819
0.000818
0.000818
0.000819
0.000818
0.000818
0.000818
0.000818
0.000818
0.000818
0.000818
0.000818
0.000818
0.000818
0.000818
0.000818
0.000818
0.000818
0.000818
0.000818
0.000818
0.000818
0.000818
0.000818
0.000818
0.000818
0.000818
0.000818
0.000818
0.000818
0.000818
0.000818
0.000818
0.000818
0.000818
0.000818
0.000818
0.000818
0.000818
0.000818
0.000818
0.000818
0.000818
0.000818
0.000818
0.000818
0.000818
0.000818
0.000818
0.000818
0.000818
0.000818
0.000818
0.000818
0.000818
0.000818
0.000818
0.000818
0.000818
0.000818
0.000818
0.000818
0.000818
0.000818
0.000818
0.000818
0.000818
0.000818
0.000818
0.000818
0.000817
0.000817
0.000817
0.000817
0.000817
0.000817
0.000817
0.000817
0.000817
0.000817
0.000817
0.000817
0.000817
0.000817
0.000817
0.000817
0.000817
0.000817
