0.457459
0.307756
0.120482
0.033116
0.015251
0.010169
0.007968
0.007244
0.006972
0.006861
0.006791
0.006727
0.006655
0.006566
0.006459
0.006329
0.006162
0.005971
0.005804
0.005645
0.005477
0.005296
0.005110
0.004907
0.004685
0.004421
0.004103
0.003788
0.003541
0.003342
0.003160
0.003002
0.002865
0.002745
0.002641
0.002556
0.002481
0.002418
0.002362
0.002311
0.002264
0.002223
0.002184
0.002151
0.002120
0.002092
0.002067
0.002041
0.002018
0.001995
0.001973
0.001951
0.001932
0.001915
0.001896
0.001879
0.001860
0.001845
0.001828
0.001811
0.001795
0.001780
0.001765
0.001750
0.001735
0.001720
0.001706
0.001696
0.001676
0.001661
0.001642
0.001624
0.001605
0.001588
0.001569
0.001550
0.001533
0.001516
0.001497
0.001479
0.001461
0.001443
0.001425
0.001407
0.001390
0.001372
0.001357
0.001340
0.001323
0.001304
0.001288
0.001269
0.001251
0.001230
0.001212
0.001194
0.001177
0.001162
0.001148
0.001135
0.001095
0.001096
0.001103
0.001102
0.001099
0.001094
0.001090
0.001086
0.001081
0.001076
0.001072
0.001068
0.001064
0.001060
0.001055
0.001050
0.001046
0.001042
0.001038
0.001034
0.001030
0.001026
0.001022
0.001019
0.001015
0.001012
0.001008
0.001005
0.001002
0.000999
0.000996
0.000993
0.000991
0.000988
0.000986
0.000983
0.000981
0.000979
0.000977
0.000975
0.000973
0.000971
0.000969
0.000967
0.000966
0.000964
0.000962
0.000960
0.000959
0.000957
0.000956
0.000954
0.000952
0.000951
0.000950
0.000948
0.000947
0.000946
0.000944
0.000943
0.000942
0.000941
0.000939
0.000938
0.000937
0.000935
0.000934
0.000932
0.000930
0.000928
0.000925
0.000923
0.000921
0.000918
0.000915
0.000912
0.000909
0.000905
0.000902
0.000898
0.000894
0.000890
0.000886
0.000882
0.000878
0.000875
0.000872
0.000869
0.000866
0.000864
0.000861
0.000859
0.000856
0.000854
0.000852
0.000849
0.000847
0.000845
0.000843
0.000841
0.000829
0.000845
0.000853
0.000852
0.000850
0.000848
0.000847
0.000846
0.000845
0.000844
0.000843
0.000842
0.000840
0.000839
0.000838
0.000837
0.000837
0.000836
0.000834
0.000833
0.000833
0.000831
0.000830
0.000830
0.000829
0.000828
0.000827
0.000826
0.000825
0.000824
0.000823
0.000822
0.000822
0.000821
0.000820
0.000820
0.000819
0.000818
0.000817
0.000817
0.000816
0.000815
0.000815
0.000814
0.000813
0.000813
0.000812
0.000811
0.000811
0.000810
0.000809
0.000809
0.000808
0.000807
0.000806
0.000806
0.000805
0.000805
0.000804
0.000804
0.000803
0.000802
0.000802
0.000801
0.000801
0.000800
0.000800
0.000799
0.000798
0.000798
0.000797
0.000797
0.000796
0.000796
0.000795
0.000794
0.000794
0.000794
0.000793
0.000793
0.000792
0.000792
0.000791
0.000791
0.000790
0.000790
0.000789
0.000789
0.000788
0.000788
0.000787
0.000787
0.000786
0.000786
0.000785
0.000785
0.000785
0.000784
0.000784
0.000784
0.000777
0.000769
0.000767
0.000767
0.000765
0.000763
0.000763
0.000762
0.000762
0.000762
0.000762
0.000761
0.000761
0.000761
0.000761
0.000761
0.000761
0.000760
0.000760
0.000760
0.000760
0.000760
0.000760
0.000760
0.000760
0.000760
0.000759
0.000759
0.000759
0.000759
0.000759
0.000759
0.000759
0.000759
0.000759
0.000759
0.000759
0.000759
0.000759
0.000758
0.000758
0.000758
0.000758
0.000757
0.000757
0.000757
0.000757
0.000756
0.000756
0.000756
0.000755
0.000755
0.000755
0.000754
0.000754
0.000754
0.000754
0.000753
0.000753
0.000753
0.000753
0.000752
0.000752
0.000752
0.000751
0.000751
0.000751
0.000751
0.000750
0.000750
0.000750
0.000750
0.000750
0.000749
0.000749
0.000749
0.000749
0.000748
0.000748
0.000748
0.000748
0.000748
0.000747
0.000747
0.000747
0.000747
0.000747
0.000746
0.000746
0.000746
0.000746
0.000746
0.000745
0.000745
0.000745
0.000745
0.000744
0.000744
0.000744
0.000744
0.000731
0.000723
0.000723
0.000722
0.000722
0.000722
0.000722
0.000722
0.000721
0.000721
0.000721
0.000721
0.000721
0.000720
0.000720
0.000720
0.000720
0.000720
0.000719
0.000719
0.000719
0.000719
0.000719
0.000719
0.000718
0.000718
0.000718
0.000718
0.000718
0.000718
0.000718
0.000717
0.000717
0.000717
0.000717
0.000717
0.000717
0.000716
0.000716
0.000716
0.000716
0.000716
0.000715
0.000715
0.000715
0.000715
0.000715
0.000714
0.000714
0.000714
0.000714
0.000714
0.000713
0.000713
0.000713
0.000713
0.000712
0.000712
0.000711
0.000711
0.000711
0.000710
0.000709
0.000709
0.000708
0.000707
0.000705
0.000703
0.000701
0.000697
0.000694
0.000691
0.000688
0.000686
0.000684
0.000682
0.000680
0.000679
0.000677
0.000676
0.000674
0.000673
0.000671
0.000670
0.000669
0.000668
0.000666
0.000665
0.000664
0.000663
0.000662
0.000661
0.000660
0.000659
0.000658
0.000657
0.000656
0.000655
0.000654
0.000654
