0.437633
0.195628
0.058528
0.036930
0.026573
0.018469
0.012385
0.008247
0.005696
0.004360
0.003693
0.003341
0.003107
0.002937
0.002805
0.002697
0.002606
0.002517
0.002429
0.002339
0.002253
0.002177
0.002110
0.002052
0.002008
0.001964
0.001918
0.001874
0.001833
0.001798
0.001765
0.001733
0.001703
0.001679
0.001657
0.001638
0.001620
0.001604
0.001587
0.001574
0.001560
0.001548
0.001536
0.001525
0.001515
0.001507
0.001498
0.001489
0.001481
0.001473
0.001467
0.001460
0.001454
0.001449
0.001443
0.001439
0.001434
0.001430
0.001427
0.001423
0.001421
0.001418
0.001416
0.001413
0.001410
0.001406
0.001404
0.001402
0.001402
0.001404
0.001406
0.001409
0.001410
0.001414
0.001416
0.001417
0.001418
0.001418
0.001414
0.001409
0.001405
0.001400
0.001396
0.001391
0.001387
0.001383
0.001378
0.001371
0.001367
0.001362
0.001356
0.001351
0.001346
0.001342
0.001337
0.001333
0.001330
0.001326
0.001321
0.001318
0.001234
0.001213
0.001218
0.001225
0.001228
0.001229
0.001227
0.001223
0.001220
0.001216
0.001212
0.001209
0.001206
0.001203
0.001201
0.001199
0.001196
0.001194
0.001193
0.001191
0.001189
0.001187
0.001186
0.001184
0.001183
0.001181
0.001179
0.001178
0.001176
0.001174
0.001172
0.001170
0.001168
0.001166
0.001164
0.001162
0.001160
0.001159
0.001157
0.001155
0.001153
0.001152
0.001150
0.001149
0.001148
0.001146
0.001145
0.001144
0.001142
0.001141
0.001140
0.001139
0.001138
0.001137
0.001136
0.001136
0.001135
0.001134
0.001133
0.001133
0.001132
0.001131
0.001131
0.001130
0.001130
0.001129
0.001129
0.001129
0.001129
0.001129
0.001128
0.001128
0.001128
0.001128
0.001128
0.001128
0.001128
0.001128
0.001128
0.001128
0.001129
0.001129
0.001129
0.001129
0.001130
0.001130
0.001130
0.001130
0.001130
0.001131
0.001131
0.001130
0.001130
0.001130
0.001130
0.001130
0.001129
0.001129
0.001128
0.001128
0.001098
0.001108
0.001112
0.001112
0.001111
0.001111
0.001110
0.001110
0.001110
0.001110
0.001110
0.001110
0.001110
0.001110
0.001110
0.001110
0.001109
0.001109
0.001109
0.001109
0.001109
0.001108
0.001108
0.001108
0.001108
0.001107
0.001107
0.001107
0.001107
0.001107
0.001106
0.001106
0.001106
0.001106
0.001106
0.001106
0.001105
0.001105
0.001105
0.001104
0.001104
0.001104
0.001104
0.001103
0.001103
0.001103
0.001102
0.001102
0.001102
0.001101
0.001101
0.001101
0.001100
0.001100
0.001100
0.001099
0.001099
0.001099
0.001098
0.001098
0.001098
0.001098
0.001097
0.001097
0.001097
0.001097
0.001096
0.001096
0.001096
0.001096
0.001095
0.001095
0.001095
0.001094
0.001094
0.001093
0.001093
0.001092
0.001092
0.001092
0.001091
0.001091
0.001090
0.001090
0.001089
0.001089
0.001089
0.001088
0.001088
0.001088
0.001088
0.001087
0.001087
0.001087
0.001087
0.001086
0.001086
0.001085
0.001085
0.001084
0.001071
0.001056
0.001063
0.001066
0.001066
0.001066
0.001064
0.001063
0.001062
0.001061
0.001060
0.001059
0.001058
0.001057
0.001057
0.001056
0.001056
0.001056
0.001055
0.001055
0.001054
0.001054
0.001054
0.001053
0.001053
0.001053
0.001052
0.001052
0.001052
0.001052
0.001052
0.001051
0.001051
0.001051
0.001051
0.001050
0.001050
0.001050
0.001050
0.001050
0.001049
0.001049
0.001049
0.001049
0.001049
0.001049
0.001049
0.001048
0.001048
0.001048
0.001048
0.001048
0.001048
0.001047
0.001047
0.001047
0.001047
0.001047
0.001047
0.001046
0.001046
0.001046
0.001046
0.001046
0.001046
0.001045
0.001045
0.001045
0.001045
0.001045
0.001045
0.001044
0.001044
0.001044
0.001044
0.001044
0.001044
0.001044
0.001043
0.001043
0.001043
0.001043
0.001043
0.001043
0.001042
0.001042
0.001042
0.001042
0.001042
0.001042
0.001041
0.001041
0.001041
0.001041
0.001041
0.001041
0.001041
0.001040
0.001040
0.001040
0.001023
0.001021
0.001019
0.001019
0.001018
0.001018
0.001018
0.001018
0.001018
0.001018
0.001018
0.001018
0.001018
0.001017
0.001017
0.001017
0.001017
0.001017
0.001017
0.001017
0.001017
0.001017
0.001016
0.001016
0.001016
0.001016
0.001016
0.001016
0.001016
0.001016
0.001016
0.001016
0.001016
0.001015
0.001015
0.001015
0.001015
0.001015
0.001015
0.001015
0.001015
0.001015
0.001015
0.001015
0.001014
0.001014
0.001014
0.001014
0.001014
0.001014
0.001014
0.001014
0.001014
0.001014
0.001014
0.001014
0.001013
0.001013
0.001013
0.001013
0.001013
0.001013
0.001013
0.001013
0.001013
0.001013
0.001013
0.001013
0.001012
0.001012
0.001012
0.001012
0.001012
0.001012
0.001012
0.001012
0.001012
0.001012
0.001012
0.001012
0.001011
0.001011
0.001011
0.001011
0.001011
0.001011
0.001011
0.001011
0.001011
0.001011
0.001011
0.001010
0.001010
0.001010
0.001010
0.001010
0.001010
0.001010
0.001010
0.001010
