0.468242
0.370430
0.252863
0.161510
0.110300
0.069500
0.037929
0.019162
0.012988
0.010229
0.008815
0.008324
0.008159
0.008082
0.008030
0.007996
0.007968
0.007945
0.007926
0.007905
0.007883
0.007856
0.007821
0.007770
0.007699
0.007602
0.007476
0.007331
0.007183
0.007050
0.006933
0.006826
0.006724
0.006623
0.006522
0.006417
0.006310
0.006202
0.006091
0.005976
0.005854
0.005727
0.005598
0.005469
0.005340
0.005086
0.004694
0.004270
0.003907
0.003612
0.003408
0.003255
0.003145
0.003059
0.002997
0.002937
0.002884
0.002839
0.002798
0.002762
0.002733
0.002703
0.002674
0.002649
0.002626
0.002603
0.002581
0.002560
0.002542
0.002524
0.002507
0.002489
0.002474
0.002457
0.002439
0.002423
0.002410
0.002395
0.002379
0.002362
0.002347
0.002332
0.002317
0.002300
0.002284
0.002268
0.002254
0.002238
0.002221
0.002207
0.002195
0.002183
0.002168
0.002155
0.002142
0.002132
0.002123
0.002115
0.002108
0.002100
0.002032
0.002042
0.002057
0.002066
0.002068
0.002068
0.002066
0.002063
0.002060
0.002057
0.002054
0.002051
0.002048
0.002044
0.002041
0.002038
0.002034
0.002031
0.002028
0.002025
0.002021
0.002018
0.002015
0.002013
0.002010
0.002008
0.002006
0.002003
0.002001
0.001999
0.001996
0.001994
0.001992
0.001989
0.001986
0.001983
0.001980
0.001977
0.001974
0.001970
0.001967
0.001964
0.001962
0.001959
0.001957
0.001954
0.001951
0.001949
0.001946
0.001944
0.001941
0.001939
0.001937
0.001934
0.001932
0.001930
0.001927
0.001925
0.001923
0.001921
0.001919
0.001916
0.001914
0.001912
0.001910
0.001908
0.001906
0.001905
0.001903
0.001901
0.001900
0.001898
0.001896
0.001895
0.001894
0.001892
0.001890
0.001889
0.001888
0.001886
0.001885
0.001884
0.001883
0.001881
0.001880
0.001879
0.001878
0.001877
0.001876
0.001875
0.001874
0.001873
0.001872
0.001871
0.001870
0.001869
0.001868
0.001867
0.001867
0.001866
0.001856
0.001868
0.001852
0.001853
0.001853
0.001852
0.001852
0.001852
0.001852
0.001852
0.001852
0.001852
0.001852
0.001852
0.001852
0.001852
0.001852
0.001852
0.001852
0.001852
0.001852
0.001852
0.001853
0.001853
0.001853
0.001853
0.001853
0.001853
0.001853
0.001853
0.001853
0.001853
0.001853
0.001853
0.001853
0.001853
0.001853
0.001853
0.001853
0.001853
0.001853
0.001853
0.001853
0.001853
0.001853
0.001853
0.001853
0.001853
0.001853
0.001853
0.001853
0.001853
0.001853
0.001853
0.001853
0.001853
0.001853
0.001853
0.001853
0.001852
0.001852
0.001852
0.001852
0.001852
0.001852
0.001852
0.001852
0.001852
0.001851
0.001851
0.001851
0.001851
0.001851
0.001851
0.001851
0.001851
0.001851
0.001850
0.001850
0.001850
0.001850
0.001850
0.001850
0.001849
0.001849
0.001849
0.001849
0.001849
0.001848
0.001848
0.001848
0.001848
0.001848
0.001847
0.001847
0.001847
0.001847
0.001847
0.001846
0.001846
0.001827
0.001813
0.001810
0.001810
0.001810
0.001810
0.001810
0.001810
0.001810
0.001810
0.001809
0.001809
0.001809
0.001809
0.001809
0.001809
0.001809
0.001809
0.001809
0.001809
0.001808
0.001808
0.001808
0.001808
0.001808
0.001808
0.001808
0.001808
0.001808
0.001807
0.001807
0.001807
0.001807
0.001807
0.001807
0.001807
0.001807
0.001807
0.001806
0.001806
0.001806
0.001806
0.001806
0.001806
0.001806
0.001806
0.001806
0.001806
0.001805
0.001805
0.001805
0.001805
0.001805
0.001805
0.001805
0.001805
0.001805
0.001804
0.001804
0.001804
0.001804
0.001804
0.001804
0.001804
0.001804
0.001804
0.001803
0.001803
0.001803
0.001803
0.001803
0.001803
0.001803
0.001803
0.001803
0.001802
0.001802
0.001802
0.001802
0.001802
0.001802
0.001802
0.001802
0.001802
0.001801
0.001801
0.001801
0.001801
0.001801
0.001801
0.001801
0.001801
0.001800
0.001800
0.001800
0.001800
0.001800
0.001800
0.001800
0.001800
0.001794
0.001797
0.001799
0.001799
0.001799
0.001799
0.001799
0.001799
0.001799
0.001799
0.001798
0.001798
0.001798
0.001798
0.001798
0.001798
0.001798
0.001798
0.001798
0.001798
0.001798
0.001798
0.001798
0.001798
0.001798
0.001798
0.001798
0.001797
0.001797
0.001797
0.001797
0.001797
0.001797
0.001797
0.001797
0.001797
0.001797
0.001797
0.001797
0.001797
0.001797
0.001797
0.001797
0.001797
0.001796
0.001796
0.001796
0.001796
0.001796
0.001796
0.001796
0.001796
0.001796
0.001796
0.001796
0.001796
0.001796
0.001796
0.001796
0.001796
0.001795
0.001795
0.001795
0.001795
0.001795
0.001795
0.001795
0.001795
0.001795
0.001795
0.001795
0.001795
0.001795
0.001795
0.001795
0.001794
0.001794
0.001794
0.001794
0.001794
0.001794
0.001794
0.001794
0.001794
0.001794
0.001794
0.001794
0.001794
0.001794
0.001793
0.001793
0.001793
0.001793
0.001793
0.001793
0.001793
0.001793
0.001793
0.001793
0.001793
