0.354700
0.172498
0.082158
0.048779
0.023706
0.010826
0.007199
0.005837
0.005243
0.004891
0.004503
0.004226
0.004009
0.003816
0.003646
0.003502
0.003378
0.003267
0.003166
0.003074
0.002987
0.002905
0.002828
0.002756
0.002688
0.002624
0.002564
0.002509
0.002459
0.002412
0.002368
0.002326
0.002285
0.002246
0.002212
0.002178
0.002142
0.002109
0.002076
0.002043
0.002013
0.001981
0.001950
0.001919
0.001890
0.001862
0.001833
0.001805
0.001781
0.001758
0.001738
0.001718
0.001698
0.001681
0.001664
0.001647
0.001631
0.001614
0.001597
0.001582
0.001566
0.001549
0.001532
0.001514
0.001496
0.001478
0.001460
0.001442
0.001425
0.001409
0.001393
0.001378
0.001363
0.001348
0.001334
0.001319
0.001305
0.001290
0.001273
0.001254
0.001234
0.001215
0.001200
0.001187
0.001178
0.001169
0.001160
0.001152
0.001146
0.001140
0.001137
0.001133
0.001130
0.001129
0.001127
0.001125
0.001122
0.001121
0.001120
0.001118
0.001082
0.001099
0.001097
0.001105
0.001098
0.001096
0.001093
0.001092
0.001091
0.001090
0.001090
0.001089
0.001089
0.001088
0.001087
0.001087
0.001086
0.001084
0.001084
0.001083
0.001082
0.001081
0.001080
0.001079
0.001079
0.001078
0.001077
0.001077
0.001076
0.001076
0.001075
0.001075
0.001074
0.001073
0.001072
0.001072
0.001071
0.001070
0.001070
0.001069
0.001069
0.001068
0.001067
0.001067
0.001066
0.001065
0.001065
0.001064
0.001063
0.001062
0.001062
0.001061
0.001060
0.001059
0.001059
0.001059
0.001059
0.001058
0.001058
0.001058
0.001057
0.001057
0.001057
0.001057
0.001057
0.001056
0.001056
0.001056
0.001055
0.001055
0.001055
0.001055
0.001055
0.001054
0.001054
0.001053
0.001053
0.001053
0.001053
0.001052
0.001052
0.001052
0.001052
0.001051
0.001050
0.001049
0.001049
0.001049
0.001049
0.001048
0.001048
0.001048
0.001048
0.001048
0.001047
0.001047
0.001046
0.001046
0.001046
0.001046
0.001017
0.001014
0.001016
0.001016
0.001016
0.001016
0.001016
0.001016
0.001016
0.001016
0.001016
0.001016
0.001016
0.001016
0.001016
0.001016
0.001015
0.001015
0.001015
0.001015
0.001015
0.001014
0.001014
0.001014
0.001014
0.001014
0.001013
0.001013
0.001013
0.001012
0.001012
0.001012
0.001011
0.001011
0.001010
0.001010
0.001010
0.001009
0.001009
0.001008
0.001008
0.001007
0.001007
0.001006
0.001006
0.001006
0.001005
0.001005
0.001004
0.001004
0.001003
0.001003
0.001002
0.001002
0.001001
0.001001
0.001000
0.001000
0.001000
0.000999
0.000999
0.000998
0.000998
0.000997
0.000997
0.000997
0.000996
0.000996
0.000995
0.000995
0.000995
0.000995
0.000994
0.000994
0.000994
0.000993
0.000993
0.000993
0.000993
0.000993
0.000992
0.000992
0.000992
0.000992
0.000992
0.000992
0.000991
0.000991
0.000991
0.000991
0.000991
0.000991
0.000991
0.000991
0.000990
0.000990
0.000990
0.000990
0.000990
0.000990
0.000990
0.000982
0.000976
0.000976
0.000976
0.000976
0.000976
0.000976
0.000976
0.000976
0.000976
0.000976
0.000976
0.000977
0.000977
0.000977
0.000977
0.000977
0.000977
0.000977
0.000977
0.000977
0.000977
0.000978
0.000978
0.000978
0.000978
0.000978
0.000978
0.000978
0.000978
0.000979
0.000979
0.000979
0.000979
0.000979
0.000979
0.000979
0.000979
0.000979
0.000979
0.000980
0.000980
0.000980
0.000980
0.000980
0.000980
0.000980
0.000980
0.000980
0.000980
0.000980
0.000980
0.000980
0.000981
0.000981
0.000981
0.000981
0.000981
0.000981
0.000981
0.000981
0.000981
0.000981
0.000981
0.000981
0.000981
0.000981
0.000981
0.000981
0.000981
0.000982
0.000982
0.000982
0.000982
0.000982
0.000982
0.000982
0.000982
0.000982
0.000982
0.000982
0.000982
0.000982
0.000982
0.000982
0.000982
0.000982
0.000982
0.000982
0.000982
0.000982
0.000982
0.000981
0.000981
0.000981
0.000981
0.000981
0.000981
0.000981
0.000970
0.000965
0.000962
0.000962
0.000963
0.000962
0.000962
0.000962
0.000962
0.000962
0.000962
0.000962
0.000962
0.000962
0.000962
0.000962
0.000962
0.000962
0.000962
0.000962
0.000962
0.000962
0.000962
0.000962
0.000962
0.000962
0.000962
0.000962
0.000962
0.000962
0.000962
0.000962
0.000962
0.000962
0.000962
0.000962
0.000962
0.000962
0.000962
0.000962
0.000962
0.000962
0.000962
0.000962
0.000962
0.000961
0.000961
0.000961
0.000961
0.000961
0.000961
0.000961
0.000961
0.000961
0.000961
0.000961
0.000961
0.000961
0.000961
0.000961
0.000961
0.000961
0.000961
0.000961
0.000961
0.000961
0.000961
0.000961
0.000961
0.000961
0.000961
0.000961
0.000961
0.000961
0.000961
0.000961
0.000961
0.000961
0.000960
0.000961
0.000960
0.000960
0.000960
0.000960
0.000960
0.000960
0.000960
0.000960
0.000960
0.000960
0.000960
0.000960
0.000960
0.000960
0.000960
0.000960
0.000960
0.000960
0.000960
0.000960
