0.434212
0.265960
0.124553
0.038052
0.024630
0.017594
0.012289
0.008314
0.005645
0.004244
0.003588
0.003238
0.002971
0.002720
0.002563
0.002461
0.002333
0.002222
0.002165
0.002132
0.002090
0.002048
0.002005
0.001969
0.001935
0.001905
0.001874
0.001847
0.001822
0.001795
0.001771
0.001750
0.001731
0.001713
0.001691
0.001668
0.001649
0.001633
0.001616
0.001598
0.001581
0.001567
0.001553
0.001540
0.001526
0.001512
0.001495
0.001480
0.001465
0.001450
0.001434
0.001417
0.001400
0.001384
0.001371
0.001358
0.001346
0.001335
0.001324
0.001313
0.001302
0.001291
0.001280
0.001268
0.001257
0.001245
0.001234
0.001223
0.001214
0.001205
0.001197
0.001189
0.001183
0.001177
0.001171
0.001165
0.001161
0.001157
0.001153
0.001150
0.001148
0.001146
0.001145
0.001146
0.001146
0.001148
0.001149
0.001151
0.001150
0.001147
0.001143
0.001138
0.001131
0.001125
0.001121
0.001119
0.001117
0.001117
0.001116
0.001114
0.001060
0.001077
0.001073
0.001075
0.001069
0.001066
0.001063
0.001061
0.001058
0.001056
0.001054
0.001052
0.001051
0.001049
0.001048
0.001047
0.001045
0.001044
0.001043
0.001042
0.001041
0.001040
0.001040
0.001039
0.001038
0.001037
0.001037
0.001036
0.001036
0.001036
0.001035
0.001035
0.001034
0.001034
0.001034
0.001034
0.001034
0.001034
0.001034
0.001034
0.001033
0.001033
0.001033
0.001033
0.001033
0.001033
0.001032
0.001032
0.001032
0.001032
0.001032
0.001031
0.001031
0.001031
0.001031
0.001031
0.001030
0.001030
0.001030
0.001029
0.001029
0.001029
0.001028
0.001028
0.001028
0.001027
0.001027
0.001026
0.001026
0.001025
0.001025
0.001024
0.001024
0.001023
0.001023
0.001023
0.001022
0.001022
0.001022
0.001021
0.001021
0.001020
0.001020
0.001020
0.001020
0.001019
0.001019
0.001018
0.001018
0.001018
0.001018
0.001018
0.001017
0.001017
0.001017
0.001016
0.001016
0.001015
0.001015
0.001014
0.000971
0.000982
0.000980
0.000980
0.000981
0.000980
0.000980
0.000980
0.000980
0.000980
0.000980
0.000980
0.000980
0.000979
0.000979
0.000979
0.000979
0.000978
0.000978
0.000978
0.000977
0.000977
0.000977
0.000976
0.000976
0.000976
0.000975
0.000975
0.000974
0.000974
0.000973
0.000973
0.000973
0.000972
0.000972
0.000971
0.000971
0.000970
0.000970
0.000970
0.000969
0.000969
0.000969
0.000968
0.000968
0.000968
0.000967
0.000967
0.000967
0.000966
0.000966
0.000965
0.000965
0.000965
0.000965
0.000964
0.000964
0.000964
0.000963
0.000963
0.000963
0.000962
0.000962
0.000962
0.000961
0.000961
0.000961
0.000960
0.000960
0.000960
0.000959
0.000959
0.000959
0.000958
0.000958
0.000958
0.000957
0.000957
0.000957
0.000956
0.000956
0.000956
0.000956
0.000955
0.000955
0.000955
0.000955
0.000954
0.000954
0.000954
0.000953
0.000953
0.000953
0.000952
0.000952
0.000952
0.000952
0.000951
0.000951
0.000951
0.000946
0.000953
0.000951
0.000952
0.000953
0.000953
0.000953
0.000953
0.000953
0.000953
0.000953
0.000953
0.000952
0.000952
0.000952
0.000952
0.000952
0.000951
0.000951
0.000951
0.000951
0.000950
0.000950
0.000950
0.000950
0.000949
0.000949
0.000949
0.000949
0.000949
0.000948
0.000948
0.000948
0.000948
0.000948
0.000948
0.000947
0.000947
0.000947
0.000947
0.000947
0.000947
0.000946
0.000946
0.000946
0.000946
0.000946
0.000946
0.000946
0.000946
0.000946
0.000946
0.000946
0.000945
0.000945
0.000945
0.000945
0.000945
0.000945
0.000945
0.000945
0.000945
0.000945
0.000944
0.000944
0.000944
0.000944
0.000944
0.000944
0.000944
0.000944
0.000944
0.000944
0.000944
0.000944
0.000943
0.000943
0.000943
0.000943
0.000943
0.000943
0.000943
0.000943
0.000943
0.000943
0.000943
0.000942
0.000942
0.000942
0.000942
0.000942
0.000942
0.000942
0.000941
0.000941
0.000941
0.000941
0.000941
0.000941
0.000941
0.000927
0.000919
0.000914
0.000915
0.000915
0.000914
0.000914
0.000914
0.000914
0.000914
0.000914
0.000914
0.000914
0.000914
0.000914
0.000914
0.000914
0.000914
0.000914
0.000914
0.000914
0.000913
0.000913
0.000913
0.000913
0.000913
0.000913
0.000913
0.000913
0.000913
0.000913
0.000913
0.000913
0.000913
0.000913
0.000913
0.000913
0.000913
0.000913
0.000913
0.000913
0.000913
0.000913
0.000913
0.000912
0.000912
0.000912
0.000912
0.000912
0.000912
0.000912
0.000912
0.000912
0.000912
0.000912
0.000912
0.000912
0.000912
0.000912
0.000912
0.000912
0.000912
0.000912
0.000912
0.000912
0.000912
0.000912
0.000912
0.000912
0.000912
0.000912
0.000912
0.000912
0.000912
0.000912
0.000912
0.000912
0.000912
0.000911
0.000911
0.000911
0.000911
0.000911
0.000911
0.000911
0.000911
0.000911
0.000911
0.000911
0.000911
0.000911
0.000911
0.000911
0.000911
0.000911
0.000911
0.000911
0.000911
0.000911
0.000911
