0.373934
0.091513
0.024484
0.012728
0.008932
0.007408
0.006586
0.005980
0.005432
0.004955
0.004579
0.004263
0.003993
0.003767
0.003577
0.003413
0.003266
0.003132
0.003014
0.002904
0.002804
0.002711
0.002623
0.002538
0.002455
0.002374
0.002294
0.002216
0.002141
0.002067
0.001995
0.001922
0.001849
0.001776
0.001706
0.001641
0.001581
0.001524
0.001473
0.001426
0.001383
0.001342
0.001301
0.001264
0.001227
0.001192
0.001157
0.001126
0.001095
0.001067
0.001041
0.001018
0.000997
0.000977
0.000962
0.000948
0.000934
0.000919
0.000905
0.000894
0.000883
0.000873
0.000864
0.000856
0.000848
0.000842
0.000837
0.000831
0.000825
0.000818
0.000812
0.000807
0.000805
0.000799
0.000792
0.000787
0.000780
0.000774
0.000769
0.000761
0.000754
0.000746
0.000738
0.000729
0.000721
0.000713
0.000704
0.000696
0.000689
0.000681
0.000674
0.000669
0.000664
0.000660
0.000657
0.000654
0.000650
0.000647
0.000644
0.000640
0.000617
0.000600
0.000591
0.000585
0.000582
0.000582
0.000582
0.000582
0.000582
0.000582
0.000582
0.000582
0.000582
0.000582
0.000582
0.000582
0.000582
0.000582
0.000582
0.000582
0.000581
0.000580
0.000580
0.000579
0.000579
0.000578
0.000577
0.000575
0.000574
0.000572
0.000571
0.000569
0.000568
0.000566
0.000564
0.000562
0.000560
0.000559
0.000557
0.000556
0.000554
0.000552
0.000550
0.000547
0.000545
0.000543
0.000541
0.000539
0.000537
0.000536
0.000534
0.000532
0.000529
0.000527
0.000525
0.000523
0.000521
0.000519
0.000517
0.000515
0.000513
0.000512
0.000510
0.000508
0.000507
0.000505
0.000504
0.000503
0.000502
0.000501
0.000501
0.000500
0.000499
0.000499
0.000498
0.000497
0.000497
0.000496
0.000496
0.000495
0.000494
0.000494
0.000493
0.000492
0.000492
0.000491
0.000490
0.000490
0.000489
0.000489
0.000488
0.000488
0.000487
0.000487
0.000486
0.000485
0.000485
0.000484
0.000483
0.000483
0.000462
0.000455
0.000448
0.000449
0.000449
0.000448
0.000448
0.000447
0.000447
0.000447
0.000447
0.000446
0.000446
0.000446
0.000445
0.000445
0.000445
0.000445
0.000444
0.000444
0.000444
0.000444
0.000444
0.000443
0.000443
0.000443
0.000443
0.000443
0.000442
0.000442
0.000442
0.000442
0.000442
0.000442
0.000442
0.000442
0.000441
0.000441
0.000441
0.000441
0.000441
0.000441
0.000440
0.000440
0.000440
0.000440
0.000440
0.000440
0.000440
0.000439
0.000439
0.000439
0.000439
0.000439
0.000438
0.000438
0.000438
0.000438
0.000437
0.000437
0.000437
0.000437
0.000436
0.000436
0.000436
0.000435
0.000435
0.000435
0.000435
0.000434
0.000434
0.000434
0.000434
0.000433
0.000433
0.000433
0.000432
0.000432
0.000432
0.000431
0.000431
0.000431
0.000430
0.000430
0.000430
0.000430
0.000429
0.000429
0.000429
0.000428
0.000428
0.000427
0.000427
0.000427
0.000426
0.000426
0.000426
0.000426
0.000425
0.000425
0.000414
0.000413
0.000412
0.000412
0.000412
0.000412
0.000411
0.000411
0.000411
0.000411
0.000410
0.000410
0.000410
0.000409
0.000409
0.000409
0.000408
0.000408
0.000408
0.000408
0.000407
0.000407
0.000407
0.000406
0.000406
0.000406
0.000406
0.000405
0.000405
0.000405
0.000404
0.000404
0.000404
0.000404
0.000403
0.000403
0.000403
0.000402
0.000402
0.000402
0.000402
0.000402
0.000401
0.000401
0.000401
0.000401
0.000400
0.000400
0.000400
0.000400
0.000400
0.000399
0.000399
0.000399
0.000399
0.000399
0.000398
0.000398
0.000398
0.000398
0.000398
0.000398
0.000397
0.000397
0.000397
0.000397
0.000397
0.000397
0.000396
0.000396
0.000396
0.000396
0.000396
0.000396
0.000396
0.000395
0.000395
0.000395
0.000395
0.000395
0.000395
0.000394
0.000394
0.000394
0.000394
0.000394
0.000394
0.000394
0.000394
0.000393
0.000393
0.000393
0.000393
0.000393
0.000393
0.000393
0.000392
0.000392
0.000392
0.000392
0.000390
0.000393
0.000394
0.000394
0.000394
0.000394
0.000393
0.000393
0.000393
0.000393
0.000393
0.000393
0.000393
0.000393
0.000393
0.000393
0.000393
0.000392
0.000392
0.000392
0.000392
0.000392
0.000392
0.000392
0.000392
0.000392
0.000392
0.000392
0.000391
0.000391
0.000391
0.000391
0.000391
0.000391
0.000391
0.000391
0.000391
0.000391
0.000391
0.000391
0.000390
0.000390
0.000390
0.000390
0.000390
0.000390
0.000390
0.000390
0.000390
0.000390
0.000390
0.000390
0.000389
0.000389
0.000389
0.000389
0.000389
0.000389
0.000389
0.000389
0.000389
0.000389
0.000389
0.000389
0.000388
0.000388
0.000388
0.000388
0.000388
0.000388
0.000388
0.000388
0.000388
0.000388
0.000388
0.000388
0.000388
0.000387
0.000387
0.000387
0.000387
0.000387
0.000387
0.000387
0.000387
0.000387
0.000387
0.000387
0.000387
0.000387
0.000386
0.000386
0.000386
0.000386
0.000386
0.000386
0.000386
0.000386
0.000386
0.000386
