0.477047
0.395408
0.337940
0.304263
0.276190
0.229200
0.154777
0.097744
0.066409
0.051210
0.043578
0.038430
0.034504
0.031366
0.028740
0.026506
0.024585
0.022927
0.021474
0.020189
0.019039
0.018011
0.017084
0.016243
0.015480
0.014787
0.014150
0.013570
0.013036
0.012542
0.012089
0.011674
0.011293
0.010939
0.010611
0.010304
0.010019
0.009758
0.009517
0.009293
0.009080
0.008878
0.008687
0.008510
0.008343
0.008189
0.008045
0.007906
0.007778
0.007659
0.007544
0.007437
0.007333
0.007233
0.007141
0.007053
0.006971
0.006891
0.006817
0.006747
0.006680
0.006618
0.006563
0.006509
0.006460
0.006407
0.006360
0.006316
0.006277
0.006238
0.006203
0.006169
0.006138
0.006111
0.006081
0.006053
0.006026
0.006003
0.005985
0.005964
0.005941
0.005918
0.005889
0.005774
0.005485
0.004965
0.004576
0.004338
0.004144
0.003977
0.003843
0.003760
0.003692
0.003645
0.003596
0.003528
0.003435
0.003305
0.003148
0.003029
0.002897
0.002827
0.002785
0.002743
0.002704
0.002671
0.002638
0.002605
0.002575
0.002545
0.002518
0.002495
0.002476
0.002456
0.002439
0.002423
0.002407
0.002390
0.002375
0.002358
0.002338
0.002266
0.001986
0.001808
0.001740
0.001701
0.001675
0.001656
0.001639
0.001624
0.001613
0.001602
0.001593
0.001586
0.001579
0.001573
0.001568
0.001561
0.001555
0.001550
0.001546
0.001539
0.001536
0.001530
0.001525
0.001520
0.001514
0.001510
0.001505
0.001500
0.001496
0.001490
0.001487
0.001481
0.001478
0.001476
0.001471
0.001467
0.001464
0.001459
0.001456
0.001452
0.001449
0.001445
0.001442
0.001440
0.001437
0.001434
0.001430
0.001427
0.001423
0.001420
0.001417
0.001414
0.001411
0.001408
0.001404
0.001401
0.001398
0.001395
0.001392
0.001389
0.001386
0.001383
0.001380
0.001377
0.001375
0.001372
0.001369
0.001368
0.001365
0.001362
0.001361
0.001357
0.001355
0.001352
0.001350
0.001348
0.001346
0.001343
0.001328
0.001330
0.001328
0.001327
0.001326
0.001325
0.001323
0.001323
0.001322
0.001320
0.001319
0.001318
0.001317
0.001316
0.001314
0.001313
0.001312
0.001311
0.001310
0.001309
0.001308
0.001307
0.001305
0.001304
0.001303
0.001302
0.001300
0.001299
0.001298
0.001297
0.001296
0.001295
0.001294
0.001293
0.001292
0.001291
0.001290
0.001289
0.001288
0.001287
0.001286
0.001285
0.001283
0.001283
0.001282
0.001280
0.001280
0.001279
0.001277
0.001276
0.001276
0.001275
0.001274
0.001273
0.001272
0.001271
0.001270
0.001269
0.001268
0.001267
0.001266
0.001265
0.001264
0.001263
0.001262
0.001261
0.001260
0.001259
0.001258
0.001257
0.001256
0.001255
0.001255
0.001253
0.001253
0.001252
0.001251
0.001249
0.001248
0.001247
0.001246
0.001245
0.001244
0.001243
0.001242
0.001241
0.001239
0.001238
0.001237
0.001236
0.001235
0.001233
0.001232
0.001232
0.001231
0.001230
0.001229
0.001228
0.001227
0.001226
0.001218
0.001228
0.001227
0.001223
0.001222
0.001222
0.001222
0.001221
0.001220
0.001220
0.001219
0.001218
0.001218
0.001217
0.001216
0.001216
0.001215
0.001215
0.001214
0.001213
0.001213
0.001212
0.001212
0.001211
0.001211
0.001210
0.001209
0.001209
0.001208
0.001207
0.001207
0.001206
0.001206
0.001205
0.001205
0.001204
0.001203
0.001203
0.001202
0.001202
0.001201
0.001200
0.001200
0.001199
0.001199
0.001198
0.001198
0.001197
0.001196
0.001196
0.001195
0.001195
0.001194
0.001193
0.001193
0.001192
0.001192
0.001191
0.001190
0.001190
0.001189
0.001189
0.001188
0.001187
0.001187
0.001186
0.001185
0.001185
0.001184
0.001184
0.001183
0.001182
0.001182
0.001181
0.001180
0.001180
0.001179
0.001179
0.001178
0.001177
0.001177
0.001176
0.001175
0.001175
0.001174
0.001174
0.001173
0.001173
0.001172
0.001171
0.001171
0.001170
0.001170
0.001169
0.001168
0.001168
0.001167
0.001167
0.001166
0.001165
0.001157
0.001153
0.001152
0.001151
0.001151
0.001151
0.001151
0.001150
0.001150
0.001150
0.001149
0.001149
0.001149
0.001148
0.001148
0.001148
0.001147
0.001147
0.001147
0.001146
0.001146
0.001146
0.001145
0.001145
0.001145
0.001144
0.001144
0.001144
0.001143
0.001143
0.001143
0.001142
0.001142
0.001142
0.001141
0.001141
0.001141
0.001140
0.001140
0.001140
0.001139
0.001139
0.001139
0.001138
0.001138
0.001137
0.001137
0.001137
0.001136
0.001136
0.001136
0.001135
0.001135
0.001134
0.001134
0.001134
0.001133
0.001133
0.001133
0.001132
0.001132
0.001132
0.001131
0.001131
0.001131
0.001130
0.001130
0.001129
0.001129
0.001129
0.001128
0.001128
0.001127
0.001127
0.001127
0.001126
0.001126
0.001125
0.001125
0.001124
0.001124
0.001124
0.001123
0.001123
0.001122
0.001122
0.001122
0.001121
0.001121
0.001120
0.001120
0.001119
0.001119
0.001119
0.001118
0.001118
0.001117
0.001117
0.001117
0.001116
