0.476748
0.338377
0.174026
0.082584
0.056433
0.040909
0.028619
0.019253
0.013116
0.009690
0.008013
0.007107
0.006517
0.006111
0.005839
0.005653
0.005508
0.005392
0.005293
0.005206
0.005128
0.005056
0.004991
0.004930
0.004874
0.004822
0.004775
0.004731
0.004688
0.004647
0.004609
0.004571
0.004534
0.004495
0.004455
0.004413
0.004372
0.004331
0.004291
0.004247
0.004206
0.004168
0.004130
0.004092
0.004055
0.004019
0.003985
0.003952
0.003919
0.003885
0.003852
0.003820
0.003788
0.003757
0.003727
0.003700
0.003673
0.003646
0.003619
0.003594
0.003571
0.003548
0.003525
0.003503
0.003482
0.003462
0.003442
0.003422
0.003404
0.003385
0.003368
0.003351
0.003334
0.003317
0.003300
0.003282
0.003265
0.003248
0.003231
0.003215
0.003200
0.003184
0.003169
0.003153
0.003137
0.003121
0.003105
0.003090
0.003075
0.003060
0.003044
0.003029
0.003014
0.002999
0.002982
0.002964
0.002947
0.002927
0.002909
0.002890
0.002789
0.002781
0.002784
0.002779
0.002771
0.002760
0.002747
0.002734
0.002720
0.002706
0.002692
0.002677
0.002660
0.002643
0.002624
0.002604
0.002582
0.002561
0.002538
0.002514
0.002491
0.002467
0.002444
0.002421
0.002397
0.002373
0.002352
0.002332
0.002313
0.002296
0.002278
0.002261
0.002244
0.002229
0.002213
0.002198
0.002184
0.002170
0.002157
0.002145
0.002133
0.002121
0.002111
0.002100
0.002089
0.002080
0.002071
0.002062
0.002054
0.002045
0.002037
0.002029
0.002021
0.002013
0.002005
0.001998
0.001991
0.001985
0.001978
0.001972
0.001966
0.001960
0.001953
0.001948
0.001942
0.001936
0.001930
0.001925
0.001920
0.001913
0.001909
0.001903
0.001898
0.001892
0.001887
0.001882
0.001878
0.001873
0.001868
0.001865
0.001861
0.001856
0.001853
0.001850
0.001845
0.001841
0.001836
0.001833
0.001829
0.001826
0.001822
0.001818
0.001815
0.001811
0.001808
0.001804
0.001800
0.001797
0.001792
0.001788
0.001772
0.001789
0.001801
0.001805
0.001806
0.001804
0.001801
0.001798
0.001796
0.001792
0.001790
0.001788
0.001786
0.001784
0.001781
0.001779
0.001777
0.001775
0.001773
0.001771
0.001769
0.001767
0.001765
0.001763
0.001761
0.001760
0.001758
0.001757
0.001754
0.001753
0.001750
0.001749
0.001747
0.001745
0.001744
0.001742
0.001741
0.001739
0.001738
0.001736
0.001735
0.001733
0.001732
0.001730
0.001729
0.001728
0.001726
0.001725
0.001723
0.001722
0.001720
0.001719
0.001718
0.001717
0.001715
0.001714
0.001712
0.001711
0.001709
0.001709
0.001706
0.001706
0.001704
0.001703
0.001701
0.001700
0.001699
0.001697
0.001695
0.001694
0.001693
0.001691
0.001689
0.001688
0.001687
0.001686
0.001684
0.001683
0.001682
0.001680
0.001679
0.001677
0.001675
0.001674
0.001673
0.001672
0.001670
0.001669
0.001667
0.001666
0.001665
0.001664
0.001662
0.001661
0.001660
0.001659
0.001657
0.001656
0.001655
0.001654
0.001631
0.001611
0.001606
0.001607
0.001605
0.001605
0.001604
0.001604
0.001603
0.001603
0.001602
0.001601
0.001601
0.001600
0.001600
0.001599
0.001599
0.001598
0.001597
0.001597
0.001596
0.001596
0.001595
0.001595
0.001594
0.001593
0.001593
0.001592
0.001592
0.001591
0.001591
0.001590
0.001589
0.001589
0.001588
0.001588
0.001587
0.001587
0.001586
0.001586
0.001585
0.001585
0.001584
0.001584
0.001583
0.001582
0.001582
0.001581
0.001581
0.001580
0.001580
0.001579
0.001579
0.001578
0.001578
0.001577
0.001577
0.001576
0.001575
0.001575
0.001574
0.001574
0.001574
0.001573
0.001572
0.001572
0.001571
0.001571
0.001570
0.001570
0.001569
0.001569
0.001568
0.001568
0.001567
0.001567
0.001566
0.001566
0.001565
0.001565
0.001564
0.001564
0.001563
0.001563
0.001562
0.001562
0.001561
0.001561
0.001561
0.001560
0.001560
0.001559
0.001559
0.001558
0.001558
0.001557
0.001557
0.001556
0.001556
0.001555
0.001546
0.001547
0.001547
0.001545
0.001544
0.001544
0.001544
0.001544
0.001543
0.001543
0.001543
0.001542
0.001542
0.001542
0.001541
0.001541
0.001541
0.001540
0.001540
0.001540
0.001540
0.001539
0.001539
0.001539
0.001539
0.001538
0.001538
0.001538
0.001537
0.001537
0.001537
0.001536
0.001536
0.001536
0.001535
0.001535
0.001535
0.001534
0.001534
0.001534
0.001534
0.001533
0.001533
0.001533
0.001533
0.001532
0.001532
0.001532
0.001531
0.001531
0.001531
0.001531
0.001530
0.001530
0.001530
0.001529
0.001529
0.001529
0.001529
0.001528
0.001528
0.001528
0.001528
0.001527
0.001527
0.001527
0.001526
0.001526
0.001526
0.001525
0.001525
0.001525
0.001525
0.001524
0.001524
0.001524
0.001524
0.001523
0.001523
0.001523
0.001522
0.001522
0.001522
0.001522
0.001521
0.001521
0.001521
0.001521
0.001520
0.001520
0.001520
0.001520
0.001519
0.001519
0.001519
0.001519
0.001518
0.001518
0.001518
0.001518
