0.536683
0.397459
0.279543
0.185622
0.108210
0.054589
0.034929
0.026272
0.020313
0.015834
0.012023
0.009560
0.008491
0.008038
0.007812
0.007676
0.007584
0.007512
0.007447
0.007387
0.007324
0.007254
0.007165
0.007026
0.006829
0.006569
0.006265
0.005958
0.005677
0.005455
0.005283
0.005142
0.005020
0.004908
0.004806
0.004709
0.004617
0.004525
0.004433
0.004347
0.004265
0.004187
0.004111
0.004042
0.003973
0.003907
0.003842
0.003779
0.003717
0.003656
0.003595
0.003535
0.003475
0.003419
0.003367
0.003318
0.003272
0.003230
0.003193
0.003159
0.003128
0.003099
0.003073
0.003049
0.003024
0.003000
0.002976
0.002955
0.002937
0.002918
0.002902
0.002885
0.002868
0.002849
0.002828
0.002810
0.002793
0.002775
0.002756
0.002737
0.002717
0.002696
0.002674
0.002650
0.002627
0.002605
0.002583
0.002560
0.002538
0.002516
0.002496
0.002475
0.002453
0.002433
0.002413
0.002394
0.002375
0.002356
0.002337
0.002318
0.002283
0.002280
0.002267
0.002268
0.002257
0.002252
0.002244
0.002237
0.002229
0.002221
0.002212
0.002204
0.002196
0.002187
0.002178
0.002169
0.002160
0.002150
0.002140
0.002130
0.002120
0.002110
0.002100
0.002090
0.002080
0.002070
0.002059
0.002049
0.002039
0.002029
0.002019
0.002009
0.002000
0.001991
0.001982
0.001973
0.001965
0.001957
0.001949
0.001942
0.001935
0.001928
0.001922
0.001917
0.001913
0.001909
0.001904
0.001899
0.001895
0.001891
0.001888
0.001884
0.001880
0.001876
0.001873
0.001870
0.001868
0.001865
0.001862
0.001860
0.001857
0.001855
0.001852
0.001849
0.001846
0.001844
0.001841
0.001839
0.001837
0.001834
0.001832
0.001830
0.001828
0.001826
0.001824
0.001823
0.001821
0.001818
0.001816
0.001813
0.001810
0.001807
0.001804
0.001802
0.001800
0.001798
0.001796
0.001793
0.001791
0.001789
0.001787
0.001785
0.001782
0.001780
0.001778
0.001776
0.001773
0.001771
0.001769
0.001767
0.001746
0.001696
0.001691
0.001689
0.001686
0.001687
0.001685
0.001685
0.001684
0.001683
0.001683
0.001682
0.001681
0.001680
0.001680
0.001679
0.001678
0.001677
0.001677
0.001676
0.001675
0.001675
0.001674
0.001674
0.001673
0.001672
0.001672
0.001671
0.001671
0.001670
0.001670
0.001669
0.001669
0.001668
0.001668
0.001667
0.001667
0.001666
0.001666
0.001666
0.001665
0.001665
0.001664
0.001664
0.001663
0.001663
0.001662
0.001662
0.001661
0.001661
0.001661
0.001660
0.001660
0.001659
0.001659
0.001658
0.001658
0.001658
0.001657
0.001657
0.001656
0.001656
0.001656
0.001655
0.001655
0.001654
0.001654
0.001653
0.001653
0.001652
0.001651
0.001651
0.001650
0.001650
0.001649
0.001648
0.001647
0.001647
0.001646
0.001645
0.001645
0.001644
0.001644
0.001643
0.001643
0.001642
0.001642
0.001641
0.001641
0.001641
0.001640
0.001639
0.001639
0.001638
0.001637
0.001636
0.001635
0.001634
0.001634
0.001633
0.001614
0.001606
0.001599
0.001598
0.001597
0.001597
0.001597
0.001596
0.001596
0.001595
0.001595
0.001594
0.001594
0.001594
0.001593
0.001593
0.001592
0.001592
0.001591
0.001591
0.001591
0.001590
0.001590
0.001589
0.001589
0.001588
0.001588
0.001588
0.001587
0.001587
0.001586
0.001586
0.001585
0.001585
0.001584
0.001584
0.001584
0.001583
0.001583
0.001582
0.001582
0.001582
0.001581
0.001581
0.001580
0.001580
0.001580
0.001579
0.001579
0.001578
0.001578
0.001578
0.001577
0.001577
0.001576
0.001576
0.001575
0.001575
0.001575
0.001574
0.001574
0.001574
0.001573
0.001573
0.001572
0.001572
0.001572
0.001571
0.001571
0.001570
0.001570
0.001570
0.001569
0.001569
0.001568
0.001568
0.001568
0.001567
0.001567
0.001567
0.001566
0.001566
0.001565
0.001565
0.001565
0.001564
0.001564
0.001564
0.001563
0.001563
0.001562
0.001562
0.001562
0.001561
0.001561
0.001560
0.001560
0.001560
0.001559
0.001559
0.001553
0.001558
0.001560
0.001560
0.001560
0.001559
0.001559
0.001559
0.001559
0.001558
0.001558
0.001558
0.001558
0.001558
0.001557
0.001557
0.001557
0.001557
0.001556
0.001556
0.001556
0.001556
0.001556
0.001555
0.001555
0.001555
0.001555
0.001554
0.001554
0.001554
0.001554
0.001554
0.001553
0.001553
0.001553
0.001553
0.001552
0.001552
0.001552
0.001552
0.001552
0.001551
0.001551
0.001551
0.001551
0.001550
0.001550
0.001550
0.001550
0.001550
0.001549
0.001549
0.001549
0.001549
0.001548
0.001548
0.001548
0.001548
0.001548
0.001547
0.001547
0.001547
0.001547
0.001546
0.001546
0.001546
0.001546
0.001545
0.001545
0.001545
0.001545
0.001545
0.001544
0.001544
0.001544
0.001544
0.001543
0.001543
0.001543
0.001543
0.001543
0.001542
0.001542
0.001542
0.001542
0.001541
0.001541
0.001541
0.001541
0.001540
0.001540
0.001540
0.001540
0.001540
0.001539
0.001539
0.001539
0.001539
0.001538
0.001538
