0.436200
0.289678
0.174114
0.108683
0.074357
0.054009
0.039064
0.024340
0.013348
0.008921
0.007304
0.006772
0.006586
0.006464
0.006381
0.006324
0.006278
0.006237
0.006204
0.006173
0.006145
0.006118
0.006091
0.006066
0.006045
0.006023
0.006000
0.005983
0.005965
0.005947
0.005931
0.005914
0.005899
0.005885
0.005871
0.005857
0.005844
0.005830
0.005816
0.005804
0.005791
0.005779
0.005768
0.005758
0.005745
0.005734
0.005723
0.005713
0.005703
0.005691
0.005680
0.005670
0.005659
0.005648
0.005640
0.005629
0.005619
0.005607
0.005595
0.005582
0.005570
0.005558
0.005547
0.005538
0.005529
0.005519
0.005507
0.005495
0.005485
0.005474
0.005461
0.005448
0.005437
0.005425
0.005412
0.005400
0.005387
0.005375
0.005361
0.005349
0.005338
0.005329
0.005313
0.005299
0.005281
0.005263
0.005249
0.005226
0.005193
0.005169
0.005138
0.005111
0.005092
0.005079
0.005058
0.005029
0.004999
0.004980
0.004969
0.004960
0.004820
0.004788
0.004786
0.004788
0.004782
0.004775
0.004766
0.004753
0.004734
0.004702
0.004638
0.004533
0.004396
0.004267
0.004187
0.004136
0.004097
0.004069
0.004048
0.004030
0.004015
0.004002
0.003990
0.003978
0.003967
0.003956
0.003945
0.003935
0.003926
0.003917
0.003909
0.003901
0.003894
0.003887
0.003880
0.003874
0.003868
0.003862
0.003857
0.003851
0.003847
0.003842
0.003838
0.003834
0.003829
0.003826
0.003822
0.003818
0.003815
0.003812
0.003809
0.003806
0.003803
0.003800
0.003797
0.003795
0.003792
0.003790
0.003787
0.003785
0.003782
0.003781
0.003778
0.003776
0.003774
0.003772
0.003770
0.003769
0.003767
0.003765
0.003763
0.003761
0.003760
0.003758
0.003756
0.003755
0.003753
0.003752
0.003750
0.003749
0.003747
0.003746
0.003745
0.003743
0.003742
0.003741
0.003740
0.003738
0.003737
0.003736
0.003735
0.003734
0.003733
0.003732
0.003730
0.003730
0.003728
0.003728
0.003726
0.003725
0.003684
0.003679
0.003690
0.003692
0.003692
0.003691
0.003691
0.003690
0.003690
0.003689
0.003689
0.003688
0.003688
0.003688
0.003687
0.003686
0.003686
0.003686
0.003685
0.003685
0.003685
0.003684
0.003684
0.003684
0.003683
0.003683
0.003682
0.003682
0.003681
0.003681
0.003680
0.003680
0.003680
0.003679
0.003679
0.003678
0.003678
0.003677
0.003677
0.003676
0.003676
0.003675
0.003675
0.003674
0.003674
0.003673
0.003673
0.003672
0.003672
0.003671
0.003671
0.003670
0.003670
0.003669
0.003669
0.003668
0.003667
0.003667
0.003666
0.003666
0.003665
0.003664
0.003664
0.003662
0.003662
0.003661
0.003660
0.003660
0.003659
0.003658
0.003658
0.003657
0.003657
0.003656
0.003655
0.003655
0.003654
0.003653
0.003653
0.003652
0.003651
0.003651
0.003650
0.003650
0.003649
0.003649
0.003648
0.003648
0.003647
0.003647
0.003646
0.003645
0.003645
0.003644
0.003644
0.003643
0.003643
0.003642
0.003642
0.003641
0.003626
0.003614
0.003610
0.003609
0.003609
0.003609
0.003609
0.003609
0.003608
0.003608
0.003608
0.003608
0.003608
0.003608
0.003608
0.003608
0.003607
0.003607
0.003607
0.003607
0.003607
0.003607
0.003607
0.003606
0.003606
0.003606
0.003606
0.003606
0.003606
0.003606
0.003606
0.003605
0.003605
0.003605
0.003605
0.003605
0.003605
0.003605
0.003605
0.003604
0.003604
0.003604
0.003604
0.003604
0.003604
0.003604
0.003604
0.003604
0.003603
0.003603
0.003603
0.003603
0.003603
0.003603
0.003603
0.003603
0.003603
0.003602
0.003602
0.003602
0.003602
0.003602
0.003602
0.003602
0.003602
0.003602
0.003601
0.003601
0.003601
0.003601
0.003601
0.003601
0.003601
0.003601
0.003601
0.003600
0.003600
0.003600
0.003600
0.003600
0.003600
0.003600
0.003600
0.003600
0.003600
0.003600
0.003599
0.003599
0.003599
0.003599
0.003599
0.003599
0.003599
0.003599
0.003598
0.003598
0.003598
0.003598
0.003598
0.003598
0.003592
0.003600
0.003609
0.003612
0.003614
0.003615
0.003615
0.003614
0.003613
0.003612
0.003611
0.003610
0.003610
0.003609
0.003608
0.003607
0.003607
0.003606
0.003605
0.003605
0.003604
0.003604
0.003603
0.003603
0.003602
0.003602
0.003602
0.003601
0.003601
0.003601
0.003600
0.003600
0.003600
0.003599
0.003599
0.003599
0.003599
0.003598
0.003598
0.003598
0.003598
0.003598
0.003597
0.003597
0.003597
0.003597
0.003597
0.003597
0.003596
0.003596
0.003596
0.003596
0.003596
0.003596
0.003595
0.003595
0.003595
0.003595
0.003595
0.003595
0.003595
0.003594
0.003594
0.003594
0.003594
0.003594
0.003594
0.003594
0.003594
0.003594
0.003593
0.003593
0.003593
0.003593
0.003593
0.003593
0.003593
0.003593
0.003593
0.003593
0.003592
0.003592
0.003592
0.003592
0.003592
0.003592
0.003592
0.003592
0.003592
0.003592
0.003592
0.003591
0.003591
0.003591
0.003591
0.003591
0.003591
0.003591
0.003591
0.003591
