0.413633
0.243449
0.107242
0.072055
0.055974
0.042723
0.030154
0.022181
0.017252
0.013491
0.010857
0.008993
0.007690
0.006853
0.006350
0.006034
0.005799
0.005594
0.005402
0.005221
0.005048
0.004888
0.004746
0.004614
0.004492
0.004378
0.004269
0.004165
0.004064
0.003964
0.003865
0.003768
0.003674
0.003580
0.003487
0.003394
0.003301
0.003200
0.003098
0.002999
0.002901
0.002803
0.002706
0.002611
0.002524
0.002447
0.002380
0.002320
0.002264
0.002215
0.002169
0.002127
0.002089
0.002053
0.002018
0.001985
0.001954
0.001926
0.001899
0.001873
0.001849
0.001829
0.001810
0.001794
0.001779
0.001765
0.001752
0.001741
0.001731
0.001721
0.001711
0.001702
0.001694
0.001687
0.001680
0.001674
0.001668
0.001663
0.001658
0.001653
0.001649
0.001646
0.001643
0.001639
0.001636
0.001633
0.001631
0.001629
0.001627
0.001625
0.001624
0.001622
0.001621
0.001618
0.001616
0.001615
0.001613
0.001612
0.001610
0.001609
0.001558
0.001569
0.001576
0.001581
0.001582
0.001583
0.001582
0.001582
0.001581
0.001580
0.001579
0.001579
0.001578
0.001577
0.001576
0.001575
0.001574
0.001573
0.001573
0.001571
0.001570
0.001569
0.001568
0.001567
0.001566
0.001565
0.001564
0.001563
0.001562
0.001561
0.001560
0.001559
0.001558
0.001556
0.001555
0.001554
0.001553
0.001553
0.001552
0.001551
0.001550
0.001549
0.001549
0.001548
0.001547
0.001546
0.001545
0.001544
0.001543
0.001542
0.001541
0.001540
0.001539
0.001538
0.001537
0.001536
0.001535
0.001534
0.001533
0.001532
0.001531
0.001530
0.001529
0.001528
0.001527
0.001526
0.001525
0.001524
0.001523
0.001521
0.001520
0.001518
0.001517
0.001515
0.001513
0.001512
0.001510
0.001508
0.001507
0.001505
0.001504
0.001502
0.001501
0.001499
0.001497
0.001495
0.001493
0.001491
0.001489
0.001487
0.001486
0.001484
0.001482
0.001480
0.001478
0.001476
0.001473
0.001471
0.001469
0.001468
0.001453
0.001428
0.001426
0.001426
0.001424
0.001423
0.001422
0.001422
0.001421
0.001420
0.001420
0.001419
0.001418
0.001418
0.001417
0.001416
0.001415
0.001414
0.001413
0.001412
0.001411
0.001411
0.001410
0.001410
0.001409
0.001408
0.001407
0.001407
0.001406
0.001405
0.001405
0.001404
0.001403
0.001402
0.001402
0.001401
0.001400
0.001400
0.001399
0.001398
0.001397
0.001396
0.001396
0.001395
0.001395
0.001394
0.001393
0.001392
0.001392
0.001391
0.001390
0.001390
0.001389
0.001388
0.001387
0.001387
0.001386
0.001386
0.001385
0.001385
0.001384
0.001383
0.001382
0.001382
0.001381
0.001381
0.001380
0.001380
0.001379
0.001379
0.001378
0.001378
0.001377
0.001376
0.001376
0.001375
0.001375
0.001374
0.001374
0.001373
0.001373
0.001373
0.001372
0.001372
0.001371
0.001371
0.001370
0.001370
0.001370
0.001369
0.001369
0.001369
0.001369
0.001368
0.001368
0.001368
0.001367
0.001367
0.001366
0.001366
0.001366
0.001362
0.001356
0.001357
0.001356
0.001356
0.001356
0.001356
0.001356
0.001356
0.001356
0.001356
0.001355
0.001355
0.001355
0.001355
0.001355
0.001355
0.001355
0.001355
0.001355
0.001354
0.001354
0.001354
0.001354
0.001354
0.001354
0.001354
0.001354
0.001353
0.001353
0.001353
0.001353
0.001353
0.001353
0.001353
0.001353
0.001353
0.001352
0.001352
0.001352
0.001352
0.001352
0.001352
0.001352
0.001352
0.001352
0.001352
0.001352
0.001351
0.001351
0.001351
0.001351
0.001351
0.001351
0.001351
0.001351
0.001351
0.001351
0.001350
0.001350
0.001350
0.001350
0.001350
0.001350
0.001350
0.001350
0.001350
0.001350
0.001349
0.001349
0.001349
0.001349
0.001349
0.001349
0.001349
0.001349
0.001349
0.001348
0.001348
0.001348
0.001348
0.001348
0.001348
0.001348
0.001348
0.001347
0.001347
0.001347
0.001347
0.001347
0.001347
0.001347
0.001347
0.001347
0.001347
0.001347
0.001346
0.001346
0.001346
0.001337
0.001340
0.001341
0.001341
0.001341
0.001341
0.001341
0.001341
0.001341
0.001341
0.001341
0.001341
0.001341
0.001341
0.001341
0.001341
0.001341
0.001341
0.001341
0.001341
0.001340
0.001340
0.001340
0.001340
0.001340
0.001340
0.001340
0.001340
0.001340
0.001340
0.001340
0.001340
0.001340
0.001340
0.001340
0.001340
0.001339
0.001339
0.001339
0.001339
0.001339
0.001339
0.001339
0.001339
0.001339
0.001339
0.001339
0.001339
0.001339
0.001339
0.001339
0.001339
0.001339
0.001339
0.001339
0.001338
0.001338
0.001338
0.001338
0.001338
0.001338
0.001338
0.001338
0.001338
0.001338
0.001338
0.001338
0.001338
0.001338
0.001338
0.001338
0.001338
0.001338
0.001337
0.001337
0.001337
0.001337
0.001337
0.001337
0.001337
0.001337
0.001337
0.001337
0.001337
0.001337
0.001337
0.001337
0.001337
0.001337
0.001337
0.001337
0.001336
0.001336
0.001336
0.001336
0.001336
0.001336
0.001336
0.001336
0.001336
