0.476768
0.378659
0.252801
0.141003
0.099358
0.079579
0.065250
0.053050
0.042600
0.033716
0.026467
0.020999
0.016943
0.013963
0.011785
0.010256
0.009182
0.008405
0.007796
0.007232
0.006737
0.006311
0.005961
0.005689
0.005474
0.005299
0.005132
0.004989
0.004871
0.004768
0.004680
0.004596
0.004512
0.004439
0.004377
0.004317
0.004256
0.004201
0.004145
0.004082
0.004032
0.003978
0.003926
0.003873
0.003825
0.003778
0.003730
0.003684
0.003634
0.003586
0.003541
0.003496
0.003452
0.003408
0.003358
0.003309
0.003264
0.003220
0.003172
0.003125
0.003084
0.003042
0.003003
0.002961
0.002927
0.002895
0.002861
0.002826
0.002791
0.002760
0.002732
0.002707
0.002681
0.002660
0.002639
0.002623
0.002610
0.002596
0.002583
0.002571
0.002558
0.002545
0.002533
0.002527
0.002518
0.002512
0.002506
0.002500
0.002495
0.002489
0.002484
0.002477
0.002473
0.002470
0.002466
0.002463
0.002460
0.002457
0.002453
0.002449
0.002373
0.002325
0.002320
0.002314
0.002313
0.002309
0.002306
0.002302
0.002299
0.002295
0.002291
0.002288
0.002283
0.002280
0.002275
0.002272
0.002268
0.002265
0.002262
0.002258
0.002255
0.002251
0.002248
0.002245
0.002242
0.002239
0.002236
0.002233
0.002230
0.002226
0.002223
0.002220
0.002216
0.002213
0.002210
0.002206
0.002203
0.002200
0.002196
0.002193
0.002191
0.002187
0.002184
0.002180
0.002177
0.002173
0.002170
0.002166
0.002162
0.002158
0.002155
0.002152
0.002148
0.002145
0.002142
0.002139
0.002135
0.002133
0.002130
0.002127
0.002124
0.002121
0.002118
0.002116
0.002113
0.002110
0.002108
0.002106
0.002104
0.002101
0.002099
0.002097
0.002094
0.002092
0.002090
0.002088
0.002086
0.002085
0.002083
0.002081
0.002079
0.002078
0.002076
0.002074
0.002071
0.002070
0.002067
0.002068
0.002065
0.002065
0.002062
0.002061
0.002060
0.002058
0.002056
0.002055
0.002054
0.002052
0.002051
0.002050
0.002022
0.002008
0.002010
0.002012
0.002011
0.002011
0.002010
0.002009
0.002008
0.002007
0.002005
0.002004
0.002003
0.002002
0.002001
0.001999
0.001998
0.001996
0.001995
0.001993
0.001991
0.001990
0.001989
0.001987
0.001985
0.001984
0.001983
0.001981
0.001980
0.001978
0.001976
0.001975
0.001973
0.001972
0.001970
0.001969
0.001967
0.001966
0.001964
0.001963
0.001962
0.001960
0.001959
0.001957
0.001955
0.001954
0.001952
0.001950
0.001949
0.001947
0.001946
0.001945
0.001943
0.001942
0.001941
0.001939
0.001938
0.001937
0.001936
0.001935
0.001934
0.001933
0.001932
0.001931
0.001930
0.001929
0.001928
0.001927
0.001926
0.001925
0.001924
0.001923
0.001922
0.001921
0.001920
0.001919
0.001918
0.001918
0.001917
0.001916
0.001915
0.001914
0.001913
0.001913
0.001912
0.001912
0.001911
0.001910
0.001910
0.001909
0.001909
0.001908
0.001908
0.001907
0.001906
0.001906
0.001906
0.001905
0.001904
0.001904
0.001887
0.001878
0.001872
0.001873
0.001873
0.001872
0.001872
0.001872
0.001872
0.001871
0.001871
0.001871
0.001870
0.001870
0.001870
0.001869
0.001869
0.001869
0.001868
0.001868
0.001868
0.001868
0.001867
0.001867
0.001867
0.001866
0.001866
0.001866
0.001866
0.001865
0.001865
0.001865
0.001864
0.001864
0.001864
0.001864
0.001863
0.001863
0.001863
0.001863
0.001862
0.001862
0.001862
0.001861
0.001861
0.001861
0.001861
0.001860
0.001860
0.001860
0.001859
0.001859
0.001859
0.001858
0.001858
0.001858
0.001857
0.001857
0.001857
0.001856
0.001856
0.001856
0.001856
0.001855
0.001855
0.001855
0.001854
0.001854
0.001854
0.001853
0.001853
0.001853
0.001852
0.001852
0.001851
0.001851
0.001851
0.001850
0.001850
0.001850
0.001849
0.001849
0.001848
0.001848
0.001848
0.001847
0.001847
0.001847
0.001846
0.001846
0.001846
0.001846
0.001845
0.001845
0.001845
0.001844
0.001844
0.001844
0.001843
0.001843
0.001837
0.001833
0.001833
0.001833
0.001833
0.001833
0.001833
0.001833
0.001833
0.001832
0.001832
0.001832
0.001832
0.001832
0.001832
0.001831
0.001831
0.001831
0.001831
0.001831
0.001831
0.001831
0.001830
0.001830
0.001830
0.001830
0.001830
0.001830
0.001829
0.001829
0.001829
0.001829
0.001829
0.001829
0.001829
0.001828
0.001828
0.001828
0.001828
0.001828
0.001828
0.001827
0.001827
0.001827
0.001827
0.001827
0.001827
0.001827
0.001826
0.001826
0.001826
0.001826
0.001826
0.001826
0.001825
0.001825
0.001825
0.001825
0.001825
0.001825
0.001825
0.001824
0.001824
0.001824
0.001824
0.001824
0.001824
0.001823
0.001823
0.001823
0.001823
0.001823
0.001823
0.001823
0.001822
0.001822
0.001822
0.001822
0.001822
0.001822
0.001821
0.001821
0.001821
0.001821
0.001821
0.001821
0.001820
0.001820
0.001820
0.001820
0.001820
0.001820
0.001819
0.001819
0.001819
0.001819
0.001819
0.001819
0.001818
0.001818
