0.350778
0.067706
0.023138
0.014813
0.011450
0.009639
0.008343
0.007285
0.006472
0.005810
0.005279
0.004856
0.004514
0.004237
0.004014
0.003833
0.003684
0.003557
0.003444
0.003341
0.003243
0.003152
0.003068
0.002988
0.002914
0.002845
0.002780
0.002718
0.002657
0.002598
0.002541
0.002483
0.002427
0.002371
0.002317
0.002262
0.002209
0.002156
0.002105
0.002053
0.002002
0.001952
0.001902
0.001853
0.001806
0.001762
0.001718
0.001676
0.001636
0.001596
0.001558
0.001521
0.001484
0.001447
0.001410
0.001371
0.001333
0.001295
0.001257
0.001221
0.001187
0.001155
0.001125
0.001097
0.001073
0.001053
0.001035
0.001020
0.001006
0.000993
0.000981
0.000969
0.000957
0.000946
0.000935
0.000924
0.000914
0.000904
0.000894
0.000884
0.000875
0.000866
0.000856
0.000846
0.000838
0.000830
0.000823
0.000816
0.000809
0.000803
0.000799
0.000794
0.000790
0.000786
0.000783
0.000780
0.000777
0.000774
0.000769
0.000767
0.000711
0.000696
0.000685
0.000682
0.000679
0.000677
0.000675
0.000674
0.000672
0.000671
0.000669
0.000668
0.000667
0.000666
0.000664
0.000663
0.000662
0.000661
0.000660
0.000659
0.000658
0.000657
0.000656
0.000655
0.000654
0.000654
0.000653
0.000652
0.000651
0.000650
0.000650
0.000649
0.000648
0.000647
0.000647
0.000646
0.000645
0.000644
0.000643
0.000642
0.000641
0.000639
0.000638
0.000637
0.000636
0.000635
0.000634
0.000632
0.000630
0.000629
0.000627
0.000625
0.000624
0.000622
0.000621
0.000619
0.000617
0.000615
0.000614
0.000612
0.000611
0.000610
0.000608
0.000607
0.000606
0.000604
0.000603
0.000602
0.000600
0.000598
0.000597
0.000595
0.000593
0.000592
0.000590
0.000590
0.000589
0.000588
0.000586
0.000585
0.000584
0.000582
0.000581
0.000580
0.000579
0.000578
0.000576
0.000574
0.000572
0.000571
0.000569
0.000567
0.000566
0.000564
0.000563
0.000562
0.000560
0.000559
0.000558
0.000556
0.000533
0.000520
0.000519
0.000519
0.000518
0.000517
0.000516
0.000516
0.000515
0.000514
0.000514
0.000513
0.000512
0.000512
0.000511
0.000511
0.000510
0.000510
0.000509
0.000509
0.000508
0.000507
0.000507
0.000506
0.000506
0.000505
0.000505
0.000504
0.000504
0.000503
0.000503
0.000502
0.000502
0.000501
0.000501
0.000500
0.000500
0.000499
0.000499
0.000498
0.000498
0.000497
0.000497
0.000496
0.000496
0.000495
0.000495
0.000494
0.000494
0.000493
0.000493
0.000493
0.000492
0.000492
0.000491
0.000491
0.000490
0.000490
0.000490
0.000489
0.000489
0.000488
0.000488
0.000488
0.000487
0.000487
0.000486
0.000486
0.000485
0.000485
0.000485
0.000484
0.000484
0.000483
0.000483
0.000483
0.000482
0.000482
0.000481
0.000481
0.000480
0.000480
0.000480
0.000479
0.000479
0.000478
0.000478
0.000478
0.000477
0.000476
0.000476
0.000476
0.000475
0.000474
0.000474
0.000474
0.000473
0.000473
0.000473
0.000473
0.000464
0.000465
0.000466
0.000465
0.000465
0.000464
0.000464
0.000463
0.000463
0.000463
0.000462
0.000462
0.000462
0.000462
0.000461
0.000461
0.000461
0.000460
0.000460
0.000460
0.000459
0.000459
0.000459
0.000459
0.000458
0.000458
0.000458
0.000457
0.000457
0.000457
0.000456
0.000456
0.000456
0.000455
0.000455
0.000455
0.000454
0.000454
0.000454
0.000453
0.000453
0.000452
0.000452
0.000452
0.000451
0.000451
0.000451
0.000450
0.000450
0.000450
0.000449
0.000449
0.000449
0.000448
0.000448
0.000448
0.000447
0.000447
0.000447
0.000447
0.000446
0.000446
0.000446
0.000445
0.000445
0.000445
0.000445
0.000444
0.000444
0.000444
0.000443
0.000443
0.000443
0.000443
0.000442
0.000442
0.000442
0.000442
0.000442
0.000441
0.000441
0.000441
0.000441
0.000440
0.000440
0.000440
0.000440
0.000440
0.000439
0.000439
0.000439
0.000439
0.000439
0.000438
0.000438
0.000438
0.000438
0.000438
0.000437
0.000437
0.000436
0.000438
0.000439
0.000439
0.000439
0.000439
0.000438
0.000438
0.000438
0.000438
0.000438
0.000438
0.000438
0.000438
0.000438
0.000437
0.000437
0.000437
0.000437
0.000437
0.000437
0.000437
0.000437
0.000437
0.000436
0.000436
0.000436
0.000436
0.000436
0.000436
0.000436
0.000435
0.000435
0.000435
0.000435
0.000435
0.000435
0.000435
0.000435
0.000434
0.000434
0.000434
0.000434
0.000434
0.000434
0.000434
0.000434
0.000434
0.000434
0.000433
0.000433
0.000433
0.000433
0.000433
0.000433
0.000433
0.000433
0.000433
0.000433
0.000432
0.000432
0.000432
0.000432
0.000432
0.000432
0.000432
0.000432
0.000432
0.000432
0.000432
0.000431
0.000431
0.000431
0.000431
0.000431
0.000431
0.000431
0.000431
0.000430
0.000430
0.000430
0.000430
0.000430
0.000430
0.000430
0.000430
0.000430
0.000430
0.000430
0.000429
0.000429
0.000429
0.000429
0.000429
0.000429
0.000429
0.000429
0.000429
0.000429
0.000428
