0.465374
0.304208
0.107780
0.050818
0.030798
0.018612
0.010857
0.007265
0.005621
0.004743
0.004186
0.003806
0.003527
0.003319
0.003169
0.003036
0.002927
0.002829
0.002741
0.002670
0.002616
0.002557
0.002482
0.002413
0.002360
0.002317
0.002276
0.002234
0.002192
0.002152
0.002114
0.002076
0.002039
0.002004
0.001973
0.001943
0.001915
0.001887
0.001859
0.001833
0.001807
0.001783
0.001760
0.001741
0.001724
0.001710
0.001697
0.001684
0.001673
0.001661
0.001650
0.001641
0.001631
0.001622
0.001614
0.001604
0.001594
0.001585
0.001575
0.001567
0.001558
0.001550
0.001542
0.001535
0.001528
0.001520
0.001513
0.001507
0.001502
0.001496
0.001491
0.001487
0.001482
0.001477
0.001472
0.001467
0.001462
0.001457
0.001453
0.001447
0.001443
0.001440
0.001436
0.001431
0.001426
0.001422
0.001419
0.001416
0.001414
0.001409
0.001407
0.001406
0.001403
0.001401
0.001400
0.001398
0.001395
0.001392
0.001389
0.001386
0.001309
0.001309
0.001324
0.001337
0.001335
0.001332
0.001329
0.001326
0.001322
0.001319
0.001316
0.001313
0.001310
0.001307
0.001303
0.001300
0.001298
0.001295
0.001292
0.001290
0.001287
0.001285
0.001282
0.001280
0.001278
0.001276
0.001274
0.001272
0.001270
0.001268
0.001266
0.001264
0.001263
0.001260
0.001259
0.001257
0.001255
0.001253
0.001251
0.001248
0.001245
0.001243
0.001241
0.001239
0.001237
0.001236
0.001234
0.001232
0.001230
0.001228
0.001226
0.001225
0.001223
0.001221
0.001220
0.001219
0.001217
0.001216
0.001215
0.001213
0.001212
0.001211
0.001210
0.001208
0.001207
0.001206
0.001205
0.001203
0.001202
0.001201
0.001200
0.001198
0.001196
0.001195
0.001194
0.001193
0.001192
0.001191
0.001190
0.001188
0.001186
0.001186
0.001185
0.001183
0.001183
0.001181
0.001180
0.001178
0.001178
0.001177
0.001176
0.001176
0.001175
0.001174
0.001172
0.001172
0.001170
0.001169
0.001168
0.001166
0.001160
0.001170
0.001169
0.001166
0.001165
0.001166
0.001167
0.001166
0.001166
0.001165
0.001165
0.001165
0.001164
0.001164
0.001163
0.001163
0.001162
0.001161
0.001161
0.001160
0.001160
0.001159
0.001159
0.001158
0.001158
0.001157
0.001157
0.001156
0.001155
0.001155
0.001154
0.001154
0.001153
0.001153
0.001152
0.001152
0.001151
0.001151
0.001150
0.001150
0.001149
0.001149
0.001149
0.001148
0.001147
0.001147
0.001147
0.001146
0.001146
0.001146
0.001145
0.001145
0.001144
0.001143
0.001143
0.001143
0.001142
0.001142
0.001142
0.001141
0.001140
0.001140
0.001139
0.001139
0.001139
0.001139
0.001138
0.001138
0.001138
0.001138
0.001137
0.001137
0.001136
0.001136
0.001136
0.001136
0.001135
0.001135
0.001135
0.001134
0.001134
0.001134
0.001134
0.001133
0.001133
0.001132
0.001132
0.001133
0.001132
0.001132
0.001131
0.001131
0.001131
0.001130
0.001129
0.001129
0.001128
0.001127
0.001127
0.001126
0.001104
0.001082
0.001075
0.001075
0.001074
0.001074
0.001074
0.001073
0.001073
0.001073
0.001073
0.001072
0.001072
0.001072
0.001072
0.001072
0.001072
0.001071
0.001071
0.001071
0.001071
0.001070
0.001070
0.001070
0.001070
0.001070
0.001069
0.001069
0.001069
0.001069
0.001069
0.001068
0.001068
0.001068
0.001068
0.001068
0.001068
0.001067
0.001067
0.001067
0.001067
0.001067
0.001066
0.001066
0.001066
0.001066
0.001066
0.001065
0.001065
0.001065
0.001065
0.001064
0.001064
0.001064
0.001064
0.001063
0.001063
0.001063
0.001063
0.001063
0.001062
0.001062
0.001062
0.001062
0.001061
0.001061
0.001061
0.001061
0.001061
0.001061
0.001060
0.001060
0.001060
0.001060
0.001060
0.001059
0.001059
0.001059
0.001059
0.001059
0.001058
0.001058
0.001058
0.001058
0.001058
0.001058
0.001057
0.001057
0.001057
0.001057
0.001057
0.001057
0.001056
0.001056
0.001056
0.001056
0.001056
0.001056
0.001055
0.001055
0.001047
0.001046
0.001045
0.001044
0.001044
0.001043
0.001043
0.001043
0.001043
0.001043
0.001043
0.001042
0.001042
0.001042
0.001042
0.001042
0.001042
0.001041
0.001041
0.001041
0.001041
0.001041
0.001040
0.001040
0.001040
0.001040
0.001040
0.001040
0.001039
0.001039
0.001039
0.001039
0.001039
0.001038
0.001038
0.001038
0.001038
0.001038
0.001037
0.001037
0.001037
0.001037
0.001037
0.001037
0.001036
0.001036
0.001036
0.001036
0.001036
0.001036
0.001035
0.001035
0.001035
0.001035
0.001035
0.001035
0.001034
0.001034
0.001034
0.001034
0.001034
0.001034
0.001034
0.001033
0.001033
0.001033
0.001033
0.001033
0.001033
0.001032
0.001032
0.001032
0.001032
0.001032
0.001032
0.001031
0.001031
0.001031
0.001031
0.001031
0.001031
0.001031
0.001030
0.001030
0.001030
0.001030
0.001030
0.001030
0.001029
0.001029
0.001029
0.001029
0.001029
0.001029
0.001028
0.001028
0.001028
0.001028
0.001028
0.001027
