0.513436
0.370945
0.210107
0.109314
0.066814
0.037868
0.019389
0.013029
0.010331
0.008720
0.007659
0.006899
0.006362
0.005975
0.005668
0.005430
0.005237
0.005081
0.004946
0.004826
0.004720
0.004627
0.004537
0.004454
0.004373
0.004292
0.004211
0.004124
0.004026
0.003927
0.003837
0.003746
0.003669
0.003598
0.003533
0.003470
0.003410
0.003348
0.003279
0.003215
0.003146
0.003088
0.003024
0.002966
0.002907
0.002852
0.002798
0.002742
0.002690
0.002640
0.002593
0.002549
0.002504
0.002464
0.002425
0.002389
0.002352
0.002314
0.002273
0.002235
0.002205
0.002177
0.002149
0.002122
0.002094
0.002071
0.002048
0.002021
0.002004
0.001984
0.001964
0.001943
0.001924
0.001908
0.001889
0.001873
0.001858
0.001844
0.001829
0.001812
0.001794
0.001778
0.001763
0.001750
0.001736
0.001723
0.001710
0.001694
0.001680
0.001660
0.001630
0.001599
0.001572
0.001543
0.001519
0.001487
0.001459
0.001432
0.001399
0.001373
0.001274
0.001302
0.001321
0.001328
0.001328
0.001323
0.001317
0.001312
0.001305
0.001297
0.001289
0.001280
0.001271
0.001263
0.001255
0.001248
0.001241
0.001234
0.001227
0.001222
0.001217
0.001211
0.001205
0.001199
0.001192
0.001186
0.001180
0.001175
0.001169
0.001164
0.001157
0.001152
0.001146
0.001141
0.001135
0.001130
0.001125
0.001120
0.001115
0.001109
0.001104
0.001098
0.001093
0.001087
0.001081
0.001074
0.001068
0.001062
0.001056
0.001050
0.001044
0.001038
0.001033
0.001027
0.001020
0.001013
0.001006
0.000999
0.000993
0.000986
0.000980
0.000974
0.000969
0.000963
0.000958
0.000953
0.000948
0.000943
0.000938
0.000933
0.000929
0.000925
0.000921
0.000917
0.000913
0.000909
0.000906
0.000902
0.000899
0.000895
0.000893
0.000889
0.000886
0.000883
0.000880
0.000878
0.000875
0.000872
0.000870
0.000867
0.000865
0.000862
0.000860
0.000858
0.000855
0.000854
0.000852
0.000850
0.000848
0.000847
0.000842
0.000858
0.000840
0.000836
0.000839
0.000838
0.000837
0.000836
0.000836
0.000835
0.000835
0.000834
0.000834
0.000833
0.000833
0.000833
0.000832
0.000832
0.000831
0.000831
0.000831
0.000830
0.000830
0.000830
0.000829
0.000829
0.000829
0.000828
0.000828
0.000828
0.000828
0.000827
0.000827
0.000827
0.000826
0.000826
0.000826
0.000826
0.000826
0.000826
0.000825
0.000825
0.000825
0.000825
0.000824
0.000824
0.000823
0.000823
0.000822
0.000822
0.000821
0.000821
0.000821
0.000820
0.000820
0.000819
0.000819
0.000818
0.000818
0.000817
0.000817
0.000816
0.000816
0.000815
0.000815
0.000814
0.000814
0.000813
0.000812
0.000812
0.000811
0.000810
0.000810
0.000809
0.000809
0.000808
0.000808
0.000808
0.000807
0.000807
0.000806
0.000806
0.000805
0.000804
0.000803
0.000803
0.000802
0.000801
0.000801
0.000800
0.000800
0.000799
0.000798
0.000798
0.000797
0.000796
0.000796
0.000795
0.000794
0.000794
0.000774
0.000759
0.000753
0.000757
0.000756
0.000754
0.000753
0.000752
0.000751
0.000750
0.000750
0.000749
0.000748
0.000748
0.000747
0.000747
0.000747
0.000746
0.000746
0.000745
0.000745
0.000745
0.000744
0.000744
0.000743
0.000743
0.000743
0.000743
0.000742
0.000742
0.000742
0.000741
0.000741
0.000741
0.000740
0.000740
0.000740
0.000740
0.000739
0.000739
0.000739
0.000739
0.000738
0.000738
0.000738
0.000738
0.000737
0.000737
0.000737
0.000737
0.000736
0.000736
0.000736
0.000736
0.000736
0.000735
0.000735
0.000735
0.000735
0.000734
0.000734
0.000734
0.000733
0.000733
0.000733
0.000733
0.000733
0.000733
0.000732
0.000732
0.000732
0.000732
0.000731
0.000731
0.000731
0.000730
0.000730
0.000730
0.000730
0.000729
0.000729
0.000729
0.000729
0.000728
0.000728
0.000728
0.000728
0.000727
0.000727
0.000727
0.000727
0.000727
0.000726
0.000726
0.000726
0.000726
0.000725
0.000725
0.000725
0.000725
0.000713
0.000711
0.000710
0.000708
0.000708
0.000708
0.000708
0.000708
0.000707
0.000707
0.000707
0.000707
0.000707
0.000707
0.000707
0.000706
0.000706
0.000706
0.000706
0.000706
0.000706
0.000706
0.000705
0.000705
0.000705
0.000705
0.000705
0.000705
0.000705
0.000705
0.000704
0.000704
0.000704
0.000704
0.000704
0.000704
0.000704
0.000703
0.000703
0.000703
0.000703
0.000703
0.000703
0.000703
0.000702
0.000702
0.000702
0.000702
0.000702
0.000702
0.000702
0.000702
0.000701
0.000701
0.000701
0.000701
0.000701
0.000701
0.000701
0.000700
0.000700
0.000700
0.000700
0.000700
0.000700
0.000700
0.000700
0.000699
0.000699
0.000699
0.000699
0.000699
0.000699
0.000699
0.000698
0.000698
0.000698
0.000698
0.000698
0.000698
0.000698
0.000698
0.000697
0.000697
0.000697
0.000697
0.000697
0.000697
0.000697
0.000696
0.000696
0.000696
0.000696
0.000696
0.000696
0.000696
0.000695
0.000695
0.000695
0.000695
