0.394862
0.069565
0.016812
0.008039
0.005738
0.004881
0.004210
0.003780
0.003434
0.003146
0.002918
0.002739
0.002589
0.002453
0.002325
0.002205
0.002100
0.002013
0.001939
0.001873
0.001811
0.001753
0.001698
0.001648
0.001600
0.001555
0.001513
0.001474
0.001439
0.001407
0.001377
0.001348
0.001321
0.001296
0.001272
0.001249
0.001227
0.001206
0.001184
0.001162
0.001139
0.001116
0.001092
0.001068
0.001045
0.001022
0.001000
0.000980
0.000961
0.000942
0.000926
0.000910
0.000894
0.000877
0.000859
0.000841
0.000823
0.000805
0.000788
0.000771
0.000757
0.000743
0.000731
0.000721
0.000711
0.000701
0.000693
0.000685
0.000677
0.000670
0.000664
0.000659
0.000653
0.000648
0.000643
0.000638
0.000633
0.000628
0.000622
0.000617
0.000612
0.000607
0.000602
0.000597
0.000592
0.000588
0.000585
0.000581
0.000576
0.000571
0.000566
0.000562
0.000558
0.000555
0.000551
0.000548
0.000545
0.000543
0.000540
0.000538
0.000516
0.000505
0.000502
0.000499
0.000497
0.000497
0.000496
0.000496
0.000495
0.000494
0.000494
0.000494
0.000493
0.000493
0.000492
0.000491
0.000491
0.000490
0.000489
0.000489
0.000488
0.000487
0.000486
0.000485
0.000484
0.000483
0.000482
0.000481
0.000480
0.000479
0.000478
0.000477
0.000475
0.000474
0.000473
0.000471
0.000470
0.000469
0.000468
0.000466
0.000465
0.000464
0.000463
0.000462
0.000461
0.000460
0.000459
0.000458
0.000458
0.000457
0.000456
0.000456
0.000455
0.000454
0.000454
0.000453
0.000453
0.000453
0.000452
0.000452
0.000451
0.000451
0.000451
0.000450
0.000450
0.000450
0.000449
0.000449
0.000449
0.000449
0.000448
0.000448
0.000448
0.000447
0.000447
0.000447
0.000447
0.000446
0.000446
0.000446
0.000446
0.000445
0.000445
0.000445
0.000444
0.000444
0.000443
0.000443
0.000443
0.000443
0.000442
0.000442
0.000441
0.000441
0.000441
0.000440
0.000440
0.000439
0.000439
0.000438
0.000424
0.000423
0.000419
0.000417
0.000417
0.000417
0.000417
0.000417
0.000417
0.000417
0.000416
0.000416
0.000416
0.000416
0.000416
0.000416
0.000416
0.000416
0.000416
0.000416
0.000416
0.000416
0.000416
0.000416
0.000416
0.000416
0.000416
0.000416
0.000416
0.000416
0.000416
0.000416
0.000415
0.000415
0.000415
0.000415
0.000415
0.000415
0.000415
0.000415
0.000415
0.000415
0.000415
0.000415
0.000415
0.000415
0.000414
0.000414
0.000414
0.000414
0.000414
0.000414
0.000414
0.000414
0.000414
0.000414
0.000414
0.000414
0.000413
0.000413
0.000413
0.000413
0.000413
0.000413
0.000413
0.000413
0.000413
0.000413
0.000413
0.000413
0.000413
0.000413
0.000413
0.000412
0.000412
0.000412
0.000412
0.000412
0.000412
0.000412
0.000412
0.000412
0.000411
0.000411
0.000411
0.000411
0.000411
0.000411
0.000410
0.000410
0.000410
0.000410
0.000409
0.000409
0.000409
0.000409
0.000408
0.000408
0.000408
0.000408
0.000396
0.000397
0.000399
0.000400
0.000401
0.000401
0.000401
0.000401
0.000401
0.000401
0.000401
0.000401
0.000401
0.000401
0.000401
0.000400
0.000400
0.000400
0.000400
0.000400
0.000400
0.000400
0.000400
0.000399
0.000399
0.000399
0.000399
0.000399
0.000399
0.000398
0.000398
0.000398
0.000398
0.000398
0.000398
0.000397
0.000397
0.000397
0.000397
0.000397
0.000396
0.000396
0.000396
0.000396
0.000396
0.000395
0.000395
0.000395
0.000395
0.000394
0.000394
0.000394
0.000394
0.000394
0.000393
0.000393
0.000393
0.000392
0.000392
0.000392
0.000392
0.000391
0.000391
0.000391
0.000391
0.000390
0.000390
0.000390
0.000390
0.000389
0.000389
0.000389
0.000389
0.000388
0.000388
0.000388
0.000388
0.000387
0.000387
0.000387
0.000387
0.000387
0.000386
0.000386
0.000386
0.000386
0.000386
0.000385
0.000385
0.000385
0.000385
0.000385
0.000385
0.000385
0.000384
0.000384
0.000384
0.000384
0.000384
0.000384
0.000382
0.000384
0.000383
0.000384
0.000384
0.000384
0.000383
0.000383
0.000383
0.000383
0.000383
0.000383
0.000383
0.000383
0.000383
0.000383
0.000383
0.000383
0.000383
0.000383
0.000383
0.000383
0.000383
0.000383
0.000383
0.000383
0.000383
0.000383
0.000383
0.000383
0.000383
0.000383
0.000383
0.000383
0.000383
0.000382
0.000382
0.000382
0.000382
0.000382
0.000382
0.000382
0.000382
0.000382
0.000382
0.000382
0.000382
0.000382
0.000382
0.000382
0.000382
0.000382
0.000382
0.000382
0.000382
0.000382
0.000382
0.000382
0.000382
0.000382
0.000382
0.000382
0.000382
0.000382
0.000382
0.000382
0.000382
0.000382
0.000381
0.000381
0.000381
0.000381
0.000381
0.000381
0.000381
0.000381
0.000381
0.000381
0.000381
0.000381
0.000381
0.000381
0.000381
0.000381
0.000381
0.000381
0.000381
0.000381
0.000381
0.000381
0.000380
0.000380
0.000380
0.000380
0.000380
0.000380
0.000380
0.000380
0.000380
0.000380
