0.379891
0.105032
0.043319
0.024307
0.012726
0.006776
0.004223
0.003326
0.002985
0.002766
0.002579
0.002434
0.002315
0.002222
0.002140
0.002067
0.002010
0.001964
0.001919
0.001865
0.001825
0.001794
0.001764
0.001746
0.001726
0.001710
0.001694
0.001677
0.001660
0.001642
0.001622
0.001602
0.001584
0.001567
0.001551
0.001538
0.001526
0.001515
0.001506
0.001498
0.001488
0.001480
0.001473
0.001467
0.001459
0.001452
0.001446
0.001440
0.001436
0.001432
0.001427
0.001424
0.001420
0.001416
0.001411
0.001404
0.001396
0.001387
0.001375
0.001364
0.001354
0.001346
0.001340
0.001335
0.001330
0.001326
0.001321
0.001314
0.001308
0.001302
0.001296
0.001289
0.001282
0.001275
0.001266
0.001258
0.001248
0.001239
0.001231
0.001225
0.001216
0.001209
0.001202
0.001195
0.001191
0.001187
0.001181
0.001176
0.001169
0.001162
0.001154
0.001147
0.001141
0.001133
0.001125
0.001118
0.001110
0.001102
0.001096
0.001091
0.001082
0.001078
0.001062
0.001065
0.001063
0.001064
0.001062
0.001061
0.001060
0.001059
0.001058
0.001058
0.001057
0.001057
0.001056
0.001054
0.001054
0.001053
0.001051
0.001050
0.001048
0.001047
0.001045
0.001043
0.001041
0.001038
0.001036
0.001034
0.001032
0.001030
0.001029
0.001028
0.001027
0.001026
0.001024
0.001023
0.001023
0.001022
0.001021
0.001021
0.001020
0.001020
0.001020
0.001020
0.001020
0.001020
0.001019
0.001019
0.001018
0.001018
0.001018
0.001017
0.001017
0.001016
0.001015
0.001015
0.001014
0.001014
0.001013
0.001012
0.001011
0.001010
0.001010
0.001009
0.001008
0.001007
0.001006
0.001006
0.001005
0.001004
0.001004
0.001003
0.001002
0.001000
0.000999
0.000999
0.000998
0.000997
0.000995
0.000994
0.000993
0.000992
0.000991
0.000990
0.000988
0.000987
0.000985
0.000984
0.000983
0.000981
0.000980
0.000978
0.000976
0.000974
0.000972
0.000970
0.000969
0.000967
0.000965
0.000963
0.000954
0.000953
0.000964
0.000969
0.000970
0.000969
0.000967
0.000966
0.000965
0.000964
0.000963
0.000962
0.000961
0.000960
0.000959
0.000958
0.000957
0.000956
0.000955
0.000955
0.000954
0.000953
0.000952
0.000951
0.000951
0.000950
0.000949
0.000948
0.000948
0.000947
0.000946
0.000946
0.000945
0.000944
0.000944
0.000943
0.000942
0.000942
0.000941
0.000941
0.000940
0.000939
0.000939
0.000938
0.000938
0.000937
0.000937
0.000936
0.000936
0.000935
0.000935
0.000934
0.000934
0.000933
0.000932
0.000932
0.000931
0.000931
0.000930
0.000930
0.000929
0.000929
0.000928
0.000927
0.000927
0.000927
0.000926
0.000925
0.000925
0.000925
0.000925
0.000924
0.000924
0.000924
0.000923
0.000923
0.000922
0.000922
0.000921
0.000921
0.000921
0.000920
0.000920
0.000920
0.000919
0.000919
0.000918
0.000918
0.000918
0.000918
0.000917
0.000917
0.000917
0.000916
0.000916
0.000916
0.000916
0.000916
0.000915
0.000915
0.000907
0.000929
0.000939
0.000939
0.000939
0.000940
0.000941
0.000941
0.000941
0.000940
0.000939
0.000937
0.000935
0.000933
0.000932
0.000930
0.000928
0.000927
0.000926
0.000925
0.000924
0.000924
0.000923
0.000923
0.000922
0.000922
0.000921
0.000921
0.000920
0.000920
0.000920
0.000919
0.000919
0.000919
0.000918
0.000918
0.000918
0.000918
0.000918
0.000917
0.000917
0.000917
0.000917
0.000917
0.000916
0.000916
0.000916
0.000916
0.000916
0.000916
0.000915
0.000915
0.000915
0.000915
0.000915
0.000915
0.000915
0.000915
0.000915
0.000915
0.000914
0.000914
0.000914
0.000914
0.000914
0.000914
0.000914
0.000914
0.000914
0.000913
0.000913
0.000913
0.000913
0.000913
0.000913
0.000912
0.000912
0.000912
0.000912
0.000912
0.000912
0.000912
0.000912
0.000911
0.000911
0.000911
0.000911
0.000911
0.000911
0.000911
0.000911
0.000911
0.000910
0.000910
0.000910
0.000910
0.000910
0.000910
0.000910
0.000909
0.000892
0.000884
0.000880
0.000881
0.000881
0.000881
0.000881
0.000881
0.000881
0.000880
0.000880
0.000880
0.000880
0.000880
0.000880
0.000880
0.000880
0.000880
0.000880
0.000880
0.000880
0.000880
0.000880
0.000880
0.000880
0.000880
0.000880
0.000880
0.000880
0.000880
0.000880
0.000880
0.000880
0.000879
0.000879
0.000879
0.000879
0.000879
0.000879
0.000879
0.000879
0.000879
0.000879
0.000879
0.000879
0.000879
0.000879
0.000879
0.000879
0.000879
0.000879
0.000879
0.000879
0.000879
0.000879
0.000879
0.000879
0.000879
0.000879
0.000879
0.000879
0.000879
0.000879
0.000879
0.000879
0.000879
0.000879
0.000879
0.000879
0.000879
0.000879
0.000879
0.000879
0.000879
0.000879
0.000879
0.000879
0.000879
0.000879
0.000878
0.000878
0.000878
0.000878
0.000878
0.000878
0.000878
0.000878
0.000878
0.000878
0.000878
0.000878
0.000878
0.000878
0.000878
0.000878
0.000878
0.000878
0.000878
0.000878
0.000878
