0.430546
0.240654
0.094588
0.054477
0.034889
0.022609
0.015153
0.010603
0.008339
0.007480
0.007102
0.006880
0.006726
0.006592
0.006481
0.006383
0.006246
0.006057
0.005846
0.005620
0.005451
0.005318
0.005192
0.005081
0.004979
0.004894
0.004818
0.004749
0.004689
0.004632
0.004576
0.004527
0.004481
0.004439
0.004398
0.004358
0.004320
0.004284
0.004249
0.004216
0.004185
0.004156
0.004132
0.004110
0.004088
0.004069
0.004046
0.004023
0.004000
0.003975
0.003945
0.003904
0.003859
0.003808
0.003751
0.003690
0.003624
0.003550
0.003475
0.003402
0.003333
0.003268
0.003210
0.003157
0.003102
0.003054
0.003010
0.002971
0.002932
0.002894
0.002858
0.002826
0.002796
0.002768
0.002740
0.002715
0.002692
0.002670
0.002649
0.002628
0.002609
0.002590
0.002574
0.002559
0.002543
0.002523
0.002510
0.002497
0.002483
0.002470
0.002457
0.002445
0.002432
0.002422
0.002410
0.002400
0.002390
0.002382
0.002373
0.002366
0.002210
0.002183
0.002157
0.002154
0.002147
0.002148
0.002147
0.002146
0.002144
0.002142
0.002140
0.002138
0.002136
0.002134
0.002132
0.002130
0.002128
0.002126
0.002124
0.002122
0.002120
0.002118
0.002117
0.002116
0.002115
0.002114
0.002112
0.002111
0.002110
0.002109
0.002108
0.002108
0.002108
0.002108
0.002107
0.002107
0.002106
0.002104
0.002103
0.002102
0.002101
0.002100
0.002099
0.002097
0.002095
0.002094
0.002092
0.002092
0.002090
0.002088
0.002087
0.002085
0.002083
0.002081
0.002079
0.002077
0.002074
0.002071
0.002069
0.002067
0.002064
0.002062
0.002059
0.002057
0.002054
0.002053
0.002050
0.002047
0.002044
0.002041
0.002038
0.002035
0.002031
0.002028
0.002026
0.002023
0.002022
0.002020
0.002017
0.002016
0.002013
0.002010
0.002007
0.002003
0.001999
0.001996
0.001993
0.001990
0.001986
0.001981
0.001977
0.001973
0.001969
0.001965
0.001959
0.001953
0.001948
0.001942
0.001938
0.001933
0.001875
0.001870
0.001854
0.001849
0.001848
0.001846
0.001844
0.001842
0.001840
0.001837
0.001836
0.001833
0.001831
0.001828
0.001826
0.001824
0.001821
0.001818
0.001815
0.001812
0.001809
0.001805
0.001802
0.001799
0.001795
0.001791
0.001788
0.001784
0.001779
0.001775
0.001770
0.001764
0.001758
0.001750
0.001739
0.001725
0.001706
0.001682
0.001652
0.001609
0.001558
0.001504
0.001460
0.001428
0.001402
0.001382
0.001365
0.001350
0.001336
0.001324
0.001312
0.001302
0.001292
0.001282
0.001273
0.001265
0.001257
0.001250
0.001243
0.001236
0.001230
0.001224
0.001218
0.001213
0.001208
0.001204
0.001199
0.001195
0.001190
0.001186
0.001182
0.001178
0.001174
0.001170
0.001166
0.001163
0.001159
0.001156
0.001153
0.001150
0.001147
0.001144
0.001141
0.001139
0.001136
0.001133
0.001131
0.001128
0.001126
0.001124
0.001122
0.001119
0.001117
0.001115
0.001113
0.001111
0.001109
0.001107
0.001105
0.001102
0.001081
0.001081
0.001077
0.001077
0.001078
0.001077
0.001076
0.001075
0.001074
0.001072
0.001071
0.001070
0.001069
0.001068
0.001068
0.001067
0.001066
0.001065
0.001064
0.001063
0.001062
0.001061
0.001060
0.001059
0.001058
0.001057
0.001056
0.001055
0.001054
0.001054
0.001053
0.001052
0.001051
0.001050
0.001050
0.001049
0.001048
0.001047
0.001046
0.001045
0.001044
0.001043
0.001043
0.001042
0.001041
0.001040
0.001039
0.001038
0.001037
0.001037
0.001036
0.001035
0.001034
0.001034
0.001033
0.001032
0.001031
0.001030
0.001030
0.001029
0.001028
0.001027
0.001027
0.001026
0.001026
0.001025
0.001024
0.001023
0.001023
0.001022
0.001021
0.001021
0.001020
0.001019
0.001018
0.001018
0.001017
0.001016
0.001015
0.001015
0.001014
0.001013
0.001013
0.001012
0.001011
0.001010
0.001010
0.001009
0.001008
0.001007
0.001007
0.001006
0.001005
0.001005
0.001004
0.001003
0.001002
0.001002
0.001001
0.001000
0.000993
0.000993
0.000992
0.000990
0.000989
0.000989
0.000988
0.000988
0.000988
0.000987
0.000987
0.000987
0.000986
0.000986
0.000986
0.000985
0.000985
0.000985
0.000984
0.000984
0.000983
0.000983
0.000983
0.000982
0.000982
0.000982
0.000981
0.000981
0.000980
0.000980
0.000980
0.000979
0.000979
0.000979
0.000978
0.000978
0.000978
0.000977
0.000977
0.000977
0.000976
0.000976
0.000976
0.000975
0.000975
0.000975
0.000974
0.000974
0.000974
0.000973
0.000973
0.000973
0.000972
0.000972
0.000971
0.000971
0.000970
0.000970
0.000970
0.000969
0.000969
0.000969
0.000968
0.000968
0.000967
0.000967
0.000967
0.000967
0.000966
0.000966
0.000966
0.000965
0.000965
0.000965
0.000965
0.000964
0.000964
0.000964
0.000963
0.000963
0.000963
0.000962
0.000962
0.000962
0.000961
0.000961
0.000961
0.000961
0.000960
0.000960
0.000960
0.000959
0.000959
0.000959
0.000958
0.000958
0.000958
0.000957
0.000957
0.000957
