0.294974
0.045773
0.022183
0.012440
0.009093
0.007699
0.006875
0.006283
0.005834
0.005460
0.005122
0.004816
0.004539
0.004301
0.004097
0.003913
0.003748
0.003596
0.003456
0.003327
0.003200
0.003074
0.002943
0.002808
0.002677
0.002554
0.002438
0.002332
0.002227
0.002128
0.002041
0.001961
0.001890
0.001822
0.001758
0.001697
0.001637
0.001580
0.001526
0.001477
0.001429
0.001386
0.001343
0.001303
0.001265
0.001229
0.001198
0.001170
0.001147
0.001126
0.001110
0.001093
0.001077
0.001063
0.001048
0.001033
0.001019
0.001007
0.000994
0.000983
0.000972
0.000962
0.000951
0.000944
0.000936
0.000930
0.000922
0.000911
0.000902
0.000893
0.000885
0.000879
0.000871
0.000863
0.000856
0.000849
0.000842
0.000836
0.000831
0.000825
0.000820
0.000813
0.000807
0.000799
0.000794
0.000789
0.000782
0.000776
0.000768
0.000765
0.000761
0.000756
0.000751
0.000746
0.000739
0.000735
0.000732
0.000730
0.000727
0.000723
0.000670
0.000637
0.000621
0.000617
0.000614
0.000613
0.000611
0.000609
0.000608
0.000606
0.000605
0.000603
0.000601
0.000600
0.000599
0.000598
0.000597
0.000595
0.000594
0.000593
0.000591
0.000590
0.000589
0.000588
0.000587
0.000586
0.000585
0.000585
0.000584
0.000583
0.000582
0.000581
0.000580
0.000579
0.000578
0.000577
0.000577
0.000575
0.000574
0.000573
0.000571
0.000569
0.000568
0.000566
0.000565
0.000563
0.000561
0.000559
0.000557
0.000555
0.000554
0.000552
0.000550
0.000548
0.000546
0.000544
0.000543
0.000541
0.000538
0.000536
0.000535
0.000534
0.000533
0.000531
0.000529
0.000527
0.000526
0.000526
0.000524
0.000523
0.000521
0.000520
0.000519
0.000518
0.000518
0.000518
0.000517
0.000516
0.000515
0.000514
0.000513
0.000512
0.000511
0.000511
0.000510
0.000510
0.000509
0.000508
0.000507
0.000506
0.000505
0.000504
0.000503
0.000501
0.000500
0.000499
0.000498
0.000497
0.000497
0.000497
0.000467
0.000453
0.000446
0.000443
0.000443
0.000442
0.000442
0.000442
0.000441
0.000441
0.000441
0.000440
0.000440
0.000440
0.000440
0.000439
0.000439
0.000439
0.000439
0.000438
0.000438
0.000438
0.000438
0.000438
0.000437
0.000437
0.000437
0.000437
0.000437
0.000437
0.000437
0.000437
0.000437
0.000437
0.000437
0.000437
0.000436
0.000436
0.000436
0.000436
0.000436
0.000436
0.000435
0.000435
0.000435
0.000435
0.000434
0.000434
0.000433
0.000433
0.000433
0.000432
0.000432
0.000431
0.000431
0.000430
0.000430
0.000430
0.000429
0.000429
0.000428
0.000427
0.000427
0.000426
0.000426
0.000426
0.000425
0.000425
0.000424
0.000424
0.000423
0.000423
0.000423
0.000422
0.000422
0.000421
0.000421
0.000421
0.000420
0.000420
0.000419
0.000419
0.000419
0.000419
0.000418
0.000418
0.000417
0.000417
0.000417
0.000416
0.000416
0.000416
0.000415
0.000415
0.000414
0.000414
0.000414
0.000413
0.000413
0.000413
0.000406
0.000404
0.000402
0.000402
0.000402
0.000401
0.000401
0.000401
0.000401
0.000401
0.000400
0.000400
0.000400
0.000400
0.000400
0.000400
0.000400
0.000399
0.000399
0.000399
0.000399
0.000399
0.000399
0.000399
0.000399
0.000398
0.000398
0.000398
0.000398
0.000398
0.000398
0.000398
0.000398
0.000398
0.000397
0.000397
0.000397
0.000397
0.000397
0.000397
0.000397
0.000397
0.000397
0.000397
0.000397
0.000397
0.000396
0.000396
0.000396
0.000396
0.000396
0.000396
0.000396
0.000396
0.000396
0.000396
0.000396
0.000396
0.000396
0.000396
0.000395
0.000395
0.000395
0.000395
0.000395
0.000395
0.000395
0.000395
0.000395
0.000395
0.000395
0.000395
0.000395
0.000395
0.000395
0.000395
0.000395
0.000395
0.000394
0.000394
0.000394
0.000394
0.000394
0.000394
0.000394
0.000394
0.000394
0.000394
0.000394
0.000394
0.000394
0.000393
0.000393
0.000393
0.000393
0.000393
0.000393
0.000393
0.000392
0.000392
0.000386
0.000388
0.000390
0.000391
0.000391
0.000392
0.000392
0.000392
0.000392
0.000392
0.000392
0.000392
0.000392
0.000392
0.000392
0.000391
0.000391
0.000391
0.000391
0.000391
0.000391
0.000391
0.000391
0.000391
0.000391
0.000390
0.000390
0.000390
0.000390
0.000390
0.000390
0.000390
0.000390
0.000390
0.000389
0.000389
0.000389
0.000389
0.000389
0.000389
0.000389
0.000389
0.000389
0.000389
0.000388
0.000388
0.000388
0.000388
0.000388
0.000388
0.000388
0.000388
0.000388
0.000388
0.000388
0.000388
0.000387
0.000387
0.000387
0.000387
0.000387
0.000387
0.000387
0.000387
0.000387
0.000387
0.000387
0.000387
0.000387
0.000387
0.000387
0.000386
0.000386
0.000386
0.000386
0.000386
0.000386
0.000386
0.000386
0.000386
0.000386
0.000386
0.000386
0.000386
0.000385
0.000385
0.000385
0.000385
0.000385
0.000385
0.000385
0.000385
0.000385
0.000385
0.000385
0.000385
0.000385
0.000385
0.000385
0.000384
