0.338637
0.087853
0.029289
0.015148
0.011130
0.009368
0.008150
0.007027
0.006156
0.005476
0.004952
0.004534
0.004204
0.003925
0.003675
0.003438
0.003218
0.003012
0.002824
0.002651
0.002493
0.002347
0.002214
0.002100
0.002000
0.001914
0.001839
0.001772
0.001712
0.001656
0.001606
0.001560
0.001518
0.001479
0.001442
0.001407
0.001375
0.001344
0.001316
0.001289
0.001264
0.001241
0.001219
0.001199
0.001180
0.001164
0.001149
0.001136
0.001125
0.001115
0.001105
0.001097
0.001090
0.001081
0.001073
0.001066
0.001060
0.001053
0.001046
0.001040
0.001035
0.001029
0.001023
0.001018
0.001013
0.001010
0.001005
0.001002
0.000997
0.000993
0.000989
0.000986
0.000983
0.000979
0.000975
0.000971
0.000968
0.000966
0.000964
0.000962
0.000961
0.000960
0.000959
0.000957
0.000957
0.000956
0.000955
0.000953
0.000952
0.000950
0.000949
0.000948
0.000946
0.000944
0.000941
0.000939
0.000936
0.000934
0.000931
0.000929
0.000868
0.000861
0.000853
0.000852
0.000852
0.000850
0.000849
0.000848
0.000847
0.000846
0.000845
0.000844
0.000843
0.000842
0.000840
0.000838
0.000837
0.000835
0.000833
0.000830
0.000827
0.000825
0.000822
0.000819
0.000817
0.000814
0.000811
0.000808
0.000806
0.000803
0.000800
0.000798
0.000795
0.000793
0.000791
0.000788
0.000786
0.000785
0.000783
0.000782
0.000780
0.000779
0.000778
0.000777
0.000776
0.000776
0.000775
0.000774
0.000774
0.000773
0.000773
0.000772
0.000772
0.000772
0.000772
0.000771
0.000770
0.000770
0.000769
0.000768
0.000768
0.000768
0.000767
0.000767
0.000766
0.000766
0.000765
0.000765
0.000765
0.000764
0.000763
0.000763
0.000762
0.000762
0.000762
0.000761
0.000760
0.000760
0.000759
0.000759
0.000758
0.000758
0.000757
0.000756
0.000756
0.000755
0.000755
0.000754
0.000754
0.000753
0.000752
0.000752
0.000752
0.000751
0.000750
0.000750
0.000749
0.000749
0.000748
0.000747
0.000728
0.000727
0.000722
0.000721
0.000721
0.000720
0.000720
0.000719
0.000719
0.000719
0.000718
0.000718
0.000718
0.000717
0.000717
0.000717
0.000716
0.000716
0.000716
0.000716
0.000715
0.000715
0.000715
0.000715
0.000714
0.000714
0.000714
0.000714
0.000713
0.000713
0.000713
0.000713
0.000713
0.000712
0.000712
0.000712
0.000712
0.000712
0.000711
0.000711
0.000711
0.000711
0.000711
0.000711
0.000710
0.000710
0.000710
0.000710
0.000710
0.000710
0.000710
0.000710
0.000709
0.000709
0.000709
0.000709
0.000709
0.000709
0.000709
0.000709
0.000709
0.000709
0.000709
0.000708
0.000708
0.000708
0.000708
0.000708
0.000708
0.000708
0.000708
0.000708
0.000707
0.000707
0.000707
0.000707
0.000707
0.000707
0.000707
0.000707
0.000707
0.000707
0.000707
0.000706
0.000706
0.000706
0.000706
0.000706
0.000706
0.000706
0.000706
0.000705
0.000705
0.000705
0.000705
0.000705
0.000705
0.000705
0.000705
0.000705
0.000697
0.000703
0.000707
0.000708
0.000708
0.000708
0.000708
0.000708
0.000708
0.000708
0.000708
0.000708
0.000708
0.000708
0.000708
0.000708
0.000707
0.000707
0.000707
0.000707
0.000707
0.000707
0.000707
0.000707
0.000707
0.000707
0.000707
0.000707
0.000707
0.000707
0.000707
0.000706
0.000706
0.000706
0.000706
0.000706
0.000706
0.000706
0.000706
0.000706
0.000706
0.000705
0.000705
0.000705
0.000705
0.000705
0.000705
0.000705
0.000705
0.000705
0.000704
0.000704
0.000704
0.000704
0.000704
0.000704
0.000704
0.000704
0.000704
0.000704
0.000704
0.000704
0.000703
0.000703
0.000703
0.000703
0.000703
0.000703
0.000703
0.000703
0.000702
0.000702
0.000702
0.000702
0.000702
0.000702
0.000702
0.000702
0.000701
0.000701
0.000701
0.000701
0.000701
0.000701
0.000701
0.000701
0.000700
0.000700
0.000700
0.000700
0.000700
0.000700
0.000700
0.000700
0.000700
0.000699
0.000699
0.000699
0.000699
0.000699
0.000695
0.000696
0.000692
0.000690
0.000690
0.000690
0.000690
0.000690
0.000690
0.000690
0.000690
0.000690
0.000690
0.000690
0.000690
0.000690
0.000690
0.000690
0.000690
0.000690
0.000690
0.000690
0.000690
0.000690
0.000690
0.000690
0.000690
0.000690
0.000690
0.000689
0.000689
0.000689
0.000689
0.000689
0.000689
0.000689
0.000689
0.000689
0.000689
0.000689
0.000689
0.000689
0.000689
0.000689
0.000689
0.000689
0.000689
0.000689
0.000689
0.000689
0.000689
0.000689
0.000689
0.000689
0.000689
0.000689
0.000689
0.000689
0.000689
0.000689
0.000689
0.000689
0.000689
0.000689
0.000689
0.000688
0.000688
0.000688
0.000688
0.000688
0.000688
0.000688
0.000688
0.000688
0.000688
0.000688
0.000688
0.000688
0.000688
0.000688
0.000688
0.000687
0.000687
0.000687
0.000687
0.000687
0.000687
0.000687
0.000687
0.000687
0.000687
0.000687
0.000687
0.000686
0.000686
0.000686
0.000686
0.000686
0.000686
0.000686
