0.463437
0.255705
0.066895
0.031243
0.014977
0.007493
0.004941
0.004084
0.003517
0.003176
0.002880
0.002644
0.002457
0.002310
0.002207
0.002122
0.002052
0.001996
0.001947
0.001903
0.001860
0.001824
0.001793
0.001761
0.001733
0.001712
0.001692
0.001671
0.001653
0.001634
0.001614
0.001594
0.001574
0.001556
0.001540
0.001525
0.001512
0.001500
0.001488
0.001477
0.001466
0.001454
0.001442
0.001429
0.001414
0.001399
0.001383
0.001365
0.001344
0.001325
0.001307
0.001292
0.001277
0.001267
0.001254
0.001245
0.001236
0.001228
0.001221
0.001214
0.001207
0.001203
0.001198
0.001194
0.001191
0.001187
0.001184
0.001183
0.001180
0.001180
0.001179
0.001176
0.001173
0.001172
0.001168
0.001164
0.001162
0.001159
0.001154
0.001149
0.001145
0.001140
0.001137
0.001132
0.001131
0.001129
0.001131
0.001131
0.001130
0.001129
0.001127
0.001122
0.001120
0.001116
0.001117
0.001115
0.001114
0.001112
0.001114
0.001114
0.001058
0.001039
0.001020
0.001024
0.001018
0.001017
0.001016
0.001015
0.001014
0.001013
0.001012
0.001011
0.001010
0.001009
0.001008
0.001007
0.001007
0.001006
0.001006
0.001005
0.001005
0.001005
0.001004
0.001004
0.001004
0.001003
0.001003
0.001003
0.001003
0.001003
0.001003
0.001003
0.001003
0.001003
0.001003
0.001003
0.001003
0.001003
0.001003
0.001003
0.001003
0.001003
0.001003
0.001003
0.001003
0.001003
0.001004
0.001004
0.001004
0.001004
0.001004
0.001005
0.001004
0.001005
0.001004
0.001004
0.001004
0.001004
0.001004
0.001003
0.001003
0.001003
0.001002
0.001001
0.001000
0.001000
0.000999
0.000998
0.000997
0.000996
0.000996
0.000995
0.000994
0.000994
0.000994
0.000993
0.000993
0.000993
0.000992
0.000991
0.000990
0.000990
0.000989
0.000988
0.000987
0.000986
0.000985
0.000984
0.000983
0.000982
0.000980
0.000979
0.000979
0.000979
0.000978
0.000977
0.000976
0.000976
0.000975
0.000974
0.000950
0.000958
0.000970
0.000978
0.000985
0.000989
0.000992
0.000993
0.000993
0.000993
0.000992
0.000990
0.000988
0.000986
0.000984
0.000982
0.000980
0.000978
0.000976
0.000974
0.000972
0.000971
0.000970
0.000969
0.000967
0.000966
0.000965
0.000964
0.000963
0.000962
0.000961
0.000960
0.000960
0.000959
0.000958
0.000958
0.000957
0.000957
0.000956
0.000956
0.000956
0.000956
0.000955
0.000955
0.000955
0.000954
0.000954
0.000953
0.000953
0.000953
0.000952
0.000952
0.000952
0.000951
0.000951
0.000951
0.000950
0.000950
0.000950
0.000949
0.000949
0.000949
0.000949
0.000948
0.000947
0.000947
0.000946
0.000946
0.000945
0.000945
0.000944
0.000944
0.000943
0.000943
0.000942
0.000942
0.000941
0.000941
0.000941
0.000940
0.000940
0.000939
0.000939
0.000939
0.000938
0.000938
0.000938
0.000937
0.000937
0.000937
0.000936
0.000936
0.000936
0.000935
0.000935
0.000935
0.000934
0.000934
0.000934
0.000933
0.000914
0.000895
0.000889
0.000892
0.000890
0.000889
0.000889
0.000889
0.000889
0.000889
0.000889
0.000889
0.000889
0.000888
0.000888
0.000888
0.000888
0.000888
0.000888
0.000888
0.000888
0.000888
0.000888
0.000888
0.000888
0.000888
0.000887
0.000887
0.000887
0.000887
0.000887
0.000887
0.000887
0.000887
0.000887
0.000887
0.000886
0.000886
0.000886
0.000886
0.000886
0.000886
0.000886
0.000886
0.000886
0.000886
0.000885
0.000885
0.000885
0.000885
0.000885
0.000885
0.000885
0.000885
0.000885
0.000884
0.000884
0.000884
0.000884
0.000884
0.000884
0.000884
0.000884
0.000883
0.000883
0.000883
0.000883
0.000883
0.000883
0.000883
0.000882
0.000882
0.000882
0.000882
0.000882
0.000882
0.000882
0.000881
0.000881
0.000881
0.000881
0.000881
0.000881
0.000881
0.000880
0.000880
0.000880
0.000880
0.000880
0.000880
0.000879
0.000879
0.000879
0.000879
0.000879
0.000879
0.000879
0.000879
0.000879
0.000878
0.000880
0.000867
0.000865
0.000864
0.000864
0.000864
0.000864
0.000864
0.000864
0.000864
0.000864
0.000864
0.000863
0.000863
0.000863
0.000863
0.000863
0.000863
0.000863
0.000863
0.000863
0.000863
0.000863
0.000863
0.000863
0.000863
0.000863
0.000863
0.000863
0.000863
0.000863
0.000863
0.000863
0.000863
0.000863
0.000863
0.000863
0.000863
0.000863
0.000863
0.000863
0.000863
0.000863
0.000862
0.000862
0.000862
0.000862
0.000862
0.000862
0.000862
0.000862
0.000862
0.000862
0.000862
0.000862
0.000862
0.000862
0.000862
0.000862
0.000862
0.000862
0.000862
0.000862
0.000862
0.000862
0.000862
0.000862
0.000862
0.000862
0.000862
0.000862
0.000861
0.000861
0.000861
0.000861
0.000861
0.000861
0.000861
0.000861
0.000861
0.000861
0.000861
0.000861
0.000861
0.000861
0.000861
0.000861
0.000861
0.000861
0.000861
0.000861
0.000860
0.000860
0.000860
0.000860
0.000860
0.000860
0.000860
0.000860
0.000860
