0.493100
0.429572
0.377076
0.344851
0.324897
0.307291
0.264093
0.162994
0.107271
0.081449
0.064219
0.049765
0.038737
0.030068
0.022810
0.016404
0.011601
0.008945
0.007690
0.007109
0.006812
0.006653
0.006536
0.006437
0.006358
0.006285
0.006214
0.006145
0.006075
0.006004
0.005938
0.005870
0.005802
0.005732
0.005655
0.005577
0.005501
0.005422
0.005338
0.005179
0.004865
0.004631
0.004477
0.004359
0.004262
0.004182
0.004118
0.004061
0.004013
0.003972
0.003936
0.003903
0.003871
0.003841
0.003814
0.003787
0.003760
0.003735
0.003709
0.003685
0.003659
0.003632
0.003605
0.003578
0.003549
0.003522
0.003494
0.003464
0.003434
0.003405
0.003372
0.003339
0.003311
0.003281
0.003250
0.003219
0.003190
0.003162
0.003134
0.003108
0.003082
0.003057
0.003030
0.003005
0.002982
0.002958
0.002935
0.002913
0.002892
0.002874
0.002856
0.002837
0.002818
0.002801
0.002785
0.002771
0.002757
0.002739
0.002722
0.002708
0.002677
0.002663
0.002630
0.002629
0.002621
0.002614
0.002608
0.002602
0.002596
0.002590
0.002583
0.002578
0.002571
0.002566
0.002560
0.002554
0.002549
0.002543
0.002537
0.002532
0.002526
0.002521
0.002515
0.002510
0.002505
0.002499
0.002494
0.002488
0.002483
0.002473
0.002423
0.002283
0.002211
0.002160
0.002132
0.002113
0.002099
0.002086
0.002076
0.002070
0.002064
0.002058
0.002053
0.002047
0.002041
0.002036
0.002032
0.002027
0.002024
0.002018
0.002015
0.002008
0.002004
0.002000
0.001996
0.001993
0.001990
0.001986
0.001983
0.001980
0.001977
0.001975
0.001970
0.001966
0.001960
0.001957
0.001954
0.001951
0.001946
0.001944
0.001941
0.001938
0.001935
0.001932
0.001929
0.001925
0.001920
0.001917
0.001914
0.001910
0.001906
0.001902
0.001899
0.001896
0.001894
0.001890
0.001888
0.001885
0.001881
0.001878
0.001874
0.001870
0.001868
0.001864
0.001861
0.001857
0.001854
0.001851
0.001849
0.001845
0.001819
0.001817
0.001821
0.001827
0.001828
0.001827
0.001826
0.001823
0.001821
0.001818
0.001815
0.001813
0.001809
0.001805
0.001803
0.001800
0.001797
0.001794
0.001791
0.001788
0.001786
0.001783
0.001779
0.001777
0.001774
0.001772
0.001770
0.001767
0.001765
0.001762
0.001760
0.001756
0.001754
0.001751
0.001748
0.001746
0.001744
0.001742
0.001740
0.001738
0.001735
0.001732
0.001729
0.001726
0.001724
0.001721
0.001718
0.001715
0.001712
0.001710
0.001707
0.001705
0.001702
0.001699
0.001696
0.001693
0.001690
0.001687
0.001685
0.001682
0.001679
0.001677
0.001674
0.001671
0.001669
0.001667
0.001663
0.001661
0.001658
0.001656
0.001653
0.001650
0.001648
0.001646
0.001643
0.001640
0.001638
0.001636
0.001633
0.001631
0.001629
0.001626
0.001624
0.001621
0.001619
0.001617
0.001614
0.001612
0.001610
0.001608
0.001606
0.001603
0.001601
0.001599
0.001597
0.001594
0.001592
0.001590
0.001588
0.001586
0.001565
0.001558
0.001560
0.001561
0.001560
0.001559
0.001558
0.001557
0.001556
0.001555
0.001554
0.001553
0.001552
0.001551
0.001550
0.001548
0.001547
0.001546
0.001545
0.001544
0.001543
0.001541
0.001540
0.001539
0.001538
0.001537
0.001536
0.001535
0.001534
0.001533
0.001532
0.001531
0.001530
0.001529
0.001528
0.001527
0.001526
0.001525
0.001524
0.001523
0.001522
0.001521
0.001520
0.001519
0.001518
0.001517
0.001516
0.001515
0.001514
0.001513
0.001512
0.001511
0.001510
0.001509
0.001508
0.001507
0.001507
0.001505
0.001505
0.001504
0.001503
0.001502
0.001500
0.001500
0.001499
0.001497
0.001497
0.001495
0.001495
0.001494
0.001493
0.001492
0.001491
0.001490
0.001489
0.001488
0.001487
0.001486
0.001485
0.001484
0.001483
0.001482
0.001481
0.001480
0.001479
0.001478
0.001477
0.001476
0.001475
0.001473
0.001472
0.001471
0.001470
0.001469
0.001468
0.001467
0.001466
0.001465
0.001464
0.001463
0.001457
0.001460
0.001456
0.001453
0.001453
0.001453
0.001452
0.001452
0.001451
0.001451
0.001450
0.001450
0.001450
0.001449
0.001449
0.001448
0.001448
0.001447
0.001447
0.001447
0.001446
0.001446
0.001445
0.001445
0.001444
0.001444
0.001444
0.001443
0.001443
0.001442
0.001442
0.001441
0.001441
0.001440
0.001440
0.001439
0.001439
0.001439
0.001438
0.001438
0.001437
0.001437
0.001437
0.001436
0.001436
0.001435
0.001435
0.001434
0.001434
0.001433
0.001433
0.001433
0.001432
0.001432
0.001431
0.001431
0.001431
0.001430
0.001430
0.001429
0.001429
0.001428
0.001428
0.001427
0.001427
0.001426
0.001426
0.001426
0.001425
0.001425
0.001424
0.001424
0.001423
0.001423
0.001422
0.001422
0.001422
0.001421
0.001421
0.001420
0.001420
0.001419
0.001419
0.001418
0.001418
0.001418
0.001417
0.001417
0.001416
0.001416
0.001416
0.001415
0.001415
0.001414
0.001414
0.001413
0.001413
0.001412
0.001412
0.001412
