0.437816
0.327128
0.216342
0.108578
0.070581
0.044444
0.024778
0.015000
0.011882
0.009987
0.008749
0.007836
0.007104
0.006451
0.005881
0.005389
0.004981
0.004660
0.004407
0.004184
0.003984
0.003802
0.003640
0.003500
0.003378
0.003260
0.003161
0.003065
0.002979
0.002900
0.002827
0.002757
0.002684
0.002617
0.002557
0.002500
0.002448
0.002400
0.002356
0.002315
0.002274
0.002234
0.002197
0.002158
0.002122
0.002086
0.002052
0.002023
0.001998
0.001974
0.001952
0.001930
0.001910
0.001889
0.001870
0.001853
0.001836
0.001820
0.001805
0.001791
0.001779
0.001767
0.001755
0.001740
0.001726
0.001715
0.001705
0.001693
0.001681
0.001671
0.001663
0.001655
0.001645
0.001636
0.001626
0.001618
0.001610
0.001602
0.001592
0.001583
0.001576
0.001570
0.001563
0.001556
0.001550
0.001543
0.001537
0.001531
0.001524
0.001517
0.001512
0.001507
0.001501
0.001497
0.001492
0.001489
0.001484
0.001480
0.001477
0.001473
0.001403
0.001409
0.001420
0.001431
0.001435
0.001437
0.001437
0.001435
0.001433
0.001430
0.001427
0.001424
0.001421
0.001418
0.001415
0.001412
0.001409
0.001405
0.001402
0.001398
0.001395
0.001392
0.001389
0.001386
0.001383
0.001380
0.001378
0.001375
0.001372
0.001370
0.001367
0.001365
0.001363
0.001361
0.001359
0.001357
0.001355
0.001353
0.001351
0.001350
0.001348
0.001346
0.001344
0.001342
0.001341
0.001339
0.001337
0.001336
0.001334
0.001333
0.001331
0.001330
0.001328
0.001327
0.001326
0.001324
0.001323
0.001322
0.001321
0.001320
0.001319
0.001318
0.001317
0.001316
0.001315
0.001314
0.001313
0.001312
0.001311
0.001310
0.001309
0.001308
0.001307
0.001306
0.001305
0.001304
0.001303
0.001302
0.001301
0.001299
0.001298
0.001297
0.001296
0.001295
0.001294
0.001292
0.001291
0.001290
0.001289
0.001287
0.001286
0.001284
0.001282
0.001281
0.001279
0.001277
0.001276
0.001274
0.001272
0.001271
0.001265
0.001290
0.001293
0.001284
0.001277
0.001275
0.001275
0.001275
0.001274
0.001273
0.001272
0.001271
0.001270
0.001269
0.001268
0.001266
0.001266
0.001265
0.001264
0.001263
0.001262
0.001261
0.001260
0.001259
0.001258
0.001257
0.001256
0.001255
0.001255
0.001253
0.001252
0.001251
0.001250
0.001249
0.001247
0.001246
0.001245
0.001244
0.001243
0.001242
0.001241
0.001239
0.001238
0.001237
0.001236
0.001236
0.001234
0.001233
0.001232
0.001231
0.001229
0.001229
0.001228
0.001226
0.001226
0.001224
0.001223
0.001222
0.001221
0.001219
0.001218
0.001217
0.001215
0.001215
0.001213
0.001212
0.001211
0.001210
0.001208
0.001207
0.001205
0.001204
0.001203
0.001201
0.001200
0.001199
0.001198
0.001197
0.001195
0.001194
0.001193
0.001192
0.001190
0.001189
0.001188
0.001186
0.001184
0.001176
0.001176
0.001173
0.001169
0.001163
0.001160
0.001157
0.001154
0.001151
0.001149
0.001147
0.001144
0.001142
0.001121
0.001108
0.001101
0.001100
0.001099
0.001098
0.001097
0.001096
0.001095
0.001094
0.001093
0.001091
0.001090
0.001089
0.001088
0.001087
0.001086
0.001085
0.001084
0.001083
0.001082
0.001081
0.001080
0.001079
0.001078
0.001077
0.001076
0.001075
0.001074
0.001073
0.001072
0.001071
0.001070
0.001069
0.001068
0.001068
0.001067
0.001066
0.001065
0.001064
0.001063
0.001062
0.001061
0.001061
0.001060
0.001059
0.001058
0.001057
0.001056
0.001055
0.001055
0.001054
0.001053
0.001053
0.001052
0.001051
0.001050
0.001050
0.001049
0.001049
0.001048
0.001047
0.001047
0.001046
0.001046
0.001045
0.001044
0.001044
0.001043
0.001043
0.001042
0.001042
0.001041
0.001041
0.001040
0.001040
0.001039
0.001039
0.001038
0.001038
0.001037
0.001037
0.001036
0.001036
0.001035
0.001035
0.001034
0.001034
0.001033
0.001033
0.001033
0.001032
0.001032
0.001031
0.001031
0.001030
0.001030
0.001030
0.001029
0.001029
0.001019
0.001020
0.001019
0.001018
0.001017
0.001017
0.001017
0.001017
0.001016
0.001016
0.001016
0.001016
0.001015
0.001015
0.001015
0.001014
0.001014
0.001014
0.001014
0.001013
0.001013
0.001013
0.001013
0.001012
0.001012
0.001012
0.001012
0.001012
0.001011
0.001011
0.001011
0.001011
0.001010
0.001010
0.001010
0.001010
0.001010
0.001009
0.001009
0.001009
0.001009
0.001009
0.001008
0.001008
0.001008
0.001008
0.001008
0.001007
0.001007
0.001007
0.001007
0.001007
0.001006
0.001006
0.001006
0.001006
0.001006
0.001005
0.001005
0.001005
0.001005
0.001005
0.001005
0.001005
0.001004
0.001004
0.001004
0.001004
0.001004
0.001004
0.001003
0.001003
0.001003
0.001003
0.001003
0.001003
0.001003
0.001002
0.001002
0.001002
0.001002
0.001002
0.001002
0.001001
0.001001
0.001001
0.001001
0.001001
0.001001
0.001001
0.001000
0.001000
0.001000
0.001000
0.001000
0.001000
0.001000
0.000999
0.000999
0.000999
