0.534090
0.392326
0.227552
0.071629
0.036902
0.027144
0.021309
0.016914
0.013242
0.010393
0.008085
0.006326
0.005104
0.004347
0.003900
0.003643
0.003452
0.003299
0.003165
0.003045
0.002931
0.002819
0.002704
0.002586
0.002476
0.002380
0.002305
0.002243
0.002191
0.002145
0.002102
0.002064
0.002027
0.001993
0.001963
0.001934
0.001909
0.001886
0.001867
0.001848
0.001832
0.001816
0.001802
0.001789
0.001776
0.001764
0.001751
0.001741
0.001732
0.001723
0.001714
0.001705
0.001698
0.001690
0.001681
0.001673
0.001664
0.001657
0.001649
0.001641
0.001636
0.001630
0.001623
0.001616
0.001610
0.001604
0.001599
0.001594
0.001588
0.001583
0.001578
0.001573
0.001568
0.001563
0.001558
0.001553
0.001548
0.001541
0.001536
0.001531
0.001524
0.001518
0.001512
0.001507
0.001501
0.001496
0.001492
0.001486
0.001481
0.001477
0.001471
0.001466
0.001460
0.001455
0.001450
0.001444
0.001438
0.001432
0.001425
0.001419
0.001382
0.001369
0.001370
0.001370
0.001369
0.001367
0.001365
0.001363
0.001361
0.001359
0.001357
0.001354
0.001352
0.001350
0.001348
0.001346
0.001344
0.001342
0.001340
0.001338
0.001336
0.001334
0.001332
0.001331
0.001329
0.001327
0.001325
0.001324
0.001322
0.001320
0.001318
0.001316
0.001315
0.001313
0.001311
0.001309
0.001307
0.001305
0.001303
0.001302
0.001300
0.001298
0.001296
0.001294
0.001292
0.001291
0.001289
0.001287
0.001285
0.001284
0.001282
0.001280
0.001278
0.001277
0.001275
0.001273
0.001271
0.001269
0.001268
0.001266
0.001265
0.001263
0.001261
0.001260
0.001258
0.001256
0.001255
0.001253
0.001251
0.001250
0.001248
0.001247
0.001245
0.001243
0.001242
0.001240
0.001239
0.001237
0.001236
0.001234
0.001233
0.001231
0.001229
0.001228
0.001226
0.001224
0.001223
0.001222
0.001220
0.001219
0.001218
0.001216
0.001214
0.001213
0.001211
0.001210
0.001208
0.001207
0.001205
0.001204
0.001178
0.001189
0.001197
0.001201
0.001203
0.001204
0.001203
0.001203
0.001203
0.001203
0.001202
0.001201
0.001201
0.001200
0.001199
0.001198
0.001197
0.001196
0.001195
0.001194
0.001193
0.001192
0.001190
0.001189
0.001189
0.001188
0.001187
0.001186
0.001185
0.001184
0.001183
0.001182
0.001182
0.001181
0.001180
0.001179
0.001178
0.001178
0.001177
0.001176
0.001175
0.001175
0.001174
0.001174
0.001174
0.001173
0.001172
0.001172
0.001172
0.001171
0.001170
0.001170
0.001169
0.001169
0.001168
0.001168
0.001167
0.001166
0.001166
0.001165
0.001165
0.001164
0.001164
0.001163
0.001163
0.001162
0.001162
0.001161
0.001161
0.001160
0.001159
0.001159
0.001158
0.001157
0.001157
0.001156
0.001156
0.001155
0.001155
0.001154
0.001153
0.001153
0.001152
0.001152
0.001151
0.001151
0.001151
0.001150
0.001150
0.001149
0.001149
0.001148
0.001148
0.001148
0.001147
0.001147
0.001146
0.001146
0.001145
0.001145
0.001122
0.001088
0.001089
0.001088
0.001087
0.001087
0.001086
0.001086
0.001086
0.001085
0.001085
0.001085
0.001085
0.001084
0.001084
0.001084
0.001084
0.001083
0.001083
0.001083
0.001082
0.001082
0.001082
0.001082
0.001081
0.001081
0.001081
0.001081
0.001080
0.001080
0.001080
0.001080
0.001079
0.001079
0.001079
0.001079
0.001078
0.001078
0.001078
0.001078
0.001077
0.001077
0.001077
0.001077
0.001076
0.001076
0.001076
0.001076
0.001076
0.001075
0.001075
0.001075
0.001075
0.001074
0.001074
0.001074
0.001074
0.001073
0.001073
0.001073
0.001073
0.001073
0.001072
0.001072
0.001072
0.001072
0.001072
0.001071
0.001071
0.001071
0.001071
0.001071
0.001070
0.001070
0.001070
0.001070
0.001070
0.001069
0.001069
0.001069
0.001069
0.001069
0.001068
0.001068
0.001068
0.001068
0.001068
0.001067
0.001067
0.001067
0.001067
0.001067
0.001066
0.001066
0.001066
0.001066
0.001066
0.001065
0.001065
0.001065
0.001057
0.001056
0.001054
0.001053
0.001052
0.001052
0.001052
0.001052
0.001052
0.001052
0.001051
0.001051
0.001051
0.001051
0.001051
0.001050
0.001050
0.001050
0.001050
0.001050
0.001049
0.001049
0.001049
0.001049
0.001049
0.001049
0.001048
0.001048
0.001048
0.001048
0.001048
0.001047
0.001047
0.001047
0.001047
0.001047
0.001047
0.001046
0.001046
0.001046
0.001046
0.001046
0.001045
0.001045
0.001045
0.001045
0.001045
0.001045
0.001044
0.001044
0.001044
0.001044
0.001044
0.001043
0.001043
0.001043
0.001043
0.001043
0.001043
0.001042
0.001042
0.001042
0.001042
0.001042
0.001042
0.001041
0.001041
0.001041
0.001041
0.001041
0.001041
0.001040
0.001040
0.001040
0.001040
0.001040
0.001039
0.001039
0.001039
0.001039
0.001039
0.001039
0.001038
0.001038
0.001038
0.001038
0.001038
0.001038
0.001037
0.001037
0.001037
0.001037
0.001037
0.001036
0.001036
0.001036
0.001036
0.001036
0.001035
0.001035
