0.448763
0.328178
0.148961
0.042745
0.027074
0.019449
0.013940
0.009983
0.007455
0.006161
0.005365
0.004834
0.004434
0.004093
0.003807
0.003568
0.003369
0.003213
0.003092
0.002981
0.002888
0.002819
0.002760
0.002706
0.002665
0.002630
0.002598
0.002567
0.002541
0.002512
0.002490
0.002470
0.002448
0.002431
0.002414
0.002396
0.002379
0.002365
0.002351
0.002339
0.002326
0.002312
0.002299
0.002287
0.002277
0.002266
0.002256
0.002245
0.002234
0.002223
0.002211
0.002200
0.002190
0.002180
0.002167
0.002156
0.002145
0.002134
0.002122
0.002110
0.002100
0.002089
0.002082
0.002074
0.002065
0.002056
0.002049
0.002039
0.002034
0.002025
0.002014
0.002001
0.001990
0.001980
0.001969
0.001957
0.001947
0.001937
0.001927
0.001918
0.001909
0.001899
0.001887
0.001875
0.001868
0.001863
0.001857
0.001850
0.001842
0.001835
0.001826
0.001818
0.001809
0.001799
0.001790
0.001782
0.001775
0.001768
0.001762
0.001755
0.001672
0.001680
0.001697
0.001703
0.001706
0.001705
0.001703
0.001701
0.001698
0.001695
0.001692
0.001688
0.001685
0.001682
0.001679
0.001674
0.001671
0.001667
0.001663
0.001659
0.001655
0.001651
0.001646
0.001643
0.001639
0.001635
0.001631
0.001627
0.001624
0.001621
0.001617
0.001614
0.001611
0.001608
0.001605
0.001602
0.001599
0.001597
0.001594
0.001592
0.001590
0.001587
0.001585
0.001583
0.001581
0.001579
0.001577
0.001575
0.001573
0.001572
0.001569
0.001568
0.001566
0.001563
0.001562
0.001559
0.001558
0.001556
0.001554
0.001552
0.001551
0.001549
0.001549
0.001547
0.001546
0.001544
0.001543
0.001541
0.001539
0.001538
0.001536
0.001535
0.001533
0.001532
0.001531
0.001529
0.001528
0.001527
0.001526
0.001524
0.001523
0.001521
0.001520
0.001519
0.001518
0.001517
0.001516
0.001515
0.001513
0.001512
0.001511
0.001510
0.001509
0.001508
0.001506
0.001505
0.001504
0.001503
0.001502
0.001501
0.001485
0.001493
0.001489
0.001486
0.001486
0.001486
0.001486
0.001486
0.001485
0.001485
0.001485
0.001485
0.001485
0.001485
0.001485
0.001484
0.001484
0.001484
0.001483
0.001484
0.001484
0.001483
0.001483
0.001483
0.001482
0.001482
0.001482
0.001481
0.001481
0.001481
0.001480
0.001480
0.001480
0.001479
0.001479
0.001479
0.001478
0.001478
0.001478
0.001478
0.001477
0.001477
0.001476
0.001476
0.001475
0.001475
0.001475
0.001475
0.001474
0.001474
0.001474
0.001474
0.001473
0.001473
0.001472
0.001472
0.001472
0.001471
0.001471
0.001471
0.001470
0.001470
0.001470
0.001469
0.001469
0.001469
0.001468
0.001468
0.001468
0.001467
0.001467
0.001466
0.001466
0.001466
0.001465
0.001465
0.001464
0.001464
0.001464
0.001463
0.001463
0.001462
0.001462
0.001462
0.001462
0.001462
0.001462
0.001461
0.001461
0.001461
0.001460
0.001460
0.001460
0.001459
0.001459
0.001459
0.001458
0.001458
0.001458
0.001458
0.001435
0.001409
0.001410
0.001410
0.001409
0.001409
0.001408
0.001408
0.001408
0.001408
0.001408
0.001407
0.001407
0.001407
0.001407
0.001407
0.001407
0.001406
0.001406
0.001406
0.001406
0.001406
0.001405
0.001405
0.001405
0.001405
0.001405
0.001404
0.001404
0.001404
0.001404
0.001404
0.001403
0.001403
0.001403
0.001403
0.001403
0.001403
0.001402
0.001402
0.001402
0.001402
0.001401
0.001401
0.001401
0.001401
0.001401
0.001401
0.001400
0.001400
0.001400
0.001400
0.001400
0.001400
0.001400
0.001399
0.001399
0.001399
0.001399
0.001398
0.001398
0.001398
0.001398
0.001398
0.001398
0.001398
0.001397
0.001397
0.001397
0.001397
0.001397
0.001396
0.001396
0.001396
0.001396
0.001396
0.001395
0.001395
0.001395
0.001395
0.001395
0.001395
0.001394
0.001394
0.001394
0.001394
0.001394
0.001393
0.001393
0.001393
0.001393
0.001393
0.001393
0.001392
0.001392
0.001392
0.001392
0.001392
0.001392
0.001391
0.001384
0.001386
0.001386
0.001385
0.001385
0.001384
0.001384
0.001384
0.001384
0.001384
0.001384
0.001383
0.001383
0.001383
0.001383
0.001383
0.001383
0.001382
0.001382
0.001382
0.001382
0.001382
0.001382
0.001382
0.001381
0.001381
0.001381
0.001381
0.001381
0.001381
0.001380
0.001380
0.001380
0.001380
0.001380
0.001380
0.001379
0.001379
0.001379
0.001379
0.001379
0.001379
0.001379
0.001378
0.001378
0.001378
0.001378
0.001378
0.001378
0.001377
0.001377
0.001377
0.001377
0.001377
0.001377
0.001377
0.001376
0.001376
0.001376
0.001376
0.001376
0.001376
0.001375
0.001375
0.001375
0.001375
0.001375
0.001375
0.001375
0.001374
0.001374
0.001374
0.001374
0.001374
0.001374
0.001373
0.001373
0.001373
0.001373
0.001373
0.001373
0.001372
0.001372
0.001372
0.001372
0.001372
0.001372
0.001372
0.001371
0.001371
0.001371
0.001371
0.001371
0.001371
0.001370
0.001370
0.001370
0.001370
0.001370
0.001370
