0.343778
0.113050
0.060971
0.036730
0.020598
0.013125
0.010648
0.009282
0.008242
0.007437
0.006734
0.006216
0.005869
0.005532
0.005141
0.004780
0.004457
0.004163
0.003894
0.003657
0.003450
0.003267
0.003103
0.002958
0.002825
0.002703
0.002594
0.002495
0.002405
0.002321
0.002243
0.002171
0.002106
0.002048
0.001994
0.001946
0.001900
0.001857
0.001817
0.001778
0.001742
0.001709
0.001679
0.001649
0.001618
0.001590
0.001570
0.001553
0.001536
0.001519
0.001505
0.001492
0.001479
0.001468
0.001457
0.001446
0.001437
0.001428
0.001419
0.001411
0.001401
0.001390
0.001380
0.001370
0.001360
0.001351
0.001345
0.001339
0.001330
0.001320
0.001312
0.001306
0.001303
0.001299
0.001296
0.001290
0.001284
0.001279
0.001273
0.001268
0.001263
0.001259
0.001255
0.001251
0.001249
0.001247
0.001244
0.001240
0.001237
0.001233
0.001228
0.001226
0.001223
0.001222
0.001219
0.001216
0.001213
0.001212
0.001210
0.001207
0.001134
0.001129
0.001137
0.001141
0.001137
0.001132
0.001127
0.001123
0.001120
0.001118
0.001117
0.001116
0.001115
0.001115
0.001114
0.001113
0.001112
0.001111
0.001111
0.001110
0.001110
0.001109
0.001109
0.001108
0.001108
0.001107
0.001107
0.001106
0.001106
0.001105
0.001104
0.001104
0.001103
0.001102
0.001102
0.001101
0.001101
0.001100
0.001100
0.001099
0.001099
0.001098
0.001098
0.001098
0.001097
0.001097
0.001096
0.001096
0.001096
0.001095
0.001094
0.001094
0.001094
0.001093
0.001093
0.001092
0.001092
0.001092
0.001091
0.001091
0.001091
0.001090
0.001090
0.001090
0.001089
0.001089
0.001088
0.001088
0.001087
0.001087
0.001086
0.001086
0.001085
0.001084
0.001084
0.001083
0.001083
0.001083
0.001083
0.001082
0.001082
0.001081
0.001081
0.001080
0.001080
0.001080
0.001079
0.001079
0.001079
0.001079
0.001079
0.001079
0.001079
0.001080
0.001081
0.001082
0.001084
0.001086
0.001089
0.001091
0.001053
0.001032
0.001034
0.001035
0.001036
0.001035
0.001034
0.001034
0.001033
0.001033
0.001032
0.001031
0.001031
0.001030
0.001029
0.001029
0.001028
0.001027
0.001026
0.001025
0.001025
0.001024
0.001023
0.001022
0.001021
0.001020
0.001019
0.001018
0.001017
0.001016
0.001015
0.001014
0.001012
0.001011
0.001010
0.001009
0.001007
0.001006
0.001005
0.001004
0.001003
0.001002
0.001001
0.001000
0.000999
0.000998
0.000997
0.000996
0.000995
0.000994
0.000993
0.000992
0.000991
0.000991
0.000990
0.000989
0.000988
0.000987
0.000987
0.000986
0.000985
0.000985
0.000984
0.000983
0.000982
0.000982
0.000981
0.000981
0.000980
0.000980
0.000979
0.000979
0.000978
0.000978
0.000977
0.000977
0.000976
0.000976
0.000976
0.000975
0.000975
0.000975
0.000974
0.000974
0.000974
0.000973
0.000973
0.000973
0.000972
0.000972
0.000972
0.000972
0.000971
0.000971
0.000971
0.000971
0.000970
0.000970
0.000970
0.000970
0.000967
0.000971
0.000968
0.000967
0.000968
0.000969
0.000969
0.000969
0.000969
0.000969
0.000969
0.000969
0.000969
0.000969
0.000969
0.000969
0.000969
0.000969
0.000969
0.000969
0.000969
0.000969
0.000969
0.000969
0.000969
0.000969
0.000969
0.000969
0.000969
0.000969
0.000969
0.000969
0.000969
0.000969
0.000969
0.000969
0.000969
0.000969
0.000969
0.000969
0.000969
0.000969
0.000969
0.000968
0.000968
0.000968
0.000968
0.000968
0.000968
0.000968
0.000968
0.000968
0.000968
0.000968
0.000968
0.000968
0.000968
0.000967
0.000967
0.000967
0.000967
0.000967
0.000967
0.000967
0.000967
0.000967
0.000967
0.000966
0.000966
0.000966
0.000966
0.000966
0.000966
0.000966
0.000966
0.000966
0.000966
0.000966
0.000965
0.000965
0.000965
0.000965
0.000965
0.000965
0.000965
0.000964
0.000964
0.000964
0.000964
0.000964
0.000964
0.000964
0.000964
0.000964
0.000963
0.000963
0.000963
0.000963
0.000963
0.000963
0.000951
0.000944
0.000940
0.000941
0.000941
0.000941
0.000941
0.000941
0.000941
0.000941
0.000941
0.000941
0.000941
0.000941
0.000940
0.000940
0.000940
0.000940
0.000940
0.000940
0.000940
0.000940
0.000940
0.000940
0.000940
0.000940
0.000940
0.000940
0.000940
0.000940
0.000940
0.000940
0.000940
0.000940
0.000940
0.000940
0.000940
0.000940
0.000940
0.000940
0.000940
0.000940
0.000940
0.000940
0.000940
0.000940
0.000940
0.000940
0.000940
0.000940
0.000940
0.000940
0.000940
0.000940
0.000940
0.000940
0.000940
0.000939
0.000939
0.000939
0.000939
0.000939
0.000939
0.000939
0.000939
0.000939
0.000939
0.000939
0.000939
0.000939
0.000939
0.000939
0.000939
0.000939
0.000939
0.000939
0.000939
0.000939
0.000939
0.000939
0.000939
0.000939
0.000939
0.000939
0.000939
0.000939
0.000939
0.000939
0.000939
0.000939
0.000939
0.000939
0.000939
0.000939
0.000939
0.000939
0.000939
0.000939
0.000939
0.000939
