0.410600
0.157695
0.040187
0.013761
0.008687
0.007031
0.006377
0.005806
0.005337
0.004837
0.004314
0.003927
0.003611
0.003352
0.003138
0.002960
0.002804
0.002680
0.002582
0.002504
0.002439
0.002382
0.002331
0.002279
0.002228
0.002175
0.002120
0.002066
0.002016
0.001977
0.001941
0.001906
0.001871
0.001837
0.001805
0.001774
0.001741
0.001708
0.001671
0.001635
0.001603
0.001573
0.001547
0.001521
0.001495
0.001469
0.001446
0.001421
0.001396
0.001373
0.001351
0.001331
0.001313
0.001294
0.001274
0.001255
0.001236
0.001217
0.001199
0.001181
0.001166
0.001153
0.001139
0.001126
0.001115
0.001104
0.001093
0.001084
0.001074
0.001066
0.001059
0.001051
0.001045
0.001040
0.001035
0.001028
0.001024
0.001020
0.001015
0.001011
0.001006
0.001001
0.000995
0.000987
0.000981
0.000976
0.000969
0.000962
0.000956
0.000950
0.000943
0.000936
0.000931
0.000924
0.000917
0.000911
0.000903
0.000895
0.000888
0.000882
0.000821
0.000806
0.000800
0.000795
0.000793
0.000790
0.000787
0.000785
0.000783
0.000780
0.000778
0.000776
0.000774
0.000772
0.000770
0.000768
0.000766
0.000764
0.000763
0.000761
0.000759
0.000758
0.000756
0.000755
0.000754
0.000753
0.000752
0.000751
0.000750
0.000749
0.000747
0.000746
0.000745
0.000744
0.000743
0.000742
0.000741
0.000741
0.000740
0.000739
0.000738
0.000737
0.000736
0.000735
0.000734
0.000733
0.000732
0.000730
0.000729
0.000727
0.000726
0.000725
0.000723
0.000721
0.000720
0.000718
0.000717
0.000715
0.000713
0.000711
0.000710
0.000708
0.000706
0.000704
0.000702
0.000700
0.000699
0.000697
0.000696
0.000694
0.000693
0.000691
0.000689
0.000687
0.000685
0.000682
0.000681
0.000679
0.000677
0.000675
0.000674
0.000672
0.000670
0.000668
0.000667
0.000665
0.000664
0.000662
0.000660
0.000659
0.000658
0.000656
0.000655
0.000654
0.000652
0.000652
0.000650
0.000649
0.000648
0.000647
0.000637
0.000635
0.000635
0.000633
0.000632
0.000631
0.000631
0.000630
0.000629
0.000629
0.000628
0.000628
0.000627
0.000626
0.000626
0.000625
0.000624
0.000624
0.000623
0.000623
0.000622
0.000622
0.000621
0.000621
0.000620
0.000620
0.000619
0.000619
0.000619
0.000618
0.000618
0.000618
0.000617
0.000617
0.000617
0.000616
0.000616
0.000616
0.000615
0.000615
0.000615
0.000614
0.000614
0.000614
0.000614
0.000613
0.000613
0.000613
0.000613
0.000613
0.000612
0.000612
0.000612
0.000612
0.000612
0.000611
0.000611
0.000611
0.000610
0.000610
0.000610
0.000609
0.000609
0.000609
0.000608
0.000608
0.000608
0.000608
0.000607
0.000607
0.000607
0.000606
0.000606
0.000606
0.000605
0.000605
0.000605
0.000605
0.000604
0.000604
0.000604
0.000603
0.000603
0.000603
0.000603
0.000602
0.000602
0.000602
0.000601
0.000601
0.000600
0.000600
0.000599
0.000599
0.000598
0.000598
0.000598
0.000597
0.000597
0.000597
0.000588
0.000598
0.000606
0.000609
0.000610
0.000609
0.000608
0.000607
0.000606
0.000605
0.000605
0.000604
0.000604
0.000603
0.000603
0.000602
0.000602
0.000602
0.000601
0.000601
0.000601
0.000600
0.000600
0.000600
0.000599
0.000599
0.000599
0.000598
0.000598
0.000598
0.000597
0.000597
0.000597
0.000596
0.000596
0.000596
0.000595
0.000595
0.000595
0.000595
0.000594
0.000594
0.000594
0.000594
0.000593
0.000593
0.000593
0.000593
0.000593
0.000592
0.000592
0.000592
0.000591
0.000591
0.000591
0.000591
0.000590
0.000590
0.000590
0.000590
0.000589
0.000589
0.000589
0.000588
0.000588
0.000588
0.000588
0.000588
0.000587
0.000587
0.000587
0.000587
0.000586
0.000586
0.000586
0.000586
0.000585
0.000585
0.000585
0.000584
0.000584
0.000584
0.000583
0.000583
0.000583
0.000582
0.000582
0.000582
0.000582
0.000581
0.000581
0.000581
0.000581
0.000580
0.000580
0.000580
0.000580
0.000579
0.000579
0.000579
0.000568
0.000562
0.000560
0.000561
0.000561
0.000560
0.000560
0.000560
0.000560
0.000560
0.000560
0.000560
0.000560
0.000560
0.000560
0.000559
0.000559
0.000559
0.000559
0.000559
0.000559
0.000559
0.000559
0.000559
0.000559
0.000559
0.000558
0.000558
0.000558
0.000558
0.000558
0.000558
0.000558
0.000558
0.000558
0.000558
0.000558
0.000557
0.000557
0.000557
0.000557
0.000557
0.000557
0.000557
0.000557
0.000557
0.000557
0.000557
0.000556
0.000556
0.000556
0.000556
0.000556
0.000556
0.000556
0.000556
0.000556
0.000556
0.000556
0.000555
0.000555
0.000555
0.000555
0.000555
0.000555
0.000555
0.000555
0.000555
0.000555
0.000555
0.000554
0.000554
0.000554
0.000554
0.000554
0.000554
0.000554
0.000554
0.000554
0.000554
0.000554
0.000553
0.000553
0.000553
0.000553
0.000553
0.000553
0.000553
0.000553
0.000553
0.000553
0.000552
0.000552
0.000552
0.000552
0.000552
0.000552
0.000552
0.000551
0.000551
