0.463728
0.347298
0.216274
0.125373
0.074305
0.050472
0.039297
0.032403
0.027442
0.023546
0.020359
0.017664
0.015304
0.013220
0.011400
0.009837
0.008523
0.007468
0.006638
0.005959
0.005414
0.005003
0.004703
0.004473
0.004297
0.004147
0.004018
0.003902
0.003795
0.003693
0.003594
0.003495
0.003396
0.003299
0.003204
0.003111
0.003022
0.002934
0.002848
0.002765
0.002685
0.002608
0.002538
0.002473
0.002415
0.002362
0.002312
0.002268
0.002227
0.002190
0.002155
0.002123
0.002093
0.002065
0.002039
0.002015
0.001993
0.001972
0.001953
0.001935
0.001917
0.001900
0.001884
0.001869
0.001854
0.001839
0.001825
0.001811
0.001797
0.001783
0.001770
0.001758
0.001745
0.001733
0.001721
0.001710
0.001698
0.001686
0.001673
0.001662
0.001651
0.001640
0.001629
0.001618
0.001608
0.001598
0.001587
0.001579
0.001570
0.001561
0.001553
0.001545
0.001537
0.001529
0.001521
0.001513
0.001507
0.001501
0.001494
0.001488
0.001460
0.001469
0.001465
0.001462
0.001460
0.001457
0.001454
0.001452
0.001450
0.001448
0.001446
0.001444
0.001442
0.001440
0.001438
0.001436
0.001435
0.001433
0.001431
0.001429
0.001427
0.001426
0.001424
0.001423
0.001421
0.001418
0.001417
0.001415
0.001413
0.001412
0.001411
0.001409
0.001408
0.001407
0.001406
0.001404
0.001403
0.001402
0.001400
0.001399
0.001398
0.001397
0.001396
0.001395
0.001394
0.001393
0.001391
0.001390
0.001389
0.001388
0.001386
0.001385
0.001384
0.001383
0.001382
0.001381
0.001380
0.001379
0.001377
0.001376
0.001375
0.001374
0.001373
0.001371
0.001370
0.001369
0.001368
0.001367
0.001366
0.001365
0.001364
0.001363
0.001362
0.001361
0.001360
0.001359
0.001358
0.001357
0.001356
0.001355
0.001354
0.001353
0.001352
0.001351
0.001351
0.001349
0.001349
0.001348
0.001347
0.001347
0.001346
0.001346
0.001345
0.001344
0.001343
0.001342
0.001342
0.001341
0.001340
0.001339
0.001334
0.001319
0.001315
0.001319
0.001318
0.001318
0.001318
0.001318
0.001318
0.001317
0.001317
0.001317
0.001317
0.001316
0.001316
0.001316
0.001316
0.001315
0.001315
0.001315
0.001314
0.001314
0.001314
0.001314
0.001314
0.001313
0.001313
0.001313
0.001313
0.001313
0.001312
0.001312
0.001312
0.001312
0.001312
0.001312
0.001311
0.001311
0.001311
0.001311
0.001311
0.001311
0.001311
0.001311
0.001310
0.001310
0.001310
0.001310
0.001310
0.001310
0.001310
0.001310
0.001309
0.001309
0.001309
0.001309
0.001309
0.001309
0.001309
0.001309
0.001309
0.001309
0.001309
0.001309
0.001309
0.001309
0.001309
0.001308
0.001308
0.001308
0.001308
0.001308
0.001308
0.001308
0.001308
0.001308
0.001308
0.001308
0.001308
0.001308
0.001308
0.001308
0.001308
0.001308
0.001308
0.001308
0.001308
0.001308
0.001308
0.001308
0.001308
0.001308
0.001308
0.001308
0.001308
0.001308
0.001308
0.001308
0.001307
0.001308
0.001293
0.001289
0.001287
0.001287
0.001286
0.001286
0.001286
0.001286
0.001286
0.001286
0.001286
0.001286
0.001286
0.001286
0.001286
0.001286
0.001286
0.001286
0.001286
0.001286
0.001286
0.001286
0.001286
0.001286
0.001286
0.001286
0.001286
0.001286
0.001286
0.001286
0.001286
0.001286
0.001286
0.001286
0.001286
0.001286
0.001286
0.001286
0.001286
0.001286
0.001286
0.001286
0.001286
0.001286
0.001286
0.001286
0.001286
0.001286
0.001286
0.001286
0.001286
0.001286
0.001286
0.001286
0.001286
0.001286
0.001286
0.001286
0.001286
0.001286
0.001286
0.001286
0.001286
0.001286
0.001286
0.001286
0.001286
0.001286
0.001286
0.001286
0.001286
0.001286
0.001286
0.001286
0.001286
0.001286
0.001286
0.001286
0.001286
0.001286
0.001286
0.001286
0.001286
0.001286
0.001286
0.001286
0.001286
0.001286
0.001286
0.001286
0.001286
0.001286
0.001286
0.001286
0.001286
0.001286
0.001286
0.001286
0.001286
0.001286
0.001282
0.001283
0.001285
0.001286
0.001286
0.001286
0.001286
0.001286
0.001286
0.001286
0.001286
0.001286
0.001286
0.001286
0.001286
0.001286
0.001286
0.001286
0.001286
0.001286
0.001286
0.001286
0.001286
0.001286
0.001286
0.001286
0.001286
0.001286
0.001286
0.001286
0.001286
0.001286
0.001286
0.001286
0.001286
0.001286
0.001286
0.001286
0.001286
0.001286
0.001286
0.001286
0.001286
0.001286
0.001286
0.001286
0.001286
0.001286
0.001285
0.001286
0.001285
0.001285
0.001285
0.001285
0.001285
0.001285
0.001285
0.001285
0.001285
0.001285
0.001285
0.001285
0.001285
0.001285
0.001285
0.001285
0.001285
0.001285
0.001285
0.001285
0.001285
0.001285
0.001285
0.001285
0.001285
0.001285
0.001285
0.001285
0.001285
0.001285
0.001285
0.001285
0.001285
0.001285
0.001285
0.001285
0.001285
0.001285
0.001285
0.001285
0.001285
0.001285
0.001285
0.001285
0.001285
0.001285
0.001285
0.001285
0.001285
0.001285
