0.317718
0.069557
0.036656
0.019015
0.009805
0.006007
0.003862
0.002849
0.002453
0.002173
0.001977
0.001852
0.001767
0.001700
0.001636
0.001565
0.001501
0.001457
0.001433
0.001424
0.001416
0.001395
0.001364
0.001328
0.001302
0.001290
0.001287
0.001288
0.001288
0.001279
0.001262
0.001245
0.001231
0.001224
0.001224
0.001229
0.001231
0.001230
0.001221
0.001210
0.001197
0.001189
0.001184
0.001183
0.001182
0.001182
0.001182
0.001179
0.001174
0.001169
0.001167
0.001165
0.001162
0.001158
0.001154
0.001150
0.001149
0.001147
0.001144
0.001142
0.001140
0.001139
0.001135
0.001132
0.001130
0.001126
0.001123
0.001122
0.001119
0.001117
0.001115
0.001112
0.001110
0.001108
0.001105
0.001102
0.001101
0.001098
0.001097
0.001097
0.001097
0.001095
0.001092
0.001090
0.001089
0.001087
0.001087
0.001086
0.001085
0.001084
0.001083
0.001082
0.001080
0.001078
0.001077
0.001077
0.001077
0.001076
0.001076
0.001075
0.000988
0.001000
0.001000
0.001001
0.001002
0.001000
0.000998
0.000997
0.000996
0.000995
0.000994
0.000993
0.000992
0.000992
0.000991
0.000991
0.000991
0.000990
0.000989
0.000989
0.000988
0.000988
0.000988
0.000987
0.000987
0.000987
0.000987
0.000987
0.000987
0.000987
0.000987
0.000988
0.000988
0.000988
0.000988
0.000988
0.000988
0.000988
0.000988
0.000988
0.000988
0.000988
0.000988
0.000988
0.000988
0.000988
0.000988
0.000987
0.000987
0.000987
0.000987
0.000987
0.000987
0.000987
0.000986
0.000987
0.000986
0.000986
0.000985
0.000985
0.000984
0.000984
0.000983
0.000983
0.000983
0.000983
0.000983
0.000983
0.000983
0.000982
0.000982
0.000982
0.000982
0.000981
0.000981
0.000980
0.000980
0.000980
0.000979
0.000979
0.000979
0.000978
0.000978
0.000977
0.000976
0.000975
0.000974
0.000974
0.000973
0.000973
0.000972
0.000971
0.000971
0.000970
0.000970
0.000969
0.000969
0.000969
0.000969
0.000969
0.000918
0.000919
0.000923
0.000926
0.000927
0.000927
0.000926
0.000925
0.000924
0.000923
0.000921
0.000920
0.000919
0.000917
0.000916
0.000915
0.000914
0.000912
0.000911
0.000910
0.000909
0.000908
0.000907
0.000906
0.000905
0.000904
0.000903
0.000902
0.000901
0.000900
0.000899
0.000898
0.000898
0.000897
0.000896
0.000896
0.000895
0.000894
0.000894
0.000893
0.000893
0.000892
0.000892
0.000891
0.000890
0.000890
0.000890
0.000889
0.000889
0.000888
0.000888
0.000888
0.000887
0.000887
0.000886
0.000886
0.000886
0.000885
0.000885
0.000885
0.000884
0.000884
0.000884
0.000883
0.000883
0.000883
0.000883
0.000882
0.000882
0.000882
0.000882
0.000881
0.000881
0.000881
0.000881
0.000881
0.000881
0.000881
0.000881
0.000880
0.000880
0.000880
0.000880
0.000880
0.000880
0.000880
0.000880
0.000880
0.000880
0.000880
0.000880
0.000880
0.000880
0.000880
0.000880
0.000880
0.000880
0.000880
0.000880
0.000880
0.000874
0.000882
0.000880
0.000877
0.000876
0.000875
0.000876
0.000876
0.000876
0.000876
0.000876
0.000876
0.000876
0.000875
0.000875
0.000876
0.000875
0.000876
0.000875
0.000875
0.000875
0.000875
0.000875
0.000875
0.000875
0.000875
0.000875
0.000875
0.000875
0.000875
0.000875
0.000875
0.000875
0.000875
0.000875
0.000875
0.000875
0.000875
0.000875
0.000875
0.000875
0.000875
0.000874
0.000874
0.000874
0.000874
0.000874
0.000874
0.000874
0.000874
0.000874
0.000873
0.000873
0.000873
0.000873
0.000873
0.000873
0.000873
0.000872
0.000872
0.000872
0.000872
0.000872
0.000872
0.000872
0.000872
0.000872
0.000872
0.000872
0.000872
0.000872
0.000871
0.000872
0.000871
0.000871
0.000871
0.000871
0.000871
0.000871
0.000871
0.000871
0.000871
0.000871
0.000871
0.000870
0.000870
0.000870
0.000870
0.000870
0.000870
0.000870
0.000870
0.000870
0.000869
0.000869
0.000869
0.000869
0.000869
0.000869
0.000869
0.000870
0.000866
0.000860
0.000858
0.000857
0.000858
0.000857
0.000857
0.000857
0.000857
0.000857
0.000856
0.000856
0.000856
0.000856
0.000856
0.000856
0.000856
0.000856
0.000856
0.000855
0.000855
0.000855
0.000855
0.000855
0.000855
0.000855
0.000855
0.000855
0.000855
0.000855
0.000855
0.000854
0.000854
0.000854
0.000854
0.000854
0.000854
0.000854
0.000854
0.000854
0.000854
0.000854
0.000854
0.000854
0.000854
0.000853
0.000853
0.000853
0.000853
0.000853
0.000853
0.000853
0.000853
0.000853
0.000853
0.000853
0.000853
0.000853
0.000853
0.000853
0.000853
0.000853
0.000853
0.000853
0.000852
0.000852
0.000852
0.000852
0.000852
0.000852
0.000852
0.000852
0.000852
0.000852
0.000852
0.000852
0.000852
0.000852
0.000852
0.000852
0.000852
0.000852
0.000852
0.000851
0.000851
0.000851
0.000851
0.000851
0.000851
0.000851
0.000851
0.000851
0.000851
0.000851
0.000851
0.000851
0.000851
0.000851
0.000851
