0.448715
0.305763
0.171802
0.086225
0.068041
0.055778
0.047045
0.039987
0.033897
0.028588
0.023913
0.019784
0.016192
0.013148
0.010679
0.008861
0.007613
0.006773
0.006210
0.005818
0.005520
0.005273
0.005063
0.004880
0.004721
0.004586
0.004471
0.004370
0.004281
0.004202
0.004131
0.004067
0.004007
0.003952
0.003902
0.003853
0.003807
0.003764
0.003723
0.003684
0.003647
0.003610
0.003576
0.003541
0.003505
0.003470
0.003435
0.003401
0.003365
0.003331
0.003298
0.003265
0.003233
0.003203
0.003175
0.003148
0.003123
0.003100
0.003077
0.003055
0.003034
0.003013
0.002994
0.002974
0.002954
0.002934
0.002914
0.002895
0.002876
0.002856
0.002837
0.002817
0.002797
0.002777
0.002756
0.002736
0.002716
0.002696
0.002676
0.002655
0.002635
0.002614
0.002594
0.002572
0.002551
0.002528
0.002505
0.002481
0.002456
0.002431
0.002404
0.002377
0.002349
0.002320
0.002289
0.002257
0.002224
0.002189
0.002153
0.002115
0.002082
0.002086
0.002073
0.002053
0.002033
0.002013
0.001993
0.001974
0.001954
0.001935
0.001915
0.001895
0.001875
0.001856
0.001838
0.001822
0.001807
0.001793
0.001779
0.001766
0.001753
0.001740
0.001728
0.001717
0.001706
0.001695
0.001685
0.001675
0.001666
0.001657
0.001650
0.001641
0.001633
0.001626
0.001618
0.001611
0.001603
0.001596
0.001588
0.001582
0.001575
0.001568
0.001559
0.001554
0.001550
0.001545
0.001542
0.001539
0.001535
0.001532
0.001528
0.001525
0.001521
0.001518
0.001515
0.001512
0.001509
0.001506
0.001503
0.001500
0.001498
0.001496
0.001493
0.001491
0.001490
0.001489
0.001487
0.001485
0.001482
0.001480
0.001477
0.001475
0.001473
0.001471
0.001469
0.001468
0.001466
0.001465
0.001463
0.001462
0.001460
0.001458
0.001457
0.001455
0.001453
0.001452
0.001450
0.001448
0.001447
0.001445
0.001443
0.001442
0.001441
0.001439
0.001438
0.001437
0.001436
0.001435
0.001434
0.001433
0.001392
0.001373
0.001364
0.001365
0.001364
0.001363
0.001363
0.001363
0.001362
0.001362
0.001361
0.001361
0.001361
0.001360
0.001360
0.001360
0.001359
0.001359
0.001359
0.001358
0.001358
0.001357
0.001357
0.001357
0.001356
0.001356
0.001356
0.001355
0.001355
0.001354
0.001354
0.001354
0.001354
0.001353
0.001353
0.001353
0.001353
0.001352
0.001352
0.001352
0.001352
0.001351
0.001351
0.001351
0.001350
0.001350
0.001350
0.001350
0.001349
0.001349
0.001348
0.001348
0.001348
0.001348
0.001347
0.001347
0.001347
0.001346
0.001346
0.001346
0.001346
0.001345
0.001345
0.001344
0.001344
0.001344
0.001343
0.001343
0.001343
0.001343
0.001342
0.001342
0.001342
0.001342
0.001341
0.001341
0.001341
0.001341
0.001341
0.001341
0.001340
0.001340
0.001340
0.001340
0.001339
0.001339
0.001339
0.001339
0.001339
0.001339
0.001339
0.001338
0.001338
0.001338
0.001338
0.001338
0.001338
0.001338
0.001338
0.001337
0.001320
0.001317
0.001315
0.001314
0.001314
0.001314
0.001314
0.001313
0.001313
0.001313
0.001313
0.001313
0.001313
0.001313
0.001313
0.001313
0.001313
0.001312
0.001312
0.001312
0.001312
0.001312
0.001312
0.001312
0.001312
0.001312
0.001311
0.001311
0.001311
0.001311
0.001311
0.001311
0.001311
0.001311
0.001311
0.001311
0.001311
0.001310
0.001310
0.001310
0.001310
0.001310
0.001310
0.001310
0.001310
0.001310
0.001310
0.001310
0.001310
0.001309
0.001309
0.001309
0.001309
0.001309
0.001309
0.001309
0.001309
0.001309
0.001309
0.001309
0.001309
0.001309
0.001309
0.001309
0.001308
0.001308
0.001308
0.001308
0.001308
0.001308
0.001308
0.001308
0.001308
0.001308
0.001308
0.001308
0.001308
0.001308
0.001308
0.001307
0.001307
0.001307
0.001307
0.001307
0.001307
0.001307
0.001307
0.001307
0.001307
0.001307
0.001307
0.001307
0.001307
0.001307
0.001307
0.001307
0.001307
0.001307
0.001306
0.001306
0.001301
0.001301
0.001303
0.001304
0.001304
0.001304
0.001304
0.001304
0.001304
0.001304
0.001304
0.001304
0.001304
0.001304
0.001304
0.001304
0.001304
0.001304
0.001304
0.001304
0.001304
0.001304
0.001304
0.001304
0.001304
0.001304
0.001304
0.001304
0.001304
0.001304
0.001304
0.001304
0.001304
0.001304
0.001303
0.001303
0.001303
0.001303
0.001303
0.001303
0.001303
0.001303
0.001303
0.001303
0.001303
0.001303
0.001303
0.001303
0.001303
0.001303
0.001303
0.001303
0.001303
0.001303
0.001303
0.001303
0.001303
0.001303
0.001303
0.001303
0.001302
0.001302
0.001302
0.001302
0.001302
0.001302
0.001302
0.001302
0.001302
0.001302
0.001302
0.001302
0.001302
0.001302
0.001302
0.001302
0.001302
0.001302
0.001302
0.001302
0.001302
0.001302
0.001302
0.001302
0.001302
0.001302
0.001302
0.001302
0.001302
0.001302
0.001301
0.001301
0.001301
0.001301
0.001301
0.001301
0.001301
0.001301
0.001301
0.001301
