0.492287
0.307317
0.201743
0.087580
0.055297
0.040459
0.030698
0.023760
0.018503
0.014454
0.011351
0.009478
0.008403
0.007743
0.007348
0.007109
0.006956
0.006851
0.006771
0.006706
0.006648
0.006595
0.006546
0.006501
0.006459
0.006418
0.006377
0.006335
0.006293
0.006250
0.006208
0.006167
0.006124
0.006083
0.006042
0.006001
0.005962
0.005922
0.005881
0.005839
0.005797
0.005755
0.005712
0.005668
0.005623
0.005577
0.005531
0.005483
0.005436
0.005386
0.005333
0.005278
0.005220
0.005159
0.005093
0.005024
0.004951
0.004876
0.004798
0.004717
0.004631
0.004541
0.004447
0.004352
0.004254
0.004155
0.004058
0.003961
0.003856
0.003732
0.003602
0.003509
0.003434
0.003369
0.003311
0.003259
0.003210
0.003164
0.003121
0.003081
0.003042
0.003005
0.002970
0.002935
0.002902
0.002870
0.002839
0.002810
0.002782
0.002754
0.002727
0.002701
0.002675
0.002647
0.002620
0.002593
0.002566
0.002538
0.002510
0.002481
0.002434
0.002415
0.002401
0.002385
0.002367
0.002347
0.002327
0.002303
0.002278
0.002253
0.002228
0.002201
0.002173
0.002146
0.002118
0.002090
0.002063
0.002038
0.002016
0.001994
0.001975
0.001957
0.001941
0.001925
0.001911
0.001899
0.001888
0.001877
0.001866
0.001856
0.001845
0.001835
0.001826
0.001817
0.001808
0.001800
0.001791
0.001783
0.001775
0.001767
0.001759
0.001752
0.001745
0.001737
0.001731
0.001725
0.001719
0.001712
0.001707
0.001700
0.001695
0.001690
0.001685
0.001680
0.001675
0.001671
0.001666
0.001662
0.001657
0.001653
0.001648
0.001645
0.001640
0.001636
0.001632
0.001627
0.001623
0.001620
0.001616
0.001613
0.001610
0.001607
0.001604
0.001601
0.001598
0.001594
0.001591
0.001588
0.001584
0.001581
0.001578
0.001575
0.001572
0.001569
0.001567
0.001564
0.001561
0.001559
0.001556
0.001554
0.001551
0.001549
0.001547
0.001544
0.001542
0.001539
0.001537
0.001535
0.001532
0.001530
0.001527
0.001526
0.001520
0.001521
0.001519
0.001517
0.001516
0.001514
0.001513
0.001513
0.001511
0.001511
0.001510
0.001509
0.001508
0.001507
0.001507
0.001506
0.001505
0.001504
0.001503
0.001503
0.001502
0.001501
0.001501
0.001500
0.001499
0.001499
0.001498
0.001498
0.001497
0.001496
0.001495
0.001495
0.001494
0.001493
0.001493
0.001492
0.001492
0.001491
0.001490
0.001489
0.001489
0.001488
0.001487
0.001487
0.001487
0.001486
0.001485
0.001484
0.001484
0.001484
0.001483
0.001483
0.001483
0.001482
0.001482
0.001481
0.001481
0.001480
0.001480
0.001480
0.001479
0.001479
0.001478
0.001478
0.001477
0.001477
0.001477
0.001476
0.001476
0.001475
0.001475
0.001474
0.001474
0.001474
0.001474
0.001473
0.001472
0.001472
0.001471
0.001471
0.001470
0.001470
0.001470
0.001469
0.001469
0.001468
0.001468
0.001467
0.001467
0.001466
0.001466
0.001466
0.001465
0.001465
0.001465
0.001464
0.001464
0.001463
0.001448
0.001436
0.001433
0.001434
0.001433
0.001433
0.001433
0.001432
0.001432
0.001432
0.001432
0.001432
0.001431
0.001431
0.001431
0.001431
0.001431
0.001431
0.001430
0.001430
0.001430
0.001430
0.001430
0.001429
0.001429
0.001429
0.001429
0.001429
0.001429
0.001428
0.001428
0.001428
0.001428
0.001428
0.001428
0.001427
0.001427
0.001427
0.001427
0.001427
0.001427
0.001427
0.001426
0.001426
0.001426
0.001426
0.001426
0.001426
0.001426
0.001425
0.001425
0.001425
0.001425
0.001425
0.001425
0.001425
0.001424
0.001424
0.001424
0.001424
0.001424
0.001424
0.001424
0.001424
0.001424
0.001423
0.001423
0.001423
0.001423
0.001423
0.001423
0.001423
0.001423
0.001422
0.001422
0.001422
0.001422
0.001422
0.001422
0.001422
0.001422
0.001421
0.001421
0.001421
0.001421
0.001421
0.001421
0.001421
0.001421
0.001420
0.001420
0.001420
0.001420
0.001420
0.001420
0.001420
0.001420
0.001420
0.001420
0.001419
0.001415
0.001417
0.001419
0.001419
0.001419
0.001419
0.001419
0.001419
0.001419
0.001419
0.001419
0.001419
0.001418
0.001418
0.001418
0.001418
0.001418
0.001418
0.001418
0.001418
0.001418
0.001418
0.001418
0.001418
0.001418
0.001418
0.001418
0.001418
0.001418
0.001418
0.001417
0.001417
0.001417
0.001417
0.001417
0.001417
0.001417
0.001417
0.001417
0.001417
0.001417
0.001417
0.001417
0.001417
0.001417
0.001417
0.001417
0.001416
0.001416
0.001416
0.001416
0.001416
0.001416
0.001416
0.001416
0.001416
0.001416
0.001416
0.001416
0.001416
0.001416
0.001416
0.001416
0.001416
0.001416
0.001415
0.001415
0.001415
0.001415
0.001415
0.001415
0.001415
0.001415
0.001415
0.001415
0.001415
0.001415
0.001415
0.001415
0.001415
0.001415
0.001415
0.001415
0.001415
0.001415
0.001414
0.001414
0.001414
0.001414
0.001414
0.001414
0.001414
0.001414
0.001414
0.001414
0.001414
0.001414
0.001414
0.001414
0.001414
