0.378897
0.102923
0.045589
0.026588
0.016819
0.010940
0.007257
0.004778
0.003306
0.002842
0.002655
0.002477
0.002306
0.002167
0.002067
0.001991
0.001927
0.001872
0.001818
0.001761
0.001705
0.001660
0.001626
0.001596
0.001570
0.001546
0.001523
0.001501
0.001479
0.001459
0.001439
0.001418
0.001398
0.001377
0.001356
0.001336
0.001315
0.001295
0.001275
0.001257
0.001239
0.001224
0.001209
0.001198
0.001188
0.001178
0.001171
0.001164
0.001157
0.001150
0.001143
0.001138
0.001132
0.001127
0.001122
0.001117
0.001113
0.001109
0.001106
0.001102
0.001099
0.001096
0.001093
0.001092
0.001091
0.001089
0.001088
0.001088
0.001088
0.001087
0.001085
0.001084
0.001081
0.001076
0.001071
0.001068
0.001066
0.001065
0.001062
0.001060
0.001058
0.001056
0.001053
0.001050
0.001048
0.001044
0.001041
0.001038
0.001035
0.001032
0.001031
0.001031
0.001028
0.001027
0.001025
0.001023
0.001022
0.001021
0.001021
0.001020
0.000945
0.000960
0.000943
0.000942
0.000942
0.000939
0.000939
0.000939
0.000938
0.000938
0.000938
0.000938
0.000938
0.000938
0.000938
0.000938
0.000938
0.000938
0.000939
0.000939
0.000939
0.000939
0.000940
0.000940
0.000940
0.000941
0.000941
0.000941
0.000942
0.000942
0.000942
0.000942
0.000942
0.000943
0.000943
0.000943
0.000943
0.000943
0.000942
0.000942
0.000942
0.000942
0.000942
0.000941
0.000941
0.000941
0.000940
0.000940
0.000940
0.000939
0.000939
0.000939
0.000938
0.000938
0.000938
0.000937
0.000936
0.000936
0.000936
0.000935
0.000934
0.000934
0.000934
0.000933
0.000933
0.000932
0.000932
0.000931
0.000931
0.000930
0.000930
0.000929
0.000928
0.000927
0.000927
0.000926
0.000925
0.000924
0.000924
0.000923
0.000923
0.000923
0.000923
0.000922
0.000921
0.000920
0.000920
0.000919
0.000919
0.000918
0.000918
0.000918
0.000917
0.000917
0.000917
0.000916
0.000916
0.000916
0.000916
0.000915
0.000885
0.000895
0.000907
0.000912
0.000915
0.000916
0.000918
0.000918
0.000918
0.000918
0.000918
0.000918
0.000918
0.000918
0.000918
0.000919
0.000919
0.000919
0.000919
0.000919
0.000920
0.000920
0.000920
0.000920
0.000920
0.000920
0.000920
0.000920
0.000920
0.000920
0.000920
0.000920
0.000920
0.000919
0.000919
0.000919
0.000919
0.000918
0.000918
0.000918
0.000918
0.000917
0.000917
0.000916
0.000916
0.000916
0.000915
0.000915
0.000915
0.000914
0.000914
0.000914
0.000913
0.000912
0.000912
0.000911
0.000911
0.000910
0.000910
0.000909
0.000909
0.000909
0.000909
0.000908
0.000907
0.000907
0.000907
0.000907
0.000907
0.000906
0.000906
0.000906
0.000906
0.000905
0.000905
0.000904
0.000904
0.000903
0.000903
0.000903
0.000903
0.000902
0.000902
0.000902
0.000902
0.000901
0.000901
0.000901
0.000901
0.000901
0.000901
0.000900
0.000900
0.000900
0.000900
0.000899
0.000899
0.000899
0.000899
0.000898
0.000879
0.000863
0.000867
0.000873
0.000873
0.000873
0.000870
0.000868
0.000865
0.000863
0.000861
0.000859
0.000858
0.000857
0.000856
0.000856
0.000855
0.000855
0.000855
0.000854
0.000854
0.000854
0.000854
0.000853
0.000853
0.000853
0.000853
0.000853
0.000852
0.000852
0.000852
0.000852
0.000852
0.000852
0.000852
0.000852
0.000851
0.000851
0.000851
0.000851
0.000851
0.000851
0.000851
0.000851
0.000851
0.000851
0.000851
0.000851
0.000851
0.000851
0.000851
0.000851
0.000851
0.000851
0.000851
0.000851
0.000851
0.000850
0.000850
0.000850
0.000850
0.000850
0.000850
0.000850
0.000850
0.000850
0.000850
0.000850
0.000850
0.000850
0.000850
0.000850
0.000850
0.000850
0.000850
0.000850
0.000850
0.000850
0.000850
0.000850
0.000850
0.000850
0.000850
0.000850
0.000850
0.000850
0.000850
0.000850
0.000850
0.000850
0.000850
0.000850
0.000850
0.000850
0.000850
0.000850
0.000850
0.000850
0.000850
0.000850
0.000832
0.000829
0.000827
0.000827
0.000826
0.000826
0.000826
0.000826
0.000826
0.000826
0.000826
0.000826
0.000826
0.000826
0.000826
0.000826
0.000826
0.000826
0.000826
0.000826
0.000825
0.000825
0.000825
0.000825
0.000825
0.000825
0.000825
0.000825
0.000825
0.000825
0.000825
0.000825
0.000825
0.000825
0.000825
0.000825
0.000825
0.000825
0.000825
0.000825
0.000825
0.000825
0.000825
0.000825
0.000825
0.000825
0.000825
0.000825
0.000825
0.000825
0.000825
0.000825
0.000825
0.000825
0.000825
0.000825
0.000825
0.000825
0.000825
0.000825
0.000825
0.000825
0.000825
0.000825
0.000825
0.000825
0.000825
0.000825
0.000825
0.000825
0.000825
0.000825
0.000825
0.000825
0.000825
0.000825
0.000825
0.000825
0.000825
0.000825
0.000825
0.000825
0.000825
0.000825
0.000825
0.000825
0.000825
0.000825
0.000825
0.000825
0.000825
0.000825
0.000825
0.000825
0.000825
0.000825
0.000825
0.000825
0.000825
0.000825
