0.414444
0.114365
0.047966
0.027543
0.015641
0.008168
0.004598
0.003796
0.003491
0.003237
0.002973
0.002728
0.002526
0.002367
0.002239
0.002124
0.002015
0.001919
0.001836
0.001765
0.001701
0.001647
0.001607
0.001576
0.001551
0.001529
0.001512
0.001497
0.001484
0.001474
0.001465
0.001458
0.001451
0.001445
0.001440
0.001437
0.001436
0.001434
0.001430
0.001424
0.001417
0.001410
0.001406
0.001401
0.001391
0.001379
0.001366
0.001357
0.001351
0.001347
0.001341
0.001335
0.001329
0.001320
0.001311
0.001303
0.001297
0.001293
0.001288
0.001281
0.001273
0.001266
0.001259
0.001253
0.001250
0.001247
0.001242
0.001238
0.001233
0.001229
0.001226
0.001223
0.001222
0.001221
0.001218
0.001213
0.001208
0.001205
0.001202
0.001199
0.001196
0.001195
0.001194
0.001192
0.001188
0.001185
0.001183
0.001177
0.001171
0.001171
0.001173
0.001172
0.001170
0.001165
0.001159
0.001154
0.001153
0.001151
0.001149
0.001147
0.001078
0.001086
0.001063
0.001065
0.001067
0.001065
0.001065
0.001064
0.001063
0.001062
0.001062
0.001061
0.001061
0.001060
0.001060
0.001059
0.001059
0.001058
0.001058
0.001057
0.001057
0.001056
0.001056
0.001055
0.001055
0.001054
0.001054
0.001053
0.001052
0.001051
0.001050
0.001049
0.001048
0.001048
0.001047
0.001046
0.001045
0.001045
0.001044
0.001044
0.001043
0.001042
0.001041
0.001040
0.001039
0.001037
0.001037
0.001037
0.001037
0.001036
0.001036
0.001036
0.001035
0.001034
0.001033
0.001033
0.001032
0.001031
0.001030
0.001029
0.001028
0.001028
0.001028
0.001028
0.001027
0.001026
0.001025
0.001024
0.001023
0.001022
0.001021
0.001020
0.001019
0.001019
0.001018
0.001017
0.001016
0.001015
0.001014
0.001013
0.001012
0.001010
0.001010
0.001009
0.001008
0.001008
0.001007
0.001006
0.001005
0.001005
0.001005
0.001004
0.001004
0.001003
0.001002
0.001002
0.001001
0.001000
0.001000
0.000999
0.000960
0.000960
0.000958
0.000957
0.000955
0.000955
0.000954
0.000954
0.000954
0.000954
0.000954
0.000954
0.000954
0.000954
0.000954
0.000954
0.000953
0.000953
0.000953
0.000952
0.000952
0.000951
0.000951
0.000950
0.000950
0.000949
0.000949
0.000948
0.000947
0.000947
0.000946
0.000945
0.000945
0.000944
0.000944
0.000943
0.000942
0.000942
0.000941
0.000941
0.000940
0.000940
0.000939
0.000939
0.000939
0.000938
0.000938
0.000938
0.000937
0.000937
0.000937
0.000937
0.000936
0.000936
0.000936
0.000936
0.000936
0.000935
0.000935
0.000935
0.000935
0.000935
0.000935
0.000935
0.000934
0.000934
0.000934
0.000934
0.000934
0.000934
0.000934
0.000934
0.000933
0.000933
0.000933
0.000933
0.000933
0.000933
0.000933
0.000932
0.000932
0.000932
0.000932
0.000932
0.000931
0.000931
0.000931
0.000931
0.000931
0.000931
0.000931
0.000930
0.000930
0.000930
0.000930
0.000930
0.000930
0.000930
0.000929
0.000929
0.000929
0.000928
0.000923
0.000923
0.000925
0.000925
0.000925
0.000925
0.000926
0.000926
0.000926
0.000926
0.000927
0.000927
0.000927
0.000927
0.000928
0.000928
0.000928
0.000928
0.000929
0.000929
0.000929
0.000929
0.000930
0.000930
0.000930
0.000930
0.000930
0.000930
0.000931
0.000931
0.000931
0.000931
0.000931
0.000931
0.000931
0.000931
0.000931
0.000930
0.000930
0.000930
0.000930
0.000930
0.000929
0.000929
0.000929
0.000929
0.000929
0.000929
0.000928
0.000928
0.000928
0.000928
0.000928
0.000928
0.000927
0.000927
0.000927
0.000927
0.000927
0.000927
0.000927
0.000927
0.000926
0.000926
0.000926
0.000926
0.000926
0.000926
0.000926
0.000926
0.000926
0.000926
0.000925
0.000925
0.000925
0.000925
0.000925
0.000925
0.000925
0.000925
0.000925
0.000925
0.000925
0.000925
0.000925
0.000924
0.000924
0.000924
0.000924
0.000924
0.000924
0.000924
0.000924
0.000924
0.000924
0.000924
0.000924
0.000924
0.000911
0.000900
0.000896
0.000897
0.000896
0.000896
0.000896
0.000896
0.000896
0.000896
0.000896
0.000896
0.000896
0.000896
0.000896
0.000896
0.000896
0.000896
0.000896
0.000896
0.000896
0.000896
0.000896
0.000896
0.000896
0.000896
0.000896
0.000896
0.000896
0.000896
0.000896
0.000896
0.000896
0.000896
0.000896
0.000896
0.000896
0.000896
0.000896
0.000896
0.000896
0.000896
0.000896
0.000896
0.000896
0.000896
0.000896
0.000896
0.000896
0.000896
0.000896
0.000896
0.000896
0.000896
0.000896
0.000896
0.000896
0.000896
0.000896
0.000896
0.000896
0.000896
0.000896
0.000896
0.000896
0.000896
0.000896
0.000896
0.000896
0.000896
0.000896
0.000896
0.000896
0.000896
0.000896
0.000896
0.000896
0.000896
0.000896
0.000896
0.000896
0.000896
0.000896
0.000896
0.000896
0.000896
0.000896
0.000896
0.000896
0.000896
0.000896
0.000896
0.000896
0.000896
0.000896
0.000896
0.000896
0.000896
0.000896
0.000896
