0.372680
0.089735
0.020130
0.010843
0.007370
0.006061
0.005424
0.005096
0.004822
0.004607
0.004438
0.004278
0.004133
0.003998
0.003863
0.003726
0.003601
0.003481
0.003364
0.003232
0.003088
0.002946
0.002816
0.002687
0.002567
0.002457
0.002354
0.002257
0.002152
0.002025
0.001893
0.001734
0.001613
0.001542
0.001488
0.001448
0.001410
0.001382
0.001354
0.001327
0.001306
0.001291
0.001273
0.001247
0.001233
0.001221
0.001203
0.001168
0.001143
0.001123
0.001091
0.001051
0.001016
0.000986
0.000957
0.000924
0.000893
0.000869
0.000848
0.000830
0.000807
0.000783
0.000757
0.000731
0.000707
0.000683
0.000661
0.000644
0.000629
0.000619
0.000615
0.000610
0.000609
0.000607
0.000609
0.000609
0.000613
0.000618
0.000622
0.000626
0.000629
0.000631
0.000630
0.000632
0.000634
0.000630
0.000628
0.000631
0.000633
0.000634
0.000632
0.000635
0.000637
0.000630
0.000636
0.000638
0.000626
0.000622
0.000630
0.000641
0.000539
0.000539
0.000538
0.000542
0.000541
0.000541
0.000539
0.000538
0.000536
0.000534
0.000531
0.000529
0.000527
0.000526
0.000524
0.000523
0.000522
0.000521
0.000521
0.000520
0.000520
0.000520
0.000520
0.000521
0.000522
0.000523
0.000525
0.000527
0.000530
0.000533
0.000535
0.000537
0.000538
0.000539
0.000540
0.000540
0.000539
0.000539
0.000539
0.000538
0.000538
0.000537
0.000536
0.000535
0.000535
0.000534
0.000534
0.000533
0.000532
0.000531
0.000530
0.000529
0.000527
0.000525
0.000524
0.000522
0.000520
0.000518
0.000516
0.000513
0.000511
0.000510
0.000509
0.000507
0.000505
0.000502
0.000500
0.000498
0.000496
0.000495
0.000494
0.000494
0.000493
0.000492
0.000492
0.000491
0.000490
0.000490
0.000489
0.000488
0.000488
0.000487
0.000487
0.000486
0.000486
0.000485
0.000483
0.000483
0.000482
0.000481
0.000479
0.000478
0.000477
0.000475
0.000474
0.000472
0.000471
0.000469
0.000467
0.000465
0.000446
0.000443
0.000447
0.000444
0.000443
0.000444
0.000444
0.000444
0.000444
0.000444
0.000444
0.000444
0.000445
0.000445
0.000445
0.000445
0.000445
0.000445
0.000445
0.000445
0.000444
0.000444
0.000444
0.000444
0.000443
0.000443
0.000442
0.000442
0.000442
0.000441
0.000441
0.000440
0.000440
0.000439
0.000438
0.000438
0.000438
0.000437
0.000436
0.000435
0.000434
0.000434
0.000432
0.000431
0.000431
0.000430
0.000429
0.000428
0.000427
0.000426
0.000426
0.000425
0.000424
0.000423
0.000422
0.000421
0.000421
0.000420
0.000419
0.000418
0.000418
0.000417
0.000416
0.000416
0.000415
0.000415
0.000414
0.000413
0.000413
0.000412
0.000412
0.000411
0.000410
0.000409
0.000408
0.000407
0.000406
0.000405
0.000405
0.000404
0.000403
0.000402
0.000401
0.000400
0.000399
0.000398
0.000397
0.000395
0.000394
0.000393
0.000392
0.000391
0.000390
0.000390
0.000389
0.000388
0.000388
0.000387
0.000387
0.000386
0.000381
0.000382
0.000383
0.000382
0.000382
0.000382
0.000382
0.000382
0.000382
0.000381
0.000381
0.000381
0.000380
0.000380
0.000380
0.000380
0.000379
0.000379
0.000379
0.000378
0.000378
0.000378
0.000377
0.000377
0.000377
0.000377
0.000377
0.000376
0.000376
0.000376
0.000376
0.000376
0.000375
0.000375
0.000375
0.000375
0.000375
0.000374
0.000374
0.000374
0.000374
0.000374
0.000373
0.000373
0.000373
0.000373
0.000373
0.000373
0.000372
0.000372
0.000372
0.000372
0.000372
0.000372
0.000371
0.000371
0.000371
0.000371
0.000371
0.000370
0.000370
0.000370
0.000370
0.000370
0.000370
0.000369
0.000369
0.000369
0.000369
0.000369
0.000369
0.000369
0.000368
0.000368
0.000368
0.000368
0.000368
0.000368
0.000367
0.000367
0.000367
0.000367
0.000367
0.000367
0.000367
0.000367
0.000366
0.000366
0.000366
0.000366
0.000366
0.000366
0.000365
0.000365
0.000365
0.000365
0.000365
0.000365
0.000364
0.000364
0.000359
0.000365
0.000370
0.000371
0.000371
0.000371
0.000370
0.000369
0.000368
0.000367
0.000366
0.000365
0.000365
0.000364
0.000364
0.000364
0.000364
0.000363
0.000363
0.000363
0.000363
0.000362
0.000362
0.000362
0.000362
0.000362
0.000362
0.000362
0.000361
0.000361
0.000361
0.000361
0.000361
0.000361
0.000361
0.000361
0.000360
0.000360
0.000360
0.000360
0.000360
0.000360
0.000360
0.000360
0.000359
0.000360
0.000359
0.000359
0.000359
0.000359
0.000359
0.000359
0.000359
0.000359
0.000359
0.000359
0.000359
0.000358
0.000358
0.000358
0.000358
0.000358
0.000358
0.000358
0.000358
0.000358
0.000358
0.000358
0.000358
0.000357
0.000357
0.000357
0.000357
0.000357
0.000357
0.000357
0.000357
0.000357
0.000357
0.000357
0.000357
0.000357
0.000356
0.000356
0.000356
0.000356
0.000356
0.000356
0.000356
0.000356
0.000356
0.000356
0.000356
0.000356
0.000356
0.000356
0.000356
0.000356
0.000356
0.000356
