0.395261
0.113733
0.050261
0.030913
0.019689
0.012064
0.007328
0.004981
0.003905
0.003427
0.003133
0.002923
0.002750
0.002600
0.002472
0.002361
0.002257
0.002161
0.002071
0.001990
0.001917
0.001853
0.001796
0.001743
0.001693
0.001644
0.001600
0.001562
0.001528
0.001498
0.001471
0.001446
0.001427
0.001412
0.001400
0.001389
0.001376
0.001364
0.001353
0.001342
0.001332
0.001323
0.001313
0.001303
0.001295
0.001286
0.001279
0.001273
0.001267
0.001262
0.001257
0.001252
0.001247
0.001241
0.001235
0.001229
0.001224
0.001217
0.001212
0.001206
0.001200
0.001195
0.001190
0.001184
0.001179
0.001173
0.001167
0.001162
0.001157
0.001152
0.001148
0.001144
0.001140
0.001136
0.001133
0.001130
0.001128
0.001124
0.001122
0.001119
0.001116
0.001114
0.001113
0.001111
0.001109
0.001105
0.001103
0.001101
0.001099
0.001097
0.001094
0.001093
0.001092
0.001090
0.001088
0.001086
0.001085
0.001082
0.001079
0.001077
0.000995
0.000990
0.000999
0.001004
0.001006
0.001006
0.001006
0.001005
0.001003
0.001002
0.001001
0.000999
0.000998
0.000996
0.000994
0.000992
0.000991
0.000989
0.000988
0.000986
0.000984
0.000983
0.000981
0.000979
0.000978
0.000977
0.000976
0.000974
0.000973
0.000972
0.000971
0.000970
0.000969
0.000968
0.000967
0.000966
0.000965
0.000964
0.000963
0.000962
0.000961
0.000960
0.000959
0.000958
0.000958
0.000957
0.000956
0.000955
0.000954
0.000953
0.000953
0.000952
0.000952
0.000951
0.000950
0.000950
0.000949
0.000948
0.000948
0.000947
0.000946
0.000946
0.000945
0.000944
0.000943
0.000943
0.000942
0.000941
0.000940
0.000939
0.000939
0.000938
0.000937
0.000936
0.000935
0.000934
0.000933
0.000932
0.000931
0.000930
0.000929
0.000928
0.000927
0.000926
0.000925
0.000924
0.000923
0.000922
0.000921
0.000921
0.000920
0.000919
0.000918
0.000918
0.000917
0.000916
0.000916
0.000915
0.000915
0.000914
0.000900
0.000910
0.000912
0.000909
0.000906
0.000905
0.000905
0.000906
0.000906
0.000906
0.000906
0.000906
0.000907
0.000907
0.000907
0.000907
0.000908
0.000908
0.000908
0.000908
0.000909
0.000909
0.000909
0.000909
0.000910
0.000910
0.000910
0.000910
0.000910
0.000910
0.000911
0.000911
0.000911
0.000911
0.000911
0.000911
0.000911
0.000911
0.000911
0.000911
0.000911
0.000911
0.000911
0.000911
0.000911
0.000911
0.000911
0.000911
0.000910
0.000910
0.000910
0.000910
0.000910
0.000909
0.000909
0.000909
0.000909
0.000908
0.000908
0.000908
0.000907
0.000907
0.000907
0.000907
0.000906
0.000906
0.000905
0.000905
0.000905
0.000904
0.000904
0.000904
0.000903
0.000903
0.000902
0.000902
0.000901
0.000901
0.000901
0.000900
0.000900
0.000899
0.000899
0.000898
0.000898
0.000898
0.000897
0.000897
0.000896
0.000896
0.000895
0.000895
0.000894
0.000894
0.000894
0.000893
0.000893
0.000892
0.000892
0.000892
0.000887
0.000880
0.000880
0.000880
0.000880
0.000878
0.000878
0.000878
0.000878
0.000878
0.000878
0.000877
0.000877
0.000877
0.000877
0.000877
0.000877
0.000877
0.000877
0.000877
0.000877
0.000877
0.000877
0.000877
0.000877
0.000877
0.000877
0.000877
0.000876
0.000876
0.000876
0.000876
0.000876
0.000876
0.000876
0.000876
0.000876
0.000876
0.000876
0.000876
0.000876
0.000876
0.000876
0.000876
0.000876
0.000876
0.000876
0.000876
0.000876
0.000876
0.000875
0.000875
0.000875
0.000875
0.000875
0.000875
0.000875
0.000875
0.000875
0.000875
0.000875
0.000875
0.000875
0.000875
0.000875
0.000875
0.000875
0.000875
0.000875
0.000875
0.000875
0.000875
0.000875
0.000875
0.000874
0.000874
0.000874
0.000874
0.000874
0.000874
0.000874
0.000874
0.000874
0.000874
0.000874
0.000874
0.000874
0.000874
0.000874
0.000874
0.000874
0.000874
0.000874
0.000874
0.000873
0.000873
0.000873
0.000873
0.000873
0.000873
0.000863
0.000859
0.000857
0.000857
0.000857
0.000857
0.000857
0.000856
0.000856
0.000856
0.000856
0.000856
0.000856
0.000856
0.000856
0.000856
0.000856
0.000856
0.000856
0.000856
0.000856
0.000856
0.000856
0.000856
0.000856
0.000856
0.000856
0.000856
0.000856
0.000856
0.000856
0.000856
0.000856
0.000855
0.000855
0.000855
0.000855
0.000855
0.000855
0.000855
0.000855
0.000855
0.000855
0.000855
0.000855
0.000855
0.000855
0.000855
0.000855
0.000855
0.000855
0.000855
0.000855
0.000855
0.000855
0.000855
0.000855
0.000855
0.000855
0.000855
0.000855
0.000855
0.000855
0.000855
0.000855
0.000854
0.000854
0.000854
0.000854
0.000854
0.000854
0.000854
0.000854
0.000854
0.000854
0.000854
0.000854
0.000854
0.000854
0.000854
0.000854
0.000854
0.000854
0.000854
0.000854
0.000854
0.000854
0.000854
0.000854
0.000854
0.000854
0.000854
0.000854
0.000854
0.000854
0.000854
0.000854
0.000854
0.000854
0.000854
