0.413201
0.187691
0.063027
0.032226
0.017801
0.011318
0.007202
0.004895
0.004020
0.003704
0.003452
0.003251
0.003099
0.002968
0.002838
0.002704
0.002578
0.002476
0.002395
0.002327
0.002270
0.002218
0.002171
0.002127
0.002087
0.002049
0.002001
0.001943
0.001879
0.001823
0.001780
0.001744
0.001712
0.001687
0.001670
0.001654
0.001637
0.001623
0.001603
0.001586
0.001573
0.001559
0.001546
0.001534
0.001524
0.001515
0.001505
0.001493
0.001481
0.001470
0.001460
0.001451
0.001443
0.001436
0.001427
0.001417
0.001410
0.001405
0.001406
0.001409
0.001413
0.001419
0.001423
0.001423
0.001421
0.001413
0.001398
0.001380
0.001362
0.001347
0.001338
0.001333
0.001331
0.001330
0.001330
0.001330
0.001329
0.001328
0.001325
0.001320
0.001317
0.001314
0.001310
0.001306
0.001302
0.001298
0.001293
0.001287
0.001283
0.001279
0.001274
0.001267
0.001260
0.001253
0.001246
0.001238
0.001232
0.001226
0.001221
0.001216
0.001143
0.001147
0.001132
0.001125
0.001123
0.001123
0.001124
0.001124
0.001123
0.001123
0.001123
0.001124
0.001124
0.001124
0.001124
0.001125
0.001125
0.001125
0.001126
0.001125
0.001126
0.001125
0.001124
0.001124
0.001123
0.001122
0.001121
0.001121
0.001120
0.001119
0.001119
0.001118
0.001118
0.001118
0.001118
0.001118
0.001117
0.001117
0.001117
0.001117
0.001116
0.001116
0.001116
0.001115
0.001114
0.001114
0.001114
0.001113
0.001113
0.001112
0.001112
0.001111
0.001111
0.001111
0.001111
0.001111
0.001110
0.001110
0.001109
0.001109
0.001108
0.001107
0.001107
0.001107
0.001107
0.001106
0.001106
0.001105
0.001105
0.001105
0.001105
0.001104
0.001104
0.001103
0.001103
0.001102
0.001101
0.001101
0.001101
0.001100
0.001100
0.001099
0.001098
0.001098
0.001097
0.001096
0.001096
0.001095
0.001095
0.001095
0.001095
0.001095
0.001094
0.001094
0.001093
0.001093
0.001092
0.001092
0.001092
0.001091
0.001038
0.001043
0.001048
0.001051
0.001052
0.001051
0.001051
0.001049
0.001048
0.001047
0.001045
0.001044
0.001042
0.001041
0.001039
0.001038
0.001037
0.001035
0.001034
0.001033
0.001031
0.001030
0.001029
0.001028
0.001027
0.001026
0.001025
0.001024
0.001024
0.001023
0.001022
0.001021
0.001021
0.001020
0.001020
0.001020
0.001019
0.001019
0.001018
0.001018
0.001018
0.001017
0.001017
0.001017
0.001017
0.001016
0.001016
0.001016
0.001016
0.001016
0.001016
0.001016
0.001016
0.001016
0.001016
0.001015
0.001015
0.001015
0.001015
0.001015
0.001015
0.001015
0.001014
0.001014
0.001014
0.001014
0.001014
0.001014
0.001014
0.001013
0.001013
0.001012
0.001012
0.001012
0.001012
0.001012
0.001011
0.001011
0.001011
0.001010
0.001010
0.001009
0.001009
0.001008
0.001008
0.001008
0.001007
0.001006
0.001006
0.001006
0.001005
0.001005
0.001004
0.001004
0.001003
0.001003
0.001002
0.001002
0.001002
0.001001
0.000990
0.000996
0.000994
0.000991
0.000990
0.000990
0.000990
0.000990
0.000990
0.000990
0.000990
0.000990
0.000990
0.000990
0.000990
0.000990
0.000991
0.000991
0.000990
0.000991
0.000991
0.000991
0.000991
0.000991
0.000991
0.000991
0.000991
0.000991
0.000991
0.000991
0.000991
0.000991
0.000991
0.000991
0.000991
0.000991
0.000991
0.000991
0.000991
0.000991
0.000991
0.000991
0.000991
0.000991
0.000991
0.000991
0.000991
0.000991
0.000991
0.000991
0.000990
0.000991
0.000991
0.000990
0.000991
0.000990
0.000990
0.000990
0.000990
0.000990
0.000990
0.000990
0.000990
0.000990
0.000990
0.000989
0.000989
0.000989
0.000989
0.000989
0.000989
0.000989
0.000989
0.000989
0.000989
0.000989
0.000989
0.000989
0.000988
0.000988
0.000988
0.000988
0.000988
0.000988
0.000988
0.000988
0.000988
0.000988
0.000988
0.000987
0.000987
0.000987
0.000987
0.000987
0.000987
0.000987
0.000987
0.000987
0.000987
0.000987
0.000982
0.000971
0.000968
0.000967
0.000967
0.000967
0.000967
0.000967
0.000967
0.000967
0.000967
0.000967
0.000967
0.000967
0.000967
0.000967
0.000967
0.000967
0.000967
0.000967
0.000967
0.000967
0.000967
0.000967
0.000967
0.000967
0.000967
0.000967
0.000967
0.000967
0.000967
0.000967
0.000967
0.000967
0.000967
0.000966
0.000966
0.000966
0.000967
0.000966
0.000966
0.000966
0.000966
0.000966
0.000966
0.000966
0.000966
0.000966
0.000966
0.000966
0.000966
0.000966
0.000966
0.000966
0.000966
0.000966
0.000966
0.000966
0.000966
0.000966
0.000966
0.000966
0.000966
0.000966
0.000966
0.000966
0.000966
0.000966
0.000966
0.000966
0.000966
0.000966
0.000966
0.000966
0.000966
0.000966
0.000966
0.000965
0.000966
0.000965
0.000965
0.000965
0.000965
0.000965
0.000965
0.000965
0.000965
0.000965
0.000965
0.000965
0.000965
0.000965
0.000965
0.000965
0.000965
0.000965
0.000965
0.000965
0.000965
0.000965
