0.441879
0.276079
0.100640
0.044275
0.033436
0.024101
0.017108
0.011874
0.008581
0.006798
0.005800
0.005079
0.004491
0.004083
0.003785
0.003555
0.003370
0.003210
0.003072
0.002951
0.002847
0.002755
0.002674
0.002602
0.002535
0.002471
0.002411
0.002352
0.002297
0.002244
0.002195
0.002150
0.002111
0.002076
0.002043
0.002015
0.001988
0.001963
0.001942
0.001923
0.001905
0.001891
0.001876
0.001862
0.001851
0.001840
0.001828
0.001819
0.001809
0.001800
0.001791
0.001782
0.001775
0.001768
0.001760
0.001753
0.001747
0.001741
0.001735
0.001728
0.001723
0.001717
0.001712
0.001705
0.001699
0.001694
0.001691
0.001685
0.001679
0.001674
0.001670
0.001666
0.001661
0.001657
0.001652
0.001648
0.001644
0.001640
0.001636
0.001632
0.001628
0.001624
0.001619
0.001615
0.001609
0.001605
0.001601
0.001597
0.001593
0.001590
0.001587
0.001584
0.001580
0.001576
0.001572
0.001569
0.001566
0.001564
0.001561
0.001557
0.001511
0.001512
0.001519
0.001520
0.001520
0.001519
0.001517
0.001514
0.001512
0.001510
0.001508
0.001506
0.001504
0.001502
0.001500
0.001498
0.001495
0.001493
0.001490
0.001488
0.001485
0.001484
0.001482
0.001480
0.001477
0.001474
0.001472
0.001469
0.001467
0.001464
0.001462
0.001459
0.001456
0.001453
0.001450
0.001447
0.001445
0.001442
0.001439
0.001436
0.001434
0.001431
0.001429
0.001426
0.001423
0.001421
0.001418
0.001416
0.001413
0.001411
0.001409
0.001406
0.001404
0.001402
0.001399
0.001397
0.001395
0.001393
0.001391
0.001389
0.001386
0.001384
0.001382
0.001380
0.001378
0.001376
0.001373
0.001371
0.001369
0.001367
0.001365
0.001363
0.001361
0.001359
0.001357
0.001355
0.001353
0.001351
0.001350
0.001347
0.001346
0.001344
0.001342
0.001341
0.001339
0.001337
0.001336
0.001333
0.001332
0.001331
0.001329
0.001327
0.001326
0.001324
0.001323
0.001321
0.001320
0.001319
0.001317
0.001316
0.001314
0.001331
0.001332
0.001328
0.001325
0.001323
0.001322
0.001321
0.001320
0.001319
0.001319
0.001318
0.001318
0.001317
0.001316
0.001316
0.001315
0.001314
0.001314
0.001313
0.001313
0.001312
0.001312
0.001311
0.001311
0.001310
0.001310
0.001309
0.001308
0.001308
0.001308
0.001307
0.001307
0.001306
0.001306
0.001305
0.001304
0.001304
0.001303
0.001303
0.001302
0.001302
0.001301
0.001300
0.001300
0.001299
0.001299
0.001298
0.001298
0.001297
0.001297
0.001296
0.001296
0.001295
0.001295
0.001294
0.001294
0.001293
0.001293
0.001292
0.001292
0.001291
0.001291
0.001290
0.001289
0.001289
0.001289
0.001288
0.001288
0.001287
0.001287
0.001286
0.001286
0.001285
0.001285
0.001285
0.001284
0.001284
0.001284
0.001283
0.001283
0.001282
0.001282
0.001282
0.001281
0.001281
0.001280
0.001280
0.001280
0.001279
0.001279
0.001278
0.001278
0.001277
0.001277
0.001277
0.001276
0.001276
0.001275
0.001275
0.001255
0.001242
0.001236
0.001237
0.001237
0.001236
0.001236
0.001236
0.001236
0.001235
0.001235
0.001235
0.001235
0.001235
0.001234
0.001234
0.001234
0.001234
0.001234
0.001233
0.001233
0.001233
0.001233
0.001233
0.001233
0.001232
0.001232
0.001232
0.001232
0.001232
0.001231
0.001231
0.001231
0.001231
0.001231
0.001230
0.001230
0.001230
0.001230
0.001230
0.001230
0.001229
0.001229
0.001229
0.001229
0.001229
0.001229
0.001228
0.001228
0.001228
0.001228
0.001228
0.001227
0.001227
0.001227
0.001227
0.001227
0.001226
0.001226
0.001226
0.001226
0.001226
0.001226
0.001225
0.001225
0.001225
0.001225
0.001225
0.001224
0.001224
0.001224
0.001223
0.001223
0.001223
0.001223
0.001222
0.001222
0.001222
0.001222
0.001222
0.001221
0.001221
0.001221
0.001221
0.001221
0.001220
0.001220
0.001220
0.001220
0.001220
0.001219
0.001219
0.001219
0.001219
0.001218
0.001218
0.001218
0.001218
0.001217
0.001217
0.001211
0.001212
0.001214
0.001214
0.001213
0.001213
0.001213
0.001213
0.001213
0.001213
0.001212
0.001212
0.001212
0.001212
0.001212
0.001212
0.001212
0.001211
0.001211
0.001211
0.001211
0.001211
0.001211
0.001211
0.001210
0.001210
0.001210
0.001210
0.001210
0.001210
0.001210
0.001209
0.001209
0.001209
0.001209
0.001209
0.001209
0.001209
0.001208
0.001208
0.001208
0.001208
0.001208
0.001208
0.001208
0.001208
0.001207
0.001207
0.001207
0.001207
0.001207
0.001207
0.001206
0.001206
0.001206
0.001206
0.001206
0.001206
0.001206
0.001205
0.001205
0.001205
0.001205
0.001205
0.001205
0.001205
0.001204
0.001204
0.001204
0.001204
0.001204
0.001204
0.001204
0.001204
0.001203
0.001203
0.001203
0.001203
0.001203
0.001203
0.001203
0.001202
0.001202
0.001202
0.001202
0.001202
0.001202
0.001202
0.001201
0.001201
0.001201
0.001201
0.001201
0.001201
0.001201
0.001200
0.001200
0.001200
0.001200
0.001200
