0.313742
0.079239
0.042090
0.023391
0.013763
0.008918
0.006876
0.005837
0.005241
0.004881
0.004623
0.004400
0.004204
0.004028
0.003872
0.003729
0.003601
0.003481
0.003368
0.003261
0.003155
0.003052
0.002953
0.002857
0.002764
0.002675
0.002590
0.002510
0.002433
0.002359
0.002288
0.002217
0.002150
0.002088
0.002032
0.001980
0.001933
0.001889
0.001849
0.001813
0.001780
0.001748
0.001718
0.001689
0.001661
0.001636
0.001612
0.001587
0.001564
0.001541
0.001519
0.001497
0.001476
0.001456
0.001439
0.001422
0.001408
0.001395
0.001383
0.001373
0.001363
0.001356
0.001349
0.001342
0.001336
0.001330
0.001324
0.001319
0.001313
0.001307
0.001301
0.001295
0.001289
0.001283
0.001277
0.001272
0.001267
0.001263
0.001258
0.001254
0.001250
0.001247
0.001242
0.001237
0.001233
0.001229
0.001226
0.001223
0.001221
0.001220
0.001218
0.001217
0.001215
0.001213
0.001211
0.001209
0.001207
0.001205
0.001205
0.001203
0.001149
0.001143
0.001135
0.001129
0.001128
0.001127
0.001126
0.001126
0.001126
0.001125
0.001125
0.001125
0.001124
0.001123
0.001122
0.001122
0.001121
0.001120
0.001120
0.001119
0.001118
0.001117
0.001116
0.001116
0.001115
0.001114
0.001113
0.001112
0.001111
0.001110
0.001109
0.001108
0.001107
0.001106
0.001105
0.001104
0.001103
0.001102
0.001101
0.001100
0.001099
0.001098
0.001097
0.001096
0.001095
0.001094
0.001093
0.001092
0.001091
0.001090
0.001088
0.001087
0.001086
0.001084
0.001083
0.001082
0.001081
0.001079
0.001078
0.001077
0.001075
0.001074
0.001072
0.001071
0.001070
0.001068
0.001067
0.001065
0.001064
0.001062
0.001061
0.001059
0.001058
0.001056
0.001055
0.001053
0.001052
0.001050
0.001049
0.001048
0.001046
0.001045
0.001043
0.001042
0.001041
0.001040
0.001039
0.001039
0.001037
0.001036
0.001035
0.001035
0.001033
0.001033
0.001032
0.001031
0.001030
0.001029
0.001028
0.001028
0.001005
0.001012
0.001016
0.001018
0.001019
0.001019
0.001019
0.001018
0.001018
0.001017
0.001017
0.001016
0.001015
0.001015
0.001014
0.001013
0.001013
0.001012
0.001011
0.001010
0.001009
0.001009
0.001008
0.001007
0.001006
0.001005
0.001004
0.001003
0.001002
0.001001
0.001000
0.001000
0.000998
0.000998
0.000997
0.000996
0.000995
0.000994
0.000993
0.000992
0.000991
0.000991
0.000990
0.000989
0.000988
0.000988
0.000987
0.000986
0.000985
0.000985
0.000984
0.000983
0.000983
0.000982
0.000981
0.000981
0.000980
0.000980
0.000979
0.000979
0.000978
0.000977
0.000977
0.000976
0.000976
0.000975
0.000975
0.000974
0.000974
0.000974
0.000973
0.000973
0.000973
0.000972
0.000972
0.000971
0.000971
0.000971
0.000970
0.000970
0.000970
0.000969
0.000969
0.000969
0.000969
0.000968
0.000968
0.000968
0.000967
0.000967
0.000967
0.000967
0.000966
0.000966
0.000965
0.000965
0.000965
0.000965
0.000965
0.000964
0.000970
0.000984
0.000990
0.000993
0.000993
0.000989
0.000985
0.000981
0.000978
0.000977
0.000976
0.000975
0.000974
0.000973
0.000973
0.000972
0.000972
0.000971
0.000971
0.000970
0.000970
0.000970
0.000969
0.000969
0.000969
0.000968
0.000968
0.000968
0.000968
0.000967
0.000967
0.000967
0.000967
0.000966
0.000966
0.000966
0.000965
0.000965
0.000965
0.000964
0.000964
0.000964
0.000963
0.000963
0.000963
0.000963
0.000962
0.000962
0.000962
0.000961
0.000961
0.000961
0.000961
0.000961
0.000961
0.000960
0.000960
0.000960
0.000960
0.000959
0.000959
0.000959
0.000959
0.000958
0.000958
0.000958
0.000958
0.000958
0.000957
0.000957
0.000957
0.000956
0.000956
0.000956
0.000955
0.000955
0.000955
0.000955
0.000954
0.000954
0.000954
0.000954
0.000953
0.000953
0.000953
0.000952
0.000952
0.000952
0.000951
0.000951
0.000951
0.000951
0.000950
0.000950
0.000950
0.000949
0.000949
0.000949
0.000949
0.000948
0.000934
0.000930
0.000927
0.000926
0.000927
0.000927
0.000926
0.000926
0.000926
0.000926
0.000926
0.000925
0.000925
0.000925
0.000925
0.000925
0.000925
0.000924
0.000924
0.000924
0.000924
0.000924
0.000923
0.000923
0.000923
0.000923
0.000923
0.000922
0.000922
0.000922
0.000922
0.000922
0.000921
0.000921
0.000921
0.000921
0.000921
0.000920
0.000920
0.000920
0.000920
0.000919
0.000919
0.000919
0.000919
0.000919
0.000919
0.000918
0.000918
0.000918
0.000918
0.000918
0.000917
0.000917
0.000917
0.000917
0.000917
0.000916
0.000916
0.000916
0.000916
0.000916
0.000915
0.000915
0.000915
0.000915
0.000915
0.000914
0.000914
0.000914
0.000914
0.000914
0.000913
0.000913
0.000913
0.000913
0.000913
0.000912
0.000912
0.000912
0.000912
0.000912
0.000911
0.000911
0.000911
0.000911
0.000911
0.000910
0.000910
0.000910
0.000910
0.000910
0.000909
0.000909
0.000909
0.000909
0.000909
0.000908
0.000908
0.000908
