0.516511
0.442934
0.338706
0.271441
0.253402
0.216308
0.116499
0.042823
0.031919
0.024119
0.019091
0.016054
0.013628
0.011517
0.009740
0.008287
0.007133
0.006278
0.005687
0.005298
0.005047
0.004883
0.004762
0.004657
0.004560
0.004466
0.004364
0.004250
0.004131
0.004010
0.003886
0.003759
0.003640
0.003531
0.003430
0.003347
0.003279
0.003218
0.003166
0.003117
0.003080
0.003049
0.003023
0.002994
0.002967
0.002938
0.002912
0.002885
0.002861
0.002836
0.002811
0.002788
0.002764
0.002736
0.002710
0.002682
0.002654
0.002622
0.002591
0.002559
0.002531
0.002499
0.002469
0.002440
0.002413
0.002391
0.002372
0.002355
0.002340
0.002328
0.002316
0.002305
0.002295
0.002286
0.002277
0.002269
0.002261
0.002252
0.002244
0.002235
0.002228
0.002219
0.002211
0.002202
0.002195
0.002188
0.002180
0.002172
0.002165
0.002157
0.002149
0.002141
0.002134
0.002124
0.002115
0.002108
0.002100
0.002090
0.002083
0.002076
0.002024
0.002005
0.002001
0.001997
0.001994
0.001991
0.001988
0.001985
0.001982
0.001979
0.001976
0.001973
0.001970
0.001967
0.001964
0.001960
0.001957
0.001953
0.001950
0.001946
0.001942
0.001938
0.001935
0.001930
0.001926
0.001922
0.001917
0.001913
0.001910
0.001905
0.001902
0.001897
0.001894
0.001889
0.001886
0.001882
0.001878
0.001874
0.001871
0.001867
0.001864
0.001860
0.001857
0.001853
0.001850
0.001846
0.001843
0.001840
0.001836
0.001833
0.001830
0.001827
0.001825
0.001822
0.001819
0.001816
0.001813
0.001810
0.001808
0.001805
0.001802
0.001798
0.001795
0.001792
0.001789
0.001786
0.001784
0.001780
0.001777
0.001775
0.001772
0.001769
0.001766
0.001763
0.001760
0.001757
0.001755
0.001752
0.001750
0.001747
0.001745
0.001742
0.001739
0.001737
0.001734
0.001730
0.001727
0.001727
0.001723
0.001720
0.001715
0.001715
0.001711
0.001708
0.001704
0.001701
0.001697
0.001693
0.001689
0.001685
0.001650
0.001649
0.001640
0.001639
0.001640
0.001639
0.001637
0.001636
0.001635
0.001634
0.001633
0.001632
0.001630
0.001629
0.001628
0.001627
0.001626
0.001625
0.001624
0.001623
0.001622
0.001621
0.001620
0.001618
0.001617
0.001616
0.001615
0.001614
0.001613
0.001611
0.001610
0.001609
0.001607
0.001606
0.001605
0.001603
0.001602
0.001601
0.001599
0.001598
0.001596
0.001595
0.001593
0.001592
0.001590
0.001589
0.001588
0.001586
0.001585
0.001584
0.001582
0.001581
0.001580
0.001579
0.001578
0.001577
0.001576
0.001575
0.001574
0.001572
0.001571
0.001570
0.001569
0.001568
0.001567
0.001566
0.001565
0.001564
0.001563
0.001562
0.001561
0.001560
0.001559
0.001559
0.001558
0.001557
0.001556
0.001555
0.001554
0.001553
0.001553
0.001552
0.001551
0.001550
0.001549
0.001549
0.001548
0.001547
0.001546
0.001546
0.001545
0.001544
0.001543
0.001542
0.001542
0.001541
0.001540
0.001540
0.001539
0.001538
0.001529
0.001523
0.001515
0.001516
0.001516
0.001515
0.001515
0.001515
0.001514
0.001514
0.001513
0.001513
0.001513
0.001512
0.001512
0.001512
0.001511
0.001511
0.001511
0.001510
0.001510
0.001510
0.001509
0.001509
0.001509
0.001508
0.001508
0.001508
0.001507
0.001507
0.001507
0.001506
0.001506
0.001506
0.001505
0.001505
0.001505
0.001504
0.001504
0.001504
0.001504
0.001503
0.001503
0.001503
0.001502
0.001502
0.001502
0.001501
0.001501
0.001501
0.001500
0.001500
0.001500
0.001500
0.001499
0.001499
0.001499
0.001498
0.001498
0.001498
0.001497
0.001497
0.001497
0.001496
0.001496
0.001496
0.001496
0.001495
0.001495
0.001495
0.001494
0.001494
0.001494
0.001493
0.001493
0.001493
0.001492
0.001492
0.001492
0.001491
0.001491
0.001491
0.001490
0.001490
0.001490
0.001490
0.001489
0.001489
0.001489
0.001488
0.001488
0.001488
0.001487
0.001487
0.001487
0.001486
0.001486
0.001486
0.001485
0.001485
0.001479
0.001483
0.001487
0.001489
0.001489
0.001490
0.001490
0.001490
0.001490
0.001490
0.001490
0.001490
0.001490
0.001490
0.001490
0.001490
0.001490
0.001490
0.001490
0.001489
0.001489
0.001489
0.001489
0.001489
0.001489
0.001488
0.001488
0.001488
0.001488
0.001487
0.001487
0.001487
0.001486
0.001486
0.001486
0.001486
0.001485
0.001485
0.001485
0.001485
0.001484
0.001484
0.001484
0.001483
0.001483
0.001483
0.001483
0.001482
0.001482
0.001482
0.001482
0.001481
0.001481
0.001481
0.001481
0.001480
0.001480
0.001480
0.001480
0.001479
0.001479
0.001479
0.001479
0.001479
0.001478
0.001478
0.001478
0.001478
0.001477
0.001477
0.001477
0.001477
0.001477
0.001476
0.001476
0.001476
0.001476
0.001475
0.001475
0.001475
0.001475
0.001475
0.001474
0.001474
0.001474
0.001474
0.001474
0.001473
0.001473
0.001473
0.001473
0.001473
0.001473
0.001472
0.001472
0.001472
0.001472
0.001472
0.001471
0.001471
