0.462188
0.335332
0.201316
0.111601
0.078411
0.063047
0.051630
0.040624
0.030163
0.021649
0.016228
0.013259
0.011368
0.009943
0.008598
0.007433
0.007045
0.006852
0.006664
0.006487
0.006346
0.006235
0.006140
0.006050
0.005965
0.005886
0.005809
0.005734
0.005662
0.005589
0.005518
0.005446
0.005373
0.005301
0.005228
0.005158
0.005088
0.005022
0.004957
0.004894
0.004831
0.004769
0.004708
0.004648
0.004589
0.004533
0.004480
0.004427
0.004376
0.004327
0.004280
0.004234
0.004191
0.004150
0.004110
0.004073
0.004034
0.004001
0.003966
0.003933
0.003901
0.003870
0.003841
0.003812
0.003785
0.003759
0.003732
0.003706
0.003682
0.003657
0.003634
0.003612
0.003591
0.003569
0.003549
0.003529
0.003509
0.003488
0.003469
0.003450
0.003430
0.003412
0.003394
0.003376
0.003357
0.003338
0.003322
0.003304
0.003286
0.003268
0.003249
0.003230
0.003210
0.003188
0.003161
0.003133
0.003097
0.003051
0.002996
0.002937
0.002860
0.002881
0.002882
0.002857
0.002820
0.002787
0.002754
0.002725
0.002696
0.002670
0.002646
0.002620
0.002597
0.002578
0.002560
0.002545
0.002527
0.002511
0.002498
0.002483
0.002471
0.002460
0.002450
0.002442
0.002434
0.002424
0.002417
0.002408
0.002403
0.002395
0.002390
0.002383
0.002376
0.002371
0.002365
0.002361
0.002354
0.002350
0.002345
0.002341
0.002338
0.002334
0.002329
0.002326
0.002322
0.002318
0.002315
0.002311
0.002308
0.002304
0.002301
0.002299
0.002296
0.002292
0.002289
0.002286
0.002284
0.002281
0.002278
0.002276
0.002274
0.002271
0.002269
0.002266
0.002265
0.002262
0.002260
0.002258
0.002257
0.002254
0.002253
0.002251
0.002249
0.002247
0.002245
0.002243
0.002242
0.002240
0.002238
0.002237
0.002235
0.002234
0.002232
0.002231
0.002230
0.002229
0.002227
0.002226
0.002225
0.002223
0.002221
0.002220
0.002218
0.002217
0.002215
0.002214
0.002211
0.002209
0.002207
0.002206
0.002179
0.002171
0.002165
0.002164
0.002162
0.002162
0.002162
0.002161
0.002161
0.002161
0.002160
0.002160
0.002160
0.002160
0.002159
0.002159
0.002158
0.002158
0.002158
0.002158
0.002157
0.002157
0.002157
0.002157
0.002156
0.002156
0.002156
0.002156
0.002155
0.002155
0.002155
0.002155
0.002154
0.002154
0.002154
0.002154
0.002153
0.002153
0.002153
0.002153
0.002152
0.002152
0.002152
0.002151
0.002151
0.002151
0.002151
0.002150
0.002150
0.002150
0.002149
0.002150
0.002148
0.002149
0.002148
0.002149
0.002148
0.002149
0.002147
0.002148
0.002148
0.002147
0.002147
0.002147
0.002147
0.002147
0.002147
0.002147
0.002146
0.002146
0.002146
0.002146
0.002146
0.002146
0.002146
0.002145
0.002146
0.002145
0.002145
0.002145
0.002145
0.002145
0.002145
0.002144
0.002145
0.002144
0.002144
0.002144
0.002144
0.002144
0.002143
0.002144
0.002143
0.002143
0.002143
0.002143
0.002142
0.002143
0.002142
0.002143
0.002126
0.002123
0.002120
0.002118
0.002118
0.002118
0.002118
0.002118
0.002118
0.002118
0.002118
0.002118
0.002118
0.002118
0.002118
0.002117
0.002117
0.002117
0.002117
0.002117
0.002117
0.002117
0.002117
0.002117
0.002117
0.002116
0.002117
0.002116
0.002117
0.002116
0.002117
0.002116
0.002116
0.002116
0.002116
0.002116
0.002116
0.002116
0.002116
0.002116
0.002116
0.002116
0.002116
0.002116
0.002116
0.002115
0.002115
0.002115
0.002115
0.002115
0.002115
0.002115
0.002115
0.002115
0.002115
0.002115
0.002115
0.002115
0.002115
0.002115
0.002115
0.002115
0.002115
0.002115
0.002114
0.002115
0.002114
0.002115
0.002114
0.002114
0.002114
0.002114
0.002114
0.002114
0.002114
0.002114
0.002114
0.002114
0.002114
0.002114
0.002114
0.002114
0.002114
0.002114
0.002114
0.002114
0.002114
0.002113
0.002114
0.002113
0.002113
0.002113
0.002113
0.002113
0.002113
0.002113
0.002113
0.002113
0.002113
0.002113
0.002107
0.002111
0.002115
0.002116
0.002117
0.002117
0.002117
0.002117
0.002117
0.002117
0.002117
0.002117
0.002117
0.002117
0.002117
0.002117
0.002117
0.002117
0.002118
0.002118
0.002118
0.002118
0.002118
0.002118
0.002118
0.002118
0.002118
0.002118
0.002118
0.002118
0.002118
0.002118
0.002118
0.002118
0.002118
0.002118
0.002117
0.002117
0.002117
0.002117
0.002117
0.002117
0.002117
0.002117
0.002117
0.002117
0.002117
0.002117
0.002117
0.002117
0.002117
0.002117
0.002117
0.002117
0.002117
0.002117
0.002116
0.002116
0.002116
0.002116
0.002116
0.002116
0.002116
0.002116
0.002116
0.002116
0.002116
0.002116
0.002116
0.002116
0.002116
0.002116
0.002116
0.002116
0.002116
0.002116
0.002116
0.002115
0.002115
0.002115
0.002115
0.002115
0.002115
0.002115
0.002115
0.002115
0.002115
0.002115
0.002115
0.002115
0.002115
0.002115
0.002115
0.002115
0.002115
0.002115
0.002115
0.002115
0.002115
0.002115
