0.469517
0.304184
0.148738
0.096046
0.060831
0.035691
0.023286
0.017264
0.013911
0.011628
0.010045
0.008830
0.007809
0.006956
0.006293
0.005778
0.005384
0.005057
0.004775
0.004519
0.004250
0.003998
0.003841
0.003715
0.003602
0.003504
0.003417
0.003338
0.003262
0.003191
0.003124
0.003061
0.003001
0.002943
0.002885
0.002828
0.002775
0.002719
0.002664
0.002608
0.002550
0.002490
0.002430
0.002368
0.002303
0.002239
0.002177
0.002115
0.002059
0.002007
0.001961
0.001922
0.001887
0.001855
0.001822
0.001792
0.001766
0.001744
0.001722
0.001702
0.001684
0.001668
0.001653
0.001640
0.001627
0.001613
0.001600
0.001586
0.001574
0.001560
0.001550
0.001539
0.001530
0.001521
0.001513
0.001507
0.001499
0.001492
0.001486
0.001480
0.001473
0.001468
0.001462
0.001456
0.001450
0.001443
0.001437
0.001431
0.001424
0.001420
0.001416
0.001411
0.001406
0.001403
0.001400
0.001396
0.001392
0.001389
0.001385
0.001382
0.001333
0.001344
0.001347
0.001348
0.001347
0.001346
0.001344
0.001342
0.001339
0.001336
0.001333
0.001330
0.001327
0.001324
0.001321
0.001318
0.001315
0.001313
0.001310
0.001308
0.001306
0.001303
0.001301
0.001298
0.001296
0.001294
0.001291
0.001289
0.001286
0.001283
0.001281
0.001279
0.001277
0.001275
0.001273
0.001271
0.001269
0.001267
0.001266
0.001264
0.001262
0.001261
0.001259
0.001258
0.001256
0.001255
0.001253
0.001252
0.001250
0.001249
0.001248
0.001246
0.001245
0.001244
0.001243
0.001242
0.001240
0.001239
0.001238
0.001236
0.001235
0.001234
0.001233
0.001232
0.001231
0.001230
0.001230
0.001229
0.001227
0.001226
0.001226
0.001225
0.001224
0.001223
0.001222
0.001221
0.001221
0.001220
0.001219
0.001218
0.001218
0.001217
0.001215
0.001215
0.001214
0.001213
0.001212
0.001212
0.001210
0.001210
0.001209
0.001208
0.001207
0.001207
0.001206
0.001204
0.001203
0.001203
0.001202
0.001202
0.001195
0.001219
0.001228
0.001228
0.001225
0.001225
0.001224
0.001223
0.001222
0.001220
0.001217
0.001215
0.001214
0.001212
0.001211
0.001209
0.001208
0.001207
0.001206
0.001205
0.001204
0.001203
0.001202
0.001202
0.001201
0.001200
0.001199
0.001199
0.001198
0.001198
0.001197
0.001196
0.001195
0.001195
0.001194
0.001193
0.001192
0.001191
0.001191
0.001191
0.001190
0.001189
0.001189
0.001188
0.001188
0.001188
0.001187
0.001187
0.001186
0.001185
0.001185
0.001185
0.001184
0.001184
0.001183
0.001182
0.001182
0.001181
0.001180
0.001180
0.001179
0.001179
0.001178
0.001178
0.001177
0.001177
0.001176
0.001175
0.001174
0.001174
0.001173
0.001172
0.001172
0.001171
0.001171
0.001170
0.001169
0.001168
0.001168
0.001167
0.001167
0.001166
0.001165
0.001164
0.001164
0.001163
0.001162
0.001162
0.001161
0.001160
0.001159
0.001158
0.001157
0.001157
0.001156
0.001155
0.001155
0.001154
0.001153
0.001152
0.001133
0.001119
0.001114
0.001114
0.001114
0.001113
0.001113
0.001112
0.001112
0.001112
0.001111
0.001111
0.001111
0.001110
0.001110
0.001109
0.001109
0.001109
0.001108
0.001108
0.001107
0.001107
0.001107
0.001106
0.001106
0.001105
0.001105
0.001105
0.001104
0.001103
0.001103
0.001103
0.001102
0.001102
0.001101
0.001101
0.001100
0.001100
0.001100
0.001099
0.001099
0.001098
0.001098
0.001097
0.001097
0.001096
0.001096
0.001096
0.001095
0.001095
0.001094
0.001094
0.001093
0.001093
0.001092
0.001092
0.001091
0.001091
0.001091
0.001090
0.001090
0.001090
0.001089
0.001089
0.001088
0.001088
0.001088
0.001087
0.001087
0.001086
0.001086
0.001086
0.001085
0.001085
0.001084
0.001084
0.001083
0.001083
0.001082
0.001082
0.001081
0.001081
0.001080
0.001080
0.001080
0.001079
0.001079
0.001078
0.001078
0.001078
0.001077
0.001077
0.001076
0.001076
0.001075
0.001075
0.001074
0.001074
0.001074
0.001073
0.001067
0.001064
0.001064
0.001063
0.001063
0.001062
0.001062
0.001062
0.001062
0.001061
0.001061
0.001061
0.001061
0.001060
0.001060
0.001060
0.001060
0.001059
0.001059
0.001059
0.001059
0.001058
0.001058
0.001058
0.001058
0.001057
0.001057
0.001057
0.001057
0.001056
0.001056
0.001056
0.001056
0.001055
0.001055
0.001055
0.001055
0.001055
0.001054
0.001054
0.001054
0.001054
0.001053
0.001053
0.001053
0.001053
0.001053
0.001052
0.001052
0.001052
0.001052
0.001051
0.001051
0.001051
0.001051
0.001050
0.001050
0.001050
0.001050
0.001050
0.001049
0.001049
0.001049
0.001049
0.001048
0.001048
0.001048
0.001048
0.001048
0.001047
0.001047
0.001047
0.001047
0.001046
0.001046
0.001046
0.001046
0.001046
0.001045
0.001045
0.001045
0.001045
0.001044
0.001044
0.001044
0.001044
0.001044
0.001043
0.001043
0.001043
0.001043
0.001043
0.001042
0.001042
0.001042
0.001042
0.001041
0.001041
0.001041
0.001041
