0.527730
0.478172
0.428666
0.330503
0.241812
0.169100
0.119150
0.086024
0.054452
0.032733
0.022511
0.016342
0.012182
0.009513
0.008010
0.007170
0.006650
0.006332
0.006118
0.005938
0.005788
0.005670
0.005563
0.005468
0.005376
0.005295
0.005220
0.005150
0.005083
0.005016
0.004952
0.004890
0.004831
0.004771
0.004709
0.004647
0.004585
0.004516
0.004431
0.004338
0.004225
0.004091
0.003946
0.003794
0.003646
0.003518
0.003410
0.003314
0.003233
0.003165
0.003104
0.003050
0.003002
0.002960
0.002919
0.002882
0.002852
0.002827
0.002804
0.002783
0.002762
0.002742
0.002724
0.002708
0.002694
0.002682
0.002671
0.002664
0.002654
0.002644
0.002633
0.002627
0.002621
0.002614
0.002608
0.002602
0.002596
0.002592
0.002589
0.002584
0.002578
0.002573
0.002570
0.002563
0.002558
0.002556
0.002552
0.002548
0.002545
0.002541
0.002538
0.002533
0.002531
0.002528
0.002525
0.002522
0.002518
0.002514
0.002512
0.002510
0.002442
0.002434
0.002440
0.002445
0.002446
0.002446
0.002445
0.002445
0.002444
0.002443
0.002442
0.002442
0.002441
0.002441
0.002440
0.002440
0.002439
0.002439
0.002438
0.002437
0.002436
0.002435
0.002434
0.002432
0.002430
0.002429
0.002428
0.002426
0.002424
0.002423
0.002422
0.002420
0.002419
0.002417
0.002416
0.002414
0.002413
0.002412
0.002410
0.002409
0.002408
0.002406
0.002406
0.002405
0.002404
0.002403
0.002401
0.002400
0.002399
0.002398
0.002398
0.002397
0.002396
0.002394
0.002393
0.002392
0.002391
0.002390
0.002389
0.002387
0.002386
0.002385
0.002384
0.002383
0.002382
0.002381
0.002380
0.002378
0.002377
0.002376
0.002375
0.002374
0.002373
0.002371
0.002371
0.002369
0.002369
0.002367
0.002366
0.002365
0.002364
0.002363
0.002361
0.002361
0.002359
0.002359
0.002357
0.002356
0.002355
0.002354
0.002353
0.002351
0.002350
0.002349
0.002348
0.002347
0.002346
0.002345
0.002344
0.002343
0.002312
0.002310
0.002303
0.002302
0.002302
0.002302
0.002301
0.002301
0.002301
0.002300
0.002300
0.002300
0.002299
0.002299
0.002298
0.002298
0.002298
0.002297
0.002297
0.002297
0.002296
0.002296
0.002296
0.002295
0.002295
0.002295
0.002294
0.002294
0.002294
0.002293
0.002293
0.002293
0.002292
0.002292
0.002291
0.002291
0.002291
0.002290
0.002290
0.002289
0.002289
0.002289
0.002289
0.002288
0.002288
0.002287
0.002287
0.002287
0.002286
0.002285
0.002285
0.002285
0.002284
0.002284
0.002283
0.002283
0.002283
0.002282
0.002282
0.002281
0.002281
0.002280
0.002280
0.002279
0.002279
0.002279
0.002278
0.002278
0.002277
0.002277
0.002276
0.002276
0.002275
0.002275
0.002274
0.002274
0.002273
0.002273
0.002272
0.002272
0.002271
0.002271
0.002271
0.002270
0.002270
0.002269
0.002269
0.002268
0.002268
0.002267
0.002267
0.002266
0.002266
0.002265
0.002265
0.002264
0.002264
0.002263
0.002263
0.002262
0.002242
0.002238
0.002238
0.002237
0.002237
0.002236
0.002236
0.002236
0.002236
0.002235
0.002235
0.002235
0.002234
0.002234
0.002234
0.002234
0.002233
0.002233
0.002233
0.002232
0.002232
0.002232
0.002231
0.002231
0.002231
0.002231
0.002230
0.002230
0.002230
0.002230
0.002229
0.002229
0.002229
0.002228
0.002228
0.002228
0.002227
0.002227
0.002227
0.002226
0.002226
0.002226
0.002226
0.002225
0.002225
0.002225
0.002224
0.002224
0.002224
0.002223
0.002223
0.002223
0.002222
0.002222
0.002222
0.002221
0.002221
0.002221
0.002220
0.002220
0.002220
0.002219
0.002219
0.002219
0.002219
0.002218
0.002218
0.002218
0.002217
0.002217
0.002217
0.002216
0.002216
0.002216
0.002215
0.002215
0.002215
0.002214
0.002214
0.002214
0.002213
0.002213
0.002213
0.002212
0.002212
0.002212
0.002211
0.002211
0.002211
0.002210
0.002210
0.002210
0.002209
0.002209
0.002209
0.002208
0.002208
0.002208
0.002207
0.002207
0.002202
0.002203
0.002205
0.002205
0.002205
0.002205
0.002205
0.002204
0.002204
0.002204
0.002204
0.002204
0.002203
0.002203
0.002203
0.002203
0.002203
0.002202
0.002202
0.002202
0.002202
0.002202
0.002201
0.002201
0.002201
0.002201
0.002201
0.002200
0.002200
0.002200
0.002200
0.002200
0.002199
0.002199
0.002199
0.002199
0.002199
0.002198
0.002198
0.002198
0.002198
0.002198
0.002197
0.002197
0.002197
0.002197
0.002197
0.002196
0.002196
0.002196
0.002196
0.002196
0.002195
0.002195
0.002195
0.002195
0.002195
0.002194
0.002194
0.002194
0.002194
0.002194
0.002194
0.002193
0.002193
0.002193
0.002193
0.002193
0.002192
0.002192
0.002192
0.002192
0.002192
0.002191
0.002191
0.002191
0.002191
0.002191
0.002190
0.002190
0.002190
0.002190
0.002190
0.002189
0.002189
0.002189
0.002189
0.002189
0.002188
0.002188
0.002188
0.002188
0.002188
0.002187
0.002187
0.002187
0.002187
0.002187
0.002186
0.002186
