0.383465
0.144979
0.034099
0.017708
0.010083
0.008004
0.007129
0.006748
0.006468
0.006229
0.006007
0.005780
0.005552
0.005325
0.005101
0.004889
0.004692
0.004501
0.004315
0.004135
0.003963
0.003802
0.003653
0.003509
0.003373
0.003245
0.003125
0.003013
0.002905
0.002803
0.002706
0.002616
0.002531
0.002451
0.002378
0.002308
0.002241
0.002178
0.002118
0.002062
0.002006
0.001954
0.001906
0.001861
0.001818
0.001777
0.001740
0.001706
0.001672
0.001642
0.001613
0.001585
0.001560
0.001534
0.001510
0.001487
0.001467
0.001446
0.001422
0.001400
0.001379
0.001357
0.001336
0.001316
0.001296
0.001279
0.001261
0.001242
0.001222
0.001205
0.001190
0.001177
0.001165
0.001154
0.001145
0.001137
0.001128
0.001120
0.001114
0.001109
0.001104
0.001100
0.001098
0.001095
0.001092
0.001091
0.001089
0.001088
0.001088
0.001087
0.001087
0.001086
0.001085
0.001084
0.001083
0.001082
0.001081
0.001080
0.001078
0.001076
0.001041
0.001040
0.001034
0.001029
0.001030
0.001029
0.001028
0.001027
0.001026
0.001025
0.001024
0.001023
0.001022
0.001021
0.001020
0.001019
0.001018
0.001017
0.001017
0.001016
0.001015
0.001014
0.001014
0.001013
0.001012
0.001011
0.001010
0.001010
0.001009
0.001008
0.001007
0.001007
0.001006
0.001005
0.001005
0.001004
0.001003
0.001003
0.001002
0.001002
0.001001
0.001001
0.001000
0.001000
0.000999
0.000999
0.000998
0.000998
0.000997
0.000997
0.000996
0.000996
0.000996
0.000995
0.000995
0.000995
0.000994
0.000994
0.000994
0.000993
0.000993
0.000993
0.000993
0.000992
0.000992
0.000992
0.000992
0.000992
0.000991
0.000991
0.000991
0.000991
0.000990
0.000990
0.000990
0.000990
0.000990
0.000989
0.000990
0.000989
0.000989
0.000989
0.000988
0.000988
0.000988
0.000988
0.000988
0.000987
0.000987
0.000986
0.000987
0.000987
0.000986
0.000986
0.000986
0.000986
0.000986
0.000986
0.000986
0.000985
0.000973
0.000985
0.000991
0.000990
0.000988
0.000987
0.000986
0.000986
0.000986
0.000986
0.000986
0.000986
0.000986
0.000986
0.000985
0.000985
0.000985
0.000985
0.000985
0.000986
0.000986
0.000986
0.000986
0.000986
0.000986
0.000986
0.000986
0.000987
0.000987
0.000987
0.000987
0.000988
0.000988
0.000988
0.000989
0.000989
0.000990
0.000990
0.000991
0.000991
0.000992
0.000992
0.000993
0.000993
0.000994
0.000994
0.000995
0.000995
0.000996
0.000996
0.000996
0.000996
0.000996
0.000996
0.000996
0.000995
0.000995
0.000994
0.000994
0.000993
0.000993
0.000992
0.000991
0.000991
0.000990
0.000989
0.000989
0.000988
0.000988
0.000987
0.000987
0.000986
0.000986
0.000986
0.000985
0.000985
0.000985
0.000984
0.000984
0.000983
0.000983
0.000983
0.000983
0.000983
0.000982
0.000982
0.000982
0.000982
0.000981
0.000981
0.000981
0.000981
0.000981
0.000980
0.000980
0.000980
0.000980
0.000980
0.000980
0.000980
0.000968
0.000964
0.000964
0.000962
0.000960
0.000960
0.000960
0.000960
0.000960
0.000960
0.000960
0.000960
0.000960
0.000960
0.000960
0.000960
0.000960
0.000960
0.000960
0.000960
0.000960
0.000960
0.000960
0.000960
0.000960
0.000960
0.000961
0.000960
0.000961
0.000961
0.000961
0.000961
0.000961
0.000961
0.000961
0.000961
0.000961
0.000961
0.000961
0.000961
0.000961
0.000961
0.000961
0.000961
0.000961
0.000961
0.000961
0.000961
0.000961
0.000961
0.000961
0.000961
0.000961
0.000961
0.000961
0.000961
0.000961
0.000961
0.000961
0.000961
0.000961
0.000961
0.000961
0.000961
0.000961
0.000961
0.000961
0.000961
0.000961
0.000961
0.000961
0.000961
0.000961
0.000961
0.000962
0.000962
0.000962
0.000962
0.000962
0.000962
0.000962
0.000962
0.000962
0.000962
0.000962
0.000962
0.000962
0.000962
0.000962
0.000962
0.000962
0.000962
0.000962
0.000962
0.000962
0.000962
0.000962
0.000962
0.000962
0.000962
0.000955
0.000946
0.000947
0.000947
0.000946
0.000946
0.000946
0.000946
0.000946
0.000946
0.000946
0.000946
0.000946
0.000946
0.000946
0.000946
0.000946
0.000946
0.000946
0.000946
0.000946
0.000946
0.000946
0.000946
0.000946
0.000946
0.000946
0.000946
0.000946
0.000946
0.000946
0.000946
0.000946
0.000946
0.000946
0.000945
0.000945
0.000945
0.000945
0.000945
0.000945
0.000945
0.000945
0.000945
0.000945
0.000945
0.000945
0.000945
0.000945
0.000945
0.000945
0.000945
0.000945
0.000945
0.000945
0.000945
0.000945
0.000945
0.000945
0.000945
0.000945
0.000945
0.000945
0.000945
0.000945
0.000945
0.000945
0.000945
0.000945
0.000945
0.000945
0.000945
0.000945
0.000945
0.000945
0.000945
0.000945
0.000945
0.000945
0.000945
0.000945
0.000945
0.000945
0.000945
0.000945
0.000945
0.000945
0.000945
0.000945
0.000945
0.000945
0.000945
0.000945
0.000944
0.000944
0.000944
0.000944
0.000944
0.000944
0.000944
