0.404136
0.116188
0.043244
0.018467
0.007650
0.004180
0.002961
0.002655
0.002474
0.002347
0.002258
0.002185
0.002118
0.002054
0.001990
0.001929
0.001875
0.001826
0.001782
0.001744
0.001708
0.001674
0.001641
0.001608
0.001580
0.001553
0.001528
0.001501
0.001475
0.001449
0.001424
0.001398
0.001373
0.001348
0.001322
0.001298
0.001275
0.001256
0.001239
0.001222
0.001207
0.001194
0.001182
0.001172
0.001163
0.001155
0.001144
0.001132
0.001120
0.001108
0.001096
0.001087
0.001080
0.001074
0.001069
0.001066
0.001062
0.001061
0.001059
0.001057
0.001056
0.001055
0.001054
0.001053
0.001052
0.001052
0.001050
0.001051
0.001050
0.001049
0.001046
0.001043
0.001041
0.001038
0.001036
0.001034
0.001031
0.001029
0.001026
0.001024
0.001022
0.001018
0.001014
0.001009
0.001006
0.001004
0.001001
0.000998
0.000996
0.000995
0.000993
0.000992
0.000990
0.000988
0.000987
0.000986
0.000984
0.000983
0.000981
0.000979
0.000913
0.000915
0.000899
0.000895
0.000897
0.000896
0.000896
0.000896
0.000896
0.000896
0.000897
0.000897
0.000897
0.000898
0.000898
0.000899
0.000900
0.000901
0.000901
0.000901
0.000902
0.000903
0.000903
0.000904
0.000905
0.000905
0.000906
0.000906
0.000907
0.000908
0.000908
0.000909
0.000909
0.000909
0.000909
0.000910
0.000910
0.000910
0.000910
0.000909
0.000909
0.000909
0.000909
0.000909
0.000909
0.000909
0.000909
0.000909
0.000909
0.000909
0.000908
0.000908
0.000908
0.000907
0.000907
0.000906
0.000905
0.000905
0.000905
0.000905
0.000904
0.000904
0.000903
0.000903
0.000903
0.000903
0.000902
0.000901
0.000901
0.000901
0.000900
0.000900
0.000900
0.000900
0.000899
0.000899
0.000899
0.000899
0.000899
0.000898
0.000898
0.000898
0.000897
0.000897
0.000897
0.000896
0.000896
0.000896
0.000896
0.000895
0.000895
0.000895
0.000894
0.000894
0.000893
0.000893
0.000892
0.000892
0.000892
0.000891
0.000840
0.000841
0.000845
0.000847
0.000849
0.000849
0.000850
0.000849
0.000849
0.000849
0.000848
0.000848
0.000847
0.000847
0.000846
0.000846
0.000845
0.000844
0.000843
0.000843
0.000842
0.000841
0.000840
0.000840
0.000839
0.000838
0.000838
0.000837
0.000836
0.000836
0.000835
0.000835
0.000834
0.000833
0.000833
0.000832
0.000832
0.000832
0.000831
0.000831
0.000831
0.000830
0.000830
0.000830
0.000829
0.000829
0.000829
0.000828
0.000828
0.000828
0.000828
0.000827
0.000827
0.000827
0.000827
0.000826
0.000826
0.000826
0.000826
0.000825
0.000825
0.000825
0.000825
0.000824
0.000824
0.000824
0.000824
0.000823
0.000823
0.000823
0.000823
0.000822
0.000822
0.000822
0.000822
0.000822
0.000821
0.000821
0.000821
0.000821
0.000820
0.000820
0.000820
0.000820
0.000820
0.000820
0.000819
0.000819
0.000819
0.000819
0.000819
0.000819
0.000819
0.000819
0.000818
0.000818
0.000818
0.000818
0.000818
0.000818
0.000817
0.000828
0.000831
0.000830
0.000830
0.000830
0.000831
0.000831
0.000832
0.000832
0.000833
0.000833
0.000834
0.000835
0.000835
0.000836
0.000837
0.000838
0.000839
0.000840
0.000841
0.000842
0.000843
0.000845
0.000846
0.000847
0.000849
0.000850
0.000852
0.000853
0.000854
0.000855
0.000855
0.000855
0.000855
0.000854
0.000852
0.000850
0.000848
0.000847
0.000845
0.000844
0.000842
0.000841
0.000840
0.000839
0.000839
0.000838
0.000838
0.000837
0.000837
0.000837
0.000836
0.000836
0.000836
0.000835
0.000835
0.000835
0.000835
0.000834
0.000834
0.000834
0.000834
0.000834
0.000834
0.000834
0.000834
0.000833
0.000833
0.000833
0.000833
0.000833
0.000833
0.000833
0.000833
0.000833
0.000833
0.000833
0.000833
0.000832
0.000832
0.000832
0.000832
0.000832
0.000832
0.000832
0.000832
0.000832
0.000832
0.000832
0.000832
0.000832
0.000832
0.000832
0.000831
0.000831
0.000831
0.000831
0.000831
0.000831
0.000816
0.000801
0.000798
0.000799
0.000799
0.000799
0.000799
0.000799
0.000799
0.000799
0.000799
0.000799
0.000799
0.000799
0.000799
0.000799
0.000799
0.000799
0.000799
0.000799
0.000799
0.000799
0.000799
0.000799
0.000799
0.000799
0.000799
0.000799
0.000799
0.000799
0.000799
0.000799
0.000799
0.000799
0.000799
0.000799
0.000799
0.000799
0.000799
0.000799
0.000799
0.000799
0.000799
0.000799
0.000799
0.000799
0.000799
0.000799
0.000799
0.000799
0.000799
0.000799
0.000799
0.000799
0.000799
0.000799
0.000799
0.000799
0.000799
0.000799
0.000800
0.000799
0.000800
0.000800
0.000800
0.000800
0.000800
0.000800
0.000800
0.000800
0.000800
0.000800
0.000800
0.000800
0.000800
0.000800
0.000800
0.000800
0.000800
0.000800
0.000800
0.000800
0.000800
0.000800
0.000800
0.000800
0.000800
0.000800
0.000800
0.000800
0.000800
0.000800
0.000800
0.000800
0.000800
0.000800
0.000800
0.000800
0.000800
0.000800
