0.399001
0.161861
0.037188
0.011525
0.007882
0.006892
0.006272
0.005480
0.004507
0.003826
0.003454
0.003216
0.003013
0.002864
0.002724
0.002603
0.002509
0.002425
0.002345
0.002270
0.002210
0.002158
0.002100
0.002040
0.001982
0.001926
0.001866
0.001806
0.001752
0.001709
0.001669
0.001632
0.001601
0.001573
0.001542
0.001514
0.001488
0.001467
0.001447
0.001430
0.001410
0.001384
0.001359
0.001335
0.001313
0.001297
0.001286
0.001278
0.001268
0.001255
0.001238
0.001221
0.001206
0.001192
0.001181
0.001166
0.001150
0.001138
0.001124
0.001114
0.001102
0.001092
0.001084
0.001077
0.001070
0.001061
0.001053
0.001043
0.001032
0.001023
0.001013
0.001002
0.000993
0.000984
0.000974
0.000964
0.000954
0.000946
0.000939
0.000930
0.000920
0.000912
0.000903
0.000892
0.000882
0.000873
0.000866
0.000858
0.000850
0.000842
0.000833
0.000823
0.000813
0.000803
0.000791
0.000780
0.000769
0.000758
0.000746
0.000734
0.000690
0.000678
0.000677
0.000672
0.000669
0.000666
0.000663
0.000660
0.000658
0.000655
0.000653
0.000651
0.000649
0.000646
0.000644
0.000642
0.000640
0.000638
0.000636
0.000634
0.000632
0.000629
0.000627
0.000624
0.000622
0.000619
0.000616
0.000613
0.000611
0.000608
0.000605
0.000602
0.000599
0.000597
0.000595
0.000592
0.000590
0.000588
0.000586
0.000584
0.000582
0.000580
0.000578
0.000577
0.000575
0.000573
0.000572
0.000570
0.000569
0.000567
0.000566
0.000565
0.000564
0.000562
0.000561
0.000560
0.000559
0.000559
0.000558
0.000557
0.000556
0.000555
0.000555
0.000554
0.000554
0.000553
0.000553
0.000553
0.000552
0.000552
0.000552
0.000552
0.000552
0.000552
0.000552
0.000553
0.000553
0.000553
0.000554
0.000554
0.000555
0.000555
0.000555
0.000556
0.000556
0.000556
0.000556
0.000556
0.000556
0.000556
0.000556
0.000555
0.000555
0.000555
0.000554
0.000554
0.000553
0.000553
0.000553
0.000552
0.000524
0.000517
0.000517
0.000515
0.000514
0.000514
0.000514
0.000514
0.000514
0.000513
0.000513
0.000513
0.000513
0.000513
0.000513
0.000512
0.000512
0.000512
0.000512
0.000512
0.000512
0.000512
0.000512
0.000512
0.000512
0.000512
0.000512
0.000513
0.000513
0.000513
0.000513
0.000513
0.000513
0.000513
0.000513
0.000513
0.000513
0.000513
0.000512
0.000512
0.000512
0.000511
0.000511
0.000511
0.000510
0.000510
0.000509
0.000509
0.000508
0.000508
0.000507
0.000507
0.000506
0.000506
0.000505
0.000504
0.000504
0.000503
0.000503
0.000502
0.000502
0.000501
0.000501
0.000501
0.000500
0.000500
0.000500
0.000499
0.000499
0.000499
0.000498
0.000498
0.000498
0.000498
0.000497
0.000497
0.000497
0.000497
0.000497
0.000496
0.000496
0.000496
0.000496
0.000496
0.000496
0.000495
0.000495
0.000495
0.000495
0.000495
0.000495
0.000495
0.000495
0.000495
0.000495
0.000495
0.000494
0.000494
0.000494
0.000494
0.000488
0.000489
0.000489
0.000489
0.000489
0.000489
0.000489
0.000488
0.000488
0.000488
0.000488
0.000488
0.000488
0.000488
0.000488
0.000488
0.000487
0.000487
0.000487
0.000487
0.000487
0.000487
0.000487
0.000487
0.000486
0.000486
0.000486
0.000486
0.000486
0.000486
0.000486
0.000486
0.000486
0.000485
0.000485
0.000485
0.000485
0.000485
0.000485
0.000485
0.000485
0.000485
0.000485
0.000485
0.000485
0.000484
0.000484
0.000484
0.000484
0.000484
0.000484
0.000484
0.000484
0.000484
0.000484
0.000484
0.000484
0.000484
0.000484
0.000484
0.000484
0.000484
0.000483
0.000483
0.000483
0.000483
0.000483
0.000483
0.000483
0.000483
0.000483
0.000483
0.000483
0.000483
0.000483
0.000483
0.000483
0.000483
0.000482
0.000482
0.000482
0.000482
0.000482
0.000482
0.000482
0.000482
0.000482
0.000482
0.000482
0.000481
0.000481
0.000481
0.000481
0.000481
0.000481
0.000481
0.000481
0.000481
0.000481
0.000481
0.000478
0.000484
0.000487
0.000488
0.000489
0.000489
0.000488
0.000487
0.000486
0.000485
0.000485
0.000484
0.000484
0.000483
0.000483
0.000483
0.000482
0.000482
0.000482
0.000482
0.000481
0.000481
0.000481
0.000481
0.000481
0.000481
0.000480
0.000480
0.000480
0.000480
0.000480
0.000480
0.000480
0.000480
0.000479
0.000479
0.000479
0.000479
0.000479
0.000479
0.000479
0.000479
0.000479
0.000479
0.000479
0.000479
0.000478
0.000478
0.000478
0.000478
0.000478
0.000478
0.000478
0.000478
0.000478
0.000478
0.000478
0.000478
0.000478
0.000477
0.000477
0.000477
0.000477
0.000477
0.000477
0.000477
0.000477
0.000477
0.000477
0.000477
0.000477
0.000477
0.000477
0.000477
0.000476
0.000476
0.000476
0.000476
0.000476
0.000476
0.000476
0.000476
0.000476
0.000476
0.000475
0.000475
0.000475
0.000475
0.000475
0.000475
0.000475
0.000475
0.000475
0.000475
0.000475
0.000475
0.000475
0.000475
0.000475
0.000474
