0.424042
0.205514
0.080755
0.038377
0.025657
0.016635
0.009886
0.006041
0.004382
0.003783
0.003467
0.003188
0.002943
0.002748
0.002597
0.002475
0.002371
0.002278
0.002196
0.002126
0.002066
0.002009
0.001957
0.001908
0.001859
0.001813
0.001771
0.001732
0.001697
0.001664
0.001633
0.001606
0.001581
0.001556
0.001531
0.001504
0.001478
0.001452
0.001422
0.001392
0.001363
0.001335
0.001309
0.001285
0.001265
0.001246
0.001231
0.001218
0.001208
0.001199
0.001192
0.001188
0.001186
0.001187
0.001188
0.001192
0.001195
0.001197
0.001199
0.001199
0.001198
0.001195
0.001190
0.001186
0.001180
0.001175
0.001170
0.001168
0.001166
0.001164
0.001163
0.001160
0.001159
0.001155
0.001152
0.001150
0.001148
0.001146
0.001144
0.001142
0.001141
0.001139
0.001138
0.001137
0.001135
0.001134
0.001132
0.001131
0.001129
0.001128
0.001127
0.001126
0.001125
0.001124
0.001122
0.001120
0.001119
0.001117
0.001116
0.001115
0.001074
0.001078
0.001048
0.001051
0.001051
0.001049
0.001050
0.001050
0.001050
0.001050
0.001050
0.001050
0.001050
0.001051
0.001051
0.001051
0.001052
0.001052
0.001053
0.001054
0.001055
0.001055
0.001055
0.001055
0.001056
0.001057
0.001058
0.001058
0.001058
0.001059
0.001059
0.001059
0.001059
0.001059
0.001060
0.001059
0.001059
0.001059
0.001059
0.001059
0.001059
0.001058
0.001058
0.001058
0.001058
0.001057
0.001056
0.001056
0.001055
0.001055
0.001054
0.001054
0.001053
0.001052
0.001052
0.001051
0.001050
0.001050
0.001049
0.001049
0.001048
0.001047
0.001046
0.001046
0.001045
0.001044
0.001044
0.001044
0.001043
0.001042
0.001042
0.001041
0.001040
0.001039
0.001039
0.001038
0.001037
0.001037
0.001036
0.001036
0.001035
0.001034
0.001034
0.001033
0.001032
0.001032
0.001031
0.001031
0.001030
0.001029
0.001028
0.001028
0.001027
0.001026
0.001026
0.001025
0.001025
0.001024
0.001023
0.001023
0.000988
0.000989
0.000995
0.000998
0.001000
0.001000
0.001000
0.001000
0.001000
0.000999
0.000998
0.000997
0.000997
0.000996
0.000995
0.000994
0.000993
0.000992
0.000991
0.000990
0.000990
0.000989
0.000988
0.000987
0.000986
0.000985
0.000984
0.000983
0.000982
0.000981
0.000980
0.000979
0.000978
0.000977
0.000977
0.000976
0.000975
0.000974
0.000974
0.000973
0.000973
0.000972
0.000971
0.000971
0.000970
0.000970
0.000970
0.000969
0.000969
0.000968
0.000968
0.000967
0.000967
0.000967
0.000966
0.000966
0.000966
0.000966
0.000965
0.000965
0.000965
0.000965
0.000964
0.000964
0.000964
0.000964
0.000964
0.000963
0.000963
0.000963
0.000963
0.000963
0.000962
0.000962
0.000962
0.000962
0.000962
0.000961
0.000961
0.000961
0.000961
0.000960
0.000960
0.000960
0.000960
0.000960
0.000959
0.000959
0.000959
0.000959
0.000959
0.000958
0.000958
0.000958
0.000957
0.000957
0.000957
0.000957
0.000957
0.000956
0.000953
0.000969
0.000971
0.000971
0.000971
0.000972
0.000973
0.000972
0.000972
0.000970
0.000969
0.000968
0.000966
0.000965
0.000964
0.000963
0.000962
0.000961
0.000961
0.000960
0.000960
0.000959
0.000959
0.000959
0.000958
0.000958
0.000957
0.000957
0.000957
0.000957
0.000957
0.000956
0.000956
0.000956
0.000956
0.000956
0.000956
0.000956
0.000956
0.000956
0.000956
0.000955
0.000955
0.000955
0.000955
0.000955
0.000955
0.000955
0.000955
0.000955
0.000954
0.000954
0.000954
0.000954
0.000954
0.000954
0.000954
0.000954
0.000954
0.000954
0.000954
0.000953
0.000953
0.000953
0.000953
0.000953
0.000953
0.000953
0.000953
0.000952
0.000952
0.000952
0.000952
0.000952
0.000952
0.000951
0.000951
0.000951
0.000951
0.000951
0.000951
0.000951
0.000950
0.000950
0.000950
0.000950
0.000950
0.000949
0.000949
0.000949
0.000949
0.000949
0.000949
0.000949
0.000948
0.000948
0.000948
0.000948
0.000948
0.000948
0.000934
0.000929
0.000924
0.000924
0.000925
0.000924
0.000924
0.000924
0.000924
0.000924
0.000924
0.000924
0.000924
0.000923
0.000923
0.000923
0.000923
0.000923
0.000923
0.000923
0.000923
0.000923
0.000923
0.000923
0.000922
0.000922
0.000922
0.000922
0.000922
0.000922
0.000922
0.000922
0.000922
0.000922
0.000921
0.000921
0.000921
0.000921
0.000921
0.000921
0.000921
0.000921
0.000921
0.000921
0.000921
0.000921
0.000920
0.000920
0.000920
0.000920
0.000920
0.000920
0.000920
0.000920
0.000920
0.000920
0.000920
0.000919
0.000919
0.000919
0.000919
0.000919
0.000919
0.000919
0.000919
0.000919
0.000919
0.000919
0.000918
0.000918
0.000918
0.000918
0.000918
0.000918
0.000918
0.000918
0.000918
0.000918
0.000917
0.000917
0.000917
0.000917
0.000917
0.000917
0.000917
0.000917
0.000917
0.000916
0.000916
0.000916
0.000916
0.000916
0.000916
0.000916
0.000916
0.000916
0.000916
0.000915
0.000915
0.000915
