0.366887
0.229906
0.115943
0.074566
0.051891
0.038941
0.030633
0.024044
0.018918
0.014917
0.011710
0.009291
0.007863
0.007256
0.006923
0.006661
0.006457
0.006280
0.006123
0.005992
0.005878
0.005777
0.005690
0.005620
0.005558
0.005501
0.005449
0.005399
0.005351
0.005303
0.005257
0.005212
0.005169
0.005126
0.005085
0.005043
0.005002
0.004961
0.004918
0.004877
0.004836
0.004795
0.004753
0.004713
0.004671
0.004627
0.004583
0.004541
0.004497
0.004454
0.004410
0.004365
0.004320
0.004275
0.004229
0.004183
0.004137
0.004092
0.004048
0.004004
0.003962
0.003920
0.003876
0.003832
0.003787
0.003742
0.003696
0.003649
0.003601
0.003556
0.003513
0.003472
0.003434
0.003397
0.003364
0.003331
0.003298
0.003266
0.003233
0.003198
0.003160
0.003116
0.003063
0.002999
0.002927
0.002856
0.002788
0.002726
0.002672
0.002625
0.002586
0.002551
0.002522
0.002495
0.002472
0.002451
0.002432
0.002415
0.002399
0.002383
0.002350
0.002340
0.002343
0.002343
0.002338
0.002334
0.002328
0.002322
0.002317
0.002311
0.002305
0.002300
0.002294
0.002288
0.002282
0.002277
0.002271
0.002266
0.002261
0.002256
0.002251
0.002247
0.002242
0.002237
0.002232
0.002228
0.002224
0.002220
0.002216
0.002212
0.002208
0.002204
0.002200
0.002197
0.002193
0.002190
0.002186
0.002183
0.002180
0.002177
0.002174
0.002171
0.002168
0.002165
0.002163
0.002160
0.002158
0.002156
0.002153
0.002151
0.002149
0.002147
0.002144
0.002142
0.002140
0.002138
0.002136
0.002135
0.002133
0.002131
0.002129
0.002127
0.002126
0.002124
0.002122
0.002120
0.002118
0.002116
0.002115
0.002113
0.002111
0.002109
0.002108
0.002106
0.002104
0.002103
0.002101
0.002099
0.002098
0.002096
0.002095
0.002093
0.002091
0.002089
0.002088
0.002086
0.002085
0.002083
0.002081
0.002079
0.002078
0.002076
0.002074
0.002072
0.002070
0.002068
0.002067
0.002065
0.002063
0.002062
0.002044
0.002042
0.002042
0.002045
0.002044
0.002043
0.002042
0.002041
0.002040
0.002039
0.002038
0.002038
0.002037
0.002036
0.002035
0.002034
0.002033
0.002032
0.002031
0.002030
0.002029
0.002029
0.002028
0.002027
0.002027
0.002026
0.002025
0.002024
0.002023
0.002023
0.002022
0.002021
0.002020
0.002020
0.002019
0.002018
0.002018
0.002017
0.002016
0.002016
0.002015
0.002014
0.002013
0.002013
0.002012
0.002011
0.002011
0.002010
0.002009
0.002009
0.002008
0.002007
0.002006
0.002005
0.002005
0.002004
0.002004
0.002003
0.002002
0.002001
0.002000
0.002000
0.001999
0.001999
0.001998
0.001997
0.001996
0.001995
0.001995
0.001994
0.001993
0.001992
0.001992
0.001991
0.001990
0.001989
0.001989
0.001988
0.001988
0.001987
0.001986
0.001986
0.001985
0.001985
0.001984
0.001984
0.001983
0.001982
0.001982
0.001981
0.001981
0.001980
0.001980
0.001979
0.001979
0.001978
0.001977
0.001977
0.001976
0.001976
0.001957
0.001946
0.001945
0.001946
0.001945
0.001945
0.001944
0.001944
0.001944
0.001943
0.001943
0.001943
0.001942
0.001942
0.001942
0.001941
0.001941
0.001941
0.001940
0.001940
0.001940
0.001939
0.001939
0.001939
0.001938
0.001938
0.001937
0.001937
0.001937
0.001937
0.001936
0.001936
0.001936
0.001935
0.001935
0.001935
0.001934
0.001934
0.001934
0.001933
0.001933
0.001933
0.001932
0.001932
0.001932
0.001932
0.001931
0.001931
0.001930
0.001930
0.001930
0.001929
0.001929
0.001929
0.001928
0.001928
0.001928
0.001927
0.001927
0.001927
0.001926
0.001926
0.001926
0.001925
0.001925
0.001924
0.001924
0.001924
0.001923
0.001923
0.001923
0.001922
0.001922
0.001922
0.001921
0.001921
0.001920
0.001920
0.001920
0.001919
0.001919
0.001919
0.001918
0.001918
0.001918
0.001917
0.001917
0.001916
0.001916
0.001916
0.001915
0.001915
0.001915
0.001914
0.001914
0.001913
0.001913
0.001913
0.001912
0.001912
0.001906
0.001905
0.001907
0.001907
0.001907
0.001906
0.001906
0.001906
0.001905
0.001905
0.001905
0.001905
0.001904
0.001904
0.001904
0.001904
0.001904
0.001903
0.001903
0.001903
0.001903
0.001902
0.001902
0.001902
0.001902
0.001901
0.001901
0.001901
0.001901
0.001900
0.001900
0.001900
0.001900
0.001899
0.001899
0.001899
0.001899
0.001898
0.001898
0.001898
0.001897
0.001897
0.001897
0.001897
0.001896
0.001896
0.001896
0.001896
0.001895
0.001895
0.001895
0.001894
0.001894
0.001894
0.001894
0.001893
0.001893
0.001893
0.001893
0.001892
0.001892
0.001892
0.001891
0.001891
0.001891
0.001890
0.001890
0.001890
0.001890
0.001889
0.001889
0.001889
0.001888
0.001888
0.001888
0.001888
0.001887
0.001887
0.001887
0.001886
0.001886
0.001886
0.001885
0.001885
0.001885
0.001885
0.001884
0.001884
0.001884
0.001883
0.001883
0.001883
0.001882
0.001882
0.001882
0.001881
0.001881
0.001881
0.001880
0.001880
