0.494501
0.359022
0.246395
0.151948
0.104634
0.081568
0.061003
0.043040
0.027625
0.016957
0.011881
0.009700
0.008834
0.008467
0.008302
0.008222
0.008170
0.008131
0.008096
0.008061
0.008023
0.007986
0.007947
0.007906
0.007862
0.007812
0.007756
0.007692
0.007623
0.007552
0.007478
0.007404
0.007331
0.007262
0.007199
0.007140
0.007089
0.007043
0.007002
0.006965
0.006935
0.006909
0.006887
0.006866
0.006848
0.006830
0.006815
0.006799
0.006783
0.006766
0.006748
0.006729
0.006709
0.006688
0.006665
0.006642
0.006617
0.006588
0.006556
0.006524
0.006489
0.006450
0.006404
0.006353
0.006300
0.006244
0.006188
0.006133
0.006083
0.006034
0.005987
0.005945
0.005905
0.005869
0.005836
0.005807
0.005780
0.005756
0.005734
0.005714
0.005697
0.005682
0.005668
0.005654
0.005642
0.005631
0.005620
0.005609
0.005599
0.005591
0.005582
0.005575
0.005568
0.005561
0.005554
0.005548
0.005543
0.005537
0.005533
0.005527
0.005425
0.005411
0.005391
0.005385
0.005385
0.005383
0.005382
0.005381
0.005380
0.005379
0.005378
0.005377
0.005376
0.005375
0.005375
0.005374
0.005373
0.005372
0.005371
0.005371
0.005370
0.005369
0.005368
0.005367
0.005367
0.005366
0.005366
0.005365
0.005364
0.005364
0.005363
0.005363
0.005362
0.005362
0.005362
0.005362
0.005361
0.005361
0.005361
0.005361
0.005360
0.005360
0.005360
0.005360
0.005359
0.005359
0.005359
0.005359
0.005359
0.005359
0.005358
0.005359
0.005358
0.005358
0.005358
0.005358
0.005358
0.005358
0.005358
0.005358
0.005357
0.005358
0.005358
0.005357
0.005357
0.005357
0.005357
0.005357
0.005357
0.005357
0.005357
0.005357
0.005357
0.005357
0.005356
0.005357
0.005357
0.005357
0.005357
0.005357
0.005357
0.005357
0.005356
0.005356
0.005356
0.005356
0.005356
0.005356
0.005356
0.005356
0.005356
0.005356
0.005355
0.005356
0.005355
0.005355
0.005355
0.005355
0.005355
0.005355
0.005291
0.005273
0.005270
0.005271
0.005270
0.005270
0.005270
0.005270
0.005270
0.005270
0.005270
0.005270
0.005270
0.005270
0.005270
0.005270
0.005270
0.005270
0.005271
0.005271
0.005271
0.005271
0.005271
0.005271
0.005271
0.005271
0.005271
0.005271
0.005272
0.005272
0.005272
0.005272
0.005272
0.005272
0.005272
0.005273
0.005273
0.005273
0.005273
0.005273
0.005273
0.005273
0.005274
0.005274
0.005274
0.005274
0.005274
0.005274
0.005274
0.005275
0.005275
0.005275
0.005275
0.005275
0.005275
0.005275
0.005275
0.005275
0.005276
0.005276
0.005276
0.005276
0.005276
0.005276
0.005276
0.005276
0.005276
0.005276
0.005276
0.005276
0.005276
0.005277
0.005277
0.005276
0.005277
0.005277
0.005277
0.005277
0.005277
0.005277
0.005277
0.005277
0.005277
0.005277
0.005277
0.005277
0.005277
0.005278
0.005277
0.005277
0.005278
0.005277
0.005278
0.005278
0.005278
0.005278
0.005278
0.005277
0.005278
0.005278
0.005259
0.005262
0.005271
0.005273
0.005275
0.005275
0.005275
0.005275
0.005275
0.005275
0.005275
0.005275
0.005275
0.005275
0.005275
0.005275
0.005275
0.005276
0.005276
0.005276
0.005276
0.005276
0.005276
0.005276
0.005276
0.005276
0.005276
0.005276
0.005276
0.005277
0.005277
0.005277
0.005277
0.005277
0.005277
0.005277
0.005277
0.005277
0.005277
0.005277
0.005277
0.005277
0.005277
0.005277
0.005277
0.005278
0.005278
0.005278
0.005278
0.005278
0.005278
0.005278
0.005278
0.005278
0.005278
0.005278
0.005278
0.005278
0.005278
0.005278
0.005278
0.005278
0.005278
0.005278
0.005279
0.005279
0.005279
0.005279
0.005279
0.005279
0.005279
0.005279
0.005279
0.005279
0.005279
0.005279
0.005279
0.005279
0.005279
0.005279
0.005279
0.005279
0.005279
0.005279
0.005279
0.005279
0.005279
0.005279
0.005279
0.005279
0.005279
0.005279
0.005279
0.005279
0.005279
0.005279
0.005279
0.005279
0.005279
0.005279
0.005257
0.005250
0.005240
0.005243
0.005244
0.005243
0.005243
0.005243
0.005243
0.005243
0.005243
0.005243
0.005243
0.005243
0.005243
0.005243
0.005243
0.005243
0.005243
0.005243
0.005243
0.005243
0.005243
0.005243
0.005243
0.005243
0.005243
0.005243
0.005243
0.005243
0.005243
0.005243
0.005243
0.005243
0.005243
0.005243
0.005243
0.005243
0.005243
0.005243
0.005243
0.005243
0.005243
0.005243
0.005243
0.005243
0.005243
0.005243
0.005243
0.005243
0.005243
0.005243
0.005243
0.005243
0.005243
0.005243
0.005243
0.005243
0.005243
0.005243
0.005243
0.005243
0.005243
0.005243
0.005243
0.005243
0.005243
0.005243
0.005243
0.005243
0.005243
0.005243
0.005243
0.005243
0.005243
0.005243
0.005243
0.005243
0.005243
0.005243
0.005243
0.005243
0.005243
0.005243
0.005243
0.005243
0.005243
0.005243
0.005243
0.005243
0.005243
0.005243
0.005243
0.005243
0.005243
0.005243
0.005243
0.005243
0.005243
0.005243
