0.428625
0.262022
0.110020
0.056802
0.037404
0.028488
0.022064
0.017150
0.013255
0.010193
0.007880
0.006247
0.005135
0.004436
0.003997
0.003694
0.003454
0.003248
0.003067
0.002900
0.002748
0.002614
0.002497
0.002400
0.002321
0.002261
0.002213
0.002171
0.002133
0.002100
0.002071
0.002045
0.002020
0.001997
0.001975
0.001953
0.001931
0.001912
0.001892
0.001875
0.001859
0.001841
0.001825
0.001808
0.001793
0.001780
0.001766
0.001752
0.001738
0.001723
0.001707
0.001693
0.001681
0.001669
0.001656
0.001645
0.001633
0.001622
0.001612
0.001601
0.001591
0.001582
0.001571
0.001558
0.001544
0.001526
0.001505
0.001485
0.001465
0.001447
0.001433
0.001420
0.001406
0.001396
0.001385
0.001375
0.001365
0.001355
0.001346
0.001338
0.001330
0.001322
0.001315
0.001309
0.001304
0.001297
0.001293
0.001288
0.001284
0.001280
0.001275
0.001271
0.001267
0.001263
0.001258
0.001253
0.001248
0.001244
0.001240
0.001237
0.001175
0.001179
0.001169
0.001173
0.001172
0.001171
0.001170
0.001168
0.001167
0.001166
0.001165
0.001164
0.001163
0.001162
0.001161
0.001161
0.001160
0.001159
0.001158
0.001158
0.001157
0.001156
0.001156
0.001156
0.001155
0.001155
0.001155
0.001154
0.001154
0.001155
0.001155
0.001155
0.001155
0.001156
0.001155
0.001155
0.001155
0.001156
0.001155
0.001156
0.001155
0.001155
0.001154
0.001154
0.001153
0.001153
0.001152
0.001152
0.001151
0.001151
0.001149
0.001148
0.001148
0.001147
0.001146
0.001145
0.001144
0.001144
0.001143
0.001142
0.001142
0.001140
0.001140
0.001139
0.001138
0.001138
0.001137
0.001137
0.001136
0.001135
0.001135
0.001133
0.001133
0.001132
0.001131
0.001131
0.001130
0.001130
0.001129
0.001128
0.001128
0.001127
0.001127
0.001126
0.001125
0.001124
0.001124
0.001123
0.001122
0.001122
0.001121
0.001121
0.001120
0.001120
0.001119
0.001118
0.001118
0.001117
0.001116
0.001116
0.001101
0.001100
0.001103
0.001103
0.001104
0.001105
0.001105
0.001106
0.001106
0.001105
0.001105
0.001105
0.001104
0.001104
0.001103
0.001103
0.001103
0.001102
0.001102
0.001101
0.001101
0.001101
0.001100
0.001100
0.001099
0.001099
0.001099
0.001098
0.001098
0.001097
0.001097
0.001097
0.001096
0.001096
0.001095
0.001095
0.001094
0.001094
0.001094
0.001093
0.001093
0.001092
0.001092
0.001091
0.001091
0.001090
0.001090
0.001090
0.001089
0.001089
0.001088
0.001088
0.001087
0.001087
0.001087
0.001086
0.001086
0.001085
0.001085
0.001085
0.001084
0.001084
0.001083
0.001083
0.001082
0.001082
0.001082
0.001081
0.001081
0.001081
0.001080
0.001080
0.001079
0.001079
0.001079
0.001078
0.001078
0.001077
0.001077
0.001077
0.001076
0.001076
0.001076
0.001075
0.001075
0.001075
0.001074
0.001074
0.001073
0.001073
0.001073
0.001072
0.001072
0.001071
0.001071
0.001071
0.001070
0.001070
0.001069
0.001069
0.001067
0.001050
0.001047
0.001047
0.001047
0.001046
0.001046
0.001046
0.001046
0.001046
0.001046
0.001046
0.001046
0.001046
0.001046
0.001046
0.001046
0.001046
0.001046
0.001046
0.001046
0.001046
0.001046
0.001046
0.001046
0.001046
0.001046
0.001046
0.001046
0.001046
0.001046
0.001046
0.001046
0.001046
0.001046
0.001046
0.001046
0.001046
0.001046
0.001046
0.001046
0.001046
0.001046
0.001046
0.001046
0.001046
0.001046
0.001046
0.001046
0.001046
0.001046
0.001046
0.001046
0.001046
0.001046
0.001046
0.001046
0.001046
0.001046
0.001046
0.001046
0.001046
0.001046
0.001046
0.001046
0.001046
0.001046
0.001046
0.001046
0.001046
0.001046
0.001046
0.001046
0.001046
0.001046
0.001046
0.001046
0.001045
0.001045
0.001045
0.001045
0.001045
0.001045
0.001045
0.001045
0.001045
0.001045
0.001045
0.001045
0.001044
0.001044
0.001044
0.001044
0.001044
0.001044
0.001044
0.001044
0.001044
0.001044
0.001044
0.001034
0.001031
0.001030
0.001029
0.001029
0.001029
0.001029
0.001029
0.001029
0.001028
0.001028
0.001028
0.001028
0.001028
0.001028
0.001028
0.001028
0.001028
0.001028
0.001028
0.001028
0.001027
0.001027
0.001027
0.001027
0.001027
0.001027
0.001027
0.001027
0.001027
0.001027
0.001027
0.001027
0.001027
0.001027
0.001026
0.001026
0.001026
0.001026
0.001026
0.001026
0.001026
0.001026
0.001026
0.001026
0.001026
0.001026
0.001026
0.001026
0.001025
0.001025
0.001025
0.001025
0.001025
0.001025
0.001025
0.001025
0.001025
0.001025
0.001025
0.001025
0.001025
0.001025
0.001025
0.001024
0.001024
0.001024
0.001024
0.001024
0.001024
0.001024
0.001024
0.001024
0.001024
0.001024
0.001024
0.001024
0.001024
0.001024
0.001023
0.001023
0.001023
0.001023
0.001023
0.001023
0.001023
0.001023
0.001023
0.001023
0.001023
0.001023
0.001023
0.001023
0.001023
0.001023
0.001022
0.001022
0.001022
0.001022
0.001022
