0.446578
0.256696
0.113918
0.055244
0.042626
0.028891
0.015666
0.010265
0.007160
0.005802
0.005182
0.004792
0.004487
0.004218
0.003981
0.003762
0.003560
0.003371
0.003196
0.003034
0.002889
0.002760
0.002650
0.002556
0.002474
0.002399
0.002333
0.002272
0.002219
0.002171
0.002127
0.002090
0.002054
0.002021
0.001990
0.001963
0.001940
0.001919
0.001898
0.001877
0.001859
0.001841
0.001824
0.001808
0.001794
0.001780
0.001768
0.001756
0.001746
0.001735
0.001724
0.001715
0.001707
0.001700
0.001693
0.001685
0.001677
0.001670
0.001663
0.001655
0.001648
0.001641
0.001632
0.001625
0.001619
0.001612
0.001605
0.001599
0.001592
0.001585
0.001578
0.001572
0.001567
0.001560
0.001555
0.001550
0.001544
0.001539
0.001535
0.001530
0.001526
0.001522
0.001518
0.001514
0.001511
0.001507
0.001503
0.001500
0.001497
0.001493
0.001489
0.001486
0.001484
0.001482
0.001479
0.001477
0.001475
0.001473
0.001471
0.001469
0.001438
0.001449
0.001453
0.001452
0.001453
0.001451
0.001449
0.001448
0.001446
0.001445
0.001443
0.001442
0.001440
0.001438
0.001437
0.001436
0.001435
0.001433
0.001432
0.001430
0.001429
0.001428
0.001426
0.001425
0.001424
0.001423
0.001422
0.001421
0.001420
0.001419
0.001417
0.001416
0.001415
0.001414
0.001413
0.001412
0.001411
0.001409
0.001408
0.001407
0.001406
0.001405
0.001404
0.001403
0.001401
0.001400
0.001399
0.001397
0.001396
0.001395
0.001394
0.001392
0.001391
0.001390
0.001388
0.001387
0.001386
0.001385
0.001383
0.001382
0.001381
0.001380
0.001379
0.001377
0.001376
0.001375
0.001374
0.001374
0.001372
0.001371
0.001370
0.001368
0.001367
0.001366
0.001365
0.001364
0.001363
0.001362
0.001361
0.001359
0.001359
0.001358
0.001356
0.001355
0.001354
0.001353
0.001351
0.001350
0.001349
0.001348
0.001347
0.001346
0.001345
0.001344
0.001343
0.001341
0.001340
0.001339
0.001338
0.001337
0.001323
0.001344
0.001345
0.001342
0.001341
0.001341
0.001340
0.001338
0.001337
0.001336
0.001335
0.001334
0.001333
0.001332
0.001332
0.001331
0.001330
0.001329
0.001328
0.001327
0.001327
0.001326
0.001325
0.001325
0.001324
0.001324
0.001323
0.001323
0.001322
0.001322
0.001321
0.001321
0.001321
0.001321
0.001320
0.001320
0.001319
0.001319
0.001319
0.001318
0.001318
0.001318
0.001317
0.001317
0.001317
0.001316
0.001316
0.001316
0.001315
0.001315
0.001315
0.001314
0.001314
0.001313
0.001313
0.001313
0.001312
0.001312
0.001311
0.001311
0.001311
0.001311
0.001310
0.001309
0.001309
0.001309
0.001308
0.001308
0.001308
0.001307
0.001307
0.001306
0.001306
0.001306
0.001306
0.001305
0.001305
0.001305
0.001304
0.001304
0.001304
0.001303
0.001303
0.001303
0.001303
0.001302
0.001302
0.001302
0.001301
0.001301
0.001300
0.001300
0.001299
0.001299
0.001298
0.001298
0.001298
0.001298
0.001297
0.001297
0.001275
0.001251
0.001248
0.001248
0.001247
0.001247
0.001247
0.001247
0.001247
0.001246
0.001246
0.001246
0.001246
0.001246
0.001246
0.001246
0.001245
0.001245
0.001245
0.001245
0.001245
0.001245
0.001244
0.001244
0.001244
0.001244
0.001244
0.001244
0.001243
0.001243
0.001243
0.001243
0.001243
0.001243
0.001243
0.001242
0.001242
0.001242
0.001242
0.001242
0.001242
0.001242
0.001241
0.001241
0.001241
0.001241
0.001241
0.001241
0.001241
0.001240
0.001240
0.001240
0.001240
0.001240
0.001240
0.001239
0.001239
0.001239
0.001239
0.001239
0.001239
0.001239
0.001239
0.001238
0.001238
0.001238
0.001238
0.001238
0.001238
0.001238
0.001238
0.001237
0.001237
0.001237
0.001237
0.001237
0.001237
0.001237
0.001236
0.001236
0.001236
0.001236
0.001236
0.001236
0.001236
0.001235
0.001235
0.001235
0.001235
0.001235
0.001235
0.001235
0.001235
0.001234
0.001234
0.001234
0.001234
0.001234
0.001234
0.001233
0.001227
0.001230
0.001232
0.001230
0.001229
0.001229
0.001229
0.001229
0.001229
0.001228
0.001228
0.001228
0.001228
0.001228
0.001228
0.001228
0.001228
0.001228
0.001227
0.001227
0.001227
0.001227
0.001227
0.001227
0.001227
0.001227
0.001227
0.001226
0.001226
0.001226
0.001226
0.001226
0.001226
0.001226
0.001226
0.001225
0.001225
0.001225
0.001225
0.001225
0.001225
0.001225
0.001225
0.001224
0.001224
0.001224
0.001224
0.001224
0.001224
0.001224
0.001224
0.001224
0.001223
0.001223
0.001223
0.001223
0.001223
0.001223
0.001223
0.001223
0.001222
0.001222
0.001222
0.001222
0.001222
0.001222
0.001222
0.001222
0.001222
0.001221
0.001221
0.001221
0.001221
0.001221
0.001221
0.001221
0.001221
0.001220
0.001220
0.001220
0.001220
0.001220
0.001220
0.001220
0.001220
0.001219
0.001219
0.001219
0.001219
0.001219
0.001219
0.001219
0.001219
0.001219
0.001218
0.001218
0.001218
0.001218
0.001218
0.001218
