0.505233
0.466498
0.380660
0.294054
0.201885
0.090118
0.054102
0.044004
0.037329
0.031794
0.027018
0.023014
0.019797
0.017344
0.015501
0.014068
0.012879
0.011851
0.010946
0.010145
0.009445
0.008841
0.008320
0.007868
0.007484
0.007156
0.006880
0.006635
0.006420
0.006224
0.006046
0.005888
0.005744
0.005608
0.005484
0.005361
0.005239
0.005119
0.004996
0.004879
0.004759
0.004636
0.004505
0.004359
0.004209
0.004048
0.003880
0.003709
0.003549
0.003401
0.003268
0.003157
0.003063
0.002983
0.002917
0.002857
0.002801
0.002745
0.002697
0.002658
0.002622
0.002592
0.002567
0.002547
0.002529
0.002511
0.002495
0.002480
0.002467
0.002454
0.002442
0.002431
0.002419
0.002408
0.002397
0.002389
0.002381
0.002373
0.002364
0.002354
0.002345
0.002334
0.002327
0.002318
0.002308
0.002300
0.002294
0.002287
0.002280
0.002273
0.002266
0.002260
0.002255
0.002249
0.002243
0.002239
0.002235
0.002230
0.002227
0.002222
0.002166
0.002095
0.002085
0.002087
0.002081
0.002080
0.002078
0.002076
0.002074
0.002072
0.002070
0.002068
0.002067
0.002065
0.002063
0.002061
0.002060
0.002058
0.002056
0.002054
0.002053
0.002051
0.002049
0.002048
0.002046
0.002045
0.002043
0.002042
0.002040
0.002039
0.002037
0.002036
0.002034
0.002033
0.002031
0.002030
0.002029
0.002028
0.002026
0.002025
0.002023
0.002022
0.002021
0.002020
0.002019
0.002017
0.002016
0.002015
0.002014
0.002013
0.002011
0.002010
0.002009
0.002008
0.002007
0.002006
0.002005
0.002004
0.002003
0.002001
0.002000
0.001999
0.001999
0.001998
0.001996
0.001996
0.001995
0.001993
0.001993
0.001992
0.001991
0.001990
0.001989
0.001988
0.001987
0.001986
0.001985
0.001984
0.001984
0.001982
0.001982
0.001980
0.001981
0.001980
0.001979
0.001978
0.001977
0.001976
0.001975
0.001975
0.001974
0.001973
0.001972
0.001972
0.001971
0.001971
0.001970
0.001968
0.001968
0.001967
0.001950
0.001934
0.001930
0.001929
0.001929
0.001929
0.001928
0.001927
0.001927
0.001926
0.001926
0.001925
0.001925
0.001924
0.001924
0.001923
0.001923
0.001922
0.001922
0.001921
0.001921
0.001920
0.001920
0.001919
0.001919
0.001918
0.001918
0.001917
0.001917
0.001916
0.001916
0.001915
0.001915
0.001914
0.001914
0.001913
0.001913
0.001912
0.001912
0.001911
0.001911
0.001910
0.001910
0.001909
0.001909
0.001908
0.001908
0.001907
0.001907
0.001906
0.001905
0.001905
0.001904
0.001904
0.001903
0.001903
0.001902
0.001902
0.001901
0.001901
0.001900
0.001899
0.001899
0.001898
0.001898
0.001897
0.001897
0.001896
0.001896
0.001895
0.001894
0.001894
0.001893
0.001892
0.001892
0.001891
0.001891
0.001890
0.001890
0.001889
0.001888
0.001888
0.001887
0.001887
0.001886
0.001885
0.001885
0.001884
0.001884
0.001883
0.001882
0.001881
0.001881
0.001880
0.001880
0.001879
0.001878
0.001878
0.001877
0.001876
0.001869
0.001870
0.001872
0.001872
0.001871
0.001871
0.001870
0.001870
0.001870
0.001869
0.001869
0.001868
0.001868
0.001868
0.001867
0.001867
0.001867
0.001866
0.001866
0.001865
0.001865
0.001865
0.001864
0.001864
0.001863
0.001863
0.001863
0.001862
0.001862
0.001861
0.001861
0.001860
0.001860
0.001860
0.001859
0.001859
0.001859
0.001858
0.001858
0.001858
0.001857
0.001857
0.001856
0.001856
0.001856
0.001855
0.001855
0.001855
0.001854
0.001854
0.001853
0.001853
0.001853
0.001852
0.001852
0.001851
0.001851
0.001850
0.001850
0.001849
0.001849
0.001849
0.001848
0.001848
0.001847
0.001847
0.001847
0.001846
0.001846
0.001846
0.001845
0.001845
0.001844
0.001844
0.001844
0.001843
0.001843
0.001843
0.001842
0.001842
0.001841
0.001841
0.001840
0.001840
0.001840
0.001839
0.001839
0.001838
0.001838
0.001838
0.001837
0.001837
0.001837
0.001836
0.001836
0.001836
0.001835
0.001835
0.001834
0.001834
0.001831
0.001834
0.001831
0.001829
0.001829
0.001829
0.001829
0.001829
0.001829
0.001829
0.001828
0.001828
0.001828
0.001828
0.001828
0.001828
0.001827
0.001827
0.001827
0.001827
0.001827
0.001827
0.001826
0.001826
0.001826
0.001826
0.001826
0.001825
0.001825
0.001825
0.001825
0.001825
0.001825
0.001824
0.001824
0.001824
0.001824
0.001824
0.001824
0.001823
0.001823
0.001823
0.001823
0.001823
0.001823
0.001822
0.001822
0.001822
0.001822
0.001822
0.001822
0.001821
0.001821
0.001821
0.001821
0.001821
0.001821
0.001820
0.001820
0.001820
0.001820
0.001820
0.001819
0.001819
0.001819
0.001819
0.001819
0.001819
0.001818
0.001818
0.001818
0.001818
0.001818
0.001817
0.001817
0.001817
0.001817
0.001817
0.001817
0.001816
0.001816
0.001816
0.001816
0.001816
0.001815
0.001815
0.001815
0.001815
0.001815
0.001814
0.001814
0.001814
0.001814
0.001814
0.001813
0.001813
0.001813
0.001813
0.001813
0.001812
