0.529483
0.430671
0.288496
0.142975
0.098021
0.081171
0.069106
0.059391
0.051030
0.043042
0.034813
0.026499
0.019108
0.013492
0.009961
0.008107
0.007171
0.006622
0.006233
0.005935
0.005704
0.005520
0.005367
0.005233
0.005114
0.005005
0.004905
0.004814
0.004728
0.004643
0.004563
0.004488
0.004416
0.004347
0.004279
0.004216
0.004156
0.004097
0.004042
0.003991
0.003944
0.003900
0.003861
0.003821
0.003785
0.003754
0.003723
0.003694
0.003666
0.003639
0.003614
0.003591
0.003567
0.003546
0.003525
0.003504
0.003485
0.003466
0.003447
0.003429
0.003411
0.003394
0.003377
0.003361
0.003345
0.003328
0.003311
0.003294
0.003278
0.003263
0.003246
0.003230
0.003215
0.003199
0.003184
0.003168
0.003154
0.003138
0.003123
0.003108
0.003094
0.003078
0.003063
0.003047
0.003031
0.003013
0.002997
0.002981
0.002963
0.002942
0.002922
0.002899
0.002875
0.002852
0.002827
0.002801
0.002774
0.002747
0.002719
0.002692
0.002640
0.002623
0.002602
0.002586
0.002573
0.002558
0.002544
0.002529
0.002513
0.002498
0.002482
0.002467
0.002452
0.002438
0.002422
0.002406
0.002390
0.002375
0.002360
0.002345
0.002330
0.002315
0.002301
0.002287
0.002273
0.002260
0.002247
0.002234
0.002221
0.002209
0.002196
0.002184
0.002171
0.002159
0.002147
0.002134
0.002120
0.002108
0.002094
0.002080
0.002066
0.002051
0.002036
0.002022
0.002008
0.001994
0.001980
0.001966
0.001950
0.001935
0.001921
0.001906
0.001892
0.001878
0.001863
0.001847
0.001833
0.001819
0.001804
0.001790
0.001776
0.001762
0.001748
0.001734
0.001721
0.001709
0.001697
0.001686
0.001675
0.001663
0.001653
0.001641
0.001631
0.001621
0.001611
0.001601
0.001591
0.001582
0.001573
0.001565
0.001556
0.001549
0.001540
0.001532
0.001524
0.001515
0.001508
0.001500
0.001492
0.001485
0.001478
0.001471
0.001464
0.001456
0.001450
0.001443
0.001437
0.001431
0.001426
0.001420
0.001414
0.001413
0.001404
0.001400
0.001399
0.001397
0.001395
0.001393
0.001391
0.001389
0.001386
0.001384
0.001383
0.001381
0.001379
0.001377
0.001375
0.001373
0.001371
0.001369
0.001367
0.001365
0.001363
0.001362
0.001360
0.001358
0.001356
0.001354
0.001352
0.001350
0.001349
0.001347
0.001346
0.001344
0.001343
0.001341
0.001340
0.001338
0.001336
0.001335
0.001334
0.001332
0.001331
0.001329
0.001328
0.001326
0.001325
0.001324
0.001323
0.001321
0.001320
0.001319
0.001318
0.001317
0.001316
0.001315
0.001313
0.001312
0.001311
0.001310
0.001309
0.001308
0.001307
0.001306
0.001304
0.001304
0.001303
0.001301
0.001300
0.001299
0.001298
0.001297
0.001296
0.001296
0.001295
0.001294
0.001293
0.001292
0.001291
0.001289
0.001288
0.001287
0.001286
0.001285
0.001285
0.001284
0.001283
0.001282
0.001281
0.001280
0.001279
0.001279
0.001278
0.001277
0.001276
0.001275
0.001274
0.001274
0.001273
0.001272
0.001259
0.001257
0.001253
0.001253
0.001253
0.001252
0.001252
0.001252
0.001251
0.001251
0.001250
0.001250
0.001250
0.001250
0.001249
0.001249
0.001249
0.001248
0.001248
0.001248
0.001247
0.001247
0.001246
0.001246
0.001246
0.001245
0.001245
0.001245
0.001244
0.001244
0.001244
0.001243
0.001243
0.001243
0.001242
0.001242
0.001242
0.001241
0.001241
0.001241
0.001240
0.001240
0.001240
0.001239
0.001239
0.001239
0.001238
0.001238
0.001238
0.001237
0.001237
0.001237
0.001237
0.001236
0.001236
0.001236
0.001235
0.001235
0.001235
0.001234
0.001234
0.001234
0.001233
0.001233
0.001233
0.001232
0.001232
0.001232
0.001231
0.001231
0.001231
0.001230
0.001230
0.001230
0.001229
0.001229
0.001229
0.001229
0.001228
0.001228
0.001228
0.001227
0.001227
0.001227
0.001226
0.001226
0.001226
0.001225
0.001225
0.001225
0.001224
0.001224
0.001224
0.001223
0.001223
0.001223
0.001222
0.001222
0.001222
0.001221
0.001217
0.001217
0.001218
0.001219
0.001219
0.001218
0.001218
0.001218
0.001218
0.001218
0.001218
0.001217
0.001217
0.001217
0.001217
0.001217
0.001217
0.001216
0.001216
0.001216
0.001216
0.001216
0.001215
0.001215
0.001215
0.001215
0.001215
0.001215
0.001215
0.001214
0.001214
0.001214
0.001214
0.001214
0.001214
0.001213
0.001213
0.001213
0.001213
0.001213
0.001213
0.001212
0.001212
0.001212
0.001212
0.001212
0.001211
0.001211
0.001211
0.001211
0.001211
0.001211
0.001210
0.001210
0.001210
0.001210
0.001210
0.001210
0.001209
0.001209
0.001209
0.001209
0.001209
0.001209
0.001208
0.001208
0.001208
0.001208
0.001208
0.001208
0.001207
0.001207
0.001207
0.001207
0.001207
0.001207
0.001206
0.001206
0.001206
0.001206
0.001206
0.001206
0.001205
0.001205
0.001205
0.001205
0.001205
0.001205
0.001204
0.001204
0.001204
0.001204
0.001204
0.001203
0.001203
0.001203
0.001203
0.001203
0.001203
0.001202
