0.604196
0.456342
0.320036
0.235707
0.188451
0.154468
0.127486
0.106131
0.089423
0.076200
0.065359
0.056422
0.049045
0.041871
0.034664
0.028934
0.024730
0.021724
0.019464
0.017633
0.016090
0.014509
0.010614
0.006241
0.004240
0.003547
0.003301
0.003208
0.003104
0.003011
0.002949
0.002890
0.002838
0.002791
0.002746
0.002711
0.002672
0.002642
0.002613
0.002585
0.002558
0.002531
0.002506
0.002482
0.002459
0.002437
0.002416
0.002396
0.002376
0.002359
0.002342
0.002325
0.002311
0.002296
0.002281
0.002267
0.002255
0.002242
0.002230
0.002214
0.002204
0.002193
0.002180
0.002170
0.002158
0.002147
0.002139
0.002126
0.002116
0.002105
0.002098
0.002090
0.002081
0.002075
0.002065
0.002060
0.002050
0.002041
0.002035
0.002027
0.002022
0.002014
0.002011
0.002002
0.001996
0.001989
0.001984
0.001979
0.001973
0.001968
0.001964
0.001960
0.001955
0.001951
0.001947
0.001944
0.001940
0.001936
0.001933
0.001930
0.001857
0.001867
0.001866
0.001867
0.001865
0.001863
0.001862
0.001861
0.001860
0.001859
0.001857
0.001856
0.001854
0.001852
0.001850
0.001848
0.001845
0.001843
0.001841
0.001839
0.001837
0.001834
0.001832
0.001829
0.001826
0.001823
0.001820
0.001818
0.001815
0.001812
0.001809
0.001806
0.001803
0.001800
0.001797
0.001793
0.001789
0.001784
0.001780
0.001775
0.001769
0.001763
0.001757
0.001750
0.001743
0.001735
0.001727
0.001718
0.001709
0.001700
0.001691
0.001680
0.001668
0.001657
0.001646
0.001636
0.001625
0.001616
0.001608
0.001602
0.001595
0.001590
0.001584
0.001579
0.001575
0.001570
0.001566
0.001562
0.001558
0.001554
0.001550
0.001547
0.001544
0.001541
0.001538
0.001536
0.001533
0.001531
0.001529
0.001526
0.001525
0.001523
0.001521
0.001519
0.001517
0.001516
0.001514
0.001512
0.001511
0.001509
0.001508
0.001506
0.001505
0.001504
0.001503
0.001502
0.001501
0.001500
0.001499
0.001498
0.001490
0.001501
0.001496
0.001490
0.001488
0.001488
0.001488
0.001487
0.001487
0.001486
0.001486
0.001486
0.001485
0.001485
0.001485
0.001484
0.001484
0.001484
0.001484
0.001483
0.001483
0.001482
0.001482
0.001482
0.001482
0.001481
0.001481
0.001481
0.001480
0.001480
0.001480
0.001480
0.001479
0.001479
0.001479
0.001478
0.001478
0.001478
0.001478
0.001477
0.001477
0.001477
0.001476
0.001476
0.001476
0.001476
0.001475
0.001475
0.001475
0.001474
0.001474
0.001474
0.001474
0.001473
0.001473
0.001473
0.001472
0.001472
0.001472
0.001471
0.001471
0.001471
0.001470
0.001470
0.001470
0.001469
0.001469
0.001469
0.001468
0.001468
0.001468
0.001468
0.001467
0.001467
0.001467
0.001466
0.001466
0.001466
0.001465
0.001465
0.001465
0.001465
0.001464
0.001464
0.001464
0.001463
0.001463
0.001463
0.001462
0.001462
0.001462
0.001461
0.001461
0.001461
0.001460
0.001460
0.001460
0.001459
0.001459
0.001459
0.001446
0.001439
0.001439
0.001440
0.001439
0.001437
0.001436
0.001435
0.001434
0.001434
0.001434
0.001433
0.001433
0.001433
0.001432
0.001432
0.001432
0.001431
0.001431
0.001431
0.001431
0.001430
0.001430
0.001430
0.001430
0.001429
0.001429
0.001429
0.001429
0.001429
0.001428
0.001428
0.001428
0.001428
0.001428
0.001427
0.001427
0.001427
0.001427
0.001427
0.001426
0.001426
0.001426
0.001426
0.001426
0.001425
0.001425
0.001425
0.001425
0.001425
0.001425
0.001424
0.001424
0.001424
0.001424
0.001424
0.001424
0.001423
0.001423
0.001423
0.001423
0.001423
0.001422
0.001422
0.001422
0.001422
0.001422
0.001422
0.001421
0.001421
0.001421
0.001421
0.001421
0.001421
0.001420
0.001420
0.001420
0.001420
0.001420
0.001420
0.001419
0.001419
0.001419
0.001419
0.001419
0.001418
0.001418
0.001418
0.001418
0.001418
0.001418
0.001417
0.001417
0.001417
0.001417
0.001417
0.001417
0.001416
0.001416
0.001416
0.001409
0.001409
0.001407
0.001407
0.001407
0.001407
0.001406
0.001406
0.001406
0.001406
0.001406
0.001406
0.001406
0.001406
0.001406
0.001406
0.001405
0.001405
0.001405
0.001405
0.001405
0.001405
0.001405
0.001405
0.001405
0.001404
0.001404
0.001404
0.001404
0.001404
0.001404
0.001404
0.001404
0.001404
0.001404
0.001403
0.001403
0.001403
0.001403
0.001403
0.001403
0.001403
0.001403
0.001403
0.001403
0.001402
0.001402
0.001402
0.001402
0.001402
0.001402
0.001402
0.001402
0.001402
0.001402
0.001401
0.001401
0.001401
0.001401
0.001401
0.001401
0.001401
0.001401
0.001401
0.001400
0.001400
0.001400
0.001400
0.001400
0.001400
0.001400
0.001400
0.001400
0.001400
0.001399
0.001399
0.001399
0.001399
0.001399
0.001399
0.001399
0.001399
0.001399
0.001399
0.001398
0.001398
0.001398
0.001398
0.001398
0.001398
0.001398
0.001398
0.001398
0.001398
0.001397
0.001397
0.001397
0.001397
0.001397
0.001397
