0.448446
0.318357
0.215386
0.147946
0.098401
0.062118
0.042679
0.033218
0.025671
0.019971
0.015684
0.012470
0.010085
0.008286
0.006930
0.005926
0.005219
0.004737
0.004405
0.004170
0.003993
0.003850
0.003733
0.003631
0.003542
0.003465
0.003393
0.003325
0.003260
0.003198
0.003138
0.003079
0.003021
0.002966
0.002911
0.002857
0.002804
0.002752
0.002703
0.002657
0.002613
0.002574
0.002536
0.002501
0.002468
0.002439
0.002412
0.002387
0.002364
0.002344
0.002324
0.002305
0.002287
0.002268
0.002251
0.002235
0.002218
0.002203
0.002188
0.002173
0.002160
0.002145
0.002128
0.002110
0.002095
0.002081
0.002067
0.002053
0.002038
0.002025
0.002010
0.001995
0.001981
0.001968
0.001955
0.001941
0.001927
0.001911
0.001898
0.001884
0.001871
0.001858
0.001844
0.001829
0.001813
0.001798
0.001784
0.001769
0.001758
0.001747
0.001738
0.001727
0.001718
0.001708
0.001698
0.001689
0.001680
0.001672
0.001664
0.001657
0.001636
0.001640
0.001639
0.001632
0.001626
0.001623
0.001620
0.001617
0.001614
0.001612
0.001609
0.001607
0.001604
0.001602
0.001599
0.001597
0.001595
0.001593
0.001591
0.001589
0.001587
0.001585
0.001583
0.001581
0.001580
0.001578
0.001576
0.001575
0.001573
0.001572
0.001570
0.001569
0.001567
0.001566
0.001564
0.001563
0.001561
0.001560
0.001558
0.001557
0.001556
0.001554
0.001553
0.001552
0.001550
0.001549
0.001547
0.001546
0.001545
0.001543
0.001542
0.001541
0.001540
0.001538
0.001537
0.001536
0.001534
0.001533
0.001532
0.001531
0.001529
0.001528
0.001527
0.001526
0.001524
0.001523
0.001521
0.001520
0.001519
0.001517
0.001516
0.001515
0.001513
0.001512
0.001510
0.001509
0.001507
0.001506
0.001505
0.001503
0.001502
0.001500
0.001499
0.001497
0.001495
0.001494
0.001492
0.001491
0.001490
0.001488
0.001487
0.001485
0.001484
0.001483
0.001482
0.001480
0.001478
0.001477
0.001476
0.001475
0.001456
0.001458
0.001454
0.001454
0.001454
0.001453
0.001452
0.001452
0.001451
0.001450
0.001449
0.001448
0.001448
0.001448
0.001447
0.001446
0.001445
0.001445
0.001444
0.001444
0.001443
0.001442
0.001441
0.001441
0.001440
0.001440
0.001440
0.001439
0.001438
0.001437
0.001437
0.001436
0.001436
0.001436
0.001435
0.001434
0.001434
0.001433
0.001433
0.001433
0.001432
0.001432
0.001431
0.001431
0.001430
0.001430
0.001429
0.001429
0.001428
0.001427
0.001427
0.001426
0.001426
0.001425
0.001425
0.001424
0.001424
0.001423
0.001422
0.001422
0.001422
0.001421
0.001420
0.001420
0.001419
0.001418
0.001418
0.001417
0.001417
0.001416
0.001415
0.001415
0.001414
0.001414
0.001412
0.001412
0.001411
0.001410
0.001410
0.001409
0.001408
0.001407
0.001406
0.001406
0.001405
0.001405
0.001404
0.001403
0.001403
0.001402
0.001402
0.001401
0.001401
0.001400
0.001400
0.001399
0.001399
0.001398
0.001398
0.001397
0.001388
0.001370
0.001370
0.001369
0.001369
0.001368
0.001368
0.001368
0.001367
0.001367
0.001367
0.001366
0.001366
0.001366
0.001365
0.001365
0.001365
0.001364
0.001364
0.001364
0.001363
0.001363
0.001363
0.001362
0.001362
0.001362
0.001361
0.001361
0.001361
0.001360
0.001360
0.001359
0.001359
0.001359
0.001358
0.001358
0.001358
0.001357
0.001357
0.001356
0.001356
0.001356
0.001355
0.001355
0.001354
0.001354
0.001354
0.001353
0.001353
0.001352
0.001352
0.001352
0.001351
0.001351
0.001350
0.001350
0.001350
0.001349
0.001349
0.001349
0.001348
0.001348
0.001347
0.001347
0.001347
0.001346
0.001346
0.001345
0.001345
0.001344
0.001344
0.001344
0.001343
0.001343
0.001342
0.001342
0.001342
0.001341
0.001341
0.001340
0.001340
0.001339
0.001339
0.001338
0.001338
0.001337
0.001337
0.001336
0.001336
0.001335
0.001335
0.001334
0.001334
0.001333
0.001333
0.001332
0.001332
0.001331
0.001331
0.001330
0.001326
0.001325
0.001325
0.001324
0.001324
0.001324
0.001323
0.001323
0.001323
0.001323
0.001322
0.001322
0.001322
0.001321
0.001321
0.001321
0.001321
0.001320
0.001320
0.001320
0.001320
0.001319
0.001319
0.001319
0.001318
0.001318
0.001318
0.001318
0.001317
0.001317
0.001317
0.001317
0.001316
0.001316
0.001316
0.001315
0.001315
0.001315
0.001315
0.001314
0.001314
0.001314
0.001314
0.001313
0.001313
0.001313
0.001313
0.001312
0.001312
0.001312
0.001311
0.001311
0.001311
0.001311
0.001310
0.001310
0.001310
0.001309
0.001309
0.001309
0.001309
0.001308
0.001308
0.001308
0.001308
0.001307
0.001307
0.001307
0.001306
0.001306
0.001306
0.001306
0.001305
0.001305
0.001305
0.001305
0.001304
0.001304
0.001304
0.001303
0.001303
0.001303
0.001303
0.001302
0.001302
0.001302
0.001302
0.001301
0.001301
0.001301
0.001301
0.001300
0.001300
0.001300
0.001299
0.001299
0.001299
0.001299
0.001298
0.001298
