0.432176
0.270567
0.100379
0.065547
0.051291
0.042540
0.034538
0.026754
0.019106
0.012925
0.009083
0.007436
0.006817
0.006517
0.006310
0.006117
0.005821
0.005384
0.005003
0.004712
0.004490
0.004335
0.004212
0.004111
0.004017
0.003925
0.003835
0.003745
0.003648
0.003546
0.003444
0.003340
0.003239
0.003150
0.003069
0.002991
0.002918
0.002844
0.002762
0.002667
0.002550
0.002413
0.002284
0.002165
0.002070
0.001993
0.001929
0.001876
0.001833
0.001797
0.001769
0.001744
0.001724
0.001703
0.001686
0.001670
0.001655
0.001639
0.001626
0.001618
0.001608
0.001599
0.001593
0.001587
0.001582
0.001577
0.001572
0.001567
0.001562
0.001557
0.001552
0.001548
0.001544
0.001541
0.001538
0.001535
0.001532
0.001529
0.001527
0.001524
0.001522
0.001520
0.001517
0.001514
0.001512
0.001512
0.001511
0.001509
0.001508
0.001505
0.001502
0.001501
0.001500
0.001498
0.001496
0.001495
0.001493
0.001492
0.001491
0.001490
0.001456
0.001459
0.001467
0.001467
0.001468
0.001467
0.001466
0.001466
0.001466
0.001466
0.001467
0.001467
0.001467
0.001467
0.001468
0.001467
0.001467
0.001467
0.001467
0.001467
0.001467
0.001467
0.001466
0.001466
0.001466
0.001465
0.001465
0.001465
0.001465
0.001464
0.001464
0.001463
0.001463
0.001462
0.001461
0.001461
0.001460
0.001460
0.001459
0.001458
0.001458
0.001457
0.001457
0.001456
0.001455
0.001455
0.001454
0.001453
0.001453
0.001452
0.001452
0.001451
0.001450
0.001449
0.001449
0.001448
0.001447
0.001447
0.001446
0.001445
0.001445
0.001444
0.001444
0.001443
0.001442
0.001442
0.001441
0.001441
0.001440
0.001440
0.001439
0.001439
0.001438
0.001438
0.001437
0.001437
0.001436
0.001436
0.001436
0.001436
0.001436
0.001435
0.001435
0.001435
0.001435
0.001435
0.001435
0.001434
0.001434
0.001434
0.001434
0.001434
0.001434
0.001434
0.001434
0.001434
0.001434
0.001434
0.001434
0.001434
0.001428
0.001431
0.001427
0.001427
0.001425
0.001425
0.001425
0.001425
0.001425
0.001426
0.001426
0.001426
0.001426
0.001426
0.001426
0.001426
0.001427
0.001427
0.001427
0.001427
0.001427
0.001427
0.001428
0.001428
0.001428
0.001428
0.001428
0.001428
0.001428
0.001428
0.001428
0.001428
0.001428
0.001429
0.001429
0.001429
0.001429
0.001429
0.001429
0.001429
0.001429
0.001429
0.001429
0.001429
0.001429
0.001430
0.001430
0.001430
0.001430
0.001430
0.001430
0.001430
0.001430
0.001430
0.001430
0.001430
0.001430
0.001431
0.001431
0.001431
0.001431
0.001431
0.001431
0.001431
0.001431
0.001431
0.001431
0.001431
0.001432
0.001432
0.001432
0.001432
0.001432
0.001432
0.001432
0.001432
0.001432
0.001432
0.001432
0.001432
0.001432
0.001432
0.001433
0.001433
0.001433
0.001433
0.001433
0.001433
0.001433
0.001433
0.001433
0.001433
0.001433
0.001433
0.001433
0.001433
0.001433
0.001433
0.001433
0.001433
0.001424
0.001417
0.001414
0.001415
0.001415
0.001415
0.001415
0.001415
0.001415
0.001415
0.001415
0.001415
0.001415
0.001415
0.001415
0.001415
0.001415
0.001415
0.001415
0.001415
0.001415
0.001415
0.001415
0.001415
0.001415
0.001415
0.001416
0.001416
0.001416
0.001416
0.001416
0.001416
0.001416
0.001416
0.001416
0.001416
0.001416
0.001416
0.001416
0.001416
0.001416
0.001416
0.001416
0.001416
0.001416
0.001416
0.001416
0.001417
0.001417
0.001417
0.001417
0.001417
0.001417
0.001417
0.001417
0.001417
0.001417
0.001417
0.001417
0.001417
0.001417
0.001417
0.001417
0.001417
0.001417
0.001417
0.001417
0.001417
0.001417
0.001417
0.001417
0.001417
0.001418
0.001418
0.001418
0.001418
0.001418
0.001418
0.001418
0.001418
0.001418
0.001418
0.001418
0.001418
0.001418
0.001418
0.001418
0.001418
0.001418
0.001418
0.001418
0.001418
0.001418
0.001418
0.001418
0.001418
0.001418
0.001418
0.001418
0.001418
0.001413
0.001411
0.001411
0.001411
0.001411
0.001411
0.001411
0.001411
0.001411
0.001411
0.001411
0.001411
0.001411
0.001411
0.001411
0.001411
0.001411
0.001411
0.001411
0.001411
0.001411
0.001411
0.001411
0.001411
0.001411
0.001411
0.001411
0.001411
0.001411
0.001411
0.001411
0.001411
0.001411
0.001411
0.001411
0.001411
0.001411
0.001411
0.001411
0.001411
0.001411
0.001411
0.001411
0.001411
0.001411
0.001411
0.001411
0.001411
0.001411
0.001411
0.001411
0.001411
0.001411
0.001411
0.001411
0.001411
0.001411
0.001411
0.001411
0.001411
0.001411
0.001411
0.001411
0.001411
0.001411
0.001411
0.001411
0.001411
0.001411
0.001411
0.001411
0.001411
0.001411
0.001411
0.001411
0.001411
0.001411
0.001411
0.001411
0.001411
0.001411
0.001411
0.001411
0.001411
0.001411
0.001411
0.001411
0.001411
0.001411
0.001411
0.001411
0.001411
0.001411
0.001411
0.001411
0.001411
0.001411
0.001411
0.001411
0.001411
