0.468406
0.364827
0.187650
0.092543
0.071449
0.058770
0.046940
0.034710
0.023916
0.017100
0.012501
0.009557
0.007607
0.006362
0.005578
0.005083
0.004742
0.004481
0.004266
0.004081
0.003918
0.003777
0.003656
0.003546
0.003446
0.003355
0.003270
0.003193
0.003125
0.003061
0.003004
0.002951
0.002902
0.002855
0.002809
0.002766
0.002724
0.002683
0.002644
0.002604
0.002567
0.002530
0.002495
0.002460
0.002425
0.002389
0.002353
0.002316
0.002280
0.002245
0.002212
0.002182
0.002154
0.002126
0.002101
0.002076
0.002053
0.002030
0.002008
0.001986
0.001965
0.001946
0.001926
0.001909
0.001893
0.001878
0.001862
0.001846
0.001832
0.001818
0.001806
0.001794
0.001782
0.001770
0.001760
0.001750
0.001741
0.001732
0.001723
0.001715
0.001707
0.001700
0.001693
0.001686
0.001679
0.001673
0.001666
0.001660
0.001655
0.001649
0.001645
0.001640
0.001635
0.001630
0.001626
0.001620
0.001616
0.001612
0.001608
0.001604
0.001557
0.001573
0.001584
0.001586
0.001585
0.001582
0.001580
0.001577
0.001575
0.001573
0.001570
0.001568
0.001565
0.001563
0.001561
0.001559
0.001556
0.001554
0.001551
0.001549
0.001546
0.001544
0.001541
0.001539
0.001536
0.001534
0.001531
0.001529
0.001526
0.001524
0.001521
0.001519
0.001516
0.001513
0.001511
0.001508
0.001505
0.001502
0.001499
0.001497
0.001494
0.001491
0.001489
0.001486
0.001484
0.001481
0.001479
0.001476
0.001473
0.001471
0.001468
0.001466
0.001463
0.001460
0.001458
0.001455
0.001452
0.001450
0.001447
0.001444
0.001442
0.001439
0.001436
0.001433
0.001431
0.001428
0.001425
0.001422
0.001420
0.001417
0.001415
0.001412
0.001409
0.001407
0.001405
0.001402
0.001400
0.001398
0.001395
0.001393
0.001390
0.001387
0.001385
0.001382
0.001380
0.001377
0.001374
0.001372
0.001369
0.001366
0.001364
0.001361
0.001359
0.001356
0.001354
0.001351
0.001349
0.001346
0.001344
0.001342
0.001338
0.001323
0.001318
0.001316
0.001316
0.001314
0.001313
0.001312
0.001312
0.001311
0.001310
0.001309
0.001308
0.001307
0.001306
0.001305
0.001305
0.001304
0.001303
0.001302
0.001301
0.001300
0.001300
0.001299
0.001298
0.001297
0.001296
0.001295
0.001295
0.001294
0.001293
0.001292
0.001291
0.001290
0.001290
0.001289
0.001288
0.001287
0.001286
0.001286
0.001285
0.001284
0.001283
0.001282
0.001282
0.001281
0.001280
0.001279
0.001278
0.001277
0.001277
0.001276
0.001275
0.001274
0.001273
0.001273
0.001272
0.001271
0.001270
0.001269
0.001269
0.001268
0.001267
0.001266
0.001265
0.001264
0.001263
0.001263
0.001262
0.001261
0.001260
0.001259
0.001258
0.001258
0.001257
0.001256
0.001255
0.001254
0.001253
0.001253
0.001252
0.001251
0.001250
0.001249
0.001249
0.001248
0.001247
0.001246
0.001245
0.001244
0.001244
0.001243
0.001242
0.001241
0.001240
0.001239
0.001239
0.001238
0.001237
0.001236
0.001224
0.001213
0.001210
0.001210
0.001209
0.001209
0.001208
0.001208
0.001208
0.001207
0.001207
0.001206
0.001206
0.001205
0.001205
0.001204
0.001204
0.001203
0.001203
0.001203
0.001202
0.001202
0.001201
0.001201
0.001200
0.001200
0.001199
0.001199
0.001199
0.001198
0.001198
0.001197
0.001197
0.001196
0.001196
0.001195
0.001195
0.001194
0.001194
0.001194
0.001193
0.001193
0.001192
0.001192
0.001191
0.001191
0.001190
0.001190
0.001189
0.001189
0.001188
0.001188
0.001187
0.001187
0.001186
0.001186
0.001185
0.001185
0.001184
0.001184
0.001183
0.001183
0.001183
0.001182
0.001182
0.001181
0.001181
0.001180
0.001180
0.001179
0.001179
0.001178
0.001178
0.001177
0.001177
0.001176
0.001176
0.001175
0.001175
0.001174
0.001174
0.001174
0.001173
0.001173
0.001172
0.001172
0.001171
0.001171
0.001170
0.001170
0.001169
0.001169
0.001168
0.001168
0.001167
0.001167
0.001166
0.001166
0.001165
0.001165
0.001160
0.001161
0.001162
0.001162
0.001162
0.001161
0.001161
0.001161
0.001161
0.001160
0.001160
0.001160
0.001159
0.001159
0.001159
0.001159
0.001158
0.001158
0.001158
0.001158
0.001157
0.001157
0.001157
0.001156
0.001156
0.001156
0.001156
0.001155
0.001155
0.001155
0.001155
0.001154
0.001154
0.001154
0.001154
0.001153
0.001153
0.001153
0.001153
0.001152
0.001152
0.001152
0.001152
0.001151
0.001151
0.001151
0.001151
0.001150
0.001150
0.001150
0.001149
0.001149
0.001149
0.001149
0.001148
0.001148
0.001148
0.001147
0.001147
0.001147
0.001147
0.001146
0.001146
0.001146
0.001145
0.001145
0.001145
0.001144
0.001144
0.001144
0.001143
0.001143
0.001142
0.001142
0.001141
0.001141
0.001141
0.001140
0.001140
0.001139
0.001139
0.001139
0.001138
0.001138
0.001138
0.001137
0.001137
0.001137
0.001136
0.001136
0.001136
0.001136
0.001135
0.001135
0.001135
0.001134
0.001134
0.001134
0.001134
0.001133
