0.536216
0.392149
0.223132
0.106025
0.065348
0.046181
0.030619
0.018941
0.012779
0.009812
0.008625
0.008140
0.007961
0.007919
0.007905
0.007895
0.007891
0.007887
0.007887
0.007888
0.007890
0.007892
0.007894
0.007896
0.007898
0.007901
0.007904
0.007906
0.007908
0.007910
0.007912
0.007914
0.007915
0.007916
0.007918
0.007919
0.007919
0.007920
0.007921
0.007921
0.007922
0.007922
0.007922
0.007922
0.007922
0.007923
0.007923
0.007922
0.007922
0.007922
0.007921
0.007920
0.007920
0.007919
0.007918
0.007918
0.007917
0.007916
0.007915
0.007914
0.007913
0.007911
0.007909
0.007906
0.007905
0.007903
0.007901
0.007898
0.007895
0.007894
0.007892
0.007890
0.007888
0.007886
0.007883
0.007881
0.007878
0.007875
0.007872
0.007870
0.007867
0.007863
0.007859
0.007855
0.007851
0.007847
0.007841
0.007835
0.007829
0.007823
0.007817
0.007810
0.007803
0.007795
0.007786
0.007777
0.007767
0.007754
0.007740
0.007723
0.007611
0.007553
0.007540
0.007536
0.007525
0.007517
0.007509
0.007500
0.007491
0.007481
0.007469
0.007458
0.007446
0.007432
0.007417
0.007402
0.007385
0.007368
0.007349
0.007331
0.007312
0.007294
0.007275
0.007254
0.007233
0.007210
0.007188
0.007165
0.007141
0.007116
0.007092
0.007068
0.007044
0.007020
0.006996
0.006971
0.006945
0.006918
0.006892
0.006864
0.006835
0.006805
0.006775
0.006745
0.006716
0.006687
0.006660
0.006634
0.006610
0.006587
0.006565
0.006544
0.006525
0.006506
0.006488
0.006471
0.006454
0.006439
0.006425
0.006411
0.006399
0.006386
0.006374
0.006363
0.006352
0.006342
0.006331
0.006322
0.006313
0.006304
0.006296
0.006288
0.006281
0.006274
0.006267
0.006260
0.006253
0.006247
0.006241
0.006235
0.006229
0.006223
0.006218
0.006212
0.006207
0.006202
0.006197
0.006193
0.006188
0.006184
0.006180
0.006176
0.006172
0.006169
0.006165
0.006162
0.006159
0.006155
0.006152
0.006149
0.006108
0.006089
0.006086
0.006084
0.006082
0.006081
0.006079
0.006078
0.006076
0.006075
0.006074
0.006072
0.006071
0.006070
0.006068
0.006067
0.006066
0.006064
0.006063
0.006062
0.006060
0.006059
0.006058
0.006057
0.006055
0.006054
0.006053
0.006051
0.006050
0.006049
0.006048
0.006047
0.006045
0.006044
0.006043
0.006042
0.006041
0.006040
0.006039
0.006038
0.006037
0.006036
0.006035
0.006034
0.006033
0.006032
0.006031
0.006030
0.006029
0.006028
0.006027
0.006026
0.006025
0.006024
0.006024
0.006023
0.006022
0.006021
0.006020
0.006020
0.006019
0.006018
0.006018
0.006017
0.006016
0.006015
0.006015
0.006014
0.006013
0.006012
0.006012
0.006011
0.006011
0.006010
0.006009
0.006008
0.006008
0.006007
0.006006
0.006006
0.006005
0.006004
0.006004
0.006003
0.006003
0.006002
0.006002
0.006001
0.006000
0.006000
0.005999
0.005999
0.005998
0.005998
0.005997
0.005997
0.005996
0.005996
0.005995
0.005995
0.005981
0.005985
0.005989
0.005990
0.005991
0.005990
0.005990
0.005990
0.005990
0.005990
0.005989
0.005989
0.005989
0.005989
0.005988
0.005988
0.005988
0.005988
0.005987
0.005987
0.005987
0.005987
0.005987
0.005986
0.005986
0.005986
0.005986
0.005985
0.005985
0.005985
0.005985
0.005985
0.005984
0.005984
0.005984
0.005984
0.005984
0.005984
0.005983
0.005983
0.005983
0.005983
0.005983
0.005982
0.005982
0.005982
0.005982
0.005982
0.005982
0.005981
0.005981
0.005981
0.005981
0.005981
0.005981
0.005981
0.005980
0.005980
0.005980
0.005980
0.005980
0.005980
0.005979
0.005979
0.005979
0.005979
0.005979
0.005979
0.005979
0.005978
0.005978
0.005978
0.005978
0.005978
0.005978
0.005978
0.005978
0.005977
0.005977
0.005977
0.005977
0.005977
0.005977
0.005977
0.005977
0.005976
0.005976
0.005976
0.005976
0.005976
0.005976
0.005976
0.005976
0.005976
0.005976
0.005975
0.005975
0.005975
0.005975
0.005975
0.005968
0.005957
0.005955
0.005957
0.005956
0.005956
0.005956
0.005956
0.005956
0.005956
0.005956
0.005956
0.005956
0.005956
0.005956
0.005956
0.005956
0.005956
0.005956
0.005955
0.005955
0.005955
0.005955
0.005955
0.005955
0.005955
0.005955
0.005955
0.005955
0.005955
0.005955
0.005955
0.005955
0.005955
0.005955
0.005955
0.005955
0.005955
0.005955
0.005955
0.005955
0.005955
0.005955
0.005955
0.005955
0.005955
0.005955
0.005955
0.005955
0.005955
0.005955
0.005955
0.005955
0.005955
0.005955
0.005955
0.005955
0.005955
0.005954
0.005954
0.005954
0.005954
0.005954
0.005954
0.005954
0.005954
0.005954
0.005954
0.005954
0.005954
0.005954
0.005954
0.005954
0.005954
0.005954
0.005954
0.005954
0.005954
0.005954
0.005954
0.005954
0.005954
0.005954
0.005954
0.005954
0.005954
0.005954
0.005954
0.005954
0.005954
0.005954
0.005954
0.005954
0.005954
0.005954
0.005954
0.005954
0.005954
0.005954
0.005954
