0.469508
0.302611
0.159973
0.062460
0.046848
0.036872
0.028857
0.022482
0.017673
0.014198
0.011627
0.009590
0.007927
0.006568
0.005458
0.004612
0.003993
0.003546
0.003244
0.003035
0.002863
0.002727
0.002616
0.002516
0.002431
0.002354
0.002284
0.002223
0.002167
0.002117
0.002069
0.002025
0.001985
0.001949
0.001914
0.001883
0.001857
0.001835
0.001816
0.001796
0.001777
0.001759
0.001742
0.001726
0.001711
0.001697
0.001683
0.001671
0.001659
0.001647
0.001637
0.001627
0.001618
0.001609
0.001601
0.001594
0.001587
0.001580
0.001574
0.001568
0.001563
0.001559
0.001554
0.001549
0.001545
0.001541
0.001536
0.001532
0.001528
0.001523
0.001519
0.001515
0.001510
0.001506
0.001503
0.001499
0.001495
0.001492
0.001489
0.001485
0.001481
0.001476
0.001472
0.001468
0.001464
0.001460
0.001457
0.001453
0.001448
0.001443
0.001440
0.001436
0.001432
0.001428
0.001425
0.001421
0.001418
0.001415
0.001412
0.001409
0.001374
0.001354
0.001359
0.001360
0.001358
0.001356
0.001354
0.001353
0.001352
0.001351
0.001350
0.001349
0.001349
0.001348
0.001347
0.001346
0.001345
0.001344
0.001343
0.001342
0.001341
0.001341
0.001340
0.001339
0.001338
0.001337
0.001336
0.001335
0.001334
0.001334
0.001333
0.001332
0.001331
0.001331
0.001330
0.001329
0.001328
0.001328
0.001327
0.001326
0.001326
0.001325
0.001324
0.001324
0.001323
0.001323
0.001322
0.001322
0.001321
0.001321
0.001320
0.001319
0.001318
0.001317
0.001316
0.001316
0.001316
0.001315
0.001314
0.001314
0.001313
0.001312
0.001311
0.001311
0.001310
0.001309
0.001308
0.001308
0.001307
0.001306
0.001306
0.001305
0.001304
0.001302
0.001301
0.001300
0.001299
0.001298
0.001296
0.001294
0.001292
0.001291
0.001289
0.001287
0.001286
0.001284
0.001282
0.001280
0.001279
0.001277
0.001275
0.001274
0.001272
0.001271
0.001269
0.001268
0.001266
0.001265
0.001264
0.001262
0.001237
0.001255
0.001266
0.001268
0.001269
0.001269
0.001269
0.001269
0.001268
0.001267
0.001267
0.001266
0.001266
0.001265
0.001264
0.001264
0.001263
0.001263
0.001262
0.001262
0.001261
0.001260
0.001260
0.001259
0.001258
0.001258
0.001257
0.001257
0.001256
0.001255
0.001255
0.001254
0.001253
0.001253
0.001252
0.001251
0.001251
0.001250
0.001250
0.001249
0.001249
0.001248
0.001247
0.001247
0.001247
0.001246
0.001246
0.001245
0.001245
0.001244
0.001244
0.001243
0.001243
0.001242
0.001242
0.001242
0.001241
0.001241
0.001240
0.001240
0.001240
0.001239
0.001239
0.001238
0.001238
0.001237
0.001237
0.001237
0.001236
0.001235
0.001235
0.001235
0.001235
0.001234
0.001234
0.001233
0.001233
0.001232
0.001232
0.001232
0.001231
0.001231
0.001230
0.001230
0.001230
0.001229
0.001229
0.001229
0.001228
0.001228
0.001227
0.001227
0.001226
0.001226
0.001225
0.001225
0.001224
0.001224
0.001223
0.001223
0.001197
0.001170
0.001168
0.001169
0.001167
0.001168
0.001167
0.001167
0.001167
0.001167
0.001167
0.001167
0.001166
0.001166
0.001166
0.001166
0.001166
0.001166
0.001165
0.001165
0.001165
0.001165
0.001165
0.001165
0.001164
0.001164
0.001164
0.001164
0.001164
0.001164
0.001163
0.001163
0.001163
0.001163
0.001163
0.001163
0.001162
0.001162
0.001162
0.001162
0.001162
0.001162
0.001162
0.001161
0.001161
0.001161
0.001161
0.001161
0.001161
0.001161
0.001160
0.001160
0.001160
0.001160
0.001160
0.001160
0.001160
0.001159
0.001159
0.001159
0.001159
0.001159
0.001159
0.001159
0.001158
0.001158
0.001158
0.001158
0.001158
0.001158
0.001158
0.001158
0.001157
0.001157
0.001157
0.001157
0.001157
0.001157
0.001157
0.001157
0.001156
0.001156
0.001156
0.001156
0.001156
0.001156
0.001156
0.001156
0.001156
0.001155
0.001155
0.001155
0.001155
0.001155
0.001155
0.001155
0.001155
0.001155
0.001154
0.001154
0.001146
0.001146
0.001145
0.001143
0.001143
0.001143
0.001143
0.001143
0.001143
0.001142
0.001142
0.001142
0.001142
0.001142
0.001142
0.001142
0.001141
0.001141
0.001141
0.001141
0.001141
0.001141
0.001140
0.001140
0.001140
0.001140
0.001140
0.001140
0.001140
0.001139
0.001139
0.001139
0.001139
0.001139
0.001139
0.001138
0.001138
0.001138
0.001138
0.001138
0.001138
0.001138
0.001137
0.001137
0.001137
0.001137
0.001137
0.001137
0.001137
0.001136
0.001136
0.001136
0.001136
0.001136
0.001136
0.001136
0.001135
0.001135
0.001135
0.001135
0.001135
0.001135
0.001135
0.001134
0.001134
0.001134
0.001134
0.001134
0.001134
0.001134
0.001134
0.001133
0.001133
0.001133
0.001133
0.001133
0.001133
0.001133
0.001132
0.001132
0.001132
0.001132
0.001132
0.001132
0.001132
0.001131
0.001131
0.001131
0.001131
0.001131
0.001131
0.001131
0.001130
0.001130
0.001130
0.001130
0.001130
0.001130
0.001130
0.001129
