0.423159
0.281217
0.175502
0.082068
0.041555
0.028338
0.020392
0.014204
0.010014
0.007720
0.006387
0.005615
0.005134
0.004785
0.004516
0.004269
0.004043
0.003848
0.003687
0.003561
0.003455
0.003361
0.003274
0.003195
0.003125
0.003062
0.003001
0.002946
0.002895
0.002850
0.002805
0.002759
0.002710
0.002668
0.002628
0.002592
0.002551
0.002512
0.002473
0.002441
0.002408
0.002362
0.002306
0.002247
0.002190
0.002136
0.002095
0.002058
0.002022
0.001986
0.001953
0.001922
0.001892
0.001864
0.001838
0.001815
0.001797
0.001781
0.001763
0.001744
0.001729
0.001713
0.001699
0.001687
0.001676
0.001666
0.001655
0.001644
0.001633
0.001622
0.001611
0.001600
0.001591
0.001580
0.001571
0.001561
0.001553
0.001546
0.001541
0.001535
0.001529
0.001523
0.001517
0.001512
0.001507
0.001503
0.001498
0.001493
0.001488
0.001482
0.001478
0.001473
0.001471
0.001467
0.001460
0.001459
0.001457
0.001454
0.001450
0.001444
0.001380
0.001396
0.001429
0.001448
0.001456
0.001460
0.001460
0.001459
0.001459
0.001458
0.001457
0.001456
0.001455
0.001454
0.001452
0.001451
0.001450
0.001449
0.001447
0.001446
0.001444
0.001443
0.001441
0.001440
0.001438
0.001437
0.001435
0.001433
0.001432
0.001430
0.001429
0.001428
0.001427
0.001427
0.001426
0.001425
0.001424
0.001423
0.001422
0.001421
0.001420
0.001418
0.001417
0.001416
0.001415
0.001413
0.001412
0.001411
0.001411
0.001410
0.001409
0.001408
0.001407
0.001406
0.001405
0.001404
0.001403
0.001402
0.001401
0.001401
0.001400
0.001399
0.001399
0.001398
0.001397
0.001396
0.001395
0.001394
0.001394
0.001393
0.001392
0.001391
0.001390
0.001389
0.001389
0.001388
0.001387
0.001386
0.001385
0.001384
0.001383
0.001382
0.001381
0.001381
0.001380
0.001380
0.001379
0.001379
0.001378
0.001378
0.001377
0.001376
0.001375
0.001375
0.001375
0.001374
0.001373
0.001372
0.001371
0.001371
0.001329
0.001269
0.001265
0.001262
0.001261
0.001260
0.001260
0.001260
0.001260
0.001260
0.001260
0.001259
0.001260
0.001259
0.001259
0.001259
0.001259
0.001259
0.001259
0.001259
0.001259
0.001258
0.001258
0.001258
0.001258
0.001258
0.001258
0.001258
0.001258
0.001258
0.001258
0.001258
0.001258
0.001258
0.001258
0.001258
0.001258
0.001258
0.001258
0.001258
0.001258
0.001258
0.001258
0.001258
0.001258
0.001258
0.001258
0.001258
0.001258
0.001258
0.001258
0.001258
0.001259
0.001259
0.001259
0.001259
0.001259
0.001259
0.001259
0.001259
0.001259
0.001259
0.001259
0.001259
0.001259
0.001259
0.001259
0.001259
0.001259
0.001259
0.001259
0.001259
0.001260
0.001260
0.001260
0.001260
0.001260
0.001260
0.001260
0.001261
0.001261
0.001261
0.001261
0.001261
0.001261
0.001260
0.001261
0.001261
0.001260
0.001260
0.001260
0.001260
0.001260
0.001260
0.001260
0.001260
0.001260
0.001259
0.001259
0.001259
0.001233
0.001226
0.001223
0.001222
0.001222
0.001222
0.001221
0.001221
0.001221
0.001221
0.001221
0.001220
0.001220
0.001220
0.001220
0.001220
0.001220
0.001219
0.001219
0.001219
0.001219
0.001219
0.001219
0.001218
0.001218
0.001218
0.001218
0.001218
0.001218
0.001218
0.001217
0.001217
0.001217
0.001217
0.001217
0.001217
0.001217
0.001216
0.001216
0.001216
0.001216
0.001216
0.001216
0.001216
0.001216
0.001215
0.001215
0.001215
0.001215
0.001215
0.001215
0.001215
0.001215
0.001214
0.001214
0.001214
0.001214
0.001214
0.001214
0.001214
0.001213
0.001213
0.001213
0.001213
0.001213
0.001213
0.001213
0.001213
0.001212
0.001212
0.001212
0.001212
0.001212
0.001212
0.001212
0.001212
0.001212
0.001212
0.001211
0.001211
0.001211
0.001211
0.001211
0.001211
0.001211
0.001211
0.001210
0.001210
0.001210
0.001210
0.001210
0.001210
0.001210
0.001209
0.001209
0.001209
0.001209
0.001209
0.001209
0.001209
0.001200
0.001198
0.001200
0.001200
0.001200
0.001200
0.001200
0.001200
0.001200
0.001200
0.001200
0.001200
0.001199
0.001199
0.001199
0.001199
0.001199
0.001199
0.001199
0.001198
0.001198
0.001198
0.001198
0.001198
0.001198
0.001197
0.001197
0.001197
0.001197
0.001197
0.001197
0.001197
0.001196
0.001196
0.001196
0.001196
0.001196
0.001196
0.001196
0.001196
0.001195
0.001195
0.001195
0.001195
0.001195
0.001195
0.001195
0.001194
0.001194
0.001194
0.001194
0.001194
0.001194
0.001193
0.001193
0.001193
0.001193
0.001193
0.001193
0.001193
0.001192
0.001192
0.001192
0.001192
0.001192
0.001191
0.001191
0.001191
0.001191
0.001191
0.001190
0.001190
0.001190
0.001190
0.001190
0.001189
0.001189
0.001189
0.001189
0.001189
0.001188
0.001188
0.001188
0.001188
0.001188
0.001188
0.001187
0.001187
0.001187
0.001187
0.001187
0.001186
0.001186
0.001186
0.001186
0.001186
0.001185
0.001185
0.001185
0.001185
