0.358949
0.090532
0.039457
0.022146
0.012344
0.007203
0.004860
0.004040
0.003592
0.003221
0.002929
0.002717
0.002561
0.002431
0.002318
0.002223
0.002136
0.002068
0.002002
0.001938
0.001877
0.001822
0.001771
0.001722
0.001677
0.001636
0.001597
0.001560
0.001526
0.001496
0.001472
0.001452
0.001433
0.001421
0.001410
0.001404
0.001402
0.001402
0.001402
0.001400
0.001393
0.001383
0.001372
0.001361
0.001353
0.001347
0.001338
0.001330
0.001324
0.001317
0.001310
0.001301
0.001295
0.001292
0.001287
0.001282
0.001281
0.001280
0.001281
0.001275
0.001270
0.001270
0.001270
0.001268
0.001262
0.001258
0.001257
0.001255
0.001248
0.001246
0.001244
0.001240
0.001235
0.001232
0.001231
0.001229
0.001226
0.001223
0.001220
0.001217
0.001213
0.001210
0.001209
0.001205
0.001203
0.001197
0.001195
0.001189
0.001183
0.001179
0.001178
0.001176
0.001171
0.001169
0.001166
0.001162
0.001157
0.001151
0.001144
0.001136
0.001054
0.001070
0.001050
0.001052
0.001043
0.001037
0.001034
0.001030
0.001027
0.001023
0.001019
0.001016
0.001014
0.001012
0.001010
0.001009
0.001006
0.001005
0.001004
0.001003
0.001002
0.001002
0.001001
0.001000
0.001000
0.001000
0.000998
0.000998
0.000998
0.000997
0.000996
0.000995
0.000995
0.000994
0.000993
0.000992
0.000992
0.000991
0.000989
0.000989
0.000988
0.000988
0.000986
0.000984
0.000983
0.000982
0.000982
0.000982
0.000981
0.000980
0.000980
0.000979
0.000978
0.000977
0.000976
0.000976
0.000975
0.000974
0.000973
0.000973
0.000972
0.000971
0.000971
0.000970
0.000970
0.000970
0.000969
0.000969
0.000968
0.000968
0.000968
0.000967
0.000966
0.000966
0.000965
0.000964
0.000964
0.000964
0.000963
0.000963
0.000962
0.000962
0.000962
0.000962
0.000961
0.000960
0.000960
0.000960
0.000959
0.000959
0.000959
0.000959
0.000958
0.000958
0.000957
0.000956
0.000956
0.000956
0.000955
0.000955
0.000924
0.000926
0.000923
0.000933
0.000936
0.000938
0.000939
0.000938
0.000938
0.000937
0.000936
0.000935
0.000934
0.000933
0.000933
0.000932
0.000931
0.000930
0.000929
0.000928
0.000927
0.000926
0.000924
0.000923
0.000922
0.000921
0.000920
0.000919
0.000918
0.000917
0.000915
0.000914
0.000913
0.000912
0.000911
0.000910
0.000909
0.000909
0.000908
0.000907
0.000906
0.000905
0.000905
0.000904
0.000903
0.000902
0.000902
0.000901
0.000900
0.000900
0.000899
0.000899
0.000898
0.000898
0.000897
0.000897
0.000896
0.000896
0.000895
0.000895
0.000894
0.000894
0.000893
0.000893
0.000893
0.000892
0.000892
0.000892
0.000891
0.000891
0.000890
0.000890
0.000890
0.000889
0.000889
0.000889
0.000888
0.000888
0.000888
0.000887
0.000887
0.000886
0.000886
0.000886
0.000885
0.000885
0.000885
0.000885
0.000884
0.000884
0.000884
0.000884
0.000883
0.000883
0.000883
0.000883
0.000882
0.000882
0.000882
0.000882
0.000873
0.000888
0.000884
0.000879
0.000880
0.000880
0.000879
0.000879
0.000879
0.000879
0.000879
0.000879
0.000879
0.000879
0.000879
0.000879
0.000879
0.000880
0.000880
0.000880
0.000880
0.000880
0.000880
0.000880
0.000880
0.000880
0.000881
0.000881
0.000881
0.000881
0.000881
0.000881
0.000881
0.000881
0.000881
0.000881
0.000881
0.000881
0.000881
0.000881
0.000881
0.000881
0.000881
0.000881
0.000881
0.000881
0.000881
0.000881
0.000881
0.000881
0.000881
0.000881
0.000881
0.000881
0.000881
0.000881
0.000881
0.000881
0.000881
0.000881
0.000881
0.000881
0.000881
0.000881
0.000881
0.000881
0.000881
0.000881
0.000881
0.000880
0.000880
0.000880
0.000880
0.000880
0.000880
0.000880
0.000880
0.000880
0.000880
0.000880
0.000880
0.000880
0.000880
0.000880
0.000880
0.000880
0.000880
0.000879
0.000879
0.000879
0.000879
0.000879
0.000879
0.000879
0.000879
0.000879
0.000878
0.000878
0.000878
0.000878
0.000862
0.000849
0.000846
0.000847
0.000847
0.000847
0.000847
0.000847
0.000847
0.000847
0.000847
0.000846
0.000846
0.000846
0.000846
0.000846
0.000846
0.000846
0.000846
0.000846
0.000846
0.000846
0.000846
0.000846
0.000846
0.000846
0.000846
0.000846
0.000846
0.000846
0.000846
0.000846
0.000846
0.000846
0.000846
0.000846
0.000846
0.000846
0.000846
0.000846
0.000846
0.000846
0.000846
0.000846
0.000846
0.000846
0.000846
0.000846
0.000846
0.000846
0.000846
0.000846
0.000846
0.000846
0.000846
0.000846
0.000846
0.000846
0.000846
0.000846
0.000846
0.000846
0.000846
0.000846
0.000846
0.000846
0.000846
0.000846
0.000846
0.000846
0.000846
0.000846
0.000847
0.000847
0.000847
0.000847
0.000847
0.000847
0.000847
0.000847
0.000847
0.000847
0.000847
0.000847
0.000847
0.000847
0.000847
0.000847
0.000847
0.000847
0.000847
0.000847
0.000847
0.000847
0.000847
0.000847
0.000847
0.000847
0.000847
0.000847
