0.393096
0.159171
0.051760
0.032600
0.020044
0.012067
0.007368
0.004934
0.003907
0.003340
0.002965
0.002730
0.002577
0.002442
0.002322
0.002217
0.002127
0.002041
0.001965
0.001903
0.001848
0.001796
0.001746
0.001700
0.001665
0.001634
0.001604
0.001575
0.001551
0.001528
0.001506
0.001487
0.001471
0.001456
0.001441
0.001426
0.001414
0.001404
0.001394
0.001384
0.001376
0.001368
0.001360
0.001354
0.001345
0.001338
0.001332
0.001325
0.001319
0.001312
0.001306
0.001301
0.001297
0.001294
0.001290
0.001286
0.001281
0.001277
0.001274
0.001271
0.001269
0.001265
0.001262
0.001259
0.001255
0.001252
0.001249
0.001246
0.001243
0.001240
0.001237
0.001233
0.001231
0.001229
0.001228
0.001226
0.001225
0.001224
0.001222
0.001221
0.001219
0.001218
0.001217
0.001215
0.001216
0.001215
0.001214
0.001215
0.001215
0.001215
0.001216
0.001217
0.001218
0.001220
0.001222
0.001223
0.001224
0.001227
0.001230
0.001233
0.001106
0.001085
0.001075
0.001076
0.001076
0.001075
0.001074
0.001073
0.001072
0.001070
0.001068
0.001067
0.001066
0.001064
0.001063
0.001062
0.001061
0.001060
0.001059
0.001058
0.001057
0.001056
0.001055
0.001055
0.001054
0.001053
0.001052
0.001052
0.001051
0.001051
0.001051
0.001051
0.001050
0.001050
0.001050
0.001050
0.001050
0.001050
0.001050
0.001049
0.001049
0.001049
0.001049
0.001049
0.001049
0.001048
0.001048
0.001048
0.001047
0.001047
0.001046
0.001045
0.001045
0.001044
0.001043
0.001043
0.001042
0.001042
0.001041
0.001040
0.001040
0.001039
0.001039
0.001038
0.001038
0.001037
0.001037
0.001036
0.001036
0.001036
0.001035
0.001035
0.001034
0.001034
0.001033
0.001032
0.001032
0.001032
0.001031
0.001031
0.001030
0.001030
0.001029
0.001028
0.001028
0.001028
0.001027
0.001027
0.001026
0.001025
0.001025
0.001025
0.001024
0.001024
0.001024
0.001022
0.001022
0.001021
0.001020
0.001020
0.001000
0.001005
0.001011
0.001010
0.001008
0.001007
0.001006
0.001006
0.001006
0.001006
0.001006
0.001006
0.001006
0.001006
0.001007
0.001007
0.001007
0.001007
0.001008
0.001008
0.001008
0.001009
0.001009
0.001009
0.001010
0.001010
0.001010
0.001011
0.001011
0.001011
0.001011
0.001012
0.001012
0.001012
0.001013
0.001013
0.001014
0.001014
0.001015
0.001016
0.001016
0.001016
0.001016
0.001017
0.001017
0.001017
0.001017
0.001018
0.001018
0.001018
0.001017
0.001017
0.001016
0.001016
0.001015
0.001013
0.001012
0.001011
0.001010
0.001008
0.001007
0.001006
0.001005
0.001003
0.001002
0.001001
0.001000
0.000999
0.000998
0.000997
0.000996
0.000995
0.000994
0.000994
0.000993
0.000992
0.000991
0.000990
0.000990
0.000989
0.000989
0.000988
0.000988
0.000987
0.000987
0.000986
0.000986
0.000985
0.000984
0.000984
0.000983
0.000983
0.000983
0.000982
0.000982
0.000981
0.000981
0.000980
0.000980
0.000979
0.000949
0.000943
0.000936
0.000937
0.000936
0.000936
0.000936
0.000936
0.000935
0.000935
0.000935
0.000935
0.000935
0.000935
0.000935
0.000935
0.000935
0.000934
0.000934
0.000934
0.000934
0.000934
0.000934
0.000934
0.000934
0.000934
0.000934
0.000933
0.000933
0.000933
0.000933
0.000933
0.000933
0.000933
0.000933
0.000933
0.000933
0.000932
0.000932
0.000932
0.000932
0.000932
0.000932
0.000932
0.000932
0.000932
0.000932
0.000932
0.000932
0.000932
0.000932
0.000932
0.000932
0.000932
0.000931
0.000931
0.000931
0.000931
0.000931
0.000931
0.000931
0.000931
0.000931
0.000931
0.000931
0.000931
0.000931
0.000931
0.000931
0.000931
0.000931
0.000931
0.000930
0.000930
0.000930
0.000930
0.000930
0.000930
0.000930
0.000930
0.000930
0.000930
0.000930
0.000930
0.000930
0.000930
0.000930
0.000930
0.000929
0.000929
0.000929
0.000929
0.000929
0.000929
0.000929
0.000929
0.000929
0.000929
0.000929
0.000928
0.000921
0.000916
0.000916
0.000915
0.000914
0.000914
0.000914
0.000914
0.000914
0.000914
0.000914
0.000914
0.000914
0.000914
0.000913
0.000913
0.000913
0.000913
0.000913
0.000913
0.000913
0.000913
0.000913
0.000912
0.000912
0.000912
0.000912
0.000912
0.000912
0.000912
0.000912
0.000912
0.000911
0.000911
0.000911
0.000911
0.000911
0.000911
0.000911
0.000911
0.000911
0.000910
0.000910
0.000910
0.000910
0.000910
0.000910
0.000910
0.000910
0.000910
0.000910
0.000909
0.000909
0.000909
0.000909
0.000909
0.000909
0.000909
0.000909
0.000909
0.000908
0.000908
0.000908
0.000908
0.000908
0.000908
0.000908
0.000908
0.000908
0.000908
0.000907
0.000907
0.000907
0.000907
0.000907
0.000907
0.000907
0.000907
0.000907
0.000907
0.000907
0.000906
0.000906
0.000906
0.000906
0.000906
0.000906
0.000906
0.000906
0.000906
0.000906
0.000906
0.000905
0.000905
0.000905
0.000905
0.000905
0.000905
0.000905
0.000905
