0.435413
0.229279
0.072969
0.032778
0.019377
0.015390
0.012978
0.011091
0.009589
0.008698
0.008134
0.007721
0.007420
0.007216
0.007078
0.006967
0.006870
0.006781
0.006695
0.006609
0.006524
0.006435
0.006345
0.006248
0.006141
0.006025
0.005898
0.005764
0.005618
0.005460
0.005297
0.005138
0.004986
0.004851
0.004729
0.004622
0.004527
0.004442
0.004364
0.004290
0.004220
0.004152
0.004087
0.004024
0.003963
0.003904
0.003848
0.003794
0.003741
0.003689
0.003637
0.003586
0.003537
0.003491
0.003449
0.003408
0.003371
0.003334
0.003301
0.003269
0.003240
0.003213
0.003186
0.003162
0.003138
0.003115
0.003093
0.003071
0.003050
0.003031
0.003012
0.002994
0.002978
0.002961
0.002945
0.002929
0.002914
0.002899
0.002885
0.002870
0.002854
0.002839
0.002823
0.002808
0.002792
0.002778
0.002764
0.002750
0.002735
0.002720
0.002704
0.002688
0.002671
0.002655
0.002638
0.002619
0.002600
0.002578
0.002555
0.002531
0.002488
0.002506
0.002508
0.002498
0.002486
0.002473
0.002462
0.002452
0.002441
0.002430
0.002421
0.002411
0.002402
0.002393
0.002384
0.002375
0.002365
0.002356
0.002347
0.002337
0.002329
0.002319
0.002310
0.002300
0.002291
0.002283
0.002275
0.002266
0.002258
0.002248
0.002241
0.002231
0.002224
0.002214
0.002205
0.002196
0.002187
0.002178
0.002169
0.002159
0.002150
0.002141
0.002131
0.002122
0.002113
0.002104
0.002094
0.002085
0.002075
0.002065
0.002055
0.002044
0.002034
0.002024
0.002013
0.002002
0.001991
0.001981
0.001969
0.001958
0.001946
0.001935
0.001924
0.001913
0.001902
0.001891
0.001879
0.001867
0.001855
0.001842
0.001830
0.001818
0.001805
0.001792
0.001779
0.001764
0.001751
0.001736
0.001722
0.001709
0.001697
0.001686
0.001675
0.001664
0.001655
0.001645
0.001636
0.001628
0.001619
0.001612
0.001604
0.001596
0.001590
0.001582
0.001576
0.001569
0.001562
0.001555
0.001549
0.001543
0.001532
0.001532
0.001519
0.001513
0.001510
0.001507
0.001505
0.001503
0.001500
0.001497
0.001494
0.001492
0.001490
0.001487
0.001485
0.001482
0.001479
0.001476
0.001474
0.001472
0.001469
0.001467
0.001465
0.001463
0.001460
0.001458
0.001455
0.001452
0.001450
0.001448
0.001445
0.001442
0.001440
0.001437
0.001434
0.001432
0.001429
0.001427
0.001424
0.001422
0.001419
0.001417
0.001414
0.001411
0.001409
0.001407
0.001404
0.001401
0.001399
0.001396
0.001393
0.001391
0.001388
0.001386
0.001383
0.001380
0.001378
0.001375
0.001372
0.001369
0.001366
0.001364
0.001361
0.001358
0.001356
0.001353
0.001350
0.001347
0.001345
0.001342
0.001339
0.001336
0.001333
0.001330
0.001327
0.001325
0.001322
0.001320
0.001317
0.001314
0.001311
0.001308
0.001305
0.001302
0.001298
0.001295
0.001291
0.001288
0.001285
0.001281
0.001277
0.001273
0.001269
0.001264
0.001260
0.001256
0.001253
0.001249
0.001245
0.001242
0.001223
0.001206
0.001204
0.001203
0.001201
0.001199
0.001198
0.001196
0.001194
0.001193
0.001191
0.001190
0.001188
0.001187
0.001185
0.001184
0.001182
0.001181
0.001179
0.001178
0.001176
0.001175
0.001173
0.001172
0.001170
0.001169
0.001168
0.001166
0.001165
0.001164
0.001162
0.001161
0.001159
0.001158
0.001157
0.001155
0.001154
0.001152
0.001151
0.001150
0.001148
0.001147
0.001146
0.001144
0.001143
0.001142
0.001140
0.001139
0.001138
0.001136
0.001135
0.001134
0.001133
0.001131
0.001130
0.001129
0.001128
0.001126
0.001125
0.001124
0.001123
0.001121
0.001120
0.001119
0.001118
0.001117
0.001116
0.001115
0.001113
0.001112
0.001111
0.001110
0.001109
0.001108
0.001107
0.001106
0.001105
0.001103
0.001102
0.001101
0.001100
0.001099
0.001098
0.001097
0.001096
0.001095
0.001094
0.001093
0.001092
0.001090
0.001089
0.001088
0.001087
0.001085
0.001084
0.001083
0.001082
0.001081
0.001080
0.001078
0.001072
0.001068
0.001069
0.001067
0.001067
0.001066
0.001066
0.001065
0.001065
0.001064
0.001063
0.001063
0.001062
0.001062
0.001061
0.001060
0.001060
0.001059
0.001058
0.001058
0.001057
0.001057
0.001056
0.001055
0.001055
0.001054
0.001053
0.001053
0.001052
0.001052
0.001051
0.001050
0.001050
0.001049
0.001049
0.001048
0.001047
0.001047
0.001046
0.001046
0.001045
0.001044
0.001044
0.001043
0.001043
0.001042
0.001041
0.001041
0.001040
0.001040
0.001039
0.001039
0.001038
0.001037
0.001037
0.001036
0.001036
0.001035
0.001034
0.001034
0.001033
0.001033
0.001032
0.001032
0.001031
0.001030
0.001030
0.001029
0.001029
0.001028
0.001027
0.001027
0.001026
0.001026
0.001025
0.001024
0.001024
0.001023
0.001022
0.001022
0.001021
0.001021
0.001020
0.001019
0.001019
0.001018
0.001018
0.001017
0.001016
0.001016
0.001015
0.001015
0.001014
0.001013
0.001013
0.001012
0.001012
0.001011
0.001010
0.001010
