0.520557
0.420204
0.344062
0.302298
0.278023
0.237196
0.153504
0.095701
0.077206
0.063388
0.052478
0.043570
0.036088
0.029547
0.023671
0.018523
0.014506
0.011927
0.010519
0.009744
0.009253
0.008914
0.008673
0.008496
0.008365
0.008268
0.008193
0.008133
0.008086
0.008043
0.008012
0.007988
0.007972
0.007957
0.007948
0.007939
0.007934
0.007930
0.007927
0.007925
0.007923
0.007922
0.007922
0.007921
0.007923
0.007924
0.007923
0.007922
0.007923
0.007924
0.007926
0.007925
0.007927
0.007927
0.007928
0.007927
0.007930
0.007929
0.007931
0.007932
0.007932
0.007933
0.007933
0.007932
0.007933
0.007932
0.007934
0.007933
0.007933
0.007936
0.007936
0.007934
0.007936
0.007935
0.007937
0.007937
0.007936
0.007938
0.007938
0.007937
0.007939
0.007935
0.007939
0.007936
0.007938
0.007938
0.007937
0.007940
0.007940
0.007939
0.007942
0.007941
0.007941
0.007941
0.007942
0.007943
0.007943
0.007943
0.007943
0.007942
0.007832
0.007791
0.007786
0.007790
0.007788
0.007789
0.007790
0.007790
0.007791
0.007791
0.007792
0.007792
0.007793
0.007793
0.007794
0.007794
0.007795
0.007795
0.007796
0.007797
0.007797
0.007798
0.007798
0.007799
0.007799
0.007800
0.007800
0.007801
0.007801
0.007802
0.007803
0.007803
0.007803
0.007804
0.007804
0.007805
0.007805
0.007806
0.007806
0.007807
0.007807
0.007807
0.007808
0.007808
0.007809
0.007809
0.007810
0.007810
0.007810
0.007811
0.007811
0.007811
0.007812
0.007812
0.007813
0.007813
0.007813
0.007814
0.007814
0.007814
0.007815
0.007814
0.007815
0.007816
0.007816
0.007816
0.007817
0.007817
0.007817
0.007818
0.007818
0.007818
0.007818
0.007819
0.007819
0.007819
0.007820
0.007820
0.007819
0.007820
0.007821
0.007821
0.007821
0.007822
0.007822
0.007822
0.007822
0.007822
0.007823
0.007823
0.007823
0.007823
0.007823
0.007824
0.007824
0.007824
0.007824
0.007824
0.007825
0.007825
0.007780
0.007764
0.007765
0.007765
0.007766
0.007765
0.007765
0.007766
0.007765
0.007766
0.007766
0.007766
0.007766
0.007766
0.007766
0.007766
0.007766
0.007766
0.007766
0.007766
0.007767
0.007767
0.007767
0.007767
0.007767
0.007767
0.007767
0.007767
0.007767
0.007767
0.007767
0.007768
0.007768
0.007768
0.007768
0.007768
0.007768
0.007768
0.007768
0.007768
0.007768
0.007768
0.007768
0.007768
0.007769
0.007769
0.007769
0.007769
0.007769
0.007769
0.007769
0.007769
0.007769
0.007769
0.007769
0.007770
0.007770
0.007770
0.007770
0.007770
0.007770
0.007770
0.007770
0.007770
0.007770
0.007770
0.007770
0.007770
0.007771
0.007771
0.007771
0.007771
0.007771
0.007771
0.007771
0.007771
0.007771
0.007771
0.007771
0.007771
0.007771
0.007771
0.007772
0.007772
0.007772
0.007772
0.007772
0.007772
0.007772
0.007772
0.007772
0.007772
0.007772
0.007772
0.007772
0.007772
0.007772
0.007772
0.007772
0.007772
0.007759
0.007764
0.007763
0.007763
0.007763
0.007764
0.007764
0.007764
0.007764
0.007764
0.007764
0.007764
0.007764
0.007764
0.007764
0.007764
0.007764
0.007764
0.007764
0.007764
0.007764
0.007764
0.007764
0.007764
0.007764
0.007764
0.007764
0.007764
0.007764
0.007764
0.007764
0.007764
0.007764
0.007764
0.007764
0.007764
0.007764
0.007764
0.007764
0.007764
0.007764
0.007764
0.007764
0.007764
0.007764
0.007764
0.007764
0.007764
0.007764
0.007764
0.007764
0.007764
0.007764
0.007764
0.007764
0.007764
0.007764
0.007764
0.007764
0.007764
0.007764
0.007764
0.007764
0.007764
0.007764
0.007764
0.007764
0.007764
0.007764
0.007764
0.007764
0.007764
0.007764
0.007764
0.007764
0.007764
0.007764
0.007764
0.007765
0.007764
0.007765
0.007764
0.007764
0.007764
0.007764
0.007764
0.007764
0.007764
0.007765
0.007765
0.007765
0.007765
0.007765
0.007765
0.007765
0.007765
0.007765
0.007765
0.007765
0.007765
0.007764
0.007765
0.007764
0.007764
0.007763
0.007762
0.007762
0.007762
0.007762
0.007762
0.007762
0.007761
0.007761
0.007761
0.007761
0.007761
0.007761
0.007761
0.007761
0.007761
0.007761
0.007761
0.007761
0.007761
0.007761
0.007761
0.007761
0.007761
0.007761
0.007761
0.007760
0.007760
0.007760
0.007760
0.007760
0.007760
0.007760
0.007760
0.007760
0.007760
0.007760
0.007760
0.007760
0.007760
0.007760
0.007760
0.007760
0.007760
0.007760
0.007760
0.007760
0.007760
0.007760
0.007760
0.007760
0.007760
0.007760
0.007760
0.007760
0.007760
0.007760
0.007760
0.007760
0.007760
0.007760
0.007760
0.007760
0.007760
0.007760
0.007760
0.007760
0.007760
0.007760
0.007760
0.007760
0.007760
0.007760
0.007760
0.007760
0.007760
0.007760
0.007760
0.007760
0.007760
0.007760
0.007760
0.007760
0.007760
0.007760
0.007760
0.007760
0.007760
0.007760
0.007760
0.007760
0.007760
0.007760
0.007760
0.007760
0.007760
