0.485281
0.420750
0.308054
0.202611
0.088184
0.050330
0.031779
0.022065
0.015682
0.011361
0.008340
0.006537
0.005483
0.004797
0.004308
0.003937
0.003659
0.003424
0.003237
0.003081
0.002942
0.002821
0.002728
0.002654
0.002580
0.002509
0.002438
0.002372
0.002320
0.002283
0.002249
0.002216
0.002187
0.002151
0.002116
0.002090
0.002066
0.002044
0.002026
0.002010
0.001990
0.001972
0.001955
0.001940
0.001930
0.001918
0.001906
0.001895
0.001884
0.001872
0.001858
0.001846
0.001835
0.001820
0.001805
0.001790
0.001775
0.001762
0.001747
0.001732
0.001716
0.001703
0.001691
0.001677
0.001664
0.001654
0.001644
0.001635
0.001627
0.001620
0.001611
0.001604
0.001595
0.001588
0.001580
0.001572
0.001564
0.001557
0.001550
0.001542
0.001535
0.001528
0.001522
0.001517
0.001510
0.001503
0.001496
0.001491
0.001486
0.001481
0.001475
0.001471
0.001466
0.001462
0.001457
0.001452
0.001449
0.001444
0.001440
0.001436
0.001353
0.001349
0.001360
0.001365
0.001366
0.001364
0.001361
0.001357
0.001354
0.001350
0.001346
0.001343
0.001339
0.001336
0.001333
0.001330
0.001327
0.001324
0.001321
0.001318
0.001315
0.001312
0.001310
0.001307
0.001305
0.001303
0.001300
0.001298
0.001296
0.001294
0.001292
0.001290
0.001288
0.001286
0.001284
0.001282
0.001280
0.001278
0.001276
0.001274
0.001272
0.001270
0.001269
0.001267
0.001265
0.001263
0.001262
0.001260
0.001258
0.001257
0.001255
0.001253
0.001252
0.001251
0.001250
0.001248
0.001247
0.001245
0.001244
0.001243
0.001241
0.001240
0.001239
0.001237
0.001236
0.001235
0.001234
0.001232
0.001231
0.001230
0.001229
0.001228
0.001227
0.001226
0.001225
0.001224
0.001223
0.001222
0.001221
0.001220
0.001219
0.001219
0.001218
0.001217
0.001216
0.001215
0.001215
0.001214
0.001213
0.001213
0.001213
0.001212
0.001212
0.001211
0.001210
0.001210
0.001209
0.001208
0.001208
0.001207
0.001195
0.001205
0.001211
0.001208
0.001204
0.001202
0.001201
0.001200
0.001200
0.001199
0.001199
0.001199
0.001198
0.001198
0.001198
0.001197
0.001197
0.001197
0.001197
0.001196
0.001196
0.001196
0.001195
0.001195
0.001194
0.001194
0.001194
0.001194
0.001193
0.001192
0.001192
0.001192
0.001191
0.001191
0.001191
0.001190
0.001190
0.001189
0.001189
0.001189
0.001188
0.001188
0.001187
0.001187
0.001186
0.001186
0.001185
0.001185
0.001184
0.001183
0.001183
0.001182
0.001182
0.001181
0.001181
0.001180
0.001180
0.001179
0.001178
0.001178
0.001178
0.001177
0.001176
0.001176
0.001175
0.001174
0.001173
0.001173
0.001172
0.001172
0.001171
0.001171
0.001170
0.001170
0.001169
0.001169
0.001168
0.001168
0.001167
0.001167
0.001166
0.001166
0.001165
0.001164
0.001164
0.001164
0.001163
0.001163
0.001163
0.001162
0.001162
0.001161
0.001161
0.001160
0.001160
0.001160
0.001159
0.001159
0.001158
0.001158
0.001141
0.001129
0.001127
0.001128
0.001127
0.001127
0.001126
0.001126
0.001126
0.001126
0.001126
0.001126
0.001126
0.001126
0.001125
0.001125
0.001125
0.001125
0.001125
0.001125
0.001125
0.001124
0.001124
0.001124
0.001124
0.001124
0.001124
0.001124
0.001124
0.001124
0.001124
0.001123
0.001123
0.001123
0.001123
0.001123
0.001123
0.001123
0.001123
0.001123
0.001123
0.001122
0.001122
0.001122
0.001122
0.001122
0.001122
0.001122
0.001122
0.001122
0.001122
0.001121
0.001121
0.001121
0.001121
0.001121
0.001121
0.001121
0.001121
0.001121
0.001121
0.001121
0.001121
0.001121
0.001121
0.001121
0.001120
0.001120
0.001120
0.001120
0.001120
0.001120
0.001120
0.001120
0.001120
0.001120
0.001120
0.001119
0.001119
0.001119
0.001119
0.001119
0.001119
0.001119
0.001119
0.001119
0.001119
0.001119
0.001119
0.001119
0.001118
0.001118
0.001118
0.001118
0.001118
0.001118
0.001118
0.001118
0.001118
0.001118
0.001111
0.001110
0.001108
0.001108
0.001108
0.001107
0.001107
0.001107
0.001107
0.001107
0.001107
0.001107
0.001107
0.001107
0.001106
0.001106
0.001106
0.001106
0.001106
0.001106
0.001106
0.001106
0.001106
0.001106
0.001105
0.001105
0.001105
0.001105
0.001105
0.001105
0.001105
0.001105
0.001105
0.001105
0.001104
0.001104
0.001104
0.001104
0.001104
0.001104
0.001104
0.001104
0.001104
0.001104
0.001103
0.001103
0.001103
0.001103
0.001103
0.001103
0.001103
0.001103
0.001103
0.001103
0.001102
0.001102
0.001102
0.001102
0.001102
0.001102
0.001102
0.001102
0.001102
0.001102
0.001102
0.001102
0.001101
0.001101
0.001101
0.001101
0.001101
0.001101
0.001101
0.001101
0.001101
0.001101
0.001100
0.001100
0.001100
0.001100
0.001100
0.001100
0.001100
0.001100
0.001100
0.001100
0.001099
0.001099
0.001099
0.001099
0.001099
0.001099
0.001099
0.001099
0.001099
0.001099
0.001098
0.001098
0.001098
0.001098
