0.474026
0.306541
0.125380
0.052430
0.023042
0.012394
0.009147
0.007672
0.007077
0.006840
0.006745
0.006695
0.006662
0.006632
0.006603
0.006575
0.006549
0.006525
0.006502
0.006480
0.006458
0.006436
0.006415
0.006394
0.006373
0.006352
0.006331
0.006310
0.006287
0.006264
0.006239
0.006213
0.006185
0.006153
0.006115
0.006069
0.006017
0.005958
0.005893
0.005825
0.005761
0.005701
0.005644
0.005591
0.005541
0.005494
0.005451
0.005414
0.005381
0.005350
0.005323
0.005298
0.005274
0.005254
0.005236
0.005219
0.005204
0.005189
0.005175
0.005162
0.005149
0.005138
0.005126
0.005116
0.005105
0.005095
0.005085
0.005075
0.005067
0.005058
0.005050
0.005041
0.005032
0.005024
0.005016
0.005008
0.005001
0.004994
0.004986
0.004980
0.004973
0.004967
0.004961
0.004955
0.004949
0.004944
0.004940
0.004935
0.004930
0.004925
0.004920
0.004916
0.004910
0.004903
0.004893
0.004872
0.004853
0.004836
0.004821
0.004799
0.004726
0.004747
0.004719
0.004652
0.004565
0.004477
0.004389
0.004306
0.004233
0.004167
0.004109
0.004061
0.004017
0.003979
0.003945
0.003914
0.003887
0.003861
0.003837
0.003815
0.003794
0.003775
0.003757
0.003741
0.003726
0.003713
0.003699
0.003686
0.003674
0.003663
0.003653
0.003644
0.003634
0.003626
0.003616
0.003608
0.003601
0.003593
0.003585
0.003579
0.003572
0.003565
0.003559
0.003552
0.003547
0.003541
0.003535
0.003530
0.003525
0.003520
0.003515
0.003510
0.003505
0.003501
0.003496
0.003491
0.003488
0.003483
0.003479
0.003475
0.003471
0.003467
0.003463
0.003460
0.003457
0.003454
0.003451
0.003448
0.003445
0.003442
0.003438
0.003434
0.003431
0.003428
0.003425
0.003422
0.003419
0.003417
0.003413
0.003412
0.003408
0.003407
0.003403
0.003401
0.003396
0.003394
0.003391
0.003389
0.003386
0.003384
0.003381
0.003380
0.003377
0.003376
0.003372
0.003369
0.003368
0.003365
0.003365
0.003361
0.003289
0.003255
0.003246
0.003250
0.003245
0.003244
0.003244
0.003243
0.003242
0.003242
0.003241
0.003240
0.003240
0.003239
0.003238
0.003238
0.003237
0.003236
0.003236
0.003235
0.003234
0.003234
0.003233
0.003232
0.003230
0.003230
0.003228
0.003227
0.003211
0.003117
0.002891
0.002698
0.002602
0.002528
0.002454
0.002390
0.002339
0.002295
0.002259
0.002227
0.002196
0.002167
0.002142
0.002120
0.002099
0.002080
0.002063
0.002048
0.002033
0.002018
0.002005
0.001993
0.001981
0.001971
0.001960
0.001949
0.001939
0.001931
0.001923
0.001916
0.001909
0.001902
0.001896
0.001890
0.001884
0.001878
0.001873
0.001868
0.001863
0.001858
0.001853
0.001848
0.001843
0.001838
0.001834
0.001829
0.001826
0.001823
0.001819
0.001815
0.001812
0.001809
0.001806
0.001803
0.001799
0.001796
0.001793
0.001790
0.001788
0.001786
0.001783
0.001781
0.001778
0.001776
0.001773
0.001771
0.001769
0.001766
0.001763
0.001761
0.001736
0.001730
0.001727
0.001721
0.001720
0.001720
0.001719
0.001718
0.001717
0.001716
0.001715
0.001714
0.001713
0.001712
0.001711
0.001711
0.001710
0.001709
0.001708
0.001707
0.001706
0.001705
0.001704
0.001703
0.001703
0.001702
0.001701
0.001700
0.001699
0.001699
0.001698
0.001697
0.001696
0.001695
0.001695
0.001694
0.001693
0.001692
0.001691
0.001691
0.001690
0.001688
0.001688
0.001687
0.001686
0.001686
0.001685
0.001684
0.001683
0.001683
0.001682
0.001681
0.001680
0.001680
0.001679
0.001678
0.001678
0.001677
0.001676
0.001676
0.001675
0.001674
0.001673
0.001673
0.001672
0.001671
0.001671
0.001670
0.001669
0.001669
0.001668
0.001667
0.001667
0.001666
0.001665
0.001665
0.001664
0.001663
0.001663
0.001662
0.001661
0.001661
0.001660
0.001660
0.001659
0.001658
0.001658
0.001657
0.001657
0.001656
0.001655
0.001655
0.001654
0.001654
0.001653
0.001652
0.001652
0.001651
0.001651
0.001650
0.001640
0.001631
0.001631
0.001630
0.001630
0.001630
0.001629
0.001629
0.001629
0.001628
0.001628
0.001628
0.001628
0.001627
0.001627
0.001627
0.001626
0.001626
0.001626
0.001625
0.001625
0.001625
0.001625
0.001624
0.001624
0.001624
0.001623
0.001623
0.001623
0.001622
0.001622
0.001622
0.001622
0.001621
0.001621
0.001621
0.001620
0.001620
0.001620
0.001620
0.001619
0.001619
0.001619
0.001618
0.001618
0.001618
0.001617
0.001617
0.001617
0.001616
0.001616
0.001616
0.001616
0.001615
0.001615
0.001615
0.001614
0.001614
0.001614
0.001614
0.001613
0.001613
0.001613
0.001612
0.001612
0.001612
0.001611
0.001611
0.001611
0.001611
0.001610
0.001610
0.001610
0.001609
0.001609
0.001609
0.001609
0.001608
0.001608
0.001608
0.001607
0.001607
0.001607
0.001606
0.001606
0.001606
0.001606
0.001605
0.001605
0.001605
0.001604
0.001604
0.001604
0.001604
0.001603
0.001603
0.001603
0.001602
0.001602
0.001602
