0.419097
0.192269
0.041534
0.018939
0.013209
0.010527
0.008523
0.007675
0.007204
0.006862
0.006594
0.006358
0.006139
0.005886
0.005656
0.005444
0.005269
0.005100
0.004867
0.004616
0.004389
0.004218
0.004088
0.003990
0.003904
0.003837
0.003774
0.003719
0.003668
0.003623
0.003581
0.003538
0.003497
0.003458
0.003422
0.003384
0.003340
0.003281
0.003189
0.003075
0.002965
0.002847
0.002727
0.002606
0.002492
0.002364
0.002236
0.002127
0.002032
0.001952
0.001881
0.001823
0.001773
0.001727
0.001686
0.001652
0.001621
0.001592
0.001565
0.001541
0.001515
0.001491
0.001468
0.001447
0.001427
0.001406
0.001387
0.001369
0.001353
0.001337
0.001323
0.001310
0.001298
0.001285
0.001274
0.001263
0.001254
0.001246
0.001238
0.001232
0.001227
0.001222
0.001219
0.001215
0.001213
0.001210
0.001209
0.001206
0.001203
0.001199
0.001197
0.001194
0.001191
0.001190
0.001186
0.001184
0.001182
0.001181
0.001179
0.001178
0.001124
0.001104
0.001097
0.001098
0.001094
0.001093
0.001092
0.001092
0.001091
0.001090
0.001089
0.001089
0.001088
0.001087
0.001087
0.001086
0.001086
0.001086
0.001085
0.001085
0.001085
0.001084
0.001084
0.001084
0.001083
0.001083
0.001083
0.001082
0.001082
0.001081
0.001080
0.001080
0.001079
0.001078
0.001078
0.001077
0.001076
0.001076
0.001075
0.001075
0.001074
0.001074
0.001073
0.001073
0.001072
0.001072
0.001071
0.001072
0.001071
0.001071
0.001071
0.001071
0.001071
0.001070
0.001070
0.001070
0.001070
0.001070
0.001070
0.001070
0.001069
0.001069
0.001069
0.001069
0.001068
0.001068
0.001068
0.001068
0.001068
0.001067
0.001067
0.001067
0.001066
0.001066
0.001066
0.001066
0.001065
0.001065
0.001064
0.001064
0.001064
0.001063
0.001063
0.001062
0.001062
0.001061
0.001061
0.001061
0.001060
0.001060
0.001060
0.001059
0.001059
0.001058
0.001058
0.001058
0.001057
0.001057
0.001056
0.001056
0.001029
0.001023
0.001023
0.001023
0.001024
0.001023
0.001023
0.001023
0.001022
0.001022
0.001021
0.001021
0.001020
0.001020
0.001020
0.001019
0.001019
0.001019
0.001018
0.001018
0.001018
0.001018
0.001017
0.001017
0.001016
0.001016
0.001016
0.001015
0.001015
0.001015
0.001014
0.001014
0.001014
0.001013
0.001013
0.001013
0.001012
0.001012
0.001012
0.001011
0.001011
0.001011
0.001010
0.001010
0.001010
0.001009
0.001009
0.001009
0.001008
0.001008
0.001008
0.001008
0.001007
0.001007
0.001007
0.001006
0.001006
0.001006
0.001006
0.001005
0.001005
0.001005
0.001004
0.001004
0.001004
0.001004
0.001004
0.001003
0.001003
0.001003
0.001003
0.001002
0.001002
0.001002
0.001002
0.001001
0.001001
0.001001
0.001001
0.001001
0.001000
0.001000
0.001000
0.000999
0.000999
0.000999
0.000999
0.000998
0.000998
0.000998
0.000998
0.000997
0.000997
0.000997
0.000997
0.000996
0.000996
0.000996
0.000996
0.000995
0.000985
0.000996
0.000999
0.000997
0.000995
0.000994
0.000995
0.000995
0.000994
0.000994
0.000994
0.000994
0.000994
0.000993
0.000993
0.000993
0.000993
0.000993
0.000993
0.000992
0.000992
0.000992
0.000992
0.000992
0.000991
0.000991
0.000991
0.000991
0.000991
0.000991
0.000990
0.000990
0.000990
0.000990
0.000990
0.000989
0.000989
0.000989
0.000989
0.000989
0.000989
0.000989
0.000988
0.000988
0.000988
0.000988
0.000988
0.000988
0.000987
0.000987
0.000987
0.000987
0.000987
0.000987
0.000986
0.000986
0.000986
0.000986
0.000985
0.000985
0.000985
0.000985
0.000985
0.000985
0.000984
0.000984
0.000984
0.000984
0.000984
0.000984
0.000983
0.000983
0.000983
0.000983
0.000983
0.000983
0.000982
0.000982
0.000982
0.000982
0.000982
0.000982
0.000981
0.000981
0.000981
0.000981
0.000981
0.000981
0.000980
0.000980
0.000980
0.000980
0.000980
0.000980
0.000980
0.000979
0.000979
0.000979
0.000979
0.000979
0.000973
0.000969
0.000968
0.000966
0.000966
0.000966
0.000966
0.000966
0.000966
0.000966
0.000966
0.000966
0.000966
0.000966
0.000965
0.000965
0.000965
0.000965
0.000965
0.000965
0.000965
0.000965
0.000965
0.000965
0.000965
0.000965
0.000965
0.000965
0.000965
0.000965
0.000965
0.000965
0.000964
0.000964
0.000964
0.000964
0.000964
0.000964
0.000964
0.000964
0.000964
0.000964
0.000964
0.000964
0.000964
0.000964
0.000964
0.000964
0.000963
0.000963
0.000963
0.000963
0.000963
0.000963
0.000963
0.000963
0.000963
0.000963
0.000963
0.000963
0.000963
0.000963
0.000963
0.000962
0.000962
0.000962
0.000962
0.000962
0.000962
0.000962
0.000962
0.000962
0.000962
0.000962
0.000962
0.000962
0.000962
0.000961
0.000961
0.000961
0.000961
0.000961
0.000961
0.000961
0.000961
0.000961
0.000961
0.000961
0.000960
0.000960
0.000960
0.000960
0.000960
0.000960
0.000960
0.000960
0.000960
0.000960
0.000960
0.000960
