0.476965
0.262856
0.106269
0.053122
0.031048
0.018912
0.012176
0.009511
0.008597
0.008173
0.007926
0.007762
0.007616
0.007470
0.007328
0.007190
0.007054
0.006923
0.006794
0.006665
0.006505
0.006149
0.005831
0.005508
0.005062
0.004701
0.004442
0.004238
0.004079
0.003947
0.003827
0.003711
0.003596
0.003483
0.003374
0.003272
0.003177
0.003094
0.003019
0.002951
0.002888
0.002826
0.002765
0.002703
0.002640
0.002577
0.002513
0.002448
0.002383
0.002319
0.002259
0.002203
0.002150
0.002101
0.002054
0.002012
0.001972
0.001937
0.001903
0.001872
0.001843
0.001816
0.001790
0.001765
0.001743
0.001722
0.001703
0.001686
0.001669
0.001652
0.001637
0.001622
0.001609
0.001595
0.001582
0.001571
0.001559
0.001549
0.001537
0.001527
0.001517
0.001507
0.001500
0.001490
0.001483
0.001476
0.001469
0.001462
0.001457
0.001452
0.001445
0.001440
0.001436
0.001431
0.001428
0.001424
0.001420
0.001417
0.001414
0.001412
0.001358
0.001365
0.001363
0.001359
0.001357
0.001357
0.001355
0.001353
0.001352
0.001350
0.001348
0.001347
0.001345
0.001344
0.001342
0.001341
0.001339
0.001338
0.001337
0.001336
0.001334
0.001333
0.001332
0.001331
0.001330
0.001329
0.001328
0.001327
0.001326
0.001325
0.001324
0.001323
0.001323
0.001322
0.001321
0.001321
0.001320
0.001319
0.001318
0.001318
0.001317
0.001317
0.001316
0.001315
0.001315
0.001314
0.001313
0.001313
0.001312
0.001311
0.001311
0.001310
0.001310
0.001309
0.001308
0.001308
0.001307
0.001307
0.001306
0.001306
0.001305
0.001305
0.001304
0.001303
0.001302
0.001302
0.001301
0.001300
0.001300
0.001300
0.001299
0.001298
0.001297
0.001297
0.001296
0.001295
0.001294
0.001293
0.001292
0.001292
0.001291
0.001290
0.001290
0.001289
0.001288
0.001288
0.001287
0.001286
0.001286
0.001285
0.001284
0.001284
0.001283
0.001282
0.001281
0.001281
0.001280
0.001279
0.001279
0.001278
0.001257
0.001283
0.001305
0.001315
0.001319
0.001320
0.001319
0.001318
0.001316
0.001313
0.001311
0.001309
0.001308
0.001308
0.001307
0.001306
0.001306
0.001306
0.001306
0.001306
0.001306
0.001305
0.001305
0.001304
0.001303
0.001303
0.001301
0.001300
0.001299
0.001298
0.001296
0.001295
0.001293
0.001292
0.001291
0.001290
0.001289
0.001288
0.001287
0.001286
0.001285
0.001284
0.001283
0.001282
0.001282
0.001282
0.001281
0.001280
0.001280
0.001279
0.001279
0.001278
0.001277
0.001277
0.001277
0.001276
0.001276
0.001275
0.001275
0.001274
0.001274
0.001273
0.001273
0.001273
0.001272
0.001272
0.001272
0.001271
0.001271
0.001271
0.001270
0.001270
0.001270
0.001269
0.001269
0.001268
0.001268
0.001268
0.001268
0.001267
0.001267
0.001267
0.001267
0.001267
0.001266
0.001266
0.001266
0.001265
0.001266
0.001265
0.001265
0.001265
0.001265
0.001264
0.001264
0.001264
0.001263
0.001263
0.001263
0.001263
0.001235
0.001217
0.001207
0.001210
0.001209
0.001209
0.001209
0.001209
0.001209
0.001209
0.001208
0.001208
0.001208
0.001208
0.001208
0.001208
0.001208
0.001208
0.001208
0.001208
0.001208
0.001208
0.001208
0.001208
0.001208
0.001208
0.001208
0.001208
0.001207
0.001207
0.001207
0.001207
0.001207
0.001207
0.001207
0.001207
0.001207
0.001207
0.001207
0.001207
0.001207
0.001207
0.001207
0.001207
0.001207
0.001207
0.001207
0.001207
0.001207
0.001207
0.001207
0.001207
0.001207
0.001207
0.001207
0.001207
0.001207
0.001207
0.001207
0.001207
0.001207
0.001207
0.001207
0.001207
0.001206
0.001206
0.001206
0.001206
0.001206
0.001206
0.001206
0.001206
0.001206
0.001206
0.001206
0.001206
0.001206
0.001206
0.001206
0.001206
0.001206
0.001206
0.001206
0.001206
0.001206
0.001206
0.001206
0.001206
0.001206
0.001205
0.001205
0.001205
0.001205
0.001205
0.001205
0.001205
0.001205
0.001205
0.001205
0.001205
0.001196
0.001196
0.001196
0.001194
0.001194
0.001194
0.001194
0.001194
0.001194
0.001193
0.001193
0.001193
0.001193
0.001193
0.001193
0.001193
0.001193
0.001193
0.001192
0.001192
0.001192
0.001192
0.001192
0.001192
0.001192
0.001192
0.001192
0.001191
0.001191
0.001191
0.001191
0.001191
0.001191
0.001191
0.001191
0.001191
0.001191
0.001190
0.001190
0.001190
0.001190
0.001190
0.001190
0.001190
0.001190
0.001190
0.001190
0.001189
0.001189
0.001189
0.001189
0.001189
0.001189
0.001189
0.001189
0.001189
0.001189
0.001188
0.001188
0.001188
0.001188
0.001188
0.001188
0.001188
0.001188
0.001188
0.001187
0.001187
0.001187
0.001187
0.001187
0.001187
0.001187
0.001187
0.001186
0.001186
0.001186
0.001186
0.001186
0.001186
0.001186
0.001186
0.001185
0.001185
0.001185
0.001185
0.001185
0.001185
0.001185
0.001185
0.001184
0.001184
0.001184
0.001184
0.001184
0.001184
0.001184
0.001183
0.001183
0.001183
