0.420044
0.260126
0.130088
0.060021
0.039441
0.029483
0.023435
0.018887
0.015004
0.011597
0.008832
0.006911
0.005725
0.005067
0.004710
0.004498
0.004350
0.004235
0.004137
0.004050
0.003969
0.003894
0.003826
0.003763
0.003702
0.003641
0.003582
0.003526
0.003472
0.003420
0.003371
0.003323
0.003277
0.003234
0.003191
0.003148
0.003106
0.003065
0.003024
0.002982
0.002938
0.002894
0.002851
0.002809
0.002766
0.002723
0.002680
0.002637
0.002595
0.002552
0.002508
0.002463
0.002418
0.002374
0.002328
0.002280
0.002233
0.002183
0.002133
0.002082
0.002031
0.001987
0.001949
0.001916
0.001885
0.001858
0.001833
0.001811
0.001790
0.001770
0.001752
0.001736
0.001721
0.001705
0.001690
0.001675
0.001662
0.001650
0.001638
0.001627
0.001616
0.001607
0.001597
0.001587
0.001577
0.001566
0.001558
0.001549
0.001542
0.001535
0.001528
0.001522
0.001516
0.001510
0.001504
0.001498
0.001494
0.001487
0.001482
0.001477
0.001426
0.001439
0.001450
0.001452
0.001453
0.001452
0.001450
0.001448
0.001446
0.001444
0.001442
0.001440
0.001437
0.001435
0.001433
0.001430
0.001428
0.001426
0.001424
0.001422
0.001420
0.001418
0.001416
0.001413
0.001411
0.001409
0.001407
0.001405
0.001403
0.001401
0.001399
0.001397
0.001395
0.001393
0.001391
0.001390
0.001388
0.001386
0.001384
0.001382
0.001380
0.001379
0.001377
0.001375
0.001374
0.001373
0.001371
0.001370
0.001369
0.001367
0.001366
0.001365
0.001364
0.001362
0.001361
0.001360
0.001359
0.001358
0.001356
0.001356
0.001354
0.001353
0.001351
0.001350
0.001349
0.001348
0.001347
0.001346
0.001345
0.001344
0.001343
0.001342
0.001341
0.001340
0.001339
0.001338
0.001337
0.001336
0.001335
0.001334
0.001333
0.001332
0.001331
0.001330
0.001329
0.001328
0.001326
0.001325
0.001324
0.001323
0.001322
0.001321
0.001320
0.001319
0.001318
0.001317
0.001316
0.001315
0.001313
0.001312
0.001311
0.001301
0.001314
0.001316
0.001320
0.001321
0.001322
0.001321
0.001319
0.001317
0.001314
0.001311
0.001309
0.001307
0.001305
0.001304
0.001302
0.001301
0.001300
0.001300
0.001299
0.001298
0.001298
0.001297
0.001296
0.001296
0.001295
0.001295
0.001294
0.001294
0.001293
0.001293
0.001293
0.001292
0.001292
0.001291
0.001291
0.001290
0.001290
0.001290
0.001289
0.001289
0.001288
0.001288
0.001288
0.001287
0.001287
0.001286
0.001286
0.001286
0.001285
0.001285
0.001284
0.001284
0.001284
0.001283
0.001283
0.001282
0.001282
0.001282
0.001281
0.001281
0.001281
0.001280
0.001280
0.001279
0.001279
0.001278
0.001278
0.001277
0.001277
0.001277
0.001276
0.001276
0.001276
0.001275
0.001275
0.001274
0.001274
0.001273
0.001273
0.001273
0.001272
0.001271
0.001271
0.001270
0.001270
0.001270
0.001269
0.001269
0.001268
0.001267
0.001267
0.001267
0.001266
0.001266
0.001265
0.001265
0.001264
0.001264
0.001246
0.001239
0.001234
0.001234
0.001234
0.001233
0.001233
0.001233
0.001232
0.001232
0.001232
0.001232
0.001231
0.001231
0.001231
0.001231
0.001230
0.001230
0.001230
0.001230
0.001229
0.001229
0.001229
0.001229
0.001228
0.001228
0.001228
0.001228
0.001227
0.001227
0.001227
0.001227
0.001226
0.001226
0.001226
0.001225
0.001225
0.001225
0.001224
0.001224
0.001224
0.001224
0.001223
0.001223
0.001223
0.001223
0.001222
0.001222
0.001222
0.001221
0.001221
0.001221
0.001221
0.001220
0.001220
0.001220
0.001219
0.001219
0.001219
0.001219
0.001218
0.001218
0.001218
0.001217
0.001217
0.001217
0.001216
0.001216
0.001216
0.001216
0.001215
0.001215
0.001215
0.001215
0.001214
0.001214
0.001214
0.001213
0.001213
0.001213
0.001212
0.001212
0.001212
0.001211
0.001211
0.001211
0.001210
0.001210
0.001210
0.001210
0.001209
0.001209
0.001209
0.001208
0.001208
0.001208
0.001207
0.001207
0.001207
0.001207
0.001201
0.001203
0.001205
0.001206
0.001206
0.001206
0.001205
0.001205
0.001205
0.001205
0.001205
0.001205
0.001205
0.001204
0.001204
0.001204
0.001204
0.001204
0.001204
0.001203
0.001203
0.001203
0.001203
0.001203
0.001203
0.001202
0.001202
0.001202
0.001202
0.001202
0.001202
0.001201
0.001201
0.001201
0.001201
0.001201
0.001201
0.001200
0.001200
0.001200
0.001200
0.001200
0.001199
0.001199
0.001199
0.001199
0.001199
0.001198
0.001198
0.001198
0.001198
0.001198
0.001197
0.001197
0.001197
0.001197
0.001196
0.001196
0.001196
0.001196
0.001195
0.001195
0.001195
0.001195
0.001194
0.001194
0.001194
0.001194
0.001193
0.001193
0.001193
0.001193
0.001192
0.001192
0.001192
0.001192
0.001192
0.001191
0.001191
0.001191
0.001191
0.001190
0.001190
0.001190
0.001190
0.001189
0.001189
0.001189
0.001189
0.001188
0.001188
0.001188
0.001188
0.001187
0.001187
0.001187
0.001187
0.001186
0.001186
0.001186
