0.415783
0.267481
0.126672
0.041963
0.026483
0.017947
0.012678
0.008934
0.006511
0.005108
0.004296
0.003810
0.003497
0.003278
0.003111
0.002974
0.002858
0.002755
0.002662
0.002574
0.002492
0.002417
0.002348
0.002283
0.002221
0.002162
0.002104
0.002047
0.001990
0.001934
0.001881
0.001831
0.001783
0.001737
0.001694
0.001655
0.001619
0.001585
0.001554
0.001525
0.001495
0.001468
0.001445
0.001428
0.001413
0.001400
0.001388
0.001379
0.001371
0.001364
0.001357
0.001352
0.001346
0.001341
0.001336
0.001331
0.001327
0.001323
0.001318
0.001314
0.001311
0.001308
0.001304
0.001300
0.001296
0.001292
0.001288
0.001285
0.001281
0.001277
0.001274
0.001271
0.001268
0.001265
0.001263
0.001260
0.001258
0.001256
0.001254
0.001252
0.001249
0.001247
0.001246
0.001244
0.001243
0.001241
0.001240
0.001239
0.001238
0.001237
0.001236
0.001235
0.001233
0.001232
0.001231
0.001230
0.001228
0.001227
0.001225
0.001225
0.001186
0.001191
0.001191
0.001190
0.001190
0.001188
0.001187
0.001186
0.001184
0.001182
0.001180
0.001179
0.001177
0.001175
0.001173
0.001171
0.001169
0.001167
0.001166
0.001164
0.001162
0.001161
0.001159
0.001157
0.001156
0.001154
0.001152
0.001150
0.001149
0.001147
0.001145
0.001144
0.001142
0.001140
0.001138
0.001137
0.001135
0.001133
0.001131
0.001129
0.001127
0.001125
0.001123
0.001121
0.001119
0.001117
0.001115
0.001113
0.001111
0.001109
0.001107
0.001105
0.001104
0.001102
0.001101
0.001100
0.001098
0.001097
0.001096
0.001094
0.001093
0.001092
0.001091
0.001091
0.001090
0.001090
0.001089
0.001088
0.001088
0.001088
0.001087
0.001087
0.001086
0.001086
0.001086
0.001085
0.001085
0.001084
0.001084
0.001083
0.001083
0.001082
0.001082
0.001081
0.001081
0.001081
0.001080
0.001080
0.001080
0.001079
0.001079
0.001078
0.001078
0.001077
0.001076
0.001076
0.001075
0.001074
0.001074
0.001074
0.001066
0.001079
0.001088
0.001092
0.001093
0.001095
0.001096
0.001096
0.001096
0.001094
0.001093
0.001090
0.001088
0.001086
0.001084
0.001082
0.001081
0.001080
0.001079
0.001078
0.001077
0.001076
0.001076
0.001075
0.001075
0.001074
0.001074
0.001074
0.001073
0.001073
0.001072
0.001072
0.001072
0.001072
0.001071
0.001071
0.001071
0.001070
0.001070
0.001070
0.001069
0.001069
0.001069
0.001069
0.001069
0.001068
0.001068
0.001068
0.001068
0.001068
0.001067
0.001067
0.001067
0.001067
0.001066
0.001066
0.001066
0.001066
0.001066
0.001065
0.001065
0.001064
0.001064
0.001064
0.001064
0.001063
0.001063
0.001063
0.001063
0.001062
0.001062
0.001062
0.001062
0.001062
0.001061
0.001061
0.001061
0.001060
0.001060
0.001060
0.001060
0.001059
0.001058
0.001058
0.001058
0.001058
0.001058
0.001057
0.001057
0.001056
0.001056
0.001055
0.001055
0.001055
0.001054
0.001054
0.001054
0.001054
0.001053
0.001053
0.001037
0.001025
0.001021
0.001023
0.001022
0.001022
0.001022
0.001022
0.001021
0.001021
0.001021
0.001021
0.001021
0.001021
0.001021
0.001020
0.001020
0.001020
0.001020
0.001020
0.001020
0.001019
0.001019
0.001019
0.001019
0.001018
0.001018
0.001018
0.001018
0.001018
0.001017
0.001017
0.001017
0.001017
0.001017
0.001016
0.001016
0.001016
0.001016
0.001016
0.001015
0.001015
0.001015
0.001015
0.001015
0.001014
0.001014
0.001014
0.001014
0.001014
0.001013
0.001013
0.001013
0.001013
0.001012
0.001012
0.001012
0.001012
0.001011
0.001011
0.001011
0.001011
0.001011
0.001010
0.001010
0.001010
0.001010
0.001009
0.001009
0.001009
0.001009
0.001008
0.001008
0.001008
0.001008
0.001007
0.001007
0.001007
0.001007
0.001007
0.001006
0.001006
0.001006
0.001006
0.001005
0.001005
0.001005
0.001005
0.001004
0.001004
0.001004
0.001004
0.001003
0.001003
0.001003
0.001003
0.001003
0.001002
0.001002
0.001002
0.000996
0.000994
0.000994
0.000993
0.000993
0.000993
0.000993
0.000993
0.000992
0.000992
0.000992
0.000992
0.000992
0.000992
0.000992
0.000991
0.000991
0.000991
0.000991
0.000991
0.000991
0.000991
0.000991
0.000990
0.000990
0.000990
0.000990
0.000990
0.000990
0.000990
0.000990
0.000990
0.000989
0.000989
0.000989
0.000989
0.000989
0.000989
0.000989
0.000989
0.000989
0.000988
0.000988
0.000988
0.000988
0.000988
0.000988
0.000988
0.000988
0.000988
0.000988
0.000987
0.000987
0.000987
0.000987
0.000987
0.000987
0.000987
0.000987
0.000987
0.000987
0.000987
0.000986
0.000986
0.000986
0.000986
0.000986
0.000986
0.000986
0.000986
0.000986
0.000986
0.000985
0.000985
0.000985
0.000985
0.000985
0.000985
0.000985
0.000985
0.000985
0.000985
0.000985
0.000985
0.000985
0.000984
0.000984
0.000984
0.000984
0.000984
0.000984
0.000984
0.000984
0.000984
0.000984
0.000984
0.000983
0.000983
0.000983
0.000983
