0.443284
0.334239
0.213697
0.122192
0.090911
0.064790
0.042749
0.026673
0.016921
0.010990
0.008322
0.007404
0.007055
0.006839
0.006687
0.006559
0.006444
0.006340
0.006237
0.006125
0.005988
0.005813
0.005622
0.005453
0.005327
0.005231
0.005153
0.005092
0.005043
0.004998
0.004957
0.004913
0.004873
0.004830
0.004788
0.004746
0.004704
0.004663
0.004624
0.004582
0.004539
0.004495
0.004453
0.004408
0.004362
0.004315
0.004271
0.004229
0.004189
0.004150
0.004113
0.004080
0.004047
0.004017
0.003985
0.003952
0.003919
0.003884
0.003849
0.003805
0.003760
0.003711
0.003662
0.003610
0.003555
0.003498
0.003443
0.003389
0.003341
0.003297
0.003259
0.003228
0.003198
0.003175
0.003156
0.003138
0.003120
0.003106
0.003092
0.003079
0.003066
0.003052
0.003040
0.003029
0.003020
0.003010
0.003000
0.002990
0.002981
0.002973
0.002964
0.002956
0.002947
0.002939
0.002931
0.002923
0.002915
0.002907
0.002900
0.002893
0.002824
0.002836
0.002824
0.002817
0.002816
0.002815
0.002814
0.002811
0.002809
0.002807
0.002804
0.002801
0.002799
0.002796
0.002793
0.002790
0.002787
0.002785
0.002782
0.002779
0.002776
0.002773
0.002770
0.002767
0.002764
0.002760
0.002758
0.002754
0.002752
0.002749
0.002746
0.002742
0.002737
0.002733
0.002729
0.002725
0.002720
0.002715
0.002711
0.002707
0.002702
0.002696
0.002689
0.002679
0.002667
0.002651
0.002635
0.002621
0.002612
0.002602
0.002592
0.002582
0.002573
0.002559
0.002548
0.002537
0.002527
0.002517
0.002508
0.002500
0.002493
0.002485
0.002478
0.002472
0.002466
0.002461
0.002456
0.002451
0.002446
0.002441
0.002438
0.002434
0.002431
0.002426
0.002422
0.002418
0.002414
0.002410
0.002406
0.002402
0.002399
0.002396
0.002392
0.002389
0.002387
0.002384
0.002382
0.002379
0.002377
0.002375
0.002371
0.002369
0.002367
0.002364
0.002360
0.002357
0.002355
0.002352
0.002351
0.002348
0.002311
0.002267
0.002252
0.002256
0.002253
0.002251
0.002250
0.002249
0.002248
0.002247
0.002246
0.002245
0.002244
0.002243
0.002242
0.002242
0.002240
0.002239
0.002239
0.002238
0.002237
0.002236
0.002235
0.002234
0.002233
0.002232
0.002231
0.002231
0.002230
0.002229
0.002228
0.002227
0.002227
0.002226
0.002225
0.002224
0.002224
0.002223
0.002222
0.002222
0.002221
0.002220
0.002220
0.002219
0.002218
0.002217
0.002217
0.002216
0.002216
0.002215
0.002214
0.002214
0.002213
0.002213
0.002212
0.002211
0.002211
0.002210
0.002209
0.002209
0.002208
0.002208
0.002207
0.002207
0.002206
0.002206
0.002205
0.002205
0.002204
0.002204
0.002203
0.002203
0.002203
0.002202
0.002202
0.002201
0.002201
0.002201
0.002200
0.002200
0.002199
0.002199
0.002198
0.002198
0.002197
0.002197
0.002197
0.002196
0.002196
0.002195
0.002195
0.002195
0.002194
0.002194
0.002194
0.002193
0.002193
0.002193
0.002192
0.002192
0.002174
0.002169
0.002167
0.002165
0.002164
0.002164
0.002164
0.002164
0.002163
0.002163
0.002163
0.002162
0.002162
0.002162
0.002162
0.002161
0.002161
0.002161
0.002161
0.002160
0.002160
0.002160
0.002160
0.002159
0.002159
0.002159
0.002159
0.002159
0.002158
0.002158
0.002158
0.002157
0.002157
0.002157
0.002157
0.002157
0.002156
0.002156
0.002156
0.002156
0.002156
0.002155
0.002155
0.002155
0.002155
0.002155
0.002155
0.002154
0.002154
0.002154
0.002154
0.002154
0.002153
0.002153
0.002153
0.002153
0.002153
0.002152
0.002152
0.002152
0.002152
0.002152
0.002152
0.002152
0.002151
0.002151
0.002151
0.002151
0.002151
0.002151
0.002151
0.002150
0.002150
0.002150
0.002150
0.002150
0.002150
0.002150
0.002149
0.002149
0.002149
0.002149
0.002149
0.002149
0.002149
0.002149
0.002148
0.002148
0.002148
0.002148
0.002148
0.002148
0.002148
0.002148
0.002147
0.002147
0.002147
0.002147
0.002147
0.002147
0.002140
0.002145
0.002148
0.002149
0.002150
0.002150
0.002150
0.002150
0.002150
0.002150
0.002150
0.002150
0.002149
0.002149
0.002149
0.002149
0.002149
0.002149
0.002149
0.002149
0.002148
0.002148
0.002148
0.002148
0.002148
0.002148
0.002148
0.002148
0.002148
0.002147
0.002147
0.002147
0.002147
0.002147
0.002147
0.002147
0.002147
0.002147
0.002147
0.002147
0.002146
0.002146
0.002146
0.002146
0.002146
0.002146
0.002146
0.002146
0.002146
0.002146
0.002146
0.002146
0.002146
0.002145
0.002145
0.002145
0.002145
0.002145
0.002145
0.002145
0.002145
0.002145
0.002145
0.002145
0.002145
0.002145
0.002145
0.002144
0.002144
0.002144
0.002144
0.002144
0.002144
0.002144
0.002144
0.002144
0.002144
0.002144
0.002144
0.002144
0.002144
0.002144
0.002144
0.002144
0.002143
0.002143
0.002143
0.002143
0.002143
0.002143
0.002143
0.002143
0.002143
0.002143
0.002143
0.002143
0.002143
0.002143
0.002143
0.002143
