0.431777
0.309566
0.217937
0.152105
0.114814
0.085602
0.065311
0.052936
0.044221
0.037657
0.032586
0.028587
0.025397
0.022802
0.020649
0.018817
0.017215
0.015805
0.014624
0.013623
0.012745
0.011986
0.011327
0.010744
0.010223
0.009756
0.009333
0.008952
0.008607
0.008293
0.008004
0.007736
0.007488
0.007256
0.007038
0.006833
0.006637
0.006449
0.006273
0.006102
0.005935
0.005776
0.005622
0.005474
0.005332
0.005192
0.005057
0.004927
0.004801
0.004677
0.004558
0.004445
0.004336
0.004229
0.004126
0.004028
0.003932
0.003838
0.003747
0.003658
0.003572
0.003490
0.003412
0.003335
0.003262
0.003193
0.003126
0.003062
0.003000
0.002941
0.002884
0.002829
0.002775
0.002724
0.002675
0.002626
0.002581
0.002536
0.002492
0.002450
0.002410
0.002371
0.002334
0.002297
0.002263
0.002229
0.002197
0.002166
0.002136
0.002107
0.002078
0.002052
0.002027
0.002003
0.001979
0.001955
0.001934
0.001912
0.001892
0.001872
0.001814
0.001818
0.001807
0.001801
0.001792
0.001784
0.001776
0.001768
0.001760
0.001752
0.001745
0.001737
0.001729
0.001722
0.001715
0.001708
0.001702
0.001695
0.001688
0.001682
0.001676
0.001669
0.001662
0.001656
0.001650
0.001644
0.001639
0.001633
0.001628
0.001622
0.001617
0.001611
0.001606
0.001601
0.001596
0.001591
0.001585
0.001580
0.001575
0.001570
0.001565
0.001560
0.001556
0.001551
0.001547
0.001542
0.001538
0.001533
0.001529
0.001524
0.001520
0.001515
0.001511
0.001507
0.001503
0.001499
0.001495
0.001491
0.001487
0.001484
0.001480
0.001477
0.001473
0.001470
0.001466
0.001463
0.001459
0.001456
0.001453
0.001450
0.001447
0.001444
0.001441
0.001438
0.001435
0.001432
0.001429
0.001427
0.001424
0.001422
0.001419
0.001416
0.001414
0.001411
0.001409
0.001407
0.001404
0.001402
0.001399
0.001397
0.001395
0.001393
0.001391
0.001389
0.001387
0.001385
0.001383
0.001381
0.001379
0.001377
0.001366
0.001368
0.001375
0.001377
0.001377
0.001376
0.001375
0.001374
0.001373
0.001372
0.001371
0.001370
0.001369
0.001368
0.001366
0.001365
0.001364
0.001363
0.001362
0.001362
0.001361
0.001360
0.001359
0.001358
0.001357
0.001356
0.001355
0.001354
0.001353
0.001352
0.001351
0.001350
0.001349
0.001349
0.001348
0.001347
0.001346
0.001345
0.001344
0.001343
0.001342
0.001341
0.001340
0.001339
0.001339
0.001338
0.001337
0.001336
0.001335
0.001334
0.001333
0.001332
0.001331
0.001331
0.001330
0.001329
0.001328
0.001327
0.001326
0.001325
0.001324
0.001324
0.001323
0.001322
0.001321
0.001320
0.001320
0.001319
0.001318
0.001317
0.001316
0.001316
0.001315
0.001314
0.001313
0.001312
0.001312
0.001311
0.001310
0.001309
0.001308
0.001308
0.001307
0.001306
0.001305
0.001305
0.001304
0.001303
0.001303
0.001302
0.001301
0.001301
0.001300
0.001299
0.001299
0.001298
0.001297
0.001297
0.001296
0.001295
0.001274
0.001257
0.001257
0.001256
0.001255
0.001255
0.001255
0.001254
0.001254
0.001254
0.001254
0.001253
0.001253
0.001253
0.001252
0.001252
0.001252
0.001252
0.001251
0.001251
0.001251
0.001251
0.001250
0.001250
0.001250
0.001249
0.001249
0.001249
0.001249
0.001249
0.001248
0.001248
0.001248
0.001248
0.001247
0.001247
0.001247
0.001247
0.001246
0.001246
0.001246
0.001246
0.001245
0.001245
0.001245
0.001245
0.001245
0.001244
0.001244
0.001244
0.001244
0.001243
0.001243
0.001243
0.001243
0.001242
0.001242
0.001242
0.001242
0.001242
0.001241
0.001241
0.001241
0.001241
0.001241
0.001240
0.001240
0.001240
0.001240
0.001239
0.001239
0.001239
0.001239
0.001239
0.001238
0.001238
0.001238
0.001238
0.001238
0.001238
0.001237
0.001237
0.001237
0.001237
0.001237
0.001236
0.001236
0.001236
0.001236
0.001236
0.001236
0.001236
0.001235
0.001235
0.001235
0.001235
0.001235
0.001234
0.001234
0.001234
0.001227
0.001225
0.001225
0.001226
0.001226
0.001226
0.001226
0.001226
0.001226
0.001226
0.001225
0.001225
0.001225
0.001225
0.001225
0.001225
0.001225
0.001225
0.001224
0.001224
0.001224
0.001224
0.001224
0.001224
0.001224
0.001224
0.001223
0.001223
0.001223
0.001223
0.001223
0.001223
0.001223
0.001223
0.001223
0.001222
0.001222
0.001222
0.001222
0.001222
0.001222
0.001222
0.001222
0.001221
0.001221
0.001221
0.001221
0.001221
0.001221
0.001221
0.001221
0.001220
0.001220
0.001220
0.001220
0.001220
0.001220
0.001220
0.001219
0.001219
0.001219
0.001219
0.001219
0.001219
0.001219
0.001219
0.001218
0.001218
0.001218
0.001218
0.001218
0.001218
0.001218
0.001218
0.001217
0.001217
0.001217
0.001217
0.001217
0.001217
0.001217
0.001217
0.001216
0.001216
0.001216
0.001216
0.001216
0.001216
0.001216
0.001215
0.001215
0.001215
0.001215
0.001215
0.001215
0.001215
0.001215
0.001214
0.001214
0.001214
