0.473053
0.247584
0.063690
0.028260
0.016768
0.012194
0.009588
0.008194
0.007296
0.006579
0.006056
0.005707
0.005416
0.005165
0.004944
0.004745
0.004556
0.004377
0.004213
0.004056
0.003904
0.003756
0.003608
0.003464
0.003323
0.003188
0.003057
0.002930
0.002808
0.002692
0.002578
0.002473
0.002372
0.002277
0.002189
0.002107
0.002029
0.001954
0.001884
0.001819
0.001756
0.001697
0.001638
0.001585
0.001535
0.001488
0.001443
0.001402
0.001364
0.001327
0.001295
0.001262
0.001233
0.001205
0.001178
0.001153
0.001130
0.001108
0.001088
0.001067
0.001046
0.001027
0.001012
0.000997
0.000983
0.000971
0.000960
0.000950
0.000942
0.000934
0.000926
0.000918
0.000911
0.000904
0.000897
0.000890
0.000884
0.000878
0.000872
0.000867
0.000861
0.000856
0.000851
0.000846
0.000842
0.000839
0.000838
0.000836
0.000833
0.000832
0.000830
0.000829
0.000827
0.000826
0.000825
0.000823
0.000821
0.000820
0.000817
0.000815
0.000766
0.000753
0.000741
0.000741
0.000739
0.000738
0.000737
0.000736
0.000735
0.000734
0.000733
0.000733
0.000732
0.000731
0.000730
0.000730
0.000729
0.000728
0.000727
0.000727
0.000726
0.000725
0.000725
0.000724
0.000723
0.000723
0.000722
0.000722
0.000721
0.000721
0.000720
0.000720
0.000720
0.000719
0.000719
0.000718
0.000718
0.000717
0.000717
0.000717
0.000716
0.000716
0.000716
0.000715
0.000715
0.000715
0.000714
0.000714
0.000714
0.000714
0.000714
0.000713
0.000713
0.000713
0.000712
0.000712
0.000712
0.000711
0.000711
0.000711
0.000710
0.000710
0.000709
0.000709
0.000709
0.000708
0.000708
0.000707
0.000707
0.000707
0.000706
0.000706
0.000705
0.000705
0.000705
0.000704
0.000704
0.000703
0.000703
0.000703
0.000702
0.000702
0.000701
0.000701
0.000701
0.000700
0.000700
0.000699
0.000699
0.000698
0.000698
0.000698
0.000697
0.000697
0.000697
0.000696
0.000696
0.000696
0.000696
0.000696
0.000673
0.000675
0.000671
0.000671
0.000672
0.000671
0.000670
0.000670
0.000670
0.000669
0.000669
0.000668
0.000668
0.000668
0.000667
0.000667
0.000666
0.000666
0.000666
0.000665
0.000665
0.000664
0.000664
0.000664
0.000664
0.000663
0.000663
0.000663
0.000662
0.000662
0.000662
0.000661
0.000661
0.000661
0.000661
0.000660
0.000660
0.000660
0.000660
0.000659
0.000659
0.000659
0.000659
0.000658
0.000658
0.000658
0.000658
0.000658
0.000657
0.000657
0.000657
0.000657
0.000657
0.000656
0.000656
0.000656
0.000656
0.000656
0.000656
0.000655
0.000655
0.000655
0.000655
0.000655
0.000654
0.000654
0.000654
0.000654
0.000654
0.000654
0.000654
0.000653
0.000653
0.000653
0.000653
0.000653
0.000653
0.000653
0.000652
0.000652
0.000652
0.000652
0.000652
0.000652
0.000652
0.000651
0.000651
0.000651
0.000651
0.000651
0.000651
0.000651
0.000651
0.000650
0.000650
0.000650
0.000650
0.000650
0.000650
0.000650
0.000644
0.000652
0.000655
0.000655
0.000654
0.000653
0.000652
0.000652
0.000652
0.000652
0.000651
0.000651
0.000651
0.000651
0.000651
0.000651
0.000650
0.000650
0.000650
0.000650
0.000650
0.000650
0.000650
0.000650
0.000649
0.000649
0.000649
0.000649
0.000649
0.000649
0.000649
0.000649
0.000649
0.000649
0.000649
0.000648
0.000648
0.000648
0.000648
0.000648
0.000648
0.000648
0.000648
0.000648
0.000647
0.000647
0.000647
0.000647
0.000647
0.000647
0.000647
0.000647
0.000646
0.000646
0.000646
0.000646
0.000646
0.000646
0.000646
0.000646
0.000646
0.000645
0.000645
0.000645
0.000645
0.000645
0.000645
0.000644
0.000644
0.000644
0.000644
0.000644
0.000644
0.000644
0.000643
0.000643
0.000643
0.000643
0.000643
0.000643
0.000643
0.000643
0.000642
0.000642
0.000642
0.000642
0.000642
0.000642
0.000642
0.000642
0.000641
0.000641
0.000641
0.000641
0.000641
0.000641
0.000641
0.000640
0.000640
0.000640
0.000635
0.000634
0.000633
0.000633
0.000632
0.000631
0.000631
0.000631
0.000631
0.000631
0.000631
0.000631
0.000631
0.000631
0.000631
0.000631
0.000630
0.000630
0.000630
0.000630
0.000630
0.000630
0.000630
0.000630
0.000630
0.000630
0.000630
0.000630
0.000630
0.000630
0.000630
0.000630
0.000630
0.000630
0.000629
0.000629
0.000629
0.000629
0.000629
0.000629
0.000629
0.000629
0.000629
0.000629
0.000629
0.000629
0.000629
0.000629
0.000629
0.000629
0.000629
0.000628
0.000628
0.000628
0.000628
0.000628
0.000628
0.000628
0.000628
0.000628
0.000628
0.000628
0.000628
0.000627
0.000627
0.000627
0.000627
0.000627
0.000627
0.000627
0.000627
0.000627
0.000627
0.000627
0.000627
0.000626
0.000626
0.000626
0.000626
0.000626
0.000626
0.000626
0.000626
0.000626
0.000626
0.000626
0.000625
0.000625
0.000625
0.000625
0.000625
0.000625
0.000625
0.000624
0.000624
0.000624
0.000624
0.000624
0.000624
0.000624
