0.405484
0.213010
0.114141
0.048512
0.016234
0.008254
0.004701
0.003572
0.003055
0.002803
0.002687
0.002602
0.002507
0.002406
0.002311
0.002226
0.002157
0.002097
0.002039
0.001983
0.001936
0.001901
0.001870
0.001838
0.001802
0.001766
0.001737
0.001713
0.001692
0.001675
0.001654
0.001632
0.001610
0.001589
0.001570
0.001551
0.001534
0.001518
0.001501
0.001485
0.001469
0.001457
0.001447
0.001440
0.001435
0.001427
0.001419
0.001409
0.001400
0.001393
0.001383
0.001375
0.001366
0.001359
0.001355
0.001353
0.001350
0.001346
0.001341
0.001336
0.001330
0.001325
0.001319
0.001314
0.001311
0.001306
0.001301
0.001296
0.001293
0.001292
0.001293
0.001295
0.001293
0.001289
0.001282
0.001276
0.001273
0.001272
0.001271
0.001269
0.001267
0.001266
0.001262
0.001259
0.001257
0.001254
0.001252
0.001248
0.001244
0.001238
0.001233
0.001229
0.001225
0.001222
0.001219
0.001217
0.001214
0.001211
0.001208
0.001206
0.001133
0.001141
0.001120
0.001112
0.001112
0.001111
0.001113
0.001114
0.001114
0.001114
0.001115
0.001116
0.001116
0.001117
0.001117
0.001118
0.001118
0.001120
0.001120
0.001120
0.001121
0.001122
0.001123
0.001124
0.001124
0.001126
0.001127
0.001128
0.001129
0.001130
0.001131
0.001131
0.001132
0.001132
0.001132
0.001132
0.001132
0.001133
0.001132
0.001132
0.001133
0.001133
0.001132
0.001132
0.001132
0.001132
0.001131
0.001131
0.001131
0.001130
0.001129
0.001128
0.001127
0.001126
0.001125
0.001124
0.001124
0.001124
0.001123
0.001122
0.001122
0.001121
0.001121
0.001120
0.001120
0.001119
0.001119
0.001118
0.001118
0.001117
0.001117
0.001116
0.001115
0.001115
0.001114
0.001114
0.001113
0.001113
0.001113
0.001112
0.001112
0.001111
0.001110
0.001110
0.001109
0.001109
0.001108
0.001107
0.001106
0.001105
0.001105
0.001104
0.001104
0.001103
0.001102
0.001100
0.001100
0.001099
0.001098
0.001097
0.001051
0.001039
0.001045
0.001049
0.001052
0.001053
0.001053
0.001053
0.001052
0.001051
0.001050
0.001048
0.001047
0.001046
0.001044
0.001043
0.001041
0.001040
0.001039
0.001037
0.001036
0.001034
0.001033
0.001031
0.001030
0.001028
0.001027
0.001025
0.001024
0.001022
0.001021
0.001020
0.001018
0.001017
0.001016
0.001015
0.001014
0.001013
0.001012
0.001011
0.001010
0.001009
0.001008
0.001007
0.001007
0.001006
0.001005
0.001005
0.001004
0.001003
0.001003
0.001002
0.001001
0.001001
0.001000
0.001000
0.001000
0.000999
0.000999
0.000998
0.000998
0.000997
0.000997
0.000997
0.000996
0.000996
0.000996
0.000995
0.000995
0.000995
0.000995
0.000994
0.000994
0.000994
0.000994
0.000994
0.000993
0.000993
0.000993
0.000993
0.000993
0.000993
0.000993
0.000992
0.000992
0.000992
0.000992
0.000992
0.000992
0.000992
0.000992
0.000992
0.000992
0.000992
0.000992
0.000992
0.000992
0.000992
0.000992
0.000992
0.000992
0.001004
0.001004
0.001002
0.001001
0.001000
0.000999
0.000999
0.000999
0.000999
0.000999
0.000999
0.000999
0.000999
0.000999
0.000999
0.000998
0.000998
0.000998
0.000998
0.000998
0.000998
0.000998
0.000998
0.000998
0.000998
0.000998
0.000998
0.000998
0.000998
0.000998
0.000998
0.000997
0.000997
0.000997
0.000997
0.000997
0.000997
0.000997
0.000997
0.000997
0.000997
0.000997
0.000997
0.000997
0.000997
0.000997
0.000997
0.000997
0.000997
0.000997
0.000997
0.000997
0.000997
0.000997
0.000997
0.000997
0.000997
0.000997
0.000996
0.000996
0.000996
0.000996
0.000996
0.000996
0.000996
0.000996
0.000996
0.000996
0.000996
0.000996
0.000996
0.000995
0.000995
0.000995
0.000995
0.000995
0.000995
0.000995
0.000995
0.000995
0.000995
0.000995
0.000995
0.000995
0.000995
0.000994
0.000994
0.000994
0.000994
0.000994
0.000994
0.000994
0.000994
0.000994
0.000994
0.000994
0.000994
0.000994
0.000993
0.000977
0.000965
0.000961
0.000962
0.000962
0.000961
0.000962
0.000961
0.000961
0.000961
0.000961
0.000961
0.000961
0.000961
0.000961
0.000961
0.000961
0.000961
0.000961
0.000961
0.000961
0.000961
0.000961
0.000961
0.000961
0.000961
0.000961
0.000961
0.000961
0.000961
0.000961
0.000961
0.000961
0.000961
0.000961
0.000961
0.000961
0.000961
0.000961
0.000961
0.000961
0.000961
0.000961
0.000961
0.000961
0.000961
0.000961
0.000961
0.000961
0.000961
0.000961
0.000961
0.000961
0.000961
0.000961
0.000961
0.000961
0.000961
0.000961
0.000961
0.000961
0.000961
0.000961
0.000961
0.000961
0.000961
0.000961
0.000961
0.000961
0.000961
0.000961
0.000961
0.000961
0.000961
0.000961
0.000961
0.000961
0.000961
0.000961
0.000961
0.000961
0.000961
0.000961
0.000961
0.000961
0.000961
0.000960
0.000961
0.000961
0.000960
0.000961
0.000961
0.000960
0.000960
0.000960
0.000961
0.000960
0.000960
0.000960
0.000960
