0.326483
0.064246
0.030845
0.015737
0.008446
0.005314
0.004047
0.003371
0.003027
0.002790
0.002580
0.002412
0.002281
0.002190
0.002126
0.002070
0.002018
0.001973
0.001936
0.001901
0.001868
0.001837
0.001808
0.001774
0.001737
0.001700
0.001661
0.001622
0.001586
0.001555
0.001529
0.001507
0.001487
0.001469
0.001455
0.001439
0.001426
0.001412
0.001400
0.001388
0.001376
0.001366
0.001355
0.001345
0.001337
0.001330
0.001321
0.001311
0.001304
0.001297
0.001291
0.001283
0.001276
0.001271
0.001265
0.001260
0.001256
0.001249
0.001242
0.001237
0.001234
0.001230
0.001224
0.001215
0.001207
0.001200
0.001196
0.001191
0.001182
0.001175
0.001170
0.001163
0.001155
0.001147
0.001140
0.001135
0.001130
0.001124
0.001118
0.001112
0.001106
0.001100
0.001097
0.001094
0.001088
0.001082
0.001078
0.001075
0.001074
0.001073
0.001071
0.001070
0.001068
0.001065
0.001063
0.001061
0.001057
0.001055
0.001049
0.001046
0.000967
0.000974
0.000958
0.000959
0.000959
0.000956
0.000955
0.000954
0.000953
0.000953
0.000952
0.000952
0.000951
0.000951
0.000951
0.000951
0.000951
0.000951
0.000951
0.000951
0.000952
0.000953
0.000953
0.000954
0.000955
0.000955
0.000955
0.000956
0.000957
0.000957
0.000958
0.000959
0.000959
0.000959
0.000959
0.000960
0.000960
0.000959
0.000959
0.000959
0.000958
0.000958
0.000958
0.000958
0.000958
0.000958
0.000958
0.000958
0.000957
0.000957
0.000957
0.000958
0.000958
0.000958
0.000957
0.000958
0.000958
0.000958
0.000958
0.000958
0.000958
0.000958
0.000958
0.000959
0.000960
0.000960
0.000959
0.000959
0.000959
0.000958
0.000958
0.000957
0.000956
0.000955
0.000955
0.000954
0.000953
0.000953
0.000952
0.000951
0.000951
0.000950
0.000950
0.000949
0.000948
0.000947
0.000946
0.000945
0.000943
0.000942
0.000941
0.000939
0.000938
0.000937
0.000936
0.000936
0.000935
0.000934
0.000935
0.000934
0.000899
0.000892
0.000900
0.000904
0.000907
0.000908
0.000908
0.000907
0.000906
0.000905
0.000904
0.000903
0.000901
0.000900
0.000899
0.000899
0.000898
0.000897
0.000896
0.000895
0.000894
0.000893
0.000892
0.000891
0.000890
0.000889
0.000889
0.000888
0.000887
0.000887
0.000886
0.000886
0.000886
0.000885
0.000885
0.000884
0.000884
0.000883
0.000883
0.000883
0.000883
0.000882
0.000882
0.000882
0.000881
0.000881
0.000881
0.000881
0.000880
0.000880
0.000880
0.000880
0.000879
0.000879
0.000879
0.000879
0.000878
0.000878
0.000878
0.000877
0.000877
0.000877
0.000877
0.000877
0.000876
0.000876
0.000876
0.000875
0.000875
0.000875
0.000874
0.000874
0.000873
0.000873
0.000873
0.000873
0.000873
0.000873
0.000872
0.000872
0.000872
0.000872
0.000872
0.000871
0.000871
0.000871
0.000871
0.000870
0.000870
0.000870
0.000870
0.000870
0.000870
0.000869
0.000869
0.000869
0.000868
0.000868
0.000868
0.000868
0.000862
0.000873
0.000876
0.000875
0.000875
0.000876
0.000876
0.000876
0.000875
0.000875
0.000875
0.000874
0.000874
0.000874
0.000874
0.000874
0.000873
0.000873
0.000872
0.000872
0.000872
0.000872
0.000872
0.000871
0.000871
0.000871
0.000871
0.000871
0.000870
0.000870
0.000870
0.000870
0.000870
0.000870
0.000869
0.000869
0.000869
0.000869
0.000869
0.000868
0.000868
0.000868
0.000868
0.000868
0.000868
0.000868
0.000868
0.000868
0.000867
0.000867
0.000867
0.000867
0.000867
0.000867
0.000867
0.000867
0.000867
0.000866
0.000866
0.000866
0.000866
0.000866
0.000866
0.000866
0.000866
0.000866
0.000865
0.000865
0.000865
0.000865
0.000865
0.000865
0.000864
0.000864
0.000864
0.000864
0.000864
0.000864
0.000864
0.000863
0.000863
0.000863
0.000863
0.000863
0.000863
0.000863
0.000863
0.000863
0.000863
0.000863
0.000862
0.000862
0.000862
0.000862
0.000862
0.000862
0.000862
0.000862
0.000862
0.000862
0.000850
0.000833
0.000832
0.000832
0.000831
0.000832
0.000832
0.000832
0.000832
0.000832
0.000832
0.000831
0.000831
0.000831
0.000831
0.000831
0.000831
0.000831
0.000831
0.000831
0.000831
0.000831
0.000831
0.000831
0.000831
0.000831
0.000831
0.000831
0.000831
0.000831
0.000831
0.000831
0.000831
0.000831
0.000831
0.000831
0.000831
0.000831
0.000831
0.000831
0.000831
0.000831
0.000831
0.000831
0.000831
0.000831
0.000831
0.000831
0.000831
0.000831
0.000831
0.000831
0.000831
0.000831
0.000831
0.000831
0.000831
0.000831
0.000831
0.000831
0.000831
0.000831
0.000831
0.000831
0.000831
0.000831
0.000831
0.000831
0.000831
0.000831
0.000831
0.000831
0.000831
0.000831
0.000831
0.000831
0.000831
0.000831
0.000831
0.000831
0.000831
0.000831
0.000831
0.000831
0.000831
0.000831
0.000831
0.000831
0.000831
0.000831
0.000831
0.000831
0.000831
0.000831
0.000831
0.000831
0.000831
0.000831
0.000831
0.000831
