0.467928
0.284861
0.114205
0.055688
0.038720
0.026534
0.017582
0.011283
0.007104
0.004984
0.004136
0.003699
0.003372
0.003115
0.002915
0.002758
0.002637
0.002540
0.002457
0.002384
0.002319
0.002257
0.002197
0.002141
0.002090
0.002046
0.002008
0.001974
0.001942
0.001913
0.001886
0.001862
0.001841
0.001822
0.001805
0.001789
0.001772
0.001757
0.001743
0.001731
0.001715
0.001701
0.001688
0.001676
0.001667
0.001659
0.001650
0.001641
0.001632
0.001624
0.001617
0.001609
0.001602
0.001596
0.001592
0.001587
0.001582
0.001574
0.001567
0.001562
0.001556
0.001550
0.001543
0.001537
0.001532
0.001527
0.001522
0.001519
0.001517
0.001517
0.001521
0.001527
0.001533
0.001540
0.001539
0.001521
0.001482
0.001442
0.001417
0.001404
0.001397
0.001391
0.001386
0.001380
0.001373
0.001366
0.001358
0.001350
0.001343
0.001338
0.001332
0.001325
0.001319
0.001314
0.001309
0.001305
0.001301
0.001296
0.001291
0.001287
0.001224
0.001210
0.001200
0.001194
0.001193
0.001192
0.001191
0.001191
0.001190
0.001189
0.001188
0.001188
0.001187
0.001186
0.001185
0.001184
0.001183
0.001183
0.001182
0.001181
0.001181
0.001180
0.001179
0.001178
0.001177
0.001176
0.001175
0.001174
0.001173
0.001172
0.001171
0.001169
0.001168
0.001167
0.001166
0.001165
0.001164
0.001163
0.001161
0.001160
0.001158
0.001157
0.001155
0.001153
0.001152
0.001150
0.001149
0.001147
0.001145
0.001144
0.001142
0.001141
0.001140
0.001138
0.001137
0.001137
0.001136
0.001135
0.001134
0.001133
0.001132
0.001131
0.001130
0.001128
0.001127
0.001126
0.001124
0.001123
0.001122
0.001121
0.001120
0.001119
0.001118
0.001117
0.001115
0.001115
0.001114
0.001113
0.001112
0.001111
0.001110
0.001109
0.001108
0.001108
0.001107
0.001105
0.001105
0.001104
0.001103
0.001102
0.001102
0.001101
0.001101
0.001100
0.001099
0.001099
0.001099
0.001098
0.001098
0.001098
0.001065
0.001066
0.001076
0.001083
0.001083
0.001082
0.001079
0.001078
0.001077
0.001077
0.001076
0.001075
0.001074
0.001073
0.001072
0.001071
0.001071
0.001070
0.001069
0.001068
0.001067
0.001066
0.001065
0.001064
0.001063
0.001062
0.001061
0.001061
0.001060
0.001059
0.001058
0.001057
0.001056
0.001056
0.001055
0.001054
0.001054
0.001053
0.001052
0.001052
0.001051
0.001051
0.001050
0.001050
0.001049
0.001049
0.001048
0.001048
0.001047
0.001047
0.001046
0.001046
0.001046
0.001046
0.001045
0.001045
0.001045
0.001044
0.001044
0.001044
0.001043
0.001043
0.001043
0.001042
0.001042
0.001042
0.001041
0.001041
0.001040
0.001040
0.001040
0.001039
0.001039
0.001038
0.001037
0.001037
0.001036
0.001036
0.001035
0.001035
0.001034
0.001034
0.001033
0.001032
0.001032
0.001031
0.001030
0.001030
0.001029
0.001029
0.001028
0.001028
0.001027
0.001027
0.001026
0.001026
0.001026
0.001025
0.001025
0.001025
0.001024
0.001035
0.001028
0.001023
0.001023
0.001024
0.001023
0.001023
0.001023
0.001023
0.001023
0.001023
0.001023
0.001023
0.001023
0.001023
0.001022
0.001022
0.001022
0.001022
0.001022
0.001022
0.001022
0.001022
0.001022
0.001022
0.001022
0.001022
0.001022
0.001022
0.001022
0.001022
0.001022
0.001022
0.001022
0.001022
0.001022
0.001022
0.001022
0.001022
0.001022
0.001022
0.001022
0.001023
0.001023
0.001023
0.001023
0.001024
0.001024
0.001024
0.001025
0.001025
0.001026
0.001026
0.001027
0.001027
0.001028
0.001029
0.001031
0.001032
0.001033
0.001035
0.001037
0.001039
0.001041
0.001043
0.001045
0.001047
0.001048
0.001048
0.001047
0.001045
0.001042
0.001039
0.001035
0.001032
0.001029
0.001028
0.001026
0.001025
0.001024
0.001024
0.001023
0.001022
0.001022
0.001021
0.001021
0.001021
0.001020
0.001020
0.001020
0.001020
0.001019
0.001019
0.001019
0.001019
0.001018
0.001018
0.001018
0.001018
0.001003
0.000996
0.000992
0.000992
0.000992
0.000992
0.000992
0.000992
0.000992
0.000992
0.000991
0.000991
0.000991
0.000991
0.000991
0.000991
0.000991
0.000991
0.000991
0.000991
0.000991
0.000991
0.000991
0.000991
0.000991
0.000991
0.000990
0.000990
0.000990
0.000990
0.000990
0.000990
0.000990
0.000990
0.000990
0.000990
0.000990
0.000990
0.000990
0.000990
0.000990
0.000990
0.000990
0.000990
0.000990
0.000990
0.000990
0.000989
0.000989
0.000989
0.000989
0.000989
0.000989
0.000989
0.000989
0.000989
0.000989
0.000989
0.000989
0.000989
0.000989
0.000989
0.000989
0.000989
0.000989
0.000989
0.000989
0.000989
0.000989
0.000989
0.000989
0.000989
0.000989
0.000989
0.000989
0.000988
0.000988
0.000988
0.000988
0.000988
0.000988
0.000988
0.000988
0.000988
0.000988
0.000988
0.000988
0.000988
0.000988
0.000988
0.000988
0.000988
0.000988
0.000988
0.000988
0.000988
0.000988
0.000988
0.000988
0.000988
