0.464925
0.280141
0.068247
0.037085
0.023098
0.015078
0.009486
0.006358
0.004783
0.004117
0.003825
0.003652
0.003507
0.003370
0.003244
0.003139
0.003048
0.002971
0.002898
0.002830
0.002769
0.002714
0.002665
0.002623
0.002585
0.002550
0.002517
0.002488
0.002459
0.002428
0.002397
0.002369
0.002342
0.002317
0.002294
0.002269
0.002247
0.002224
0.002202
0.002181
0.002161
0.002142
0.002123
0.002103
0.002085
0.002068
0.002052
0.002036
0.002019
0.002001
0.001984
0.001967
0.001953
0.001938
0.001923
0.001909
0.001896
0.001882
0.001869
0.001858
0.001846
0.001834
0.001822
0.001810
0.001799
0.001787
0.001774
0.001762
0.001752
0.001743
0.001736
0.001730
0.001724
0.001714
0.001704
0.001694
0.001684
0.001674
0.001663
0.001653
0.001644
0.001634
0.001625
0.001616
0.001606
0.001598
0.001589
0.001581
0.001572
0.001564
0.001557
0.001547
0.001542
0.001532
0.001523
0.001517
0.001510
0.001504
0.001497
0.001492
0.001439
0.001407
0.001434
0.001437
0.001441
0.001438
0.001434
0.001430
0.001426
0.001423
0.001420
0.001418
0.001415
0.001412
0.001410
0.001408
0.001406
0.001403
0.001401
0.001399
0.001397
0.001396
0.001394
0.001392
0.001391
0.001390
0.001389
0.001387
0.001387
0.001386
0.001386
0.001384
0.001383
0.001383
0.001382
0.001381
0.001380
0.001380
0.001379
0.001379
0.001378
0.001378
0.001377
0.001376
0.001376
0.001375
0.001374
0.001374
0.001373
0.001372
0.001372
0.001371
0.001370
0.001370
0.001369
0.001368
0.001367
0.001367
0.001366
0.001365
0.001365
0.001365
0.001364
0.001364
0.001363
0.001363
0.001362
0.001361
0.001360
0.001359
0.001358
0.001357
0.001356
0.001354
0.001353
0.001352
0.001350
0.001349
0.001348
0.001347
0.001346
0.001345
0.001344
0.001343
0.001342
0.001342
0.001341
0.001340
0.001339
0.001338
0.001337
0.001335
0.001334
0.001333
0.001333
0.001332
0.001331
0.001331
0.001329
0.001329
0.001314
0.001348
0.001367
0.001372
0.001371
0.001369
0.001366
0.001363
0.001362
0.001361
0.001361
0.001360
0.001360
0.001359
0.001357
0.001356
0.001355
0.001353
0.001351
0.001349
0.001347
0.001345
0.001343
0.001341
0.001339
0.001337
0.001336
0.001335
0.001334
0.001333
0.001332
0.001331
0.001330
0.001329
0.001328
0.001327
0.001326
0.001325
0.001325
0.001324
0.001324
0.001323
0.001322
0.001321
0.001319
0.001319
0.001318
0.001318
0.001317
0.001317
0.001316
0.001315
0.001315
0.001315
0.001314
0.001314
0.001313
0.001313
0.001313
0.001312
0.001312
0.001311
0.001310
0.001310
0.001310
0.001309
0.001309
0.001308
0.001308
0.001307
0.001307
0.001306
0.001306
0.001305
0.001305
0.001304
0.001304
0.001303
0.001303
0.001303
0.001302
0.001302
0.001302
0.001302
0.001301
0.001301
0.001300
0.001300
0.001299
0.001299
0.001298
0.001298
0.001298
0.001297
0.001297
0.001296
0.001296
0.001295
0.001295
0.001294
0.001254
0.001231
0.001225
0.001226
0.001226
0.001225
0.001225
0.001225
0.001225
0.001224
0.001224
0.001224
0.001224
0.001224
0.001223
0.001223
0.001223
0.001223
0.001223
0.001223
0.001222
0.001222
0.001222
0.001222
0.001222
0.001221
0.001221
0.001221
0.001221
0.001221
0.001221
0.001221
0.001220
0.001220
0.001220
0.001220
0.001220
0.001220
0.001220
0.001219
0.001219
0.001219
0.001219
0.001219
0.001219
0.001219
0.001219
0.001218
0.001218
0.001218
0.001218
0.001218
0.001218
0.001218
0.001218
0.001218
0.001217
0.001217
0.001217
0.001217
0.001217
0.001217
0.001217
0.001217
0.001217
0.001217
0.001217
0.001217
0.001216
0.001216
0.001216
0.001216
0.001216
0.001216
0.001216
0.001216
0.001216
0.001216
0.001216
0.001216
0.001216
0.001216
0.001216
0.001216
0.001216
0.001216
0.001216
0.001216
0.001216
0.001216
0.001216
0.001216
0.001216
0.001215
0.001215
0.001215
0.001215
0.001215
0.001215
0.001215
0.001204
0.001205
0.001204
0.001202
0.001202
0.001202
0.001202
0.001202
0.001202
0.001202
0.001201
0.001201
0.001201
0.001201
0.001201
0.001201
0.001201
0.001201
0.001200
0.001200
0.001200
0.001200
0.001200
0.001200
0.001200
0.001200
0.001199
0.001199
0.001199
0.001199
0.001199
0.001199
0.001199
0.001199
0.001198
0.001198
0.001198
0.001198
0.001198
0.001198
0.001198
0.001198
0.001198
0.001197
0.001197
0.001197
0.001197
0.001197
0.001197
0.001197
0.001197
0.001197
0.001197
0.001196
0.001196
0.001196
0.001196
0.001196
0.001196
0.001196
0.001196
0.001196
0.001195
0.001195
0.001195
0.001195
0.001195
0.001195
0.001195
0.001195
0.001195
0.001195
0.001195
0.001194
0.001194
0.001194
0.001194
0.001194
0.001194
0.001194
0.001194
0.001194
0.001193
0.001193
0.001193
0.001193
0.001193
0.001193
0.001193
0.001193
0.001193
0.001192
0.001192
0.001192
0.001192
0.001192
0.001192
0.001192
0.001192
0.001192
