0.480711
0.271850
0.088170
0.031962
0.017450
0.012977
0.010721
0.009561
0.008776
0.008068
0.007465
0.006920
0.006429
0.006002
0.005631
0.005325
0.005068
0.004845
0.004648
0.004470
0.004302
0.004147
0.004003
0.003866
0.003738
0.003621
0.003512
0.003409
0.003312
0.003215
0.003118
0.003023
0.002931
0.002840
0.002753
0.002669
0.002586
0.002498
0.002408
0.002319
0.002233
0.002155
0.002086
0.002023
0.001962
0.001907
0.001855
0.001810
0.001767
0.001728
0.001691
0.001657
0.001624
0.001592
0.001560
0.001527
0.001483
0.001415
0.001331
0.001262
0.001205
0.001157
0.001117
0.001087
0.001062
0.001041
0.001022
0.001005
0.000989
0.000975
0.000964
0.000953
0.000942
0.000933
0.000925
0.000917
0.000910
0.000902
0.000896
0.000891
0.000885
0.000880
0.000875
0.000871
0.000866
0.000862
0.000858
0.000854
0.000849
0.000846
0.000843
0.000840
0.000837
0.000834
0.000831
0.000828
0.000825
0.000823
0.000821
0.000818
0.000783
0.000784
0.000781
0.000779
0.000777
0.000775
0.000773
0.000771
0.000769
0.000766
0.000764
0.000761
0.000759
0.000756
0.000753
0.000750
0.000748
0.000745
0.000742
0.000739
0.000736
0.000734
0.000730
0.000728
0.000725
0.000722
0.000719
0.000716
0.000713
0.000710
0.000708
0.000705
0.000703
0.000700
0.000698
0.000695
0.000693
0.000690
0.000688
0.000686
0.000684
0.000682
0.000679
0.000677
0.000675
0.000673
0.000671
0.000669
0.000667
0.000665
0.000664
0.000662
0.000660
0.000658
0.000656
0.000654
0.000652
0.000651
0.000649
0.000648
0.000646
0.000645
0.000643
0.000642
0.000640
0.000638
0.000637
0.000636
0.000634
0.000633
0.000632
0.000631
0.000629
0.000628
0.000627
0.000625
0.000624
0.000623
0.000621
0.000620
0.000618
0.000617
0.000615
0.000614
0.000612
0.000611
0.000610
0.000609
0.000607
0.000606
0.000605
0.000604
0.000602
0.000601
0.000600
0.000599
0.000597
0.000596
0.000595
0.000594
0.000587
0.000593
0.000594
0.000593
0.000592
0.000592
0.000592
0.000591
0.000591
0.000590
0.000590
0.000589
0.000589
0.000589
0.000588
0.000588
0.000587
0.000587
0.000586
0.000585
0.000585
0.000585
0.000584
0.000584
0.000583
0.000583
0.000582
0.000582
0.000582
0.000581
0.000581
0.000580
0.000580
0.000579
0.000579
0.000578
0.000578
0.000577
0.000576
0.000576
0.000576
0.000575
0.000575
0.000574
0.000573
0.000573
0.000572
0.000571
0.000571
0.000570
0.000570
0.000569
0.000568
0.000568
0.000567
0.000567
0.000566
0.000565
0.000565
0.000564
0.000563
0.000563
0.000562
0.000562
0.000561
0.000560
0.000560
0.000559
0.000558
0.000557
0.000556
0.000556
0.000555
0.000555
0.000554
0.000553
0.000552
0.000552
0.000551
0.000550
0.000550
0.000549
0.000549
0.000548
0.000547
0.000547
0.000546
0.000546
0.000545
0.000545
0.000544
0.000544
0.000543
0.000543
0.000542
0.000542
0.000541
0.000541
0.000540
0.000540
0.000535
0.000540
0.000540
0.000540
0.000540
0.000540
0.000540
0.000540
0.000539
0.000539
0.000539
0.000539
0.000539
0.000539
0.000539
0.000539
0.000538
0.000538
0.000538
0.000538
0.000538
0.000538
0.000538
0.000538
0.000537
0.000537
0.000537
0.000537
0.000537
0.000537
0.000537
0.000536
0.000536
0.000536
0.000536
0.000536
0.000535
0.000535
0.000535
0.000535
0.000535
0.000535
0.000535
0.000535
0.000534
0.000534
0.000534
0.000534
0.000534
0.000534
0.000533
0.000533
0.000533
0.000533
0.000533
0.000533
0.000532
0.000532
0.000532
0.000532
0.000532
0.000532
0.000531
0.000531
0.000531
0.000531
0.000531
0.000530
0.000530
0.000530
0.000530
0.000530
0.000530
0.000529
0.000529
0.000529
0.000529
0.000529
0.000529
0.000528
0.000528
0.000528
0.000528
0.000528
0.000528
0.000528
0.000527
0.000527
0.000527
0.000527
0.000527
0.000527
0.000527
0.000527
0.000526
0.000526
0.000526
0.000526
0.000526
0.000526
0.000522
0.000515
0.000513
0.000513
0.000513
0.000513
0.000513
0.000513
0.000513
0.000513
0.000513
0.000513
0.000513
0.000513
0.000512
0.000512
0.000512
0.000512
0.000512
0.000512
0.000512
0.000512
0.000512
0.000512
0.000512
0.000512
0.000512
0.000512
0.000512
0.000512
0.000512
0.000512
0.000512
0.000511
0.000511
0.000511
0.000511
0.000511
0.000511
0.000511
0.000511
0.000511
0.000511
0.000511
0.000511
0.000511
0.000511
0.000511
0.000511
0.000511
0.000511
0.000511
0.000511
0.000510
0.000510
0.000510
0.000510
0.000510
0.000510
0.000510
0.000510
0.000510
0.000510
0.000510
0.000510
0.000510
0.000510
0.000510
0.000510
0.000510
0.000510
0.000510
0.000510
0.000509
0.000509
0.000509
0.000509
0.000509
0.000509
0.000509
0.000509
0.000509
0.000509
0.000509
0.000509
0.000509
0.000509
0.000509
0.000509
0.000509
0.000509
0.000509
0.000509
0.000509
0.000508
0.000508
0.000508
0.000508
0.000508
0.000508
