0.479195
0.228957
0.064412
0.035802
0.022484
0.014058
0.008968
0.006157
0.004650
0.003759
0.003124
0.002709
0.002409
0.002193
0.002041
0.001927
0.001844
0.001778
0.001723
0.001677
0.001637
0.001603
0.001573
0.001547
0.001523
0.001501
0.001481
0.001461
0.001439
0.001420
0.001401
0.001382
0.001365
0.001349
0.001335
0.001324
0.001313
0.001302
0.001291
0.001280
0.001269
0.001260
0.001252
0.001243
0.001235
0.001226
0.001217
0.001209
0.001199
0.001188
0.001179
0.001170
0.001161
0.001152
0.001143
0.001135
0.001126
0.001118
0.001111
0.001104
0.001098
0.001092
0.001086
0.001078
0.001073
0.001066
0.001059
0.001052
0.001045
0.001039
0.001033
0.001026
0.001020
0.001015
0.001010
0.001006
0.001000
0.000994
0.000988
0.000984
0.000980
0.000976
0.000971
0.000966
0.000961
0.000957
0.000950
0.000946
0.000941
0.000936
0.000931
0.000928
0.000924
0.000921
0.000917
0.000915
0.000913
0.000912
0.000910
0.000908
0.000887
0.000887
0.000884
0.000881
0.000878
0.000877
0.000877
0.000876
0.000875
0.000875
0.000874
0.000874
0.000873
0.000873
0.000872
0.000872
0.000872
0.000871
0.000871
0.000871
0.000871
0.000870
0.000870
0.000870
0.000870
0.000870
0.000870
0.000870
0.000870
0.000870
0.000870
0.000870
0.000870
0.000870
0.000870
0.000870
0.000870
0.000870
0.000870
0.000870
0.000870
0.000870
0.000870
0.000870
0.000871
0.000871
0.000871
0.000871
0.000870
0.000871
0.000871
0.000871
0.000871
0.000871
0.000871
0.000871
0.000871
0.000871
0.000871
0.000871
0.000871
0.000871
0.000871
0.000871
0.000871
0.000871
0.000871
0.000871
0.000871
0.000871
0.000871
0.000871
0.000871
0.000871
0.000871
0.000871
0.000871
0.000870
0.000870
0.000870
0.000870
0.000870
0.000870
0.000870
0.000870
0.000869
0.000869
0.000869
0.000869
0.000869
0.000868
0.000869
0.000869
0.000868
0.000868
0.000868
0.000868
0.000868
0.000868
0.000868
0.000846
0.000854
0.000862
0.000862
0.000861
0.000861
0.000861
0.000861
0.000860
0.000860
0.000860
0.000860
0.000860
0.000860
0.000859
0.000859
0.000859
0.000859
0.000859
0.000859
0.000859
0.000858
0.000858
0.000858
0.000858
0.000858
0.000857
0.000857
0.000857
0.000857
0.000857
0.000856
0.000856
0.000856
0.000856
0.000855
0.000855
0.000855
0.000855
0.000854
0.000854
0.000854
0.000853
0.000853
0.000853
0.000852
0.000852
0.000852
0.000851
0.000851
0.000851
0.000850
0.000850
0.000850
0.000849
0.000849
0.000849
0.000848
0.000848
0.000847
0.000847
0.000847
0.000846
0.000846
0.000846
0.000845
0.000845
0.000845
0.000844
0.000844
0.000844
0.000843
0.000843
0.000843
0.000842
0.000842
0.000841
0.000841
0.000841
0.000840
0.000840
0.000840
0.000839
0.000839
0.000839
0.000838
0.000838
0.000838
0.000838
0.000837
0.000837
0.000837
0.000837
0.000836
0.000836
0.000836
0.000835
0.000835
0.000835
0.000835
0.000842
0.000845
0.000833
0.000834
0.000833
0.000833
0.000833
0.000833
0.000833
0.000833
0.000833
0.000833
0.000833
0.000833
0.000834
0.000834
0.000834
0.000834
0.000834
0.000834
0.000834
0.000834
0.000834
0.000834
0.000834
0.000834
0.000834
0.000834
0.000834
0.000834
0.000834
0.000835
0.000835
0.000835
0.000835
0.000835
0.000835
0.000835
0.000835
0.000835
0.000835
0.000835
0.000835
0.000835
0.000835
0.000835
0.000835
0.000835
0.000835
0.000835
0.000835
0.000835
0.000835
0.000835
0.000835
0.000835
0.000835
0.000835
0.000835
0.000836
0.000835
0.000836
0.000835
0.000836
0.000835
0.000836
0.000835
0.000836
0.000835
0.000835
0.000835
0.000835
0.000835
0.000835
0.000835
0.000835
0.000835
0.000835
0.000835
0.000835
0.000835
0.000835
0.000835
0.000835
0.000835
0.000835
0.000835
0.000835
0.000835
0.000835
0.000835
0.000835
0.000835
0.000835
0.000835
0.000835
0.000835
0.000835
0.000835
0.000835
0.000825
0.000820
0.000819
0.000819
0.000820
0.000819
0.000819
0.000819
0.000819
0.000819
0.000819
0.000819
0.000819
0.000819
0.000819
0.000819
0.000819
0.000819
0.000819
0.000819
0.000819
0.000819
0.000819
0.000819
0.000819
0.000819
0.000819
0.000819
0.000819
0.000819
0.000819
0.000819
0.000819
0.000819
0.000819
0.000819
0.000819
0.000819
0.000819
0.000819
0.000819
0.000819
0.000819
0.000819
0.000819
0.000819
0.000819
0.000819
0.000819
0.000819
0.000819
0.000819
0.000819
0.000819
0.000819
0.000819
0.000819
0.000819
0.000819
0.000819
0.000819
0.000819
0.000819
0.000819
0.000819
0.000819
0.000818
0.000818
0.000818
0.000818
0.000818
0.000818
0.000818
0.000818
0.000818
0.000818
0.000818
0.000818
0.000818
0.000818
0.000818
0.000818
0.000818
0.000818
0.000818
0.000818
0.000818
0.000818
0.000818
0.000818
0.000818
0.000818
0.000818
0.000818
0.000818
0.000818
0.000818
0.000818
0.000818
0.000818
