0.452622
0.231008
0.065992
0.044562
0.031533
0.021860
0.013912
0.008631
0.005594
0.004310
0.003840
0.003598
0.003380
0.003213
0.003047
0.002885
0.002737
0.002604
0.002488
0.002390
0.002305
0.002234
0.002172
0.002118
0.002066
0.002020
0.001977
0.001938
0.001907
0.001878
0.001851
0.001826
0.001805
0.001786
0.001766
0.001748
0.001731
0.001715
0.001698
0.001684
0.001669
0.001654
0.001638
0.001623
0.001608
0.001595
0.001583
0.001571
0.001559
0.001547
0.001533
0.001518
0.001503
0.001488
0.001474
0.001462
0.001447
0.001432
0.001418
0.001408
0.001399
0.001387
0.001379
0.001374
0.001367
0.001359
0.001353
0.001349
0.001344
0.001339
0.001334
0.001329
0.001323
0.001319
0.001313
0.001307
0.001301
0.001294
0.001288
0.001280
0.001272
0.001265
0.001260
0.001255
0.001248
0.001244
0.001240
0.001232
0.001227
0.001220
0.001215
0.001209
0.001203
0.001199
0.001197
0.001196
0.001190
0.001182
0.001170
0.001159
0.001110
0.001109
0.001104
0.001097
0.001094
0.001093
0.001092
0.001091
0.001089
0.001089
0.001088
0.001086
0.001085
0.001084
0.001083
0.001081
0.001081
0.001080
0.001079
0.001077
0.001076
0.001076
0.001074
0.001073
0.001072
0.001070
0.001069
0.001068
0.001067
0.001065
0.001064
0.001063
0.001062
0.001060
0.001059
0.001058
0.001057
0.001055
0.001054
0.001052
0.001052
0.001050
0.001050
0.001048
0.001046
0.001045
0.001044
0.001043
0.001042
0.001041
0.001039
0.001038
0.001036
0.001035
0.001034
0.001033
0.001031
0.001030
0.001029
0.001029
0.001027
0.001025
0.001023
0.001022
0.001021
0.001020
0.001019
0.001019
0.001018
0.001017
0.001016
0.001014
0.001012
0.001011
0.001010
0.001008
0.001007
0.001005
0.001004
0.001003
0.001002
0.001001
0.001000
0.000999
0.000998
0.000997
0.000996
0.000995
0.000994
0.000992
0.000992
0.000991
0.000991
0.000990
0.000989
0.000987
0.000985
0.000983
0.000982
0.000980
0.000948
0.000958
0.000956
0.000960
0.000961
0.000960
0.000960
0.000959
0.000958
0.000957
0.000956
0.000955
0.000954
0.000954
0.000953
0.000952
0.000951
0.000950
0.000949
0.000948
0.000947
0.000946
0.000945
0.000944
0.000943
0.000942
0.000942
0.000941
0.000940
0.000939
0.000939
0.000938
0.000937
0.000936
0.000935
0.000934
0.000933
0.000932
0.000932
0.000931
0.000930
0.000929
0.000928
0.000927
0.000926
0.000925
0.000924
0.000923
0.000922
0.000920
0.000919
0.000918
0.000917
0.000917
0.000916
0.000915
0.000914
0.000913
0.000912
0.000912
0.000911
0.000910
0.000909
0.000908
0.000908
0.000907
0.000906
0.000905
0.000904
0.000903
0.000902
0.000902
0.000901
0.000900
0.000899
0.000899
0.000898
0.000897
0.000896
0.000896
0.000895
0.000895
0.000894
0.000893
0.000893
0.000893
0.000892
0.000892
0.000891
0.000891
0.000890
0.000890
0.000889
0.000889
0.000889
0.000888
0.000888
0.000888
0.000888
0.000887
0.000888
0.000890
0.000895
0.000901
0.000902
0.000902
0.000901
0.000899
0.000897
0.000895
0.000892
0.000890
0.000889
0.000887
0.000886
0.000885
0.000885
0.000885
0.000884
0.000884
0.000883
0.000883
0.000882
0.000882
0.000882
0.000882
0.000881
0.000881
0.000881
0.000881
0.000880
0.000880
0.000880
0.000880
0.000880
0.000880
0.000880
0.000880
0.000880
0.000879
0.000879
0.000879
0.000879
0.000879
0.000879
0.000878
0.000878
0.000878
0.000878
0.000878
0.000878
0.000878
0.000878
0.000878
0.000878
0.000878
0.000878
0.000877
0.000877
0.000877
0.000877
0.000877
0.000877
0.000877
0.000877
0.000877
0.000877
0.000876
0.000876
0.000876
0.000876
0.000876
0.000876
0.000876
0.000876
0.000876
0.000875
0.000875
0.000875
0.000875
0.000875
0.000875
0.000875
0.000875
0.000875
0.000875
0.000874
0.000874
0.000874
0.000874
0.000874
0.000874
0.000874
0.000874
0.000874
0.000874
0.000874
0.000873
0.000873
0.000873
0.000859
0.000855
0.000851
0.000851
0.000851
0.000851
0.000851
0.000851
0.000851
0.000851
0.000850
0.000850
0.000850
0.000850
0.000850
0.000850
0.000850
0.000850
0.000850
0.000850
0.000850
0.000850
0.000850
0.000850
0.000850
0.000850
0.000850
0.000850
0.000850
0.000850
0.000850
0.000850
0.000850
0.000850
0.000850
0.000850
0.000849
0.000849
0.000849
0.000849
0.000849
0.000849
0.000849
0.000849
0.000849
0.000849
0.000849
0.000849
0.000849
0.000849
0.000849
0.000849
0.000849
0.000849
0.000849
0.000849
0.000849
0.000849
0.000849
0.000849
0.000849
0.000849
0.000849
0.000849
0.000849
0.000849
0.000849
0.000849
0.000849
0.000849
0.000849
0.000849
0.000849
0.000849
0.000849
0.000849
0.000849
0.000849
0.000849
0.000849
0.000849
0.000849
0.000849
0.000849
0.000849
0.000849
0.000849
0.000849
0.000849
0.000849
0.000849
0.000849
0.000849
0.000849
0.000849
0.000849
0.000849
0.000849
0.000849
0.000849
