0.425177
0.166604
0.058330
0.033180
0.018530
0.010249
0.007297
0.006437
0.006013
0.005663
0.005396
0.005199
0.005028
0.004869
0.004726
0.004592
0.004467
0.004348
0.004234
0.004123
0.004012
0.003906
0.003800
0.003700
0.003600
0.003499
0.003398
0.003298
0.003199
0.003103
0.003011
0.002919
0.002835
0.002752
0.002670
0.002596
0.002523
0.002452
0.002383
0.002318
0.002253
0.002194
0.002138
0.002086
0.002039
0.001993
0.001951
0.001912
0.001877
0.001844
0.001815
0.001786
0.001762
0.001735
0.001717
0.001692
0.001657
0.001646
0.001630
0.001610
0.001592
0.001576
0.001560
0.001544
0.001528
0.001516
0.001505
0.001495
0.001484
0.001475
0.001465
0.001455
0.001444
0.001434
0.001425
0.001416
0.001408
0.001401
0.001393
0.001386
0.001380
0.001374
0.001368
0.001362
0.001354
0.001348
0.001345
0.001341
0.001337
0.001333
0.001330
0.001326
0.001320
0.001316
0.001311
0.001306
0.001302
0.001297
0.001294
0.001290
0.001228
0.001218
0.001217
0.001212
0.001211
0.001211
0.001210
0.001210
0.001210
0.001210
0.001209
0.001209
0.001210
0.001210
0.001210
0.001210
0.001209
0.001209
0.001210
0.001209
0.001209
0.001210
0.001210
0.001209
0.001209
0.001209
0.001209
0.001209
0.001207
0.001207
0.001206
0.001205
0.001205
0.001204
0.001204
0.001203
0.001203
0.001202
0.001201
0.001199
0.001198
0.001197
0.001196
0.001196
0.001194
0.001192
0.001191
0.001190
0.001188
0.001186
0.001184
0.001182
0.001181
0.001179
0.001176
0.001175
0.001173
0.001171
0.001169
0.001167
0.001165
0.001162
0.001159
0.001156
0.001153
0.001151
0.001148
0.001146
0.001144
0.001142
0.001140
0.001138
0.001137
0.001135
0.001134
0.001131
0.001130
0.001130
0.001128
0.001127
0.001125
0.001124
0.001122
0.001121
0.001119
0.001119
0.001117
0.001115
0.001113
0.001113
0.001112
0.001111
0.001109
0.001108
0.001107
0.001106
0.001104
0.001102
0.001100
0.001099
0.001045
0.001050
0.001062
0.001067
0.001068
0.001067
0.001066
0.001064
0.001063
0.001062
0.001061
0.001059
0.001058
0.001057
0.001055
0.001054
0.001053
0.001051
0.001050
0.001049
0.001048
0.001046
0.001045
0.001044
0.001043
0.001042
0.001040
0.001039
0.001037
0.001036
0.001035
0.001033
0.001032
0.001030
0.001029
0.001028
0.001026
0.001025
0.001024
0.001022
0.001021
0.001019
0.001018
0.001017
0.001015
0.001014
0.001012
0.001011
0.001010
0.001008
0.001007
0.001006
0.001005
0.001004
0.001002
0.001001
0.001000
0.000999
0.000998
0.000997
0.000996
0.000995
0.000993
0.000992
0.000991
0.000990
0.000989
0.000988
0.000987
0.000986
0.000985
0.000984
0.000984
0.000983
0.000982
0.000981
0.000980
0.000979
0.000978
0.000978
0.000977
0.000976
0.000975
0.000974
0.000974
0.000973
0.000972
0.000972
0.000971
0.000970
0.000970
0.000969
0.000969
0.000968
0.000968
0.000967
0.000966
0.000966
0.000965
0.000964
0.000964
0.000977
0.000977
0.000975
0.000972
0.000970
0.000970
0.000969
0.000969
0.000968
0.000968
0.000968
0.000967
0.000967
0.000966
0.000966
0.000966
0.000965
0.000965
0.000965
0.000964
0.000964
0.000964
0.000963
0.000963
0.000963
0.000962
0.000962
0.000962
0.000962
0.000961
0.000961
0.000961
0.000960
0.000960
0.000960
0.000959
0.000959
0.000959
0.000958
0.000958
0.000958
0.000957
0.000957
0.000957
0.000957
0.000956
0.000956
0.000956
0.000956
0.000955
0.000955
0.000955
0.000954
0.000954
0.000954
0.000954
0.000953
0.000953
0.000953
0.000952
0.000952
0.000952
0.000952
0.000952
0.000951
0.000951
0.000951
0.000950
0.000950
0.000950
0.000950
0.000950
0.000949
0.000949
0.000949
0.000948
0.000948
0.000948
0.000948
0.000947
0.000947
0.000947
0.000947
0.000946
0.000946
0.000946
0.000945
0.000945
0.000945
0.000945
0.000944
0.000944
0.000944
0.000943
0.000943
0.000943
0.000943
0.000942
0.000942
0.000928
0.000923
0.000920
0.000920
0.000919
0.000919
0.000919
0.000919
0.000918
0.000918
0.000918
0.000918
0.000918
0.000918
0.000917
0.000917
0.000917
0.000917
0.000917
0.000916
0.000916
0.000916
0.000916
0.000916
0.000916
0.000915
0.000915
0.000915
0.000915
0.000915
0.000915
0.000914
0.000914
0.000914
0.000914
0.000914
0.000914
0.000913
0.000913
0.000913
0.000913
0.000913
0.000913
0.000913
0.000913
0.000912
0.000912
0.000912
0.000912
0.000912
0.000912
0.000912
0.000912
0.000912
0.000911
0.000911
0.000911
0.000911
0.000911
0.000911
0.000911
0.000911
0.000911
0.000910
0.000910
0.000910
0.000910
0.000910
0.000910
0.000910
0.000910
0.000910
0.000909
0.000909
0.000909
0.000909
0.000909
0.000909
0.000909
0.000909
0.000909
0.000908
0.000908
0.000908
0.000908
0.000908
0.000908
0.000908
0.000908
0.000908
0.000908
0.000907
0.000907
0.000907
0.000907
0.000907
0.000907
0.000907
0.000907
0.000907
