0.414921
0.119839
0.028095
0.011230
0.007765
0.006242
0.005448
0.004859
0.004389
0.003947
0.003512
0.003070
0.002692
0.002301
0.002001
0.001825
0.001706
0.001606
0.001520
0.001447
0.001380
0.001320
0.001262
0.001203
0.001155
0.001114
0.001078
0.001045
0.001018
0.000995
0.000975
0.000956
0.000935
0.000917
0.000901
0.000884
0.000869
0.000854
0.000840
0.000824
0.000808
0.000791
0.000773
0.000757
0.000744
0.000733
0.000725
0.000719
0.000714
0.000709
0.000706
0.000704
0.000702
0.000701
0.000700
0.000698
0.000696
0.000694
0.000693
0.000690
0.000687
0.000684
0.000680
0.000677
0.000677
0.000673
0.000669
0.000667
0.000665
0.000661
0.000657
0.000654
0.000651
0.000649
0.000645
0.000642
0.000640
0.000637
0.000636
0.000633
0.000630
0.000627
0.000626
0.000624
0.000623
0.000622
0.000620
0.000617
0.000614
0.000612
0.000609
0.000607
0.000605
0.000604
0.000602
0.000600
0.000598
0.000597
0.000595
0.000593
0.000526
0.000513
0.000516
0.000519
0.000520
0.000519
0.000517
0.000515
0.000512
0.000510
0.000507
0.000505
0.000503
0.000501
0.000499
0.000497
0.000495
0.000493
0.000492
0.000491
0.000490
0.000489
0.000488
0.000487
0.000487
0.000486
0.000485
0.000485
0.000484
0.000484
0.000484
0.000483
0.000483
0.000482
0.000482
0.000481
0.000480
0.000480
0.000480
0.000479
0.000478
0.000478
0.000477
0.000477
0.000476
0.000476
0.000475
0.000475
0.000475
0.000475
0.000474
0.000474
0.000474
0.000475
0.000475
0.000475
0.000475
0.000475
0.000475
0.000475
0.000475
0.000475
0.000475
0.000475
0.000474
0.000474
0.000473
0.000473
0.000473
0.000473
0.000473
0.000472
0.000472
0.000472
0.000471
0.000471
0.000470
0.000470
0.000469
0.000468
0.000468
0.000467
0.000467
0.000466
0.000466
0.000466
0.000465
0.000465
0.000464
0.000463
0.000463
0.000463
0.000462
0.000462
0.000462
0.000461
0.000460
0.000460
0.000460
0.000460
0.000435
0.000432
0.000423
0.000424
0.000423
0.000423
0.000422
0.000422
0.000422
0.000422
0.000422
0.000422
0.000421
0.000421
0.000421
0.000421
0.000421
0.000421
0.000421
0.000421
0.000421
0.000421
0.000421
0.000421
0.000421
0.000422
0.000422
0.000422
0.000422
0.000422
0.000422
0.000422
0.000423
0.000423
0.000423
0.000423
0.000423
0.000424
0.000424
0.000424
0.000424
0.000424
0.000424
0.000424
0.000424
0.000424
0.000424
0.000424
0.000424
0.000424
0.000424
0.000424
0.000423
0.000423
0.000423
0.000423
0.000423
0.000423
0.000422
0.000422
0.000422
0.000422
0.000422
0.000422
0.000421
0.000421
0.000421
0.000421
0.000420
0.000420
0.000420
0.000420
0.000420
0.000420
0.000419
0.000419
0.000419
0.000419
0.000419
0.000418
0.000418
0.000418
0.000418
0.000417
0.000417
0.000417
0.000417
0.000416
0.000416
0.000416
0.000416
0.000416
0.000415
0.000415
0.000415
0.000415
0.000415
0.000414
0.000414
0.000414
0.000401
0.000396
0.000395
0.000395
0.000394
0.000394
0.000394
0.000394
0.000393
0.000393
0.000393
0.000393
0.000393
0.000392
0.000392
0.000392
0.000392
0.000392
0.000392
0.000392
0.000391
0.000391
0.000391
0.000391
0.000391
0.000391
0.000390
0.000390
0.000390
0.000390
0.000390
0.000390
0.000390
0.000390
0.000389
0.000389
0.000389
0.000389
0.000389
0.000389
0.000389
0.000389
0.000388
0.000388
0.000388
0.000388
0.000388
0.000388
0.000388
0.000388
0.000388
0.000388
0.000387
0.000387
0.000387
0.000387
0.000387
0.000387
0.000387
0.000387
0.000387
0.000387
0.000387
0.000386
0.000386
0.000386
0.000386
0.000386
0.000386
0.000386
0.000386
0.000386
0.000386
0.000386
0.000385
0.000385
0.000385
0.000385
0.000385
0.000385
0.000385
0.000385
0.000385
0.000385
0.000385
0.000385
0.000385
0.000385
0.000385
0.000385
0.000385
0.000385
0.000384
0.000384
0.000384
0.000384
0.000384
0.000384
0.000384
0.000384
0.000380
0.000381
0.000382
0.000382
0.000382
0.000382
0.000382
0.000382
0.000382
0.000382
0.000382
0.000381
0.000381
0.000381
0.000381
0.000381
0.000381
0.000381
0.000381
0.000381
0.000381
0.000381
0.000381
0.000381
0.000380
0.000380
0.000380
0.000380
0.000380
0.000380
0.000380
0.000380
0.000380
0.000380
0.000379
0.000379
0.000379
0.000379
0.000379
0.000379
0.000379
0.000379
0.000379
0.000379
0.000379
0.000379
0.000378
0.000378
0.000378
0.000378
0.000378
0.000378
0.000378
0.000378
0.000378
0.000378
0.000378
0.000378
0.000378
0.000377
0.000377
0.000377
0.000377
0.000377
0.000377
0.000377
0.000377
0.000377
0.000377
0.000377
0.000377
0.000377
0.000376
0.000376
0.000376
0.000376
0.000376
0.000376
0.000376
0.000376
0.000376
0.000376
0.000376
0.000376
0.000376
0.000375
0.000375
0.000375
0.000375
0.000375
0.000375
0.000375
0.000375
0.000375
0.000375
0.000375
0.000375
0.000375
0.000375
0.000375
