0.524831
0.439557
0.337425
0.211984
0.069982
0.019873
0.009254
0.007521
0.006908
0.006425
0.006034
0.005665
0.005282
0.004930
0.004614
0.004321
0.004056
0.003814
0.003592
0.003381
0.003193
0.003029
0.002886
0.002763
0.002657
0.002563
0.002476
0.002397
0.002327
0.002265
0.002207
0.002155
0.002106
0.002060
0.002017
0.001979
0.001943
0.001912
0.001883
0.001856
0.001831
0.001807
0.001785
0.001764
0.001743
0.001724
0.001704
0.001686
0.001669
0.001651
0.001635
0.001619
0.001602
0.001587
0.001571
0.001557
0.001542
0.001527
0.001512
0.001499
0.001485
0.001472
0.001458
0.001445
0.001432
0.001419
0.001406
0.001395
0.001383
0.001371
0.001359
0.001348
0.001339
0.001328
0.001316
0.001304
0.001294
0.001285
0.001274
0.001264
0.001255
0.001245
0.001235
0.001227
0.001217
0.001209
0.001200
0.001192
0.001184
0.001176
0.001169
0.001161
0.001153
0.001146
0.001140
0.001133
0.001126
0.001120
0.001114
0.001109
0.001087
0.001092
0.001095
0.001094
0.001092
0.001089
0.001086
0.001084
0.001081
0.001078
0.001075
0.001072
0.001069
0.001066
0.001063
0.001060
0.001057
0.001053
0.001050
0.001047
0.001044
0.001040
0.001037
0.001033
0.001029
0.001025
0.001022
0.001018
0.001014
0.001011
0.001007
0.001004
0.001000
0.000997
0.000994
0.000991
0.000987
0.000984
0.000981
0.000979
0.000976
0.000972
0.000969
0.000966
0.000963
0.000961
0.000958
0.000955
0.000952
0.000949
0.000946
0.000943
0.000940
0.000938
0.000935
0.000932
0.000930
0.000927
0.000925
0.000922
0.000920
0.000917
0.000914
0.000911
0.000909
0.000906
0.000903
0.000900
0.000897
0.000895
0.000892
0.000890
0.000887
0.000884
0.000882
0.000879
0.000877
0.000875
0.000872
0.000870
0.000868
0.000865
0.000863
0.000861
0.000859
0.000857
0.000854
0.000852
0.000850
0.000848
0.000846
0.000844
0.000842
0.000840
0.000838
0.000836
0.000835
0.000833
0.000831
0.000829
0.000815
0.000818
0.000819
0.000818
0.000817
0.000816
0.000815
0.000814
0.000813
0.000812
0.000811
0.000810
0.000810
0.000809
0.000808
0.000807
0.000806
0.000805
0.000804
0.000804
0.000803
0.000802
0.000801
0.000800
0.000800
0.000799
0.000798
0.000797
0.000796
0.000795
0.000794
0.000793
0.000792
0.000791
0.000790
0.000790
0.000789
0.000788
0.000787
0.000786
0.000785
0.000785
0.000784
0.000783
0.000782
0.000781
0.000780
0.000779
0.000778
0.000777
0.000776
0.000775
0.000774
0.000773
0.000771
0.000770
0.000769
0.000768
0.000767
0.000766
0.000765
0.000764
0.000763
0.000762
0.000761
0.000760
0.000759
0.000758
0.000757
0.000756
0.000755
0.000754
0.000753
0.000752
0.000751
0.000750
0.000750
0.000749
0.000748
0.000747
0.000746
0.000745
0.000744
0.000743
0.000742
0.000741
0.000740
0.000739
0.000738
0.000737
0.000736
0.000736
0.000735
0.000734
0.000733
0.000732
0.000731
0.000730
0.000729
0.000729
0.000723
0.000724
0.000721
0.000722
0.000721
0.000721
0.000721
0.000720
0.000720
0.000719
0.000719
0.000719
0.000718
0.000718
0.000717
0.000717
0.000717
0.000716
0.000716
0.000715
0.000715
0.000715
0.000714
0.000714
0.000714
0.000713
0.000713
0.000712
0.000712
0.000712
0.000711
0.000711
0.000711
0.000710
0.000710
0.000710
0.000709
0.000709
0.000709
0.000708
0.000708
0.000707
0.000707
0.000707
0.000706
0.000706
0.000706
0.000705
0.000705
0.000704
0.000704
0.000704
0.000703
0.000703
0.000703
0.000702
0.000702
0.000702
0.000701
0.000701
0.000700
0.000700
0.000700
0.000699
0.000699
0.000698
0.000698
0.000697
0.000697
0.000697
0.000696
0.000696
0.000695
0.000695
0.000695
0.000694
0.000694
0.000693
0.000693
0.000693
0.000692
0.000692
0.000692
0.000691
0.000691
0.000691
0.000690
0.000690
0.000689
0.000689
0.000688
0.000688
0.000688
0.000687
0.000687
0.000686
0.000686
0.000686
0.000685
0.000685
0.000680
0.000679
0.000677
0.000677
0.000677
0.000677
0.000676
0.000676
0.000676
0.000676
0.000675
0.000675
0.000675
0.000675
0.000675
0.000675
0.000674
0.000674
0.000674
0.000674
0.000674
0.000673
0.000673
0.000673
0.000673
0.000673
0.000672
0.000672
0.000672
0.000672
0.000672
0.000671
0.000671
0.000671
0.000671
0.000671
0.000670
0.000670
0.000670
0.000670
0.000670
0.000669
0.000669
0.000669
0.000669
0.000669
0.000669
0.000668
0.000668
0.000668
0.000668
0.000668
0.000667
0.000667
0.000667
0.000667
0.000667
0.000666
0.000666
0.000666
0.000666
0.000666
0.000665
0.000665
0.000665
0.000665
0.000664
0.000664
0.000664
0.000664
0.000664
0.000663
0.000663
0.000663
0.000663
0.000663
0.000662
0.000662
0.000662
0.000662
0.000662
0.000661
0.000661
0.000661
0.000661
0.000660
0.000660
0.000660
0.000660
0.000660
0.000659
0.000659
0.000659
0.000659
0.000659
0.000658
0.000658
0.000658
0.000658
0.000658
