0.380070
0.099322
0.042229
0.020912
0.009180
0.004633
0.003722
0.003268
0.002993
0.002780
0.002612
0.002476
0.002348
0.002219
0.002101
0.002004
0.001926
0.001861
0.001797
0.001732
0.001667
0.001617
0.001579
0.001550
0.001527
0.001510
0.001494
0.001481
0.001470
0.001459
0.001450
0.001441
0.001432
0.001423
0.001414
0.001406
0.001399
0.001393
0.001388
0.001384
0.001379
0.001374
0.001368
0.001361
0.001354
0.001346
0.001338
0.001330
0.001324
0.001319
0.001313
0.001306
0.001301
0.001296
0.001289
0.001281
0.001275
0.001271
0.001267
0.001262
0.001258
0.001255
0.001252
0.001248
0.001243
0.001238
0.001233
0.001229
0.001226
0.001222
0.001218
0.001214
0.001212
0.001209
0.001208
0.001208
0.001207
0.001206
0.001204
0.001201
0.001195
0.001189
0.001185
0.001182
0.001179
0.001177
0.001175
0.001173
0.001170
0.001168
0.001166
0.001165
0.001162
0.001159
0.001154
0.001151
0.001148
0.001144
0.001141
0.001137
0.001064
0.001054
0.001044
0.001039
0.001040
0.001039
0.001038
0.001038
0.001037
0.001036
0.001036
0.001036
0.001035
0.001035
0.001035
0.001035
0.001035
0.001035
0.001036
0.001036
0.001036
0.001037
0.001037
0.001037
0.001038
0.001039
0.001039
0.001039
0.001040
0.001040
0.001040
0.001040
0.001041
0.001041
0.001041
0.001041
0.001041
0.001041
0.001041
0.001041
0.001040
0.001040
0.001040
0.001040
0.001039
0.001039
0.001038
0.001037
0.001037
0.001036
0.001035
0.001035
0.001034
0.001033
0.001032
0.001031
0.001030
0.001029
0.001027
0.001026
0.001025
0.001024
0.001022
0.001021
0.001019
0.001018
0.001016
0.001015
0.001014
0.001012
0.001011
0.001009
0.001007
0.001005
0.001003
0.001002
0.001000
0.000999
0.000997
0.000995
0.000993
0.000991
0.000989
0.000988
0.000986
0.000984
0.000982
0.000980
0.000978
0.000975
0.000973
0.000971
0.000969
0.000968
0.000967
0.000965
0.000964
0.000962
0.000960
0.000959
0.000941
0.000933
0.000935
0.000934
0.000933
0.000932
0.000931
0.000931
0.000930
0.000929
0.000929
0.000928
0.000928
0.000927
0.000926
0.000926
0.000925
0.000925
0.000924
0.000924
0.000923
0.000923
0.000923
0.000922
0.000922
0.000921
0.000921
0.000921
0.000920
0.000920
0.000920
0.000919
0.000919
0.000919
0.000919
0.000918
0.000918
0.000918
0.000918
0.000917
0.000917
0.000917
0.000916
0.000916
0.000916
0.000916
0.000915
0.000915
0.000915
0.000914
0.000914
0.000914
0.000913
0.000913
0.000913
0.000912
0.000912
0.000912
0.000911
0.000911
0.000911
0.000910
0.000910
0.000909
0.000909
0.000909
0.000908
0.000908
0.000908
0.000908
0.000907
0.000907
0.000907
0.000907
0.000906
0.000906
0.000906
0.000906
0.000906
0.000905
0.000905
0.000905
0.000905
0.000905
0.000905
0.000904
0.000904
0.000904
0.000904
0.000904
0.000904
0.000904
0.000904
0.000903
0.000903
0.000903
0.000903
0.000903
0.000902
0.000902
0.000891
0.000897
0.000900
0.000899
0.000899
0.000899
0.000898
0.000898
0.000898
0.000898
0.000898
0.000898
0.000897
0.000897
0.000897
0.000897
0.000897
0.000897
0.000897
0.000897
0.000896
0.000896
0.000896
0.000896
0.000896
0.000896
0.000896
0.000896
0.000895
0.000895
0.000895
0.000895
0.000895
0.000895
0.000895
0.000894
0.000894
0.000894
0.000894
0.000894
0.000894
0.000893
0.000893
0.000893
0.000893
0.000893
0.000893
0.000892
0.000892
0.000892
0.000892
0.000892
0.000891
0.000891
0.000891
0.000891
0.000891
0.000890
0.000890
0.000890
0.000890
0.000890
0.000889
0.000889
0.000889
0.000889
0.000889
0.000888
0.000888
0.000888
0.000888
0.000887
0.000887
0.000887
0.000887
0.000886
0.000886
0.000886
0.000886
0.000886
0.000885
0.000885
0.000885
0.000885
0.000884
0.000884
0.000884
0.000883
0.000883
0.000883
0.000883
0.000882
0.000882
0.000882
0.000882
0.000881
0.000881
0.000881
0.000881
0.000880
0.000882
0.000873
0.000871
0.000869
0.000869
0.000869
0.000869
0.000869
0.000869
0.000869
0.000869
0.000869
0.000869
0.000869
0.000869
0.000868
0.000868
0.000868
0.000868
0.000868
0.000868
0.000868
0.000868
0.000868
0.000868
0.000868
0.000868
0.000868
0.000868
0.000868
0.000868
0.000868
0.000868
0.000867
0.000867
0.000867
0.000867
0.000867
0.000867
0.000867
0.000867
0.000867
0.000867
0.000867
0.000867
0.000867
0.000867
0.000867
0.000867
0.000867
0.000867
0.000867
0.000867
0.000866
0.000866
0.000866
0.000866
0.000866
0.000866
0.000866
0.000866
0.000866
0.000866
0.000866
0.000866
0.000866
0.000866
0.000866
0.000866
0.000866
0.000866
0.000865
0.000865
0.000865
0.000865
0.000865
0.000865
0.000865
0.000865
0.000865
0.000865
0.000865
0.000865
0.000865
0.000865
0.000865
0.000865
0.000865
0.000864
0.000864
0.000864
0.000864
0.000864
0.000864
0.000864
0.000864
0.000864
0.000864
0.000864
0.000864
