0.374056
0.184264
0.088330
0.058345
0.045238
0.034899
0.025712
0.017502
0.011715
0.008495
0.007051
0.006490
0.006274
0.006199
0.006147
0.006115
0.006088
0.006058
0.006031
0.006001
0.005972
0.005938
0.005902
0.005864
0.005818
0.005762
0.005701
0.005638
0.005573
0.005509
0.005448
0.005388
0.005328
0.005270
0.005212
0.005153
0.005094
0.005038
0.004989
0.004940
0.004894
0.004850
0.004808
0.004768
0.004728
0.004690
0.004652
0.004616
0.004582
0.004550
0.004519
0.004487
0.004459
0.004431
0.004405
0.004381
0.004354
0.004328
0.004303
0.004278
0.004254
0.004230
0.004205
0.004181
0.004161
0.004141
0.004119
0.004097
0.004077
0.004059
0.004038
0.004014
0.003990
0.003965
0.003941
0.003913
0.003881
0.003847
0.003814
0.003780
0.003750
0.003722
0.003696
0.003673
0.003650
0.003627
0.003606
0.003586
0.003566
0.003548
0.003531
0.003514
0.003501
0.003489
0.003476
0.003464
0.003454
0.003444
0.003435
0.003427
0.003295
0.003311
0.003333
0.003338
0.003337
0.003335
0.003333
0.003330
0.003328
0.003325
0.003322
0.003319
0.003317
0.003316
0.003313
0.003312
0.003310
0.003309
0.003306
0.003304
0.003301
0.003300
0.003298
0.003296
0.003293
0.003291
0.003289
0.003286
0.003283
0.003281
0.003278
0.003276
0.003274
0.003272
0.003269
0.003267
0.003265
0.003263
0.003261
0.003259
0.003257
0.003255
0.003254
0.003252
0.003251
0.003249
0.003246
0.003245
0.003244
0.003242
0.003241
0.003239
0.003237
0.003235
0.003235
0.003232
0.003231
0.003230
0.003228
0.003227
0.003225
0.003223
0.003222
0.003220
0.003219
0.003217
0.003217
0.003214
0.003213
0.003212
0.003211
0.003209
0.003207
0.003207
0.003206
0.003205
0.003203
0.003202
0.003200
0.003199
0.003197
0.003196
0.003195
0.003193
0.003192
0.003191
0.003190
0.003188
0.003187
0.003185
0.003184
0.003182
0.003180
0.003179
0.003179
0.003176
0.003177
0.003175
0.003174
0.003173
0.003133
0.003121
0.003107
0.003105
0.003101
0.003101
0.003102
0.003102
0.003101
0.003101
0.003101
0.003101
0.003101
0.003101
0.003101
0.003101
0.003101
0.003101
0.003101
0.003101
0.003101
0.003101
0.003101
0.003101
0.003101
0.003101
0.003101
0.003100
0.003101
0.003100
0.003101
0.003100
0.003101
0.003100
0.003101
0.003101
0.003101
0.003101
0.003100
0.003100
0.003100
0.003100
0.003100
0.003100
0.003100
0.003100
0.003100
0.003100
0.003100
0.003099
0.003099
0.003099
0.003099
0.003099
0.003099
0.003099
0.003099
0.003099
0.003099
0.003098
0.003098
0.003098
0.003098
0.003099
0.003098
0.003097
0.003097
0.003097
0.003097
0.003097
0.003096
0.003096
0.003096
0.003095
0.003095
0.003095
0.003095
0.003094
0.003094
0.003095
0.003093
0.003093
0.003093
0.003093
0.003093
0.003091
0.003092
0.003092
0.003092
0.003091
0.003091
0.003090
0.003091
0.003090
0.003090
0.003090
0.003089
0.003089
0.003089
0.003088
0.003060
0.003039
0.003036
0.003035
0.003035
0.003035
0.003035
0.003035
0.003034
0.003034
0.003034
0.003034
0.003034
0.003033
0.003034
0.003033
0.003033
0.003033
0.003032
0.003032
0.003032
0.003032
0.003032
0.003031
0.003032
0.003031
0.003031
0.003031
0.003031
0.003030
0.003030
0.003030
0.003030
0.003030
0.003030
0.003029
0.003029
0.003029
0.003029
0.003029
0.003029
0.003029
0.003028
0.003028
0.003028
0.003028
0.003028
0.003027
0.003027
0.003027
0.003027
0.003027
0.003027
0.003026
0.003026
0.003026
0.003026
0.003026
0.003026
0.003025
0.003025
0.003025
0.003025
0.003025
0.003025
0.003024
0.003024
0.003024
0.003024
0.003024
0.003024
0.003024
0.003023
0.003023
0.003023
0.003023
0.003022
0.003023
0.003022
0.003023
0.003022
0.003022
0.003022
0.003022
0.003022
0.003021
0.003022
0.003021
0.003021
0.003021
0.003021
0.003020
0.003021
0.003020
0.003020
0.003021
0.003020
0.003020
0.003020
0.003020
0.003013
0.003026
0.003038
0.003044
0.003047
0.003048
0.003049
0.003049
0.003049
0.003049
0.003049
0.003048
0.003048
0.003047
0.003046
0.003046
0.003045
0.003044
0.003044
0.003043
0.003042
0.003041
0.003041
0.003040
0.003039
0.003039
0.003038
0.003038
0.003037
0.003037
0.003036
0.003036
0.003035
0.003035
0.003035
0.003034
0.003034
0.003033
0.003033
0.003033
0.003032
0.003032
0.003032
0.003032
0.003031
0.003031
0.003031
0.003031
0.003030
0.003030
0.003030
0.003030
0.003029
0.003029
0.003029
0.003029
0.003029
0.003029
0.003028
0.003028
0.003028
0.003028
0.003028
0.003027
0.003028
0.003027
0.003027
0.003027
0.003027
0.003027
0.003027
0.003026
0.003026
0.003026
0.003026
0.003026
0.003026
0.003026
0.003025
0.003025
0.003025
0.003025
0.003025
0.003025
0.003025
0.003025
0.003025
0.003024
0.003024
0.003024
0.003024
0.003024
0.003024
0.003024
0.003024
0.003023
0.003023
0.003023
0.003023
0.003023
