0.507861
0.399037
0.286609
0.135976
0.053206
0.021373
0.013530
0.011062
0.009563
0.008673
0.008009
0.007452
0.006951
0.006507
0.006105
0.005747
0.005437
0.005158
0.004908
0.004686
0.004496
0.004331
0.004194
0.004068
0.003949
0.003837
0.003724
0.003609
0.003498
0.003392
0.003291
0.003200
0.003117
0.003039
0.002971
0.002908
0.002852
0.002800
0.002755
0.002716
0.002683
0.002656
0.002631
0.002610
0.002591
0.002576
0.002562
0.002548
0.002532
0.002517
0.002503
0.002488
0.002475
0.002466
0.002452
0.002438
0.002425
0.002412
0.002399
0.002387
0.002377
0.002365
0.002353
0.002340
0.002328
0.002316
0.002305
0.002295
0.002283
0.002271
0.002261
0.002252
0.002241
0.002230
0.002220
0.002211
0.002204
0.002195
0.002185
0.002176
0.002166
0.002157
0.002149
0.002141
0.002133
0.002124
0.002115
0.002106
0.002097
0.002090
0.002084
0.002077
0.002069
0.002059
0.002050
0.002044
0.002037
0.002028
0.002020
0.002013
0.001904
0.001966
0.001980
0.001987
0.001983
0.001982
0.001983
0.001985
0.001988
0.001993
0.001999
0.002006
0.002013
0.002021
0.002030
0.002041
0.002054
0.002068
0.002081
0.002092
0.002099
0.002099
0.002091
0.002075
0.002051
0.002026
0.002003
0.001985
0.001970
0.001959
0.001950
0.001943
0.001936
0.001930
0.001924
0.001919
0.001915
0.001910
0.001906
0.001899
0.001896
0.001890
0.001888
0.001883
0.001880
0.001875
0.001872
0.001869
0.001867
0.001862
0.001861
0.001858
0.001853
0.001851
0.001848
0.001847
0.001842
0.001840
0.001836
0.001835
0.001832
0.001830
0.001828
0.001825
0.001823
0.001820
0.001818
0.001815
0.001813
0.001810
0.001808
0.001806
0.001804
0.001801
0.001798
0.001796
0.001794
0.001792
0.001790
0.001788
0.001786
0.001784
0.001782
0.001780
0.001778
0.001776
0.001773
0.001771
0.001770
0.001768
0.001767
0.001765
0.001763
0.001761
0.001760
0.001758
0.001757
0.001755
0.001753
0.001752
0.001683
0.001660
0.001644
0.001649
0.001653
0.001652
0.001652
0.001653
0.001652
0.001652
0.001651
0.001651
0.001651
0.001651
0.001651
0.001649
0.001649
0.001649
0.001648
0.001648
0.001647
0.001646
0.001646
0.001645
0.001644
0.001644
0.001643
0.001641
0.001641
0.001641
0.001640
0.001638
0.001639
0.001638
0.001638
0.001636
0.001635
0.001634
0.001634
0.001633
0.001632
0.001631
0.001631
0.001631
0.001630
0.001629
0.001628
0.001628
0.001627
0.001626
0.001625
0.001625
0.001623
0.001623
0.001621
0.001621
0.001620
0.001619
0.001618
0.001617
0.001616
0.001615
0.001613
0.001612
0.001611
0.001610
0.001608
0.001607
0.001605
0.001603
0.001602
0.001600
0.001599
0.001598
0.001596
0.001595
0.001593
0.001591
0.001590
0.001589
0.001588
0.001586
0.001585
0.001584
0.001582
0.001582
0.001580
0.001579
0.001578
0.001577
0.001576
0.001575
0.001573
0.001572
0.001572
0.001571
0.001570
0.001568
0.001567
0.001566
0.001555
0.001547
0.001549
0.001546
0.001544
0.001542
0.001541
0.001541
0.001540
0.001540
0.001539
0.001538
0.001538
0.001537
0.001536
0.001536
0.001535
0.001535
0.001534
0.001533
0.001533
0.001532
0.001532
0.001531
0.001530
0.001530
0.001529
0.001529
0.001528
0.001528
0.001527
0.001527
0.001526
0.001526
0.001525
0.001525
0.001524
0.001524
0.001523
0.001523
0.001522
0.001522
0.001521
0.001521
0.001521
0.001520
0.001520
0.001520
0.001519
0.001519
0.001518
0.001518
0.001518
0.001517
0.001517
0.001516
0.001516
0.001516
0.001515
0.001515
0.001515
0.001515
0.001514
0.001514
0.001514
0.001513
0.001513
0.001512
0.001512
0.001512
0.001512
0.001511
0.001511
0.001511
0.001511
0.001510
0.001510
0.001510
0.001509
0.001509
0.001509
0.001509
0.001508
0.001507
0.001507
0.001507
0.001507
0.001506
0.001506
0.001506
0.001505
0.001505
0.001504
0.001504
0.001503
0.001503
0.001503
0.001502
0.001502
0.001501
0.001489
0.001495
0.001501
0.001503
0.001503
0.001502
0.001501
0.001501
0.001500
0.001500
0.001499
0.001499
0.001499
0.001498
0.001498
0.001497
0.001497
0.001497
0.001496
0.001496
0.001496
0.001495
0.001495
0.001495
0.001494
0.001494
0.001494
0.001493
0.001493
0.001493
0.001492
0.001492
0.001492
0.001491
0.001491
0.001491
0.001490
0.001490
0.001490
0.001490
0.001489
0.001488
0.001472
0.001424
0.001353
0.001297
0.001263
0.001242
0.001226
0.001214
0.001204
0.001196
0.001188
0.001181
0.001175
0.001170
0.001165
0.001160
0.001155
0.001151
0.001147
0.001143
0.001140
0.001137
0.001134
0.001131
0.001128
0.001125
0.001123
0.001120
0.001117
0.001115
0.001113
0.001110
0.001108
0.001106
0.001104
0.001102
0.001101
0.001099
0.001097
0.001095
0.001094
0.001092
0.001090
0.001089
0.001087
0.001086
0.001085
0.001083
0.001081
0.001080
0.001079
0.001077
0.001076
0.001075
0.001074
0.001073
0.001072
0.001070
