0.365838
0.113415
0.051333
0.032922
0.021352
0.013185
0.008156
0.005368
0.003964
0.003315
0.003014
0.002820
0.002657
0.002511
0.002391
0.002290
0.002207
0.002139
0.002081
0.002030
0.001983
0.001944
0.001912
0.001884
0.001859
0.001837
0.001817
0.001799
0.001782
0.001764
0.001748
0.001734
0.001721
0.001709
0.001698
0.001688
0.001679
0.001670
0.001661
0.001652
0.001643
0.001634
0.001625
0.001616
0.001608
0.001599
0.001592
0.001584
0.001576
0.001568
0.001561
0.001553
0.001545
0.001537
0.001529
0.001521
0.001514
0.001506
0.001498
0.001491
0.001483
0.001475
0.001467
0.001459
0.001451
0.001442
0.001434
0.001427
0.001418
0.001410
0.001402
0.001394
0.001386
0.001379
0.001373
0.001367
0.001360
0.001355
0.001350
0.001345
0.001342
0.001337
0.001333
0.001330
0.001326
0.001323
0.001320
0.001317
0.001315
0.001313
0.001310
0.001307
0.001306
0.001305
0.001304
0.001302
0.001301
0.001299
0.001297
0.001294
0.001256
0.001257
0.001252
0.001250
0.001249
0.001247
0.001246
0.001244
0.001242
0.001240
0.001238
0.001237
0.001235
0.001233
0.001232
0.001230
0.001228
0.001227
0.001225
0.001223
0.001222
0.001220
0.001218
0.001217
0.001215
0.001214
0.001213
0.001211
0.001210
0.001209
0.001208
0.001207
0.001206
0.001205
0.001203
0.001202
0.001201
0.001200
0.001199
0.001198
0.001197
0.001196
0.001195
0.001194
0.001193
0.001192
0.001192
0.001191
0.001190
0.001189
0.001189
0.001188
0.001187
0.001187
0.001186
0.001185
0.001184
0.001183
0.001183
0.001181
0.001180
0.001179
0.001178
0.001177
0.001176
0.001175
0.001174
0.001173
0.001172
0.001170
0.001169
0.001168
0.001167
0.001166
0.001164
0.001163
0.001162
0.001161
0.001159
0.001158
0.001156
0.001155
0.001153
0.001152
0.001150
0.001149
0.001148
0.001146
0.001145
0.001144
0.001143
0.001142
0.001140
0.001139
0.001138
0.001136
0.001135
0.001134
0.001133
0.001132
0.001100
0.001114
0.001124
0.001126
0.001126
0.001126
0.001125
0.001125
0.001124
0.001123
0.001122
0.001122
0.001121
0.001120
0.001119
0.001119
0.001118
0.001117
0.001117
0.001116
0.001115
0.001115
0.001114
0.001113
0.001113
0.001112
0.001111
0.001111
0.001110
0.001110
0.001109
0.001108
0.001108
0.001107
0.001107
0.001106
0.001105
0.001105
0.001104
0.001104
0.001103
0.001102
0.001102
0.001101
0.001100
0.001100
0.001099
0.001098
0.001098
0.001097
0.001096
0.001096
0.001095
0.001094
0.001094
0.001093
0.001093
0.001092
0.001091
0.001091
0.001090
0.001089
0.001088
0.001088
0.001087
0.001086
0.001086
0.001085
0.001084
0.001083
0.001083
0.001082
0.001081
0.001081
0.001080
0.001079
0.001078
0.001078
0.001077
0.001076
0.001075
0.001075
0.001074
0.001073
0.001073
0.001072
0.001071
0.001070
0.001070
0.001069
0.001068
0.001067
0.001066
0.001066
0.001065
0.001064
0.001063
0.001063
0.001062
0.001061
0.001067
0.001058
0.001062
0.001056
0.001055
0.001052
0.001052
0.001051
0.001051
0.001050
0.001050
0.001049
0.001049
0.001049
0.001048
0.001048
0.001048
0.001048
0.001047
0.001047
0.001047
0.001047
0.001047
0.001046
0.001046
0.001046
0.001046
0.001046
0.001045
0.001045
0.001045
0.001045
0.001045
0.001044
0.001044
0.001044
0.001044
0.001044
0.001043
0.001043
0.001043
0.001043
0.001043
0.001043
0.001042
0.001042
0.001042
0.001042
0.001042
0.001042
0.001042
0.001041
0.001041
0.001041
0.001041
0.001041
0.001040
0.001040
0.001040
0.001040
0.001040
0.001040
0.001039
0.001039
0.001039
0.001039
0.001039
0.001039
0.001039
0.001038
0.001038
0.001038
0.001038
0.001038
0.001038
0.001038
0.001037
0.001037
0.001037
0.001037
0.001037
0.001037
0.001037
0.001036
0.001036
0.001036
0.001036
0.001036
0.001036
0.001035
0.001035
0.001035
0.001035
0.001035
0.001035
0.001034
0.001034
0.001034
0.001034
0.001034
0.001023
0.001016
0.001015
0.001014
0.001014
0.001014
0.001014
0.001014
0.001014
0.001013
0.001013
0.001013
0.001013
0.001013
0.001013
0.001013
0.001013
0.001012
0.001012
0.001012
0.001012
0.001012
0.001012
0.001012
0.001012
0.001012
0.001011
0.001011
0.001011
0.001011
0.001011
0.001011
0.001011
0.001011
0.001011
0.001010
0.001010
0.001010
0.001010
0.001010
0.001010
0.001010
0.001010
0.001010
0.001010
0.001009
0.001009
0.001009
0.001009
0.001009
0.001009
0.001009
0.001009
0.001009
0.001009
0.001009
0.001008
0.001008
0.001008
0.001008
0.001008
0.001008
0.001008
0.001008
0.001008
0.001007
0.001007
0.001007
0.001007
0.001007
0.001007
0.001007
0.001007
0.001007
0.001007
0.001007
0.001006
0.001006
0.001006
0.001006
0.001006
0.001006
0.001006
0.001006
0.001006
0.001006
0.001005
0.001005
0.001005
0.001005
0.001005
0.001005
0.001005
0.001005
0.001005
0.001004
0.001004
0.001004
0.001004
0.001004
