0.353538
0.123402
0.031862
0.012921
0.009375
0.007740
0.006848
0.006114
0.005456
0.004895
0.004424
0.004001
0.003621
0.003282
0.003000
0.002768
0.002593
0.002450
0.002325
0.002208
0.002094
0.001988
0.001897
0.001820
0.001754
0.001692
0.001638
0.001588
0.001542
0.001499
0.001455
0.001414
0.001375
0.001342
0.001311
0.001283
0.001258
0.001231
0.001209
0.001187
0.001167
0.001149
0.001132
0.001117
0.001100
0.001086
0.001072
0.001059
0.001045
0.001032
0.001019
0.001008
0.000999
0.000989
0.000978
0.000966
0.000956
0.000945
0.000936
0.000926
0.000917
0.000908
0.000901
0.000893
0.000886
0.000880
0.000873
0.000868
0.000865
0.000860
0.000855
0.000851
0.000847
0.000844
0.000841
0.000836
0.000832
0.000827
0.000823
0.000820
0.000816
0.000814
0.000812
0.000810
0.000807
0.000804
0.000801
0.000797
0.000793
0.000789
0.000785
0.000782
0.000779
0.000776
0.000772
0.000768
0.000765
0.000762
0.000758
0.000757
0.000692
0.000663
0.000655
0.000654
0.000650
0.000650
0.000648
0.000647
0.000646
0.000644
0.000643
0.000642
0.000641
0.000640
0.000639
0.000638
0.000637
0.000637
0.000636
0.000635
0.000634
0.000634
0.000633
0.000632
0.000631
0.000630
0.000629
0.000627
0.000625
0.000623
0.000621
0.000619
0.000617
0.000616
0.000614
0.000613
0.000611
0.000610
0.000609
0.000608
0.000607
0.000606
0.000606
0.000605
0.000604
0.000603
0.000602
0.000602
0.000601
0.000600
0.000599
0.000598
0.000597
0.000596
0.000595
0.000594
0.000593
0.000592
0.000591
0.000590
0.000589
0.000588
0.000587
0.000586
0.000585
0.000584
0.000583
0.000582
0.000581
0.000580
0.000579
0.000578
0.000577
0.000577
0.000576
0.000575
0.000574
0.000574
0.000573
0.000572
0.000571
0.000571
0.000570
0.000569
0.000569
0.000569
0.000568
0.000567
0.000567
0.000566
0.000565
0.000565
0.000565
0.000564
0.000563
0.000562
0.000561
0.000560
0.000560
0.000559
0.000534
0.000521
0.000520
0.000520
0.000518
0.000518
0.000518
0.000517
0.000517
0.000516
0.000516
0.000516
0.000515
0.000515
0.000515
0.000514
0.000514
0.000513
0.000513
0.000513
0.000513
0.000512
0.000512
0.000511
0.000511
0.000511
0.000511
0.000510
0.000510
0.000510
0.000510
0.000509
0.000509
0.000509
0.000509
0.000508
0.000508
0.000508
0.000508
0.000508
0.000507
0.000507
0.000507
0.000507
0.000507
0.000507
0.000506
0.000506
0.000506
0.000506
0.000506
0.000505
0.000505
0.000505
0.000504
0.000504
0.000504
0.000504
0.000503
0.000503
0.000503
0.000502
0.000502
0.000502
0.000502
0.000501
0.000501
0.000501
0.000501
0.000500
0.000500
0.000500
0.000500
0.000499
0.000499
0.000499
0.000499
0.000499
0.000499
0.000499
0.000499
0.000499
0.000498
0.000498
0.000498
0.000498
0.000498
0.000498
0.000499
0.000499
0.000499
0.000499
0.000499
0.000499
0.000499
0.000498
0.000497
0.000495
0.000493
0.000491
0.000474
0.000470
0.000469
0.000468
0.000468
0.000467
0.000467
0.000467
0.000466
0.000466
0.000466
0.000466
0.000465
0.000465
0.000465
0.000464
0.000464
0.000464
0.000464
0.000463
0.000463
0.000463
0.000462
0.000462
0.000462
0.000462
0.000461
0.000461
0.000461
0.000460
0.000460
0.000460
0.000460
0.000459
0.000459
0.000459
0.000458
0.000458
0.000458
0.000457
0.000457
0.000456
0.000456
0.000456
0.000455
0.000455
0.000455
0.000454
0.000454
0.000454
0.000453
0.000453
0.000452
0.000452
0.000452
0.000451
0.000451
0.000451
0.000450
0.000450
0.000450
0.000450
0.000449
0.000449
0.000449
0.000448
0.000448
0.000448
0.000448
0.000447
0.000447
0.000447
0.000446
0.000446
0.000446
0.000446
0.000445
0.000445
0.000445
0.000445
0.000444
0.000444
0.000444
0.000444
0.000443
0.000443
0.000443
0.000443
0.000443
0.000442
0.000442
0.000442
0.000442
0.000441
0.000441
0.000441
0.000441
0.000441
0.000441
0.000440
0.000438
0.000438
0.000438
0.000439
0.000438
0.000438
0.000438
0.000438
0.000438
0.000438
0.000438
0.000438
0.000438
0.000438
0.000437
0.000437
0.000437
0.000437
0.000437
0.000437
0.000437
0.000437
0.000437
0.000437
0.000437
0.000436
0.000436
0.000436
0.000436
0.000436
0.000436
0.000436
0.000436
0.000436
0.000436
0.000436
0.000435
0.000435
0.000435
0.000435
0.000435
0.000435
0.000435
0.000435
0.000435
0.000435
0.000435
0.000435
0.000434
0.000434
0.000434
0.000434
0.000434
0.000434
0.000434
0.000434
0.000434
0.000434
0.000433
0.000433
0.000433
0.000433
0.000433
0.000433
0.000433
0.000433
0.000433
0.000433
0.000433
0.000432
0.000432
0.000432
0.000432
0.000432
0.000432
0.000432
0.000432
0.000432
0.000432
0.000431
0.000431
0.000431
0.000431
0.000431
0.000431
0.000431
0.000431
0.000431
0.000431
0.000430
0.000430
0.000430
0.000430
0.000430
0.000430
0.000430
0.000430
0.000430
0.000430
0.000429
