0.542160
0.445671
0.329151
0.276327
0.248137
0.186070
0.108608
0.065311
0.041030
0.031351
0.025041
0.020186
0.016360
0.013350
0.011077
0.009473
0.008444
0.007857
0.007561
0.007430
0.007377
0.007355
0.007341
0.007330
0.007319
0.007307
0.007297
0.007287
0.007277
0.007267
0.007257
0.007247
0.007237
0.007226
0.007215
0.007204
0.007192
0.007181
0.007169
0.007157
0.007146
0.007133
0.007120
0.007108
0.007096
0.007084
0.007071
0.007058
0.007046
0.007033
0.007020
0.007007
0.006992
0.006977
0.006961
0.006945
0.006928
0.006910
0.006892
0.006871
0.006849
0.006828
0.006806
0.006784
0.006759
0.006734
0.006707
0.006678
0.006647
0.006616
0.006584
0.006550
0.006511
0.006473
0.006433
0.006390
0.006345
0.006296
0.006243
0.006191
0.006136
0.006077
0.006021
0.005970
0.005917
0.005864
0.005811
0.005756
0.005693
0.005615
0.005522
0.005426
0.005319
0.005202
0.005079
0.004961
0.004852
0.004755
0.004665
0.004581
0.004466
0.004430
0.004378
0.004352
0.004328
0.004300
0.004276
0.004253
0.004231
0.004208
0.004185
0.004163
0.004141
0.004119
0.004097
0.004075
0.004054
0.004032
0.004011
0.003990
0.003969
0.003948
0.003926
0.003904
0.003881
0.003858
0.003833
0.003810
0.003786
0.003760
0.003734
0.003706
0.003679
0.003652
0.003627
0.003600
0.003572
0.003543
0.003513
0.003483
0.003453
0.003421
0.003389
0.003355
0.003322
0.003288
0.003254
0.003221
0.003188
0.003156
0.003123
0.003090
0.003059
0.003026
0.002996
0.002966
0.002938
0.002911
0.002884
0.002859
0.002835
0.002813
0.002793
0.002774
0.002757
0.002741
0.002725
0.002710
0.002695
0.002683
0.002671
0.002659
0.002648
0.002638
0.002627
0.002619
0.002611
0.002603
0.002595
0.002589
0.002583
0.002577
0.002573
0.002567
0.002563
0.002558
0.002554
0.002550
0.002546
0.002542
0.002539
0.002535
0.002532
0.002528
0.002525
0.002522
0.002519
0.002516
0.002513
0.002510
0.002493
0.002480
0.002478
0.002476
0.002475
0.002474
0.002473
0.002471
0.002470
0.002469
0.002468
0.002467
0.002465
0.002464
0.002463
0.002462
0.002461
0.002460
0.002458
0.002457
0.002456
0.002455
0.002454
0.002453
0.002452
0.002451
0.002450
0.002449
0.002447
0.002446
0.002445
0.002444
0.002443
0.002442
0.002441
0.002440
0.002439
0.002438
0.002437
0.002436
0.002435
0.002434
0.002433
0.002432
0.002431
0.002430
0.002429
0.002428
0.002426
0.002425
0.002424
0.002423
0.002422
0.002421
0.002420
0.002419
0.002418
0.002417
0.002416
0.002415
0.002414
0.002413
0.002412
0.002411
0.002411
0.002410
0.002409
0.002408
0.002407
0.002406
0.002405
0.002404
0.002403
0.002403
0.002402
0.002401
0.002400
0.002399
0.002398
0.002397
0.002397
0.002396
0.002395
0.002394
0.002393
0.002393
0.002392
0.002391
0.002390
0.002389
0.002388
0.002387
0.002387
0.002386
0.002385
0.002384
0.002384
0.002383
0.002382
0.002381
0.002370
0.002366
0.002366
0.002365
0.002365
0.002364
0.002364
0.002364
0.002363
0.002363
0.002362
0.002362
0.002362
0.002361
0.002361
0.002360
0.002360
0.002359
0.002359
0.002359
0.002358
0.002358
0.002357
0.002357
0.002357
0.002356
0.002356
0.002355
0.002355
0.002355
0.002354
0.002354
0.002353
0.002353
0.002352
0.002352
0.002352
0.002351
0.002351
0.002350
0.002350
0.002350
0.002349
0.002349
0.002348
0.002348
0.002348
0.002347
0.002347
0.002346
0.002346
0.002346
0.002345
0.002345
0.002344
0.002344
0.002344
0.002343
0.002343
0.002342
0.002342
0.002342
0.002341
0.002341
0.002340
0.002340
0.002340
0.002339
0.002339
0.002339
0.002338
0.002338
0.002337
0.002337
0.002337
0.002336
0.002336
0.002336
0.002335
0.002335
0.002334
0.002334
0.002334
0.002333
0.002333
0.002333
0.002332
0.002332
0.002332
0.002331
0.002331
0.002330
0.002330
0.002330
0.002329
0.002329
0.002329
0.002328
0.002328
0.002328
0.002324
0.002326
0.002326
0.002326
0.002326
0.002325
0.002325
0.002325
0.002325
0.002325
0.002324
0.002324
0.002324
0.002324
0.002324
0.002323
0.002323
0.002323
0.002323
0.002323
0.002323
0.002322
0.002322
0.002322
0.002322
0.002322
0.002321
0.002321
0.002321
0.002321
0.002321
0.002321
0.002320
0.002320
0.002320
0.002320
0.002320
0.002320
0.002319
0.002319
0.002319
0.002319
0.002319
0.002318
0.002318
0.002318
0.002318
0.002318
0.002318
0.002317
0.002317
0.002317
0.002317
0.002317
0.002316
0.002316
0.002316
0.002316
0.002316
0.002316
0.002315
0.002315
0.002315
0.002315
0.002315
0.002315
0.002314
0.002314
0.002314
0.002314
0.002314
0.002313
0.002313
0.002313
0.002313
0.002313
0.002313
0.002312
0.002312
0.002312
0.002312
0.002312
0.002311
0.002311
0.002311
0.002311
0.002311
0.002311
0.002310
0.002310
0.002310
0.002310
0.002310
0.002309
0.002309
0.002309
0.002309
0.002309
0.002308
0.002308
