0.487237
0.310994
0.092475
0.037406
0.019875
0.014630
0.012020
0.010483
0.009314
0.008477
0.007781
0.007198
0.006669
0.006172
0.005793
0.005482
0.005217
0.004991
0.004795
0.004625
0.004477
0.004342
0.004223
0.004118
0.004024
0.003939
0.003861
0.003789
0.003721
0.003654
0.003586
0.003521
0.003456
0.003393
0.003331
0.003273
0.003218
0.003166
0.003117
0.003071
0.003027
0.002986
0.002944
0.002902
0.002859
0.002815
0.002769
0.002723
0.002675
0.002627
0.002578
0.002530
0.002483
0.002436
0.002390
0.002345
0.002301
0.002258
0.002217
0.002178
0.002139
0.002102
0.002066
0.002030
0.001996
0.001962
0.001929
0.001897
0.001867
0.001838
0.001810
0.001783
0.001756
0.001730
0.001704
0.001678
0.001653
0.001629
0.001605
0.001583
0.001562
0.001540
0.001519
0.001499
0.001479
0.001460
0.001441
0.001423
0.001405
0.001388
0.001372
0.001356
0.001340
0.001324
0.001309
0.001295
0.001282
0.001269
0.001256
0.001244
0.001212
0.001215
0.001220
0.001217
0.001211
0.001205
0.001199
0.001193
0.001187
0.001181
0.001174
0.001168
0.001163
0.001157
0.001151
0.001145
0.001139
0.001133
0.001126
0.001120
0.001114
0.001108
0.001102
0.001096
0.001090
0.001084
0.001078
0.001073
0.001067
0.001062
0.001056
0.001051
0.001046
0.001041
0.001036
0.001031
0.001026
0.001021
0.001017
0.001012
0.001008
0.001003
0.000998
0.000994
0.000989
0.000985
0.000980
0.000976
0.000971
0.000967
0.000963
0.000958
0.000954
0.000950
0.000946
0.000942
0.000938
0.000934
0.000930
0.000927
0.000923
0.000920
0.000916
0.000913
0.000909
0.000906
0.000902
0.000899
0.000896
0.000893
0.000890
0.000887
0.000883
0.000881
0.000877
0.000874
0.000872
0.000868
0.000866
0.000863
0.000860
0.000857
0.000854
0.000852
0.000849
0.000846
0.000844
0.000841
0.000838
0.000836
0.000833
0.000831
0.000828
0.000826
0.000824
0.000822
0.000819
0.000817
0.000815
0.000813
0.000799
0.000806
0.000812
0.000813
0.000811
0.000809
0.000807
0.000806
0.000805
0.000804
0.000802
0.000801
0.000800
0.000799
0.000797
0.000796
0.000795
0.000794
0.000792
0.000792
0.000791
0.000789
0.000788
0.000787
0.000786
0.000785
0.000784
0.000783
0.000782
0.000782
0.000781
0.000780
0.000779
0.000778
0.000777
0.000776
0.000775
0.000774
0.000773
0.000772
0.000771
0.000770
0.000769
0.000768
0.000767
0.000766
0.000765
0.000764
0.000763
0.000762
0.000761
0.000760
0.000759
0.000759
0.000758
0.000757
0.000756
0.000755
0.000754
0.000754
0.000753
0.000752
0.000751
0.000750
0.000750
0.000749
0.000748
0.000747
0.000747
0.000746
0.000745
0.000744
0.000744
0.000743
0.000742
0.000741
0.000740
0.000740
0.000739
0.000738
0.000738
0.000737
0.000737
0.000736
0.000735
0.000735
0.000734
0.000733
0.000733
0.000732
0.000732
0.000731
0.000730
0.000730
0.000729
0.000729
0.000728
0.000727
0.000727
0.000726
0.000722
0.000727
0.000728
0.000729
0.000729
0.000729
0.000728
0.000728
0.000728
0.000727
0.000727
0.000727
0.000727
0.000727
0.000727
0.000726
0.000726
0.000726
0.000726
0.000726
0.000725
0.000725
0.000725
0.000725
0.000725
0.000725
0.000724
0.000724
0.000724
0.000724
0.000724
0.000724
0.000723
0.000723
0.000723
0.000723
0.000723
0.000723
0.000722
0.000722
0.000722
0.000722
0.000722
0.000722
0.000722
0.000721
0.000721
0.000721
0.000721
0.000721
0.000721
0.000720
0.000720
0.000720
0.000720
0.000720
0.000720
0.000720
0.000719
0.000719
0.000719
0.000719
0.000719
0.000719
0.000718
0.000718
0.000718
0.000718
0.000718
0.000718
0.000718
0.000718
0.000718
0.000718
0.000717
0.000717
0.000717
0.000717
0.000717
0.000716
0.000716
0.000716
0.000716
0.000716
0.000716
0.000715
0.000715
0.000715
0.000715
0.000715
0.000715
0.000715
0.000715
0.000715
0.000714
0.000714
0.000714
0.000714
0.000714
0.000714
0.000708
0.000699
0.000698
0.000699
0.000698
0.000698
0.000698
0.000698
0.000698
0.000698
0.000698
0.000698
0.000698
0.000698
0.000698
0.000698
0.000698
0.000698
0.000698
0.000698
0.000697
0.000697
0.000697
0.000697
0.000697
0.000697
0.000697
0.000697
0.000697
0.000697
0.000697
0.000697
0.000697
0.000697
0.000697
0.000697
0.000697
0.000697
0.000697
0.000696
0.000696
0.000696
0.000696
0.000696
0.000696
0.000696
0.000696
0.000696
0.000696
0.000696
0.000696
0.000696
0.000696
0.000696
0.000696
0.000696
0.000696
0.000696
0.000696
0.000696
0.000696
0.000695
0.000695
0.000695
0.000695
0.000695
0.000695
0.000695
0.000695
0.000695
0.000695
0.000695
0.000695
0.000695
0.000695
0.000695
0.000695
0.000695
0.000695
0.000695
0.000695
0.000694
0.000694
0.000694
0.000694
0.000694
0.000694
0.000694
0.000694
0.000694
0.000694
0.000694
0.000694
0.000694
0.000694
0.000694
0.000694
0.000694
0.000694
0.000694
