0.392640
0.205867
0.054503
0.023130
0.012833
0.009569
0.007919
0.007180
0.006669
0.006280
0.005975
0.005713
0.005468
0.005232
0.004992
0.004740
0.004471
0.004195
0.003937
0.003700
0.003478
0.003269
0.003060
0.002850
0.002643
0.002454
0.002275
0.002100
0.001940
0.001796
0.001671
0.001564
0.001478
0.001408
0.001352
0.001307
0.001271
0.001239
0.001214
0.001191
0.001173
0.001157
0.001142
0.001130
0.001120
0.001110
0.001101
0.001091
0.001083
0.001074
0.001066
0.001059
0.001052
0.001046
0.001041
0.001037
0.001032
0.001027
0.001024
0.001022
0.001018
0.001015
0.001013
0.001010
0.001008
0.001006
0.001005
0.001004
0.001003
0.001000
0.000999
0.000997
0.000996
0.000994
0.000993
0.000991
0.000990
0.000988
0.000987
0.000985
0.000983
0.000981
0.000979
0.000978
0.000975
0.000972
0.000970
0.000968
0.000967
0.000963
0.000961
0.000958
0.000957
0.000955
0.000955
0.000953
0.000952
0.000950
0.000949
0.000948
0.000887
0.000882
0.000869
0.000865
0.000866
0.000865
0.000864
0.000863
0.000862
0.000861
0.000861
0.000860
0.000859
0.000859
0.000858
0.000857
0.000857
0.000856
0.000855
0.000855
0.000854
0.000854
0.000854
0.000853
0.000853
0.000852
0.000852
0.000852
0.000852
0.000851
0.000851
0.000851
0.000851
0.000851
0.000850
0.000850
0.000850
0.000849
0.000849
0.000849
0.000848
0.000848
0.000847
0.000847
0.000846
0.000845
0.000845
0.000844
0.000843
0.000843
0.000842
0.000841
0.000840
0.000839
0.000839
0.000838
0.000837
0.000836
0.000835
0.000834
0.000833
0.000832
0.000832
0.000831
0.000830
0.000829
0.000828
0.000827
0.000826
0.000825
0.000825
0.000824
0.000824
0.000823
0.000822
0.000822
0.000821
0.000821
0.000820
0.000820
0.000820
0.000819
0.000819
0.000819
0.000818
0.000818
0.000817
0.000817
0.000817
0.000816
0.000816
0.000816
0.000815
0.000815
0.000815
0.000814
0.000814
0.000814
0.000814
0.000813
0.000795
0.000794
0.000796
0.000796
0.000795
0.000795
0.000794
0.000794
0.000794
0.000793
0.000793
0.000793
0.000792
0.000792
0.000792
0.000791
0.000791
0.000791
0.000791
0.000790
0.000790
0.000790
0.000789
0.000789
0.000789
0.000789
0.000789
0.000788
0.000788
0.000788
0.000788
0.000788
0.000787
0.000787
0.000787
0.000787
0.000787
0.000787
0.000786
0.000786
0.000786
0.000786
0.000786
0.000786
0.000785
0.000785
0.000785
0.000785
0.000785
0.000785
0.000785
0.000785
0.000784
0.000784
0.000784
0.000784
0.000784
0.000784
0.000784
0.000784
0.000784
0.000784
0.000783
0.000783
0.000783
0.000783
0.000783
0.000783
0.000783
0.000783
0.000783
0.000783
0.000783
0.000782
0.000782
0.000782
0.000782
0.000782
0.000782
0.000782
0.000782
0.000782
0.000782
0.000781
0.000781
0.000781
0.000781
0.000781
0.000781
0.000781
0.000781
0.000781
0.000780
0.000780
0.000780
0.000780
0.000780
0.000780
0.000780
0.000780
0.000774
0.000779
0.000785
0.000787
0.000789
0.000789
0.000789
0.000789
0.000789
0.000789
0.000789
0.000789
0.000789
0.000789
0.000789
0.000789
0.000788
0.000788
0.000788
0.000788
0.000788
0.000788
0.000787
0.000787
0.000787
0.000787
0.000787
0.000786
0.000786
0.000786
0.000786
0.000786
0.000786
0.000786
0.000786
0.000785
0.000785
0.000785
0.000785
0.000785
0.000785
0.000785
0.000784
0.000784
0.000784
0.000784
0.000784
0.000784
0.000784
0.000783
0.000783
0.000783
0.000783
0.000783
0.000783
0.000783
0.000783
0.000783
0.000782
0.000782
0.000782
0.000782
0.000782
0.000782
0.000782
0.000782
0.000782
0.000782
0.000782
0.000781
0.000781
0.000781
0.000781
0.000781
0.000781
0.000781
0.000781
0.000781
0.000781
0.000780
0.000780
0.000780
0.000780
0.000780
0.000780
0.000780
0.000780
0.000780
0.000780
0.000780
0.000780
0.000779
0.000779
0.000779
0.000779
0.000779
0.000779
0.000779
0.000779
0.000779
0.000772
0.000760
0.000759
0.000761
0.000760
0.000760
0.000760
0.000760
0.000760
0.000760
0.000760
0.000760
0.000760
0.000760
0.000759
0.000759
0.000759
0.000759
0.000759
0.000759
0.000759
0.000759
0.000759
0.000759
0.000759
0.000759
0.000759
0.000759
0.000759
0.000759
0.000759
0.000759
0.000759
0.000759
0.000759
0.000759
0.000759
0.000759
0.000759
0.000759
0.000759
0.000759
0.000759
0.000759
0.000759
0.000759
0.000759
0.000759
0.000759
0.000758
0.000758
0.000758
0.000758
0.000758
0.000758
0.000758
0.000758
0.000758
0.000758
0.000758
0.000758
0.000758
0.000758
0.000758
0.000758
0.000758
0.000758
0.000758
0.000758
0.000758
0.000758
0.000758
0.000758
0.000758
0.000758
0.000758
0.000758
0.000757
0.000757
0.000757
0.000757
0.000757
0.000757
0.000757
0.000757
0.000757
0.000757
0.000757
0.000757
0.000757
0.000757
0.000757
0.000757
0.000757
0.000757
0.000757
0.000757
0.000757
0.000756
0.000756
