0.363290
0.124417
0.044778
0.012965
0.006673
0.004643
0.003650
0.003180
0.002892
0.002697
0.002531
0.002381
0.002251
0.002148
0.002066
0.001996
0.001934
0.001876
0.001820
0.001765
0.001716
0.001672
0.001632
0.001596
0.001562
0.001530
0.001498
0.001463
0.001428
0.001397
0.001367
0.001340
0.001318
0.001303
0.001290
0.001277
0.001266
0.001256
0.001246
0.001239
0.001231
0.001224
0.001217
0.001210
0.001202
0.001196
0.001191
0.001187
0.001184
0.001179
0.001175
0.001172
0.001169
0.001165
0.001160
0.001155
0.001151
0.001146
0.001141
0.001137
0.001133
0.001128
0.001123
0.001121
0.001118
0.001116
0.001113
0.001110
0.001107
0.001103
0.001100
0.001097
0.001093
0.001090
0.001085
0.001083
0.001081
0.001078
0.001075
0.001072
0.001070
0.001068
0.001065
0.001061
0.001057
0.001054
0.001052
0.001050
0.001048
0.001047
0.001046
0.001043
0.001040
0.001036
0.001032
0.001030
0.001028
0.001026
0.001025
0.001023
0.000960
0.000961
0.000953
0.000946
0.000946
0.000941
0.000940
0.000939
0.000937
0.000937
0.000936
0.000935
0.000934
0.000934
0.000934
0.000934
0.000934
0.000933
0.000933
0.000933
0.000934
0.000934
0.000934
0.000935
0.000935
0.000935
0.000935
0.000935
0.000935
0.000935
0.000935
0.000935
0.000936
0.000936
0.000936
0.000935
0.000935
0.000935
0.000935
0.000935
0.000934
0.000934
0.000934
0.000933
0.000933
0.000933
0.000932
0.000932
0.000931
0.000930
0.000930
0.000929
0.000929
0.000929
0.000929
0.000928
0.000928
0.000927
0.000927
0.000926
0.000926
0.000925
0.000925
0.000925
0.000924
0.000924
0.000924
0.000923
0.000923
0.000922
0.000922
0.000921
0.000921
0.000921
0.000920
0.000920
0.000919
0.000919
0.000918
0.000918
0.000917
0.000917
0.000916
0.000916
0.000915
0.000915
0.000915
0.000915
0.000914
0.000914
0.000913
0.000913
0.000912
0.000912
0.000911
0.000910
0.000909
0.000909
0.000909
0.000908
0.000878
0.000882
0.000876
0.000880
0.000881
0.000881
0.000882
0.000881
0.000881
0.000881
0.000881
0.000880
0.000880
0.000880
0.000879
0.000879
0.000878
0.000878
0.000877
0.000877
0.000876
0.000875
0.000875
0.000874
0.000873
0.000873
0.000872
0.000872
0.000871
0.000870
0.000869
0.000869
0.000868
0.000867
0.000866
0.000866
0.000865
0.000864
0.000864
0.000863
0.000862
0.000861
0.000861
0.000860
0.000859
0.000859
0.000858
0.000857
0.000857
0.000856
0.000855
0.000855
0.000854
0.000854
0.000853
0.000853
0.000852
0.000852
0.000851
0.000851
0.000850
0.000850
0.000849
0.000849
0.000849
0.000848
0.000848
0.000847
0.000847
0.000846
0.000846
0.000845
0.000845
0.000845
0.000844
0.000844
0.000844
0.000843
0.000842
0.000842
0.000842
0.000842
0.000841
0.000841
0.000841
0.000840
0.000840
0.000840
0.000840
0.000839
0.000839
0.000839
0.000839
0.000838
0.000838
0.000838
0.000837
0.000837
0.000837
0.000836
0.000835
0.000847
0.000852
0.000853
0.000853
0.000852
0.000850
0.000848
0.000847
0.000845
0.000844
0.000843
0.000843
0.000842
0.000841
0.000841
0.000841
0.000840
0.000840
0.000839
0.000839
0.000839
0.000838
0.000838
0.000838
0.000838
0.000837
0.000837
0.000837
0.000837
0.000836
0.000836
0.000836
0.000836
0.000836
0.000836
0.000835
0.000835
0.000835
0.000835
0.000835
0.000835
0.000834
0.000834
0.000834
0.000834
0.000834
0.000834
0.000834
0.000833
0.000833
0.000833
0.000833
0.000833
0.000833
0.000833
0.000833
0.000833
0.000832
0.000832
0.000832
0.000832
0.000832
0.000832
0.000832
0.000832
0.000831
0.000831
0.000831
0.000831
0.000831
0.000831
0.000831
0.000830
0.000830
0.000830
0.000830
0.000830
0.000830
0.000830
0.000830
0.000830
0.000830
0.000829
0.000829
0.000829
0.000829
0.000829
0.000829
0.000829
0.000829
0.000829
0.000829
0.000829
0.000828
0.000828
0.000828
0.000828
0.000828
0.000828
0.000813
0.000808
0.000804
0.000805
0.000805
0.000805
0.000805
0.000805
0.000805
0.000805
0.000805
0.000805
0.000805
0.000805
0.000805
0.000805
0.000805
0.000805
0.000805
0.000805
0.000805
0.000804
0.000804
0.000804
0.000804
0.000804
0.000804
0.000804
0.000804
0.000804
0.000804
0.000804
0.000804
0.000804
0.000804
0.000804
0.000804
0.000804
0.000804
0.000804
0.000804
0.000804
0.000804
0.000804
0.000804
0.000804
0.000804
0.000804
0.000804
0.000804
0.000804
0.000804
0.000804
0.000804
0.000804
0.000804
0.000804
0.000804
0.000804
0.000804
0.000804
0.000804
0.000804
0.000804
0.000804
0.000804
0.000804
0.000804
0.000804
0.000804
0.000804
0.000804
0.000804
0.000804
0.000804
0.000804
0.000804
0.000804
0.000804
0.000804
0.000804
0.000804
0.000804
0.000804
0.000804
0.000804
0.000804
0.000804
0.000804
0.000804
0.000804
0.000804
0.000804
0.000804
0.000804
0.000803
0.000803
0.000803
0.000803
0.000803
