0.433263
0.261365
0.135246
0.073624
0.046058
0.028055
0.017912
0.012073
0.009379
0.008402
0.007782
0.007296
0.006907
0.006575
0.006275
0.005993
0.005726
0.005473
0.005231
0.005007
0.004805
0.004626
0.004466
0.004330
0.004214
0.004113
0.004024
0.003945
0.003875
0.003811
0.003753
0.003698
0.003645
0.003593
0.003542
0.003491
0.003438
0.003376
0.003309
0.003238
0.003151
0.003041
0.002908
0.002767
0.002635
0.002522
0.002428
0.002351
0.002286
0.002231
0.002183
0.002140
0.002102
0.002067
0.002036
0.002007
0.001981
0.001957
0.001934
0.001913
0.001893
0.001874
0.001856
0.001840
0.001824
0.001809
0.001794
0.001780
0.001765
0.001751
0.001737
0.001725
0.001713
0.001704
0.001696
0.001687
0.001678
0.001670
0.001662
0.001653
0.001645
0.001637
0.001630
0.001623
0.001617
0.001611
0.001605
0.001599
0.001594
0.001589
0.001583
0.001579
0.001574
0.001569
0.001566
0.001562
0.001559
0.001556
0.001552
0.001550
0.001454
0.001439
0.001436
0.001435
0.001434
0.001433
0.001431
0.001429
0.001428
0.001425
0.001423
0.001421
0.001419
0.001417
0.001414
0.001412
0.001410
0.001408
0.001406
0.001404
0.001403
0.001401
0.001399
0.001398
0.001396
0.001395
0.001394
0.001393
0.001391
0.001390
0.001389
0.001388
0.001387
0.001386
0.001385
0.001384
0.001383
0.001382
0.001381
0.001380
0.001379
0.001378
0.001377
0.001376
0.001375
0.001374
0.001374
0.001373
0.001372
0.001371
0.001371
0.001370
0.001369
0.001369
0.001368
0.001367
0.001367
0.001366
0.001366
0.001365
0.001365
0.001364
0.001364
0.001363
0.001363
0.001362
0.001362
0.001362
0.001361
0.001361
0.001361
0.001360
0.001360
0.001359
0.001359
0.001358
0.001358
0.001358
0.001357
0.001357
0.001357
0.001356
0.001356
0.001356
0.001355
0.001355
0.001355
0.001354
0.001354
0.001354
0.001353
0.001353
0.001353
0.001352
0.001352
0.001351
0.001351
0.001350
0.001350
0.001349
0.001331
0.001338
0.001338
0.001335
0.001333
0.001332
0.001332
0.001332
0.001332
0.001332
0.001331
0.001331
0.001331
0.001331
0.001330
0.001330
0.001330
0.001330
0.001329
0.001329
0.001329
0.001329
0.001328
0.001328
0.001328
0.001327
0.001327
0.001327
0.001326
0.001326
0.001326
0.001325
0.001325
0.001324
0.001324
0.001323
0.001323
0.001323
0.001323
0.001322
0.001321
0.001321
0.001321
0.001320
0.001320
0.001319
0.001319
0.001319
0.001318
0.001317
0.001317
0.001317
0.001316
0.001316
0.001315
0.001315
0.001314
0.001313
0.001313
0.001312
0.001312
0.001311
0.001311
0.001310
0.001309
0.001309
0.001308
0.001308
0.001307
0.001306
0.001306
0.001305
0.001304
0.001304
0.001303
0.001303
0.001302
0.001302
0.001301
0.001301
0.001300
0.001299
0.001299
0.001298
0.001297
0.001297
0.001296
0.001296
0.001295
0.001295
0.001294
0.001293
0.001293
0.001292
0.001292
0.001291
0.001291
0.001290
0.001290
0.001289
0.001283
0.001276
0.001279
0.001282
0.001283
0.001283
0.001283
0.001282
0.001281
0.001280
0.001279
0.001278
0.001278
0.001277
0.001276
0.001276
0.001275
0.001275
0.001274
0.001274
0.001273
0.001273
0.001272
0.001272
0.001272
0.001271
0.001271
0.001270
0.001270
0.001269
0.001269
0.001269
0.001268
0.001268
0.001268
0.001267
0.001267
0.001267
0.001266
0.001266
0.001265
0.001265
0.001265
0.001264
0.001264
0.001264
0.001263
0.001263
0.001263
0.001262
0.001262
0.001262
0.001262
0.001261
0.001261
0.001261
0.001260
0.001260
0.001260
0.001259
0.001259
0.001259
0.001259
0.001258
0.001258
0.001258
0.001258
0.001257
0.001257
0.001257
0.001257
0.001256
0.001256
0.001256
0.001256
0.001255
0.001255
0.001255
0.001255
0.001254
0.001254
0.001254
0.001254
0.001253
0.001253
0.001253
0.001252
0.001252
0.001252
0.001252
0.001252
0.001251
0.001251
0.001251
0.001251
0.001251
0.001250
0.001250
0.001250
0.001250
0.001239
0.001236
0.001234
0.001234
0.001234
0.001233
0.001233
0.001233
0.001233
0.001233
0.001233
0.001232
0.001232
0.001232
0.001232
0.001232
0.001232
0.001232
0.001231
0.001231
0.001231
0.001231
0.001231
0.001231
0.001231
0.001231
0.001230
0.001230
0.001230
0.001230
0.001230
0.001230
0.001230
0.001230
0.001229
0.001229
0.001229
0.001229
0.001229
0.001229
0.001229
0.001229
0.001228
0.001228
0.001228
0.001228
0.001228
0.001228
0.001228
0.001228
0.001228
0.001227
0.001227
0.001227
0.001227
0.001227
0.001227
0.001227
0.001227
0.001227
0.001227
0.001226
0.001226
0.001226
0.001226
0.001226
0.001226
0.001226
0.001226
0.001226
0.001226
0.001225
0.001225
0.001225
0.001225
0.001225
0.001225
0.001225
0.001225
0.001225
0.001225
0.001225
0.001225
0.001224
0.001224
0.001224
0.001224
0.001224
0.001224
0.001224
0.001224
0.001224
0.001224
0.001224
0.001223
0.001223
0.001223
0.001223
0.001223
0.001223
