0.518049
0.369809
0.163765
0.048666
0.031924
0.023817
0.018881
0.014674
0.011259
0.008717
0.006962
0.005891
0.005245
0.004797
0.004440
0.004128
0.003859
0.003643
0.003473
0.003331
0.003207
0.003095
0.003005
0.002914
0.002825
0.002745
0.002673
0.002605
0.002534
0.002462
0.002396
0.002336
0.002282
0.002236
0.002193
0.002154
0.002114
0.002078
0.002046
0.002017
0.001990
0.001966
0.001943
0.001923
0.001900
0.001883
0.001867
0.001850
0.001837
0.001819
0.001808
0.001791
0.001778
0.001761
0.001746
0.001735
0.001724
0.001714
0.001703
0.001693
0.001684
0.001673
0.001664
0.001655
0.001645
0.001637
0.001630
0.001623
0.001617
0.001611
0.001605
0.001599
0.001592
0.001586
0.001580
0.001574
0.001569
0.001564
0.001559
0.001556
0.001552
0.001548
0.001543
0.001539
0.001534
0.001529
0.001524
0.001520
0.001516
0.001512
0.001508
0.001503
0.001499
0.001494
0.001490
0.001485
0.001480
0.001476
0.001472
0.001467
0.001408
0.001414
0.001407
0.001403
0.001401
0.001397
0.001394
0.001391
0.001388
0.001385
0.001382
0.001380
0.001377
0.001375
0.001373
0.001371
0.001369
0.001367
0.001365
0.001363
0.001361
0.001360
0.001358
0.001357
0.001355
0.001354
0.001352
0.001351
0.001350
0.001348
0.001347
0.001346
0.001344
0.001343
0.001342
0.001341
0.001340
0.001339
0.001337
0.001336
0.001335
0.001334
0.001333
0.001332
0.001331
0.001330
0.001329
0.001328
0.001327
0.001326
0.001325
0.001324
0.001323
0.001322
0.001321
0.001320
0.001320
0.001319
0.001318
0.001318
0.001317
0.001317
0.001316
0.001316
0.001315
0.001314
0.001314
0.001314
0.001313
0.001313
0.001312
0.001311
0.001311
0.001311
0.001310
0.001310
0.001310
0.001310
0.001310
0.001310
0.001309
0.001309
0.001308
0.001309
0.001308
0.001308
0.001308
0.001308
0.001308
0.001308
0.001308
0.001308
0.001308
0.001308
0.001308
0.001307
0.001307
0.001307
0.001306
0.001306
0.001292
0.001304
0.001313
0.001315
0.001315
0.001315
0.001314
0.001314
0.001314
0.001314
0.001314
0.001313
0.001313
0.001313
0.001313
0.001312
0.001312
0.001311
0.001311
0.001311
0.001310
0.001310
0.001309
0.001309
0.001309
0.001308
0.001308
0.001307
0.001307
0.001307
0.001307
0.001306
0.001306
0.001306
0.001306
0.001305
0.001305
0.001305
0.001305
0.001304
0.001304
0.001304
0.001304
0.001304
0.001303
0.001303
0.001303
0.001303
0.001303
0.001303
0.001303
0.001302
0.001302
0.001302
0.001302
0.001302
0.001301
0.001302
0.001301
0.001301
0.001301
0.001300
0.001301
0.001300
0.001300
0.001300
0.001300
0.001300
0.001299
0.001300
0.001299
0.001299
0.001299
0.001299
0.001299
0.001298
0.001298
0.001298
0.001298
0.001298
0.001298
0.001298
0.001298
0.001298
0.001298
0.001298
0.001297
0.001297
0.001297
0.001297
0.001296
0.001296
0.001296
0.001296
0.001296
0.001296
0.001296
0.001296
0.001296
0.001296
0.001274
0.001257
0.001251
0.001253
0.001253
0.001252
0.001252
0.001252
0.001252
0.001252
0.001252
0.001252
0.001252
0.001252
0.001252
0.001252
0.001252
0.001252
0.001252
0.001251
0.001251
0.001251
0.001251
0.001251
0.001251
0.001251
0.001251
0.001251
0.001251
0.001251
0.001251
0.001251
0.001251
0.001251
0.001251
0.001251
0.001251
0.001251
0.001251
0.001251
0.001251
0.001251
0.001251
0.001251
0.001250
0.001250
0.001251
0.001250
0.001250
0.001251
0.001250
0.001250
0.001250
0.001250
0.001250
0.001250
0.001250
0.001250
0.001250
0.001250
0.001250
0.001250
0.001250
0.001250
0.001250
0.001250
0.001250
0.001250
0.001250
0.001250
0.001250
0.001250
0.001249
0.001250
0.001249
0.001250
0.001249
0.001249
0.001250
0.001249
0.001249
0.001249
0.001249
0.001249
0.001249
0.001249
0.001249
0.001249
0.001249
0.001249
0.001249
0.001249
0.001249
0.001249
0.001249
0.001249
0.001249
0.001249
0.001249
0.001249
0.001242
0.001245
0.001244
0.001243
0.001242
0.001242
0.001242
0.001242
0.001242
0.001242
0.001242
0.001242
0.001242
0.001242
0.001242
0.001242
0.001241
0.001241
0.001241
0.001241
0.001241
0.001241
0.001241
0.001241
0.001241
0.001241
0.001241
0.001240
0.001240
0.001240
0.001240
0.001240
0.001240
0.001240
0.001240
0.001240
0.001240
0.001240
0.001239
0.001239
0.001239
0.001239
0.001239
0.001239
0.001239
0.001239
0.001239
0.001239
0.001239
0.001239
0.001239
0.001238
0.001238
0.001238
0.001238
0.001238
0.001238
0.001238
0.001238
0.001238
0.001238
0.001238
0.001238
0.001238
0.001238
0.001237
0.001237
0.001237
0.001237
0.001237
0.001237
0.001237
0.001237
0.001237
0.001237
0.001237
0.001237
0.001237
0.001237
0.001237
0.001237
0.001236
0.001236
0.001236
0.001236
0.001236
0.001236
0.001236
0.001236
0.001236
0.001236
0.001236
0.001236
0.001236
0.001236
0.001236
0.001236
0.001235
0.001235
0.001235
