0.435049
0.254926
0.097256
0.041131
0.027313
0.019671
0.013452
0.008302
0.005860
0.005125
0.004779
0.004512
0.004231
0.003928
0.003704
0.003560
0.003451
0.003340
0.003224
0.003105
0.002996
0.002905
0.002830
0.002766
0.002703
0.002643
0.002580
0.002513
0.002442
0.002374
0.002317
0.002266
0.002221
0.002179
0.002138
0.002104
0.002069
0.002031
0.001997
0.001964
0.001932
0.001903
0.001875
0.001850
0.001830
0.001812
0.001791
0.001776
0.001761
0.001745
0.001730
0.001713
0.001694
0.001675
0.001658
0.001644
0.001630
0.001617
0.001605
0.001596
0.001585
0.001574
0.001567
0.001559
0.001552
0.001542
0.001534
0.001527
0.001520
0.001514
0.001506
0.001496
0.001487
0.001480
0.001473
0.001466
0.001462
0.001456
0.001450
0.001443
0.001436
0.001429
0.001425
0.001421
0.001416
0.001410
0.001403
0.001398
0.001393
0.001386
0.001380
0.001374
0.001370
0.001367
0.001365
0.001360
0.001354
0.001350
0.001347
0.001345
0.001233
0.001210
0.001212
0.001218
0.001220
0.001219
0.001217
0.001214
0.001210
0.001207
0.001204
0.001201
0.001198
0.001195
0.001193
0.001190
0.001188
0.001186
0.001184
0.001182
0.001180
0.001178
0.001176
0.001175
0.001173
0.001171
0.001170
0.001169
0.001168
0.001166
0.001165
0.001164
0.001163
0.001162
0.001161
0.001160
0.001159
0.001158
0.001156
0.001155
0.001153
0.001153
0.001151
0.001149
0.001148
0.001147
0.001146
0.001144
0.001143
0.001141
0.001140
0.001139
0.001138
0.001137
0.001136
0.001135
0.001134
0.001133
0.001132
0.001131
0.001130
0.001129
0.001129
0.001128
0.001127
0.001127
0.001126
0.001125
0.001125
0.001124
0.001124
0.001123
0.001122
0.001122
0.001122
0.001121
0.001120
0.001120
0.001120
0.001120
0.001119
0.001119
0.001119
0.001118
0.001118
0.001117
0.001117
0.001117
0.001117
0.001116
0.001116
0.001116
0.001115
0.001115
0.001115
0.001114
0.001114
0.001113
0.001113
0.001113
0.001093
0.001107
0.001110
0.001111
0.001109
0.001107
0.001107
0.001106
0.001105
0.001105
0.001105
0.001105
0.001105
0.001105
0.001104
0.001104
0.001104
0.001103
0.001103
0.001103
0.001103
0.001103
0.001102
0.001102
0.001102
0.001101
0.001101
0.001101
0.001100
0.001100
0.001100
0.001099
0.001099
0.001099
0.001098
0.001098
0.001098
0.001097
0.001097
0.001097
0.001096
0.001096
0.001095
0.001095
0.001094
0.001094
0.001094
0.001093
0.001093
0.001093
0.001092
0.001092
0.001091
0.001091
0.001091
0.001090
0.001090
0.001090
0.001089
0.001089
0.001089
0.001088
0.001088
0.001087
0.001087
0.001087
0.001086
0.001086
0.001085
0.001085
0.001084
0.001084
0.001084
0.001083
0.001083
0.001083
0.001083
0.001082
0.001082
0.001081
0.001081
0.001080
0.001080
0.001079
0.001079
0.001078
0.001078
0.001077
0.001077
0.001076
0.001076
0.001076
0.001075
0.001075
0.001074
0.001074
0.001073
0.001073
0.001073
0.001072
0.001072
0.001050
0.001061
0.001068
0.001067
0.001065
0.001060
0.001054
0.001050
0.001047
0.001045
0.001044
0.001044
0.001043
0.001042
0.001042
0.001041
0.001041
0.001040
0.001040
0.001040
0.001039
0.001039
0.001039
0.001038
0.001038
0.001038
0.001038
0.001037
0.001037
0.001037
0.001037
0.001037
0.001036
0.001036
0.001036
0.001036
0.001036
0.001036
0.001036
0.001035
0.001035
0.001035
0.001035
0.001035
0.001035
0.001034
0.001034
0.001034
0.001034
0.001034
0.001033
0.001033
0.001033
0.001033
0.001033
0.001033
0.001033
0.001032
0.001032
0.001032
0.001032
0.001032
0.001032
0.001032
0.001031
0.001031
0.001031
0.001031
0.001031
0.001031
0.001031
0.001030
0.001030
0.001030
0.001030
0.001030
0.001029
0.001029
0.001029
0.001029
0.001029
0.001028
0.001028
0.001028
0.001028
0.001027
0.001027
0.001027
0.001027
0.001026
0.001026
0.001026
0.001026
0.001026
0.001025
0.001025
0.001025
0.001025
0.001024
0.001008
0.001008
0.001005
0.001003
0.001003
0.001003
0.001003
0.001003
0.001003
0.001002
0.001002
0.001002
0.001002
0.001002
0.001002
0.001002
0.001001
0.001001
0.001001
0.001001
0.001001
0.001001
0.001001
0.001000
0.001000
0.001000
0.001000
0.001000
0.001000
0.001000
0.000999
0.000999
0.000999
0.000999
0.000999
0.000999
0.000999
0.000999
0.000999
0.000998
0.000998
0.000998
0.000998
0.000998
0.000998
0.000998
0.000998
0.000998
0.000997
0.000997
0.000997
0.000997
0.000997
0.000997
0.000997
0.000997
0.000997
0.000996
0.000996
0.000996
0.000996
0.000996
0.000996
0.000996
0.000996
0.000996
0.000995
0.000995
0.000995
0.000995
0.000995
0.000995
0.000995
0.000995
0.000995
0.000994
0.000994
0.000994
0.000994
0.000994
0.000994
0.000994
0.000994
0.000994
0.000994
0.000993
0.000993
0.000993
0.000993
0.000993
0.000993
0.000993
0.000993
0.000993
0.000992
0.000992
0.000992
0.000992
0.000992
0.000992
