0.466208
0.321926
0.200505
0.112967
0.062364
0.034356
0.017459
0.010141
0.008251
0.007642
0.007288
0.007091
0.006956
0.006850
0.006774
0.006705
0.006636
0.006567
0.006499
0.006430
0.006360
0.006283
0.006211
0.006135
0.006050
0.005957
0.005859
0.005759
0.005661
0.005564
0.005476
0.005403
0.005340
0.005288
0.005246
0.005210
0.005179
0.005151
0.005124
0.005097
0.005073
0.005051
0.005029
0.005010
0.004991
0.004971
0.004954
0.004935
0.004917
0.004901
0.004886
0.004872
0.004859
0.004848
0.004838
0.004827
0.004818
0.004809
0.004801
0.004793
0.004786
0.004780
0.004773
0.004768
0.004761
0.004756
0.004750
0.004746
0.004740
0.004736
0.004733
0.004730
0.004726
0.004724
0.004721
0.004719
0.004718
0.004715
0.004712
0.004711
0.004708
0.004706
0.004704
0.004703
0.004701
0.004700
0.004699
0.004698
0.004697
0.004696
0.004694
0.004694
0.004692
0.004691
0.004691
0.004690
0.004689
0.004688
0.004687
0.004686
0.004586
0.004575
0.004574
0.004572
0.004568
0.004566
0.004566
0.004567
0.004566
0.004566
0.004566
0.004566
0.004566
0.004565
0.004565
0.004565
0.004565
0.004565
0.004565
0.004565
0.004565
0.004565
0.004565
0.004565
0.004565
0.004565
0.004565
0.004565
0.004565
0.004565
0.004565
0.004565
0.004565
0.004565
0.004565
0.004565
0.004565
0.004565
0.004565
0.004565
0.004565
0.004566
0.004566
0.004566
0.004566
0.004566
0.004566
0.004566
0.004566
0.004566
0.004566
0.004566
0.004566
0.004566
0.004566
0.004566
0.004566
0.004566
0.004566
0.004566
0.004566
0.004566
0.004566
0.004566
0.004566
0.004566
0.004566
0.004566
0.004566
0.004566
0.004566
0.004567
0.004566
0.004567
0.004567
0.004566
0.004567
0.004567
0.004567
0.004567
0.004567
0.004567
0.004567
0.004567
0.004567
0.004567
0.004567
0.004567
0.004567
0.004567
0.004567
0.004567
0.004567
0.004567
0.004567
0.004567
0.004567
0.004567
0.004567
0.004567
0.004521
0.004529
0.004541
0.004537
0.004532
0.004528
0.004526
0.004526
0.004525
0.004525
0.004524
0.004524
0.004524
0.004523
0.004523
0.004523
0.004523
0.004523
0.004523
0.004522
0.004522
0.004522
0.004522
0.004522
0.004522
0.004522
0.004522
0.004522
0.004522
0.004522
0.004521
0.004521
0.004521
0.004521
0.004521
0.004521
0.004521
0.004521
0.004521
0.004521
0.004521
0.004521
0.004521
0.004521
0.004521
0.004521
0.004521
0.004521
0.004521
0.004521
0.004521
0.004521
0.004521
0.004521
0.004521
0.004521
0.004521
0.004521
0.004521
0.004521
0.004521
0.004521
0.004521
0.004522
0.004522
0.004521
0.004521
0.004521
0.004521
0.004521
0.004521
0.004521
0.004521
0.004521
0.004521
0.004521
0.004521
0.004521
0.004521
0.004521
0.004521
0.004521
0.004521
0.004521
0.004521
0.004521
0.004521
0.004521
0.004521
0.004521
0.004521
0.004521
0.004521
0.004521
0.004521
0.004521
0.004521
0.004521
0.004521
0.004521
0.004492
0.004493
0.004490
0.004490
0.004489
0.004489
0.004489
0.004488
0.004488
0.004488
0.004488
0.004488
0.004488
0.004488
0.004488
0.004488
0.004488
0.004488
0.004488
0.004488
0.004488
0.004488
0.004488
0.004488
0.004488
0.004488
0.004488
0.004488
0.004488
0.004488
0.004488
0.004488
0.004488
0.004488
0.004488
0.004488
0.004488
0.004488
0.004488
0.004488
0.004488
0.004488
0.004488
0.004488
0.004488
0.004488
0.004488
0.004489
0.004489
0.004489
0.004489
0.004489
0.004489
0.004489
0.004489
0.004489
0.004489
0.004489
0.004489
0.004489
0.004489
0.004489
0.004489
0.004489
0.004489
0.004489
0.004489
0.004489
0.004489
0.004489
0.004489
0.004489
0.004489
0.004489
0.004489
0.004489
0.004489
0.004489
0.004489
0.004489
0.004489
0.004489
0.004489
0.004489
0.004489
0.004489
0.004489
0.004489
0.004489
0.004489
0.004489
0.004489
0.004489
0.004489
0.004489
0.004489
0.004489
0.004489
0.004489
0.004489
0.004480
0.004479
0.004480
0.004480
0.004479
0.004479
0.004479
0.004479
0.004479
0.004479
0.004479
0.004479
0.004479
0.004479
0.004479
0.004479
0.004479
0.004479
0.004479
0.004479
0.004479
0.004479
0.004479
0.004479
0.004479
0.004479
0.004479
0.004479
0.004479
0.004479
0.004479
0.004479
0.004479
0.004479
0.004479
0.004479
0.004479
0.004479
0.004479
0.004479
0.004479
0.004479
0.004479
0.004479
0.004479
0.004479
0.004479
0.004479
0.004479
0.004479
0.004479
0.004479
0.004479
0.004479
0.004479
0.004479
0.004479
0.004479
0.004479
0.004479
0.004479
0.004479
0.004479
0.004479
0.004479
0.004479
0.004479
0.004479
0.004479
0.004479
0.004479
0.004479
0.004479
0.004479
0.004479
0.004480
0.004480
0.004480
0.004480
0.004480
0.004480
0.004480
0.004480
0.004480
0.004480
0.004480
0.004480
0.004480
0.004480
0.004480
0.004480
0.004480
0.004480
0.004480
0.004480
0.004480
0.004480
0.004480
0.004480
0.004480
