0.411083
0.121806
0.035397
0.012554
0.007433
0.006310
0.005645
0.005114
0.004684
0.004318
0.003995
0.003725
0.003494
0.003292
0.003117
0.002969
0.002847
0.002744
0.002653
0.002573
0.002500
0.002434
0.002372
0.002317
0.002267
0.002219
0.002172
0.002128
0.002087
0.002047
0.002009
0.001970
0.001933
0.001896
0.001860
0.001824
0.001790
0.001757
0.001724
0.001694
0.001666
0.001640
0.001614
0.001587
0.001559
0.001532
0.001505
0.001478
0.001450
0.001420
0.001385
0.001340
0.001292
0.001248
0.001210
0.001177
0.001148
0.001123
0.001100
0.001079
0.001058
0.001038
0.001018
0.000998
0.000979
0.000961
0.000943
0.000927
0.000913
0.000899
0.000886
0.000874
0.000862
0.000851
0.000841
0.000831
0.000821
0.000813
0.000805
0.000797
0.000790
0.000783
0.000777
0.000770
0.000764
0.000759
0.000753
0.000749
0.000743
0.000738
0.000734
0.000729
0.000724
0.000720
0.000716
0.000712
0.000708
0.000704
0.000701
0.000698
0.000660
0.000655
0.000653
0.000652
0.000650
0.000649
0.000647
0.000645
0.000643
0.000642
0.000640
0.000638
0.000636
0.000634
0.000632
0.000631
0.000629
0.000627
0.000625
0.000624
0.000622
0.000620
0.000618
0.000617
0.000615
0.000613
0.000611
0.000609
0.000607
0.000605
0.000603
0.000601
0.000599
0.000597
0.000595
0.000593
0.000590
0.000588
0.000586
0.000584
0.000582
0.000580
0.000578
0.000576
0.000574
0.000573
0.000571
0.000569
0.000567
0.000565
0.000563
0.000561
0.000560
0.000558
0.000556
0.000555
0.000553
0.000551
0.000549
0.000548
0.000547
0.000546
0.000544
0.000543
0.000542
0.000541
0.000540
0.000539
0.000538
0.000538
0.000537
0.000536
0.000535
0.000534
0.000533
0.000532
0.000531
0.000530
0.000528
0.000527
0.000525
0.000524
0.000522
0.000521
0.000520
0.000519
0.000517
0.000516
0.000514
0.000513
0.000512
0.000510
0.000508
0.000507
0.000506
0.000504
0.000503
0.000502
0.000501
0.000500
0.000482
0.000481
0.000478
0.000479
0.000478
0.000478
0.000477
0.000477
0.000476
0.000476
0.000475
0.000475
0.000474
0.000473
0.000473
0.000472
0.000472
0.000471
0.000471
0.000470
0.000470
0.000469
0.000469
0.000468
0.000468
0.000467
0.000467
0.000466
0.000466
0.000465
0.000465
0.000464
0.000464
0.000464
0.000463
0.000463
0.000463
0.000462
0.000462
0.000462
0.000461
0.000461
0.000461
0.000460
0.000460
0.000460
0.000460
0.000459
0.000459
0.000459
0.000459
0.000458
0.000458
0.000458
0.000458
0.000457
0.000457
0.000457
0.000457
0.000456
0.000456
0.000456
0.000456
0.000455
0.000455
0.000455
0.000455
0.000454
0.000454
0.000454
0.000454
0.000453
0.000453
0.000453
0.000453
0.000452
0.000452
0.000452
0.000452
0.000451
0.000451
0.000451
0.000451
0.000451
0.000451
0.000450
0.000450
0.000450
0.000450
0.000450
0.000449
0.000449
0.000449
0.000449
0.000449
0.000448
0.000448
0.000448
0.000448
0.000447
0.000440
0.000443
0.000445
0.000444
0.000444
0.000444
0.000444
0.000444
0.000443
0.000443
0.000443
0.000443
0.000443
0.000442
0.000442
0.000442
0.000442
0.000442
0.000441
0.000441
0.000441
0.000441
0.000441
0.000440
0.000440
0.000440
0.000440
0.000440
0.000439
0.000439
0.000439
0.000439
0.000439
0.000439
0.000438
0.000438
0.000438
0.000438
0.000438
0.000438
0.000438
0.000438
0.000437
0.000437
0.000437
0.000437
0.000437
0.000437
0.000437
0.000437
0.000437
0.000437
0.000437
0.000436
0.000436
0.000436
0.000436
0.000436
0.000436
0.000436
0.000436
0.000436
0.000436
0.000436
0.000436
0.000436
0.000436
0.000435
0.000435
0.000435
0.000435
0.000435
0.000435
0.000435
0.000435
0.000435
0.000435
0.000435
0.000435
0.000435
0.000435
0.000435
0.000435
0.000435
0.000435
0.000435
0.000435
0.000434
0.000434
0.000434
0.000434
0.000434
0.000434
0.000434
0.000434
0.000434
0.000434
0.000434
0.000434
0.000434
0.000434
0.000433
0.000431
0.000431
0.000431
0.000431
0.000431
0.000431
0.000431
0.000431
0.000431
0.000431
0.000431
0.000431
0.000431
0.000431
0.000431
0.000431
0.000431
0.000431
0.000431
0.000431
0.000431
0.000431
0.000431
0.000431
0.000431
0.000431
0.000431
0.000431
0.000431
0.000431
0.000431
0.000431
0.000431
0.000431
0.000431
0.000431
0.000430
0.000430
0.000430
0.000430
0.000430
0.000430
0.000430
0.000430
0.000430
0.000430
0.000430
0.000430
0.000430
0.000430
0.000430
0.000430
0.000430
0.000430
0.000430
0.000430
0.000430
0.000430
0.000430
0.000430
0.000430
0.000430
0.000430
0.000430
0.000430
0.000430
0.000430
0.000430
0.000430
0.000430
0.000430
0.000430
0.000430
0.000430
0.000430
0.000430
0.000430
0.000430
0.000430
0.000430
0.000429
0.000429
0.000429
0.000429
0.000429
0.000429
0.000429
0.000429
0.000429
0.000429
0.000429
0.000429
0.000429
0.000429
0.000429
0.000429
0.000429
0.000429
