0.340157
0.189365
0.109390
0.057009
0.026741
0.012676
0.008124
0.007252
0.006808
0.006446
0.006155
0.005893
0.005662
0.005461
0.005287
0.005141
0.005015
0.004904
0.004802
0.004701
0.004600
0.004502
0.004403
0.004308
0.004216
0.004129
0.004044
0.003964
0.003886
0.003810
0.003734
0.003654
0.003571
0.003489
0.003405
0.003318
0.003230
0.003143
0.003057
0.002969
0.002880
0.002792
0.002707
0.002627
0.002551
0.002479
0.002410
0.002345
0.002285
0.002232
0.002184
0.002138
0.002096
0.002054
0.002014
0.001975
0.001938
0.001903
0.001870
0.001839
0.001811
0.001784
0.001760
0.001737
0.001715
0.001694
0.001674
0.001656
0.001640
0.001626
0.001612
0.001599
0.001587
0.001575
0.001564
0.001554
0.001543
0.001534
0.001525
0.001517
0.001510
0.001504
0.001497
0.001491
0.001485
0.001479
0.001474
0.001468
0.001462
0.001458
0.001452
0.001448
0.001444
0.001440
0.001435
0.001431
0.001427
0.001423
0.001419
0.001416
0.001363
0.001368
0.001370
0.001369
0.001367
0.001365
0.001363
0.001362
0.001361
0.001360
0.001359
0.001358
0.001357
0.001356
0.001355
0.001354
0.001353
0.001352
0.001351
0.001350
0.001349
0.001348
0.001347
0.001346
0.001345
0.001343
0.001342
0.001341
0.001339
0.001338
0.001337
0.001336
0.001335
0.001334
0.001333
0.001332
0.001330
0.001330
0.001329
0.001328
0.001327
0.001325
0.001324
0.001323
0.001322
0.001321
0.001320
0.001319
0.001318
0.001317
0.001316
0.001315
0.001314
0.001313
0.001312
0.001311
0.001310
0.001308
0.001307
0.001306
0.001305
0.001305
0.001304
0.001303
0.001302
0.001301
0.001300
0.001299
0.001298
0.001297
0.001296
0.001295
0.001294
0.001294
0.001293
0.001292
0.001292
0.001291
0.001291
0.001290
0.001289
0.001288
0.001287
0.001286
0.001286
0.001285
0.001284
0.001284
0.001283
0.001282
0.001281
0.001280
0.001280
0.001279
0.001278
0.001277
0.001277
0.001276
0.001276
0.001275
0.001242
0.001248
0.001257
0.001262
0.001265
0.001266
0.001266
0.001267
0.001267
0.001267
0.001267
0.001267
0.001268
0.001268
0.001268
0.001268
0.001269
0.001269
0.001269
0.001269
0.001269
0.001269
0.001269
0.001269
0.001268
0.001268
0.001267
0.001267
0.001266
0.001265
0.001265
0.001264
0.001263
0.001262
0.001261
0.001260
0.001260
0.001259
0.001258
0.001257
0.001256
0.001256
0.001255
0.001254
0.001253
0.001253
0.001252
0.001251
0.001251
0.001250
0.001249
0.001249
0.001248
0.001248
0.001247
0.001247
0.001246
0.001246
0.001245
0.001245
0.001244
0.001244
0.001243
0.001243
0.001242
0.001242
0.001242
0.001241
0.001241
0.001241
0.001240
0.001240
0.001240
0.001239
0.001239
0.001239
0.001239
0.001238
0.001238
0.001238
0.001237
0.001237
0.001237
0.001236
0.001236
0.001236
0.001235
0.001235
0.001234
0.001234
0.001234
0.001234
0.001233
0.001233
0.001232
0.001232
0.001232
0.001231
0.001231
0.001231
0.001217
0.001204
0.001197
0.001198
0.001198
0.001198
0.001198
0.001198
0.001198
0.001197
0.001197
0.001197
0.001197
0.001197
0.001197
0.001197
0.001197
0.001196
0.001196
0.001196
0.001196
0.001196
0.001196
0.001195
0.001195
0.001195
0.001195
0.001195
0.001195
0.001194
0.001194
0.001194
0.001194
0.001194
0.001194
0.001194
0.001193
0.001193
0.001193
0.001193
0.001193
0.001193
0.001192
0.001192
0.001192
0.001192
0.001192
0.001192
0.001191
0.001191
0.001191
0.001191
0.001191
0.001191
0.001190
0.001190
0.001190
0.001190
0.001190
0.001190
0.001189
0.001189
0.001189
0.001189
0.001189
0.001189
0.001188
0.001188
0.001188
0.001188
0.001188
0.001188
0.001187
0.001187
0.001187
0.001187
0.001187
0.001187
0.001186
0.001186
0.001186
0.001186
0.001186
0.001186
0.001186
0.001185
0.001185
0.001185
0.001185
0.001185
0.001185
0.001184
0.001184
0.001184
0.001184
0.001184
0.001184
0.001184
0.001183
0.001183
0.001175
0.001169
0.001167
0.001167
0.001167
0.001167
0.001167
0.001167
0.001166
0.001166
0.001166
0.001166
0.001166
0.001166
0.001166
0.001166
0.001166
0.001165
0.001165
0.001165
0.001165
0.001165
0.001165
0.001165
0.001165
0.001165
0.001164
0.001164
0.001164
0.001164
0.001164
0.001164
0.001164
0.001164
0.001164
0.001163
0.001163
0.001163
0.001163
0.001163
0.001163
0.001163
0.001163
0.001163
0.001162
0.001162
0.001162
0.001162
0.001162
0.001162
0.001162
0.001162
0.001162
0.001161
0.001161
0.001161
0.001161
0.001161
0.001161
0.001161
0.001161
0.001161
0.001161
0.001160
0.001160
0.001160
0.001160
0.001160
0.001160
0.001160
0.001160
0.001160
0.001160
0.001159
0.001159
0.001159
0.001159
0.001159
0.001159
0.001159
0.001159
0.001159
0.001159
0.001159
0.001158
0.001158
0.001158
0.001158
0.001158
0.001158
0.001158
0.001158
0.001158
0.001158
0.001158
0.001157
0.001157
0.001157
0.001157
0.001157
