0.418022
0.159869
0.045751
0.028062
0.017497
0.012030
0.009190
0.008069
0.007703
0.007492
0.007340
0.007216
0.007103
0.006994
0.006891
0.006789
0.006689
0.006593
0.006498
0.006401
0.006301
0.006199
0.006094
0.005982
0.005865
0.005745
0.005623
0.005503
0.005381
0.005260
0.005139
0.005020
0.004906
0.004794
0.004684
0.004575
0.004468
0.004363
0.004260
0.004162
0.004067
0.003975
0.003887
0.003804
0.003725
0.003651
0.003581
0.003516
0.003455
0.003399
0.003347
0.003299
0.003255
0.003215
0.003176
0.003139
0.003105
0.003072
0.003040
0.003010
0.002981
0.002953
0.002926
0.002900
0.002875
0.002851
0.002828
0.002805
0.002781
0.002757
0.002733
0.002710
0.002686
0.002660
0.002636
0.002611
0.002585
0.002560
0.002535
0.002510
0.002485
0.002457
0.002431
0.002405
0.002379
0.002355
0.002330
0.002305
0.002279
0.002251
0.002216
0.002175
0.002119
0.002055
0.001990
0.001929
0.001869
0.001810
0.001748
0.001684
0.001544
0.001497
0.001455
0.001418
0.001390
0.001365
0.001340
0.001315
0.001292
0.001270
0.001248
0.001228
0.001209
0.001190
0.001172
0.001155
0.001139
0.001123
0.001108
0.001094
0.001081
0.001069
0.001057
0.001046
0.001036
0.001026
0.001016
0.001008
0.000999
0.000992
0.000985
0.000978
0.000972
0.000966
0.000961
0.000956
0.000951
0.000947
0.000943
0.000939
0.000936
0.000932
0.000929
0.000926
0.000923
0.000921
0.000918
0.000916
0.000914
0.000911
0.000909
0.000907
0.000905
0.000903
0.000901
0.000900
0.000898
0.000896
0.000895
0.000893
0.000892
0.000890
0.000889
0.000887
0.000886
0.000885
0.000884
0.000882
0.000881
0.000880
0.000880
0.000879
0.000877
0.000877
0.000876
0.000875
0.000874
0.000873
0.000872
0.000870
0.000870
0.000868
0.000868
0.000867
0.000867
0.000866
0.000865
0.000864
0.000863
0.000862
0.000862
0.000861
0.000861
0.000860
0.000859
0.000858
0.000858
0.000857
0.000856
0.000855
0.000816
0.000816
0.000821
0.000824
0.000827
0.000828
0.000828
0.000828
0.000828
0.000827
0.000827
0.000826
0.000826
0.000825
0.000825
0.000824
0.000824
0.000823
0.000822
0.000822
0.000821
0.000820
0.000820
0.000819
0.000819
0.000818
0.000817
0.000817
0.000816
0.000816
0.000815
0.000814
0.000814
0.000813
0.000812
0.000812
0.000811
0.000810
0.000810
0.000809
0.000808
0.000808
0.000807
0.000807
0.000806
0.000805
0.000805
0.000804
0.000803
0.000803
0.000802
0.000801
0.000800
0.000800
0.000799
0.000799
0.000798
0.000797
0.000796
0.000796
0.000795
0.000794
0.000793
0.000793
0.000792
0.000791
0.000791
0.000790
0.000789
0.000789
0.000788
0.000787
0.000787
0.000786
0.000785
0.000785
0.000784
0.000783
0.000783
0.000782
0.000782
0.000781
0.000780
0.000780
0.000779
0.000779
0.000778
0.000778
0.000777
0.000777
0.000777
0.000776
0.000776
0.000775
0.000775
0.000774
0.000774
0.000774
0.000773
0.000773
0.000768
0.000779
0.000784
0.000787
0.000788
0.000789
0.000789
0.000789
0.000790
0.000790
0.000790
0.000791
0.000791
0.000791
0.000791
0.000791
0.000791
0.000791
0.000791
0.000791
0.000791
0.000791
0.000791
0.000790
0.000790
0.000790
0.000790
0.000789
0.000789
0.000789
0.000788
0.000788
0.000788
0.000788
0.000787
0.000787
0.000787
0.000786
0.000786
0.000786
0.000786
0.000785
0.000785
0.000785
0.000784
0.000784
0.000784
0.000783
0.000783
0.000783
0.000783
0.000782
0.000782
0.000782
0.000781
0.000781
0.000781
0.000781
0.000781
0.000780
0.000780
0.000780
0.000780
0.000780
0.000779
0.000779
0.000779
0.000779
0.000779
0.000779
0.000778
0.000778
0.000778
0.000778
0.000777
0.000777
0.000777
0.000777
0.000777
0.000777
0.000777
0.000776
0.000776
0.000776
0.000776
0.000776
0.000776
0.000775
0.000775
0.000775
0.000775
0.000775
0.000775
0.000774
0.000774
0.000774
0.000774
0.000774
0.000774
0.000774
0.000765
0.000746
0.000743
0.000744
0.000743
0.000743
0.000743
0.000743
0.000743
0.000743
0.000743
0.000743
0.000743
0.000743
0.000743
0.000743
0.000743
0.000743
0.000743
0.000743
0.000743
0.000743
0.000743
0.000743
0.000743
0.000742
0.000742
0.000742
0.000742
0.000742
0.000742
0.000742
0.000742
0.000742
0.000742
0.000742
0.000742
0.000742
0.000742
0.000742
0.000742
0.000742
0.000742
0.000742
0.000742
0.000742
0.000742
0.000742
0.000742
0.000741
0.000741
0.000741
0.000741
0.000741
0.000741
0.000741
0.000741
0.000741
0.000741
0.000741
0.000741
0.000741
0.000741
0.000741
0.000741
0.000741
0.000741
0.000741
0.000741
0.000741
0.000740
0.000740
0.000740
0.000740
0.000740
0.000740
0.000740
0.000740
0.000740
0.000740
0.000740
0.000740
0.000740
0.000740
0.000739
0.000739
0.000739
0.000739
0.000739
0.000739
0.000739
0.000739
0.000739
0.000739
0.000739
0.000739
0.000738
0.000738
0.000738
0.000738
