0.427748
0.321047
0.158733
0.053127
0.036310
0.027037
0.020753
0.015779
0.011577
0.008196
0.006152
0.005393
0.005031
0.004738
0.004523
0.004366
0.004240
0.004112
0.003999
0.003894
0.003797
0.003706
0.003620
0.003538
0.003457
0.003381
0.003314
0.003250
0.003192
0.003138
0.003088
0.003042
0.003001
0.002962
0.002926
0.002891
0.002858
0.002826
0.002798
0.002770
0.002743
0.002716
0.002690
0.002664
0.002641
0.002619
0.002598
0.002577
0.002556
0.002536
0.002515
0.002498
0.002479
0.002460
0.002442
0.002423
0.002404
0.002385
0.002366
0.002349
0.002333
0.002318
0.002304
0.002288
0.002274
0.002260
0.002247
0.002235
0.002223
0.002210
0.002197
0.002183
0.002170
0.002159
0.002149
0.002140
0.002131
0.002122
0.002114
0.002106
0.002100
0.002094
0.002087
0.002080
0.002074
0.002069
0.002063
0.002058
0.002053
0.002048
0.002044
0.002039
0.002036
0.002031
0.002026
0.002023
0.002018
0.002015
0.002012
0.002007
0.001977
0.001934
0.001927
0.001928
0.001927
0.001925
0.001924
0.001922
0.001919
0.001917
0.001915
0.001913
0.001911
0.001909
0.001907
0.001906
0.001903
0.001902
0.001900
0.001899
0.001897
0.001896
0.001895
0.001893
0.001891
0.001890
0.001889
0.001888
0.001887
0.001886
0.001884
0.001883
0.001882
0.001881
0.001880
0.001879
0.001877
0.001876
0.001875
0.001874
0.001873
0.001872
0.001871
0.001870
0.001869
0.001868
0.001867
0.001866
0.001865
0.001865
0.001864
0.001863
0.001862
0.001861
0.001860
0.001859
0.001858
0.001857
0.001856
0.001855
0.001854
0.001853
0.001853
0.001851
0.001850
0.001849
0.001848
0.001846
0.001844
0.001843
0.001842
0.001840
0.001838
0.001836
0.001835
0.001832
0.001829
0.001827
0.001824
0.001822
0.001818
0.001815
0.001812
0.001809
0.001805
0.001801
0.001798
0.001794
0.001788
0.001783
0.001777
0.001771
0.001763
0.001755
0.001745
0.001735
0.001724
0.001712
0.001701
0.001690
0.001661
0.001667
0.001668
0.001666
0.001664
0.001660
0.001657
0.001654
0.001651
0.001648
0.001646
0.001643
0.001641
0.001639
0.001636
0.001635
0.001634
0.001633
0.001631
0.001630
0.001629
0.001627
0.001626
0.001625
0.001623
0.001622
0.001621
0.001620
0.001619
0.001618
0.001617
0.001616
0.001614
0.001613
0.001612
0.001610
0.001609
0.001607
0.001606
0.001605
0.001604
0.001603
0.001601
0.001600
0.001599
0.001598
0.001597
0.001595
0.001594
0.001593
0.001592
0.001591
0.001591
0.001590
0.001589
0.001588
0.001587
0.001586
0.001585
0.001585
0.001584
0.001583
0.001582
0.001582
0.001581
0.001580
0.001580
0.001579
0.001578
0.001578
0.001577
0.001576
0.001575
0.001575
0.001574
0.001573
0.001573
0.001572
0.001571
0.001570
0.001569
0.001568
0.001568
0.001567
0.001566
0.001565
0.001565
0.001564
0.001563
0.001563
0.001562
0.001561
0.001560
0.001560
0.001559
0.001558
0.001557
0.001557
0.001556
0.001555
0.001541
0.001516
0.001518
0.001517
0.001516
0.001516
0.001516
0.001516
0.001515
0.001515
0.001515
0.001515
0.001515
0.001514
0.001514
0.001514
0.001513
0.001513
0.001513
0.001513
0.001512
0.001512
0.001512
0.001512
0.001511
0.001511
0.001511
0.001510
0.001510
0.001510
0.001510
0.001510
0.001509
0.001509
0.001509
0.001508
0.001508
0.001508
0.001508
0.001507
0.001507
0.001507
0.001507
0.001506
0.001506
0.001506
0.001506
0.001506
0.001505
0.001505
0.001505
0.001505
0.001504
0.001504
0.001504
0.001504
0.001503
0.001503
0.001503
0.001503
0.001502
0.001502
0.001502
0.001502
0.001501
0.001501
0.001501
0.001501
0.001500
0.001500
0.001500
0.001500
0.001500
0.001499
0.001499
0.001499
0.001499
0.001498
0.001498
0.001498
0.001498
0.001498
0.001497
0.001497
0.001497
0.001497
0.001496
0.001496
0.001496
0.001496
0.001495
0.001495
0.001495
0.001495
0.001494
0.001494
0.001494
0.001494
0.001493
0.001493
0.001487
0.001487
0.001485
0.001484
0.001484
0.001484
0.001483
0.001483
0.001483
0.001483
0.001483
0.001483
0.001482
0.001482
0.001482
0.001482
0.001481
0.001481
0.001481
0.001481
0.001481
0.001481
0.001480
0.001480
0.001480
0.001480
0.001480
0.001479
0.001479
0.001479
0.001479
0.001479
0.001479
0.001478
0.001478
0.001478
0.001478
0.001478
0.001478
0.001477
0.001477
0.001477
0.001477
0.001477
0.001476
0.001476
0.001476
0.001476
0.001476
0.001476
0.001475
0.001475
0.001475
0.001475
0.001475
0.001474
0.001474
0.001474
0.001474
0.001474
0.001474
0.001473
0.001473
0.001473
0.001473
0.001473
0.001472
0.001472
0.001472
0.001472
0.001472
0.001471
0.001471
0.001471
0.001471
0.001471
0.001471
0.001470
0.001470
0.001470
0.001470
0.001470
0.001469
0.001469
0.001469
0.001469
0.001469
0.001468
0.001468
0.001468
0.001468
0.001468
0.001468
0.001467
0.001467
0.001467
0.001467
0.001467
0.001466
0.001466
