0.411962
0.264174
0.189375
0.065191
0.032010
0.021778
0.016460
0.012719
0.010140
0.008147
0.006534
0.005284
0.004384
0.003776
0.003392
0.003151
0.002993
0.002879
0.002790
0.002718
0.002654
0.002596
0.002542
0.002494
0.002448
0.002402
0.002356
0.002310
0.002261
0.002212
0.002162
0.002112
0.002065
0.002021
0.001979
0.001941
0.001906
0.001872
0.001839
0.001807
0.001777
0.001746
0.001716
0.001689
0.001663
0.001637
0.001613
0.001589
0.001567
0.001546
0.001527
0.001508
0.001490
0.001471
0.001453
0.001437
0.001422
0.001408
0.001395
0.001383
0.001372
0.001362
0.001352
0.001343
0.001334
0.001325
0.001318
0.001312
0.001307
0.001303
0.001300
0.001299
0.001296
0.001294
0.001292
0.001289
0.001286
0.001284
0.001280
0.001275
0.001271
0.001267
0.001263
0.001259
0.001256
0.001253
0.001250
0.001247
0.001243
0.001240
0.001238
0.001237
0.001237
0.001235
0.001232
0.001229
0.001227
0.001225
0.001222
0.001221
0.001170
0.001161
0.001159
0.001160
0.001160
0.001159
0.001158
0.001157
0.001155
0.001154
0.001152
0.001151
0.001149
0.001148
0.001146
0.001144
0.001143
0.001141
0.001140
0.001139
0.001138
0.001137
0.001135
0.001134
0.001134
0.001133
0.001132
0.001132
0.001131
0.001131
0.001130
0.001130
0.001130
0.001129
0.001129
0.001129
0.001129
0.001128
0.001128
0.001128
0.001127
0.001127
0.001126
0.001126
0.001125
0.001124
0.001123
0.001123
0.001122
0.001121
0.001120
0.001119
0.001118
0.001117
0.001116
0.001115
0.001114
0.001113
0.001112
0.001112
0.001111
0.001110
0.001109
0.001109
0.001108
0.001107
0.001107
0.001106
0.001106
0.001105
0.001104
0.001104
0.001103
0.001103
0.001102
0.001102
0.001101
0.001101
0.001101
0.001100
0.001100
0.001099
0.001099
0.001098
0.001098
0.001098
0.001097
0.001097
0.001097
0.001096
0.001096
0.001096
0.001095
0.001095
0.001095
0.001095
0.001094
0.001094
0.001094
0.001093
0.001085
0.001093
0.001085
0.001082
0.001080
0.001080
0.001080
0.001081
0.001081
0.001081
0.001081
0.001081
0.001081
0.001081
0.001081
0.001081
0.001081
0.001081
0.001081
0.001081
0.001081
0.001082
0.001082
0.001082
0.001082
0.001082
0.001082
0.001082
0.001082
0.001082
0.001082
0.001082
0.001082
0.001082
0.001082
0.001082
0.001082
0.001082
0.001082
0.001082
0.001082
0.001082
0.001082
0.001082
0.001081
0.001081
0.001081
0.001081
0.001081
0.001081
0.001081
0.001081
0.001081
0.001081
0.001080
0.001080
0.001080
0.001080
0.001080
0.001080
0.001080
0.001080
0.001080
0.001080
0.001079
0.001079
0.001079
0.001079
0.001079
0.001079
0.001078
0.001078
0.001078
0.001078
0.001078
0.001078
0.001078
0.001078
0.001077
0.001077
0.001077
0.001077
0.001076
0.001076
0.001076
0.001076
0.001076
0.001076
0.001075
0.001075
0.001075
0.001075
0.001075
0.001074
0.001074
0.001074
0.001074
0.001074
0.001073
0.001073
0.001068
0.001058
0.001058
0.001061
0.001059
0.001058
0.001056
0.001055
0.001054
0.001053
0.001052
0.001052
0.001051
0.001051
0.001051
0.001050
0.001050
0.001050
0.001049
0.001049
0.001049
0.001049
0.001049
0.001049
0.001048
0.001048
0.001048
0.001048
0.001048
0.001047
0.001047
0.001047
0.001047
0.001047
0.001047
0.001046
0.001046
0.001046
0.001046
0.001046
0.001046
0.001046
0.001046
0.001046
0.001045
0.001045
0.001045
0.001045
0.001045
0.001045
0.001045
0.001045
0.001044
0.001044
0.001044
0.001044
0.001044
0.001044
0.001044
0.001044
0.001043
0.001043
0.001043
0.001043
0.001043
0.001043
0.001043
0.001043
0.001043
0.001043
0.001042
0.001042
0.001042
0.001042
0.001042
0.001042
0.001042
0.001042
0.001042
0.001041
0.001041
0.001041
0.001041
0.001041
0.001041
0.001041
0.001041
0.001041
0.001040
0.001040
0.001040
0.001040
0.001040
0.001040
0.001040
0.001040
0.001040
0.001039
0.001039
0.001039
0.001028
0.001029
0.001028
0.001028
0.001029
0.001028
0.001028
0.001028
0.001028
0.001028
0.001028
0.001028
0.001028
0.001028
0.001027
0.001027
0.001027
0.001027
0.001027
0.001027
0.001027
0.001027
0.001027
0.001027
0.001026
0.001026
0.001026
0.001026
0.001026
0.001026
0.001026
0.001026
0.001026
0.001026
0.001025
0.001025
0.001025
0.001025
0.001025
0.001025
0.001025
0.001025
0.001025
0.001025
0.001024
0.001024
0.001024
0.001024
0.001024
0.001024
0.001024
0.001024
0.001024
0.001024
0.001024
0.001023
0.001023
0.001023
0.001023
0.001023
0.001023
0.001023
0.001023
0.001023
0.001023
0.001023
0.001022
0.001022
0.001022
0.001022
0.001022
0.001022
0.001022
0.001022
0.001022
0.001022
0.001022
0.001022
0.001021
0.001021
0.001021
0.001021
0.001021
0.001021
0.001021
0.001021
0.001021
0.001021
0.001021
0.001021
0.001021
0.001020
0.001020
0.001020
0.001020
0.001020
0.001020
0.001020
0.001020
0.001020
