0.446188
0.241074
0.114631
0.070391
0.045712
0.030025
0.022243
0.016927
0.012846
0.009819
0.007748
0.006402
0.005567
0.005077
0.004770
0.004539
0.004343
0.004171
0.004014
0.003871
0.003740
0.003619
0.003506
0.003403
0.003306
0.003216
0.003135
0.003060
0.002992
0.002931
0.002874
0.002824
0.002779
0.002737
0.002698
0.002661
0.002629
0.002599
0.002571
0.002544
0.002518
0.002492
0.002470
0.002449
0.002430
0.002412
0.002395
0.002380
0.002365
0.002350
0.002336
0.002323
0.002310
0.002297
0.002286
0.002275
0.002265
0.002254
0.002244
0.002234
0.002224
0.002213
0.002202
0.002193
0.002182
0.002173
0.002164
0.002153
0.002144
0.002133
0.002122
0.002111
0.002099
0.002089
0.002078
0.002068
0.002057
0.002048
0.002039
0.002030
0.002022
0.002015
0.002008
0.002000
0.001993
0.001986
0.001979
0.001970
0.001963
0.001957
0.001950
0.001943
0.001937
0.001932
0.001925
0.001919
0.001913
0.001907
0.001900
0.001894
0.001833
0.001850
0.001849
0.001843
0.001839
0.001838
0.001835
0.001832
0.001829
0.001826
0.001824
0.001821
0.001818
0.001815
0.001812
0.001808
0.001805
0.001802
0.001799
0.001796
0.001792
0.001789
0.001785
0.001782
0.001778
0.001776
0.001772
0.001769
0.001766
0.001762
0.001758
0.001755
0.001753
0.001750
0.001747
0.001744
0.001741
0.001739
0.001736
0.001733
0.001731
0.001728
0.001725
0.001723
0.001720
0.001717
0.001715
0.001713
0.001711
0.001708
0.001706
0.001704
0.001702
0.001699
0.001697
0.001695
0.001693
0.001691
0.001689
0.001687
0.001685
0.001683
0.001682
0.001680
0.001678
0.001676
0.001675
0.001673
0.001671
0.001670
0.001668
0.001667
0.001665
0.001664
0.001662
0.001661
0.001660
0.001659
0.001657
0.001656
0.001655
0.001654
0.001653
0.001652
0.001651
0.001650
0.001649
0.001648
0.001646
0.001645
0.001644
0.001643
0.001642
0.001641
0.001641
0.001640
0.001639
0.001637
0.001637
0.001636
0.001620
0.001632
0.001633
0.001632
0.001630
0.001630
0.001629
0.001629
0.001628
0.001628
0.001628
0.001627
0.001627
0.001627
0.001627
0.001627
0.001626
0.001626
0.001626
0.001625
0.001625
0.001624
0.001624
0.001623
0.001623
0.001622
0.001622
0.001621
0.001621
0.001621
0.001620
0.001620
0.001619
0.001618
0.001618
0.001617
0.001617
0.001616
0.001616
0.001615
0.001615
0.001614
0.001614
0.001613
0.001612
0.001612
0.001611
0.001611
0.001610
0.001610
0.001609
0.001608
0.001608
0.001607
0.001607
0.001606
0.001606
0.001605
0.001604
0.001604
0.001603
0.001603
0.001602
0.001602
0.001601
0.001600
0.001600
0.001599
0.001599
0.001598
0.001597
0.001597
0.001596
0.001595
0.001594
0.001594
0.001593
0.001592
0.001592
0.001591
0.001590
0.001590
0.001589
0.001589
0.001588
0.001587
0.001587
0.001586
0.001585
0.001584
0.001584
0.001583
0.001583
0.001582
0.001581
0.001580
0.001579
0.001579
0.001578
0.001577
0.001555
0.001548
0.001545
0.001546
0.001545
0.001545
0.001544
0.001544
0.001544
0.001543
0.001543
0.001543
0.001542
0.001542
0.001542
0.001541
0.001541
0.001541
0.001540
0.001540
0.001540
0.001539
0.001539
0.001539
0.001538
0.001538
0.001538
0.001537
0.001537
0.001537
0.001536
0.001536
0.001536
0.001535
0.001535
0.001535
0.001534
0.001534
0.001534
0.001533
0.001533
0.001533
0.001532
0.001532
0.001532
0.001531
0.001531
0.001530
0.001530
0.001530
0.001529
0.001529
0.001529
0.001528
0.001528
0.001527
0.001527
0.001527
0.001526
0.001526
0.001525
0.001525
0.001524
0.001524
0.001523
0.001523
0.001523
0.001522
0.001522
0.001521
0.001521
0.001520
0.001520
0.001520
0.001519
0.001519
0.001518
0.001518
0.001517
0.001517
0.001517
0.001516
0.001516
0.001515
0.001515
0.001514
0.001514
0.001513
0.001513
0.001512
0.001512
0.001511
0.001511
0.001510
0.001510
0.001509
0.001509
0.001508
0.001507
0.001507
0.001500
0.001499
0.001499
0.001498
0.001498
0.001498
0.001497
0.001497
0.001497
0.001496
0.001496
0.001496
0.001495
0.001495
0.001495
0.001494
0.001494
0.001494
0.001493
0.001493
0.001493
0.001492
0.001492
0.001492
0.001492
0.001491
0.001491
0.001491
0.001490
0.001490
0.001490
0.001489
0.001489
0.001489
0.001488
0.001488
0.001488
0.001487
0.001487
0.001487
0.001486
0.001486
0.001486
0.001485
0.001485
0.001485
0.001485
0.001484
0.001484
0.001484
0.001483
0.001483
0.001482
0.001482
0.001482
0.001481
0.001481
0.001481
0.001480
0.001480
0.001480
0.001479
0.001479
0.001479
0.001478
0.001478
0.001478
0.001477
0.001477
0.001477
0.001476
0.001476
0.001475
0.001475
0.001475
0.001474
0.001474
0.001474
0.001473
0.001473
0.001473
0.001472
0.001472
0.001471
0.001471
0.001471
0.001470
0.001470
0.001470
0.001469
0.001469
0.001468
0.001468
0.001468
0.001467
0.001467
0.001467
0.001466
0.001466
0.001465
