0.506424
0.457009
0.353049
0.224294
0.118395
0.049875
0.037421
0.028296
0.021242
0.015401
0.011320
0.009116
0.007829
0.006825
0.006091
0.005528
0.005073
0.004703
0.004405
0.004163
0.003962
0.003789
0.003633
0.003488
0.003348
0.003214
0.003082
0.002968
0.002871
0.002782
0.002693
0.002604
0.002524
0.002452
0.002381
0.002316
0.002260
0.002212
0.002173
0.002139
0.002106
0.002080
0.002056
0.002033
0.002015
0.001998
0.001978
0.001966
0.001952
0.001940
0.001928
0.001916
0.001906
0.001895
0.001884
0.001876
0.001866
0.001858
0.001851
0.001844
0.001835
0.001829
0.001823
0.001816
0.001810
0.001804
0.001797
0.001791
0.001786
0.001780
0.001775
0.001769
0.001765
0.001760
0.001755
0.001749
0.001743
0.001737
0.001731
0.001725
0.001718
0.001714
0.001707
0.001700
0.001691
0.001684
0.001677
0.001671
0.001666
0.001659
0.001653
0.001647
0.001641
0.001636
0.001629
0.001623
0.001619
0.001614
0.001608
0.001603
0.001536
0.001525
0.001521
0.001515
0.001511
0.001507
0.001506
0.001504
0.001502
0.001501
0.001500
0.001499
0.001498
0.001497
0.001496
0.001495
0.001494
0.001493
0.001491
0.001490
0.001489
0.001488
0.001487
0.001486
0.001485
0.001483
0.001482
0.001480
0.001479
0.001477
0.001476
0.001475
0.001473
0.001471
0.001470
0.001469
0.001467
0.001465
0.001464
0.001463
0.001461
0.001460
0.001458
0.001457
0.001455
0.001453
0.001452
0.001451
0.001449
0.001448
0.001447
0.001445
0.001444
0.001442
0.001441
0.001440
0.001438
0.001437
0.001436
0.001434
0.001433
0.001431
0.001430
0.001428
0.001427
0.001425
0.001423
0.001422
0.001419
0.001418
0.001417
0.001415
0.001414
0.001412
0.001411
0.001409
0.001408
0.001406
0.001405
0.001404
0.001402
0.001401
0.001400
0.001398
0.001398
0.001396
0.001395
0.001394
0.001393
0.001392
0.001391
0.001390
0.001389
0.001388
0.001386
0.001385
0.001384
0.001383
0.001382
0.001381
0.001370
0.001347
0.001351
0.001345
0.001347
0.001345
0.001345
0.001345
0.001345
0.001344
0.001344
0.001344
0.001344
0.001343
0.001343
0.001343
0.001342
0.001342
0.001342
0.001341
0.001341
0.001340
0.001340
0.001339
0.001339
0.001339
0.001338
0.001338
0.001337
0.001337
0.001336
0.001336
0.001335
0.001335
0.001335
0.001334
0.001334
0.001333
0.001332
0.001332
0.001331
0.001331
0.001330
0.001330
0.001330
0.001329
0.001329
0.001328
0.001328
0.001327
0.001327
0.001326
0.001326
0.001325
0.001325
0.001325
0.001324
0.001324
0.001323
0.001323
0.001323
0.001322
0.001322
0.001321
0.001321
0.001321
0.001320
0.001320
0.001320
0.001319
0.001319
0.001319
0.001318
0.001318
0.001317
0.001317
0.001317
0.001316
0.001316
0.001316
0.001316
0.001315
0.001315
0.001314
0.001314
0.001314
0.001313
0.001313
0.001313
0.001312
0.001312
0.001312
0.001311
0.001311
0.001310
0.001310
0.001310
0.001310
0.001309
0.001309
0.001296
0.001294
0.001289
0.001289
0.001289
0.001289
0.001289
0.001288
0.001288
0.001288
0.001288
0.001288
0.001287
0.001287
0.001287
0.001287
0.001286
0.001286
0.001286
0.001286
0.001286
0.001285
0.001285
0.001285
0.001285
0.001285
0.001284
0.001284
0.001284
0.001284
0.001284
0.001284
0.001283
0.001283
0.001283
0.001283
0.001283
0.001282
0.001282
0.001282
0.001282
0.001282
0.001281
0.001281
0.001281
0.001281
0.001281
0.001281
0.001280
0.001280
0.001280
0.001280
0.001280
0.001279
0.001279
0.001279
0.001279
0.001279
0.001278
0.001278
0.001278
0.001278
0.001278
0.001278
0.001277
0.001277
0.001277
0.001277
0.001277
0.001276
0.001276
0.001276
0.001276
0.001276
0.001275
0.001275
0.001275
0.001275
0.001275
0.001275
0.001274
0.001274
0.001274
0.001274
0.001274
0.001273
0.001273
0.001273
0.001273
0.001273
0.001272
0.001272
0.001272
0.001272
0.001271
0.001271
0.001271
0.001271
0.001271
0.001270
0.001263
0.001266
0.001267
0.001268
0.001269
0.001269
0.001269
0.001269
0.001269
0.001269
0.001268
0.001268
0.001268
0.001268
0.001268
0.001268
0.001268
0.001268
0.001268
0.001267
0.001267
0.001267
0.001267
0.001267
0.001267
0.001267
0.001267
0.001266
0.001266
0.001266
0.001266
0.001266
0.001266
0.001266
0.001266
0.001266
0.001265
0.001265
0.001265
0.001265
0.001265
0.001265
0.001265
0.001264
0.001264
0.001264
0.001264
0.001264
0.001264
0.001264
0.001264
0.001263
0.001263
0.001263
0.001263
0.001263
0.001263
0.001263
0.001263
0.001262
0.001262
0.001262
0.001262
0.001262
0.001262
0.001262
0.001262
0.001261
0.001261
0.001261
0.001261
0.001261
0.001261
0.001261
0.001260
0.001260
0.001260
0.001260
0.001260
0.001260
0.001260
0.001260
0.001259
0.001259
0.001259
0.001259
0.001259
0.001259
0.001259
0.001259
0.001258
0.001258
0.001258
0.001258
0.001258
0.001258
0.001258
0.001258
0.001258
0.001257
