0.569389
0.480449
0.421469
0.351469
0.283572
0.239273
0.162521
0.066168
0.041487
0.032283
0.023932
0.018361
0.015295
0.013254
0.011402
0.009606
0.007926
0.006438
0.005250
0.004411
0.003889
0.003578
0.003389
0.003268
0.003184
0.003124
0.003078
0.003037
0.003002
0.002972
0.002946
0.002922
0.002899
0.002879
0.002861
0.002845
0.002829
0.002815
0.002802
0.002790
0.002778
0.002765
0.002753
0.002742
0.002732
0.002723
0.002712
0.002703
0.002694
0.002685
0.002676
0.002669
0.002662
0.002654
0.002647
0.002641
0.002636
0.002630
0.002625
0.002620
0.002615
0.002610
0.002606
0.002602
0.002598
0.002594
0.002590
0.002587
0.002584
0.002580
0.002577
0.002573
0.002570
0.002567
0.002564
0.002562
0.002558
0.002556
0.002553
0.002550
0.002548
0.002545
0.002542
0.002540
0.002537
0.002535
0.002532
0.002530
0.002527
0.002525
0.002522
0.002520
0.002518
0.002516
0.002515
0.002512
0.002510
0.002507
0.002505
0.002503
0.002468
0.002456
0.002457
0.002455
0.002453
0.002450
0.002449
0.002448
0.002448
0.002449
0.002448
0.002447
0.002447
0.002447
0.002447
0.002447
0.002447
0.002446
0.002447
0.002447
0.002446
0.002446
0.002445
0.002445
0.002444
0.002444
0.002443
0.002442
0.002442
0.002441
0.002440
0.002440
0.002439
0.002438
0.002438
0.002438
0.002437
0.002437
0.002436
0.002436
0.002434
0.002434
0.002434
0.002432
0.002432
0.002431
0.002431
0.002430
0.002429
0.002428
0.002427
0.002427
0.002426
0.002425
0.002424
0.002424
0.002423
0.002422
0.002421
0.002421
0.002419
0.002418
0.002417
0.002417
0.002417
0.002416
0.002415
0.002415
0.002414
0.002413
0.002412
0.002412
0.002410
0.002409
0.002408
0.002409
0.002408
0.002406
0.002406
0.002405
0.002403
0.002403
0.002403
0.002402
0.002401
0.002400
0.002400
0.002398
0.002398
0.002396
0.002395
0.002395
0.002394
0.002393
0.002393
0.002392
0.002392
0.002390
0.002390
0.002390
0.002379
0.002322
0.002317
0.002316
0.002313
0.002313
0.002313
0.002313
0.002312
0.002312
0.002312
0.002312
0.002311
0.002311
0.002311
0.002310
0.002310
0.002310
0.002310
0.002309
0.002309
0.002309
0.002308
0.002308
0.002308
0.002307
0.002307
0.002307
0.002307
0.002306
0.002306
0.002306
0.002305
0.002305
0.002305
0.002305
0.002304
0.002304
0.002304
0.002303
0.002303
0.002303
0.002302
0.002302
0.002301
0.002301
0.002301
0.002300
0.002300
0.002299
0.002299
0.002299
0.002299
0.002298
0.002297
0.002297
0.002297
0.002296
0.002296
0.002295
0.002295
0.002295
0.002294
0.002294
0.002294
0.002293
0.002292
0.002292
0.002291
0.002291
0.002291
0.002291
0.002290
0.002289
0.002289
0.002289
0.002288
0.002288
0.002288
0.002287
0.002286
0.002286
0.002286
0.002285
0.002285
0.002284
0.002284
0.002284
0.002283
0.002282
0.002282
0.002281
0.002281
0.002281
0.002280
0.002280
0.002279
0.002279
0.002278
0.002278
0.002263
0.002266
0.002264
0.002261
0.002260
0.002260
0.002260
0.002259
0.002259
0.002258
0.002258
0.002258
0.002257
0.002257
0.002257
0.002256
0.002256
0.002256
0.002255
0.002255
0.002255
0.002254
0.002254
0.002254
0.002253
0.002253
0.002253
0.002252
0.002252
0.002252
0.002251
0.002251
0.002251
0.002250
0.002250
0.002250
0.002249
0.002249
0.002249
0.002248
0.002248
0.002248
0.002247
0.002247
0.002247
0.002246
0.002246
0.002246
0.002245
0.002245
0.002245
0.002244
0.002244
0.002244
0.002244
0.002243
0.002243
0.002243
0.002242
0.002242
0.002242
0.002241
0.002241
0.002241
0.002240
0.002240
0.002240
0.002240
0.002239
0.002239
0.002239
0.002238
0.002238
0.002238
0.002237
0.002237
0.002237
0.002236
0.002236
0.002236
0.002236
0.002235
0.002235
0.002235
0.002234
0.002234
0.002234
0.002233
0.002233
0.002233
0.002233
0.002232
0.002232
0.002232
0.002231
0.002231
0.002231
0.002230
0.002230
0.002230
0.002225
0.002237
0.002246
0.002249
0.002250
0.002250
0.002250
0.002249
0.002248
0.002247
0.002247
0.002246
0.002245
0.002245
0.002244
0.002243
0.002243
0.002242
0.002242
0.002241
0.002241
0.002241
0.002240
0.002240
0.002239
0.002239
0.002239
0.002238
0.002238
0.002238
0.002237
0.002237
0.002237
0.002236
0.002236
0.002236
0.002236
0.002235
0.002235
0.002235
0.002235
0.002234
0.002234
0.002234
0.002234
0.002233
0.002233
0.002233
0.002233
0.002233
0.002232
0.002232
0.002232
0.002232
0.002232
0.002231
0.002231
0.002231
0.002231
0.002231
0.002230
0.002230
0.002230
0.002230
0.002230
0.002229
0.002229
0.002229
0.002229
0.002229
0.002228
0.002228
0.002228
0.002228
0.002228
0.002228
0.002227
0.002227
0.002227
0.002227
0.002227
0.002226
0.002226
0.002226
0.002226
0.002226
0.002226
0.002225
0.002225
0.002225
0.002225
0.002225
0.002225
0.002224
0.002224
0.002224
0.002224
0.002224
0.002224
0.002224
