0.363521
0.154104
0.047579
0.020435
0.012690
0.009238
0.007628
0.006763
0.006217
0.005807
0.005465
0.005199
0.004976
0.004788
0.004620
0.004460
0.004304
0.004153
0.004009
0.003876
0.003756
0.003643
0.003537
0.003437
0.003342
0.003253
0.003169
0.003088
0.003011
0.002937
0.002861
0.002784
0.002706
0.002632
0.002561
0.002491
0.002422
0.002356
0.002296
0.002233
0.002171
0.002109
0.002046
0.001985
0.001926
0.001870
0.001816
0.001762
0.001711
0.001662
0.001613
0.001567
0.001521
0.001477
0.001435
0.001395
0.001355
0.001317
0.001279
0.001247
0.001217
0.001190
0.001166
0.001145
0.001125
0.001107
0.001091
0.001075
0.001061
0.001048
0.001036
0.001025
0.001014
0.001005
0.000997
0.000986
0.000978
0.000970
0.000963
0.000957
0.000952
0.000947
0.000942
0.000938
0.000933
0.000932
0.000928
0.000927
0.000927
0.000925
0.000923
0.000920
0.000917
0.000913
0.000912
0.000910
0.000906
0.000903
0.000899
0.000895
0.000795
0.000767
0.000753
0.000750
0.000747
0.000745
0.000743
0.000741
0.000740
0.000738
0.000737
0.000735
0.000734
0.000733
0.000732
0.000731
0.000730
0.000729
0.000728
0.000727
0.000726
0.000726
0.000725
0.000724
0.000724
0.000723
0.000723
0.000723
0.000722
0.000721
0.000721
0.000720
0.000719
0.000718
0.000717
0.000716
0.000715
0.000713
0.000712
0.000711
0.000709
0.000708
0.000707
0.000706
0.000706
0.000705
0.000704
0.000703
0.000703
0.000702
0.000701
0.000701
0.000700
0.000700
0.000699
0.000699
0.000699
0.000699
0.000698
0.000698
0.000698
0.000698
0.000698
0.000698
0.000698
0.000698
0.000697
0.000697
0.000697
0.000697
0.000697
0.000696
0.000697
0.000697
0.000697
0.000697
0.000696
0.000696
0.000696
0.000696
0.000696
0.000696
0.000696
0.000696
0.000696
0.000696
0.000696
0.000696
0.000696
0.000696
0.000696
0.000695
0.000696
0.000696
0.000696
0.000696
0.000696
0.000696
0.000696
0.000696
0.000666
0.000665
0.000659
0.000657
0.000657
0.000656
0.000656
0.000655
0.000655
0.000655
0.000654
0.000654
0.000654
0.000654
0.000653
0.000653
0.000653
0.000653
0.000652
0.000652
0.000652
0.000652
0.000651
0.000651
0.000650
0.000650
0.000649
0.000649
0.000648
0.000648
0.000647
0.000647
0.000646
0.000646
0.000645
0.000645
0.000645
0.000644
0.000644
0.000643
0.000643
0.000643
0.000642
0.000641
0.000641
0.000640
0.000640
0.000639
0.000639
0.000638
0.000637
0.000637
0.000636
0.000636
0.000635
0.000634
0.000634
0.000633
0.000633
0.000632
0.000631
0.000630
0.000630
0.000629
0.000628
0.000628
0.000627
0.000626
0.000626
0.000625
0.000625
0.000624
0.000623
0.000622
0.000621
0.000621
0.000620
0.000619
0.000618
0.000617
0.000617
0.000616
0.000615
0.000615
0.000614
0.000613
0.000612
0.000611
0.000610
0.000610
0.000609
0.000607
0.000606
0.000605
0.000603
0.000601
0.000599
0.000598
0.000596
0.000594
0.000580
0.000582
0.000586
0.000585
0.000584
0.000583
0.000582
0.000581
0.000580
0.000580
0.000579
0.000578
0.000577
0.000576
0.000576
0.000575
0.000574
0.000573
0.000572
0.000572
0.000571
0.000570
0.000569
0.000568
0.000568
0.000567
0.000566
0.000565
0.000565
0.000564
0.000563
0.000562
0.000562
0.000561
0.000560
0.000560
0.000559
0.000558
0.000558
0.000557
0.000557
0.000556
0.000555
0.000555
0.000554
0.000553
0.000553
0.000552
0.000551
0.000551
0.000550
0.000549
0.000549
0.000548
0.000547
0.000547
0.000546
0.000545
0.000545
0.000544
0.000543
0.000543
0.000542
0.000541
0.000541
0.000540
0.000539
0.000538
0.000538
0.000537
0.000536
0.000536
0.000535
0.000534
0.000534
0.000533
0.000532
0.000532
0.000531
0.000530
0.000529
0.000529
0.000528
0.000527
0.000526
0.000525
0.000525
0.000524
0.000523
0.000522
0.000522
0.000521
0.000520
0.000520
0.000519
0.000518
0.000518
0.000517
0.000516
0.000515
0.000510
0.000511
0.000510
0.000509
0.000509
0.000509
0.000508
0.000508
0.000507
0.000507
0.000507
0.000506
0.000506
0.000506
0.000506
0.000505
0.000505
0.000505
0.000505
0.000504
0.000504
0.000504
0.000503
0.000503
0.000503
0.000503
0.000502
0.000502
0.000502
0.000501
0.000501
0.000501
0.000501
0.000500
0.000500
0.000500
0.000500
0.000499
0.000499
0.000499
0.000498
0.000498
0.000498
0.000498
0.000497
0.000497
0.000497
0.000496
0.000496
0.000496
0.000496
0.000495
0.000495
0.000495
0.000495
0.000494
0.000494
0.000494
0.000494
0.000493
0.000493
0.000493
0.000493
0.000492
0.000492
0.000492
0.000492
0.000491
0.000491
0.000491
0.000491
0.000490
0.000490
0.000490
0.000489
0.000489
0.000489
0.000489
0.000488
0.000488
0.000488
0.000488
0.000487
0.000487
0.000487
0.000487
0.000486
0.000486
0.000486
0.000486
0.000485
0.000485
0.000485
0.000484
0.000484
0.000484
0.000483
0.000483
0.000483
0.000483
