0.513786
0.342720
0.149488
0.064503
0.037933
0.022912
0.013473
0.009435
0.008439
0.008040
0.007854
0.007766
0.007706
0.007657
0.007611
0.007561
0.007504
0.007442
0.007367
0.007285
0.007192
0.007102
0.007012
0.006931
0.006862
0.006795
0.006734
0.006682
0.006639
0.006606
0.006577
0.006549
0.006523
0.006497
0.006472
0.006447
0.006422
0.006398
0.006373
0.006347
0.006321
0.006293
0.006265
0.006234
0.006199
0.006160
0.006118
0.006073
0.006025
0.005977
0.005927
0.005874
0.005823
0.005774
0.005727
0.005683
0.005643
0.005606
0.005571
0.005537
0.005505
0.005475
0.005445
0.005418
0.005391
0.005364
0.005339
0.005313
0.005291
0.005268
0.005246
0.005225
0.005207
0.005187
0.005168
0.005151
0.005135
0.005120
0.005104
0.005089
0.005074
0.005060
0.005047
0.005034
0.005021
0.005008
0.004996
0.004984
0.004972
0.004960
0.004949
0.004939
0.004928
0.004917
0.004906
0.004893
0.004880
0.004866
0.004851
0.004831
0.004758
0.004761
0.004732
0.004703
0.004682
0.004662
0.004631
0.004600
0.004567
0.004534
0.004502
0.004472
0.004444
0.004416
0.004395
0.004376
0.004358
0.004341
0.004327
0.004314
0.004303
0.004294
0.004285
0.004276
0.004269
0.004261
0.004253
0.004245
0.004238
0.004232
0.004227
0.004222
0.004217
0.004211
0.004207
0.004201
0.004198
0.004193
0.004190
0.004184
0.004180
0.004175
0.004171
0.004167
0.004164
0.004159
0.004156
0.004151
0.004148
0.004143
0.004138
0.004133
0.004128
0.004122
0.004116
0.004108
0.004101
0.004094
0.004085
0.004076
0.004065
0.004054
0.004041
0.004027
0.004010
0.003990
0.003969
0.003946
0.003919
0.003890
0.003858
0.003825
0.003788
0.003750
0.003710
0.003669
0.003627
0.003585
0.003542
0.003498
0.003452
0.003406
0.003362
0.003318
0.003273
0.003229
0.003188
0.003148
0.003110
0.003073
0.003037
0.003003
0.002971
0.002938
0.002906
0.002875
0.002843
0.002812
0.002783
0.002755
0.002701
0.002660
0.002631
0.002625
0.002610
0.002597
0.002585
0.002573
0.002561
0.002549
0.002537
0.002525
0.002514
0.002503
0.002492
0.002482
0.002471
0.002461
0.002450
0.002440
0.002430
0.002419
0.002410
0.002400
0.002391
0.002381
0.002372
0.002363
0.002355
0.002346
0.002337
0.002329
0.002321
0.002312
0.002304
0.002296
0.002288
0.002281
0.002273
0.002265
0.002258
0.002250
0.002243
0.002236
0.002229
0.002222
0.002215
0.002209
0.002202
0.002196
0.002190
0.002183
0.002178
0.002171
0.002166
0.002159
0.002154
0.002149
0.002143
0.002137
0.002131
0.002126
0.002120
0.002115
0.002110
0.002106
0.002101
0.002096
0.002091
0.002086
0.002082
0.002077
0.002073
0.002068
0.002064
0.002059
0.002055
0.002051
0.002046
0.002042
0.002038
0.002034
0.002031
0.002026
0.002022
0.002018
0.002014
0.002011
0.002007
0.002003
0.002000
0.001996
0.001993
0.001989
0.001985
0.001982
0.001978
0.001974
0.001970
0.001966
0.001946
0.001941
0.001940
0.001937
0.001934
0.001931
0.001929
0.001927
0.001925
0.001923
0.001920
0.001918
0.001915
0.001913
0.001911
0.001908
0.001906
0.001904
0.001901
0.001899
0.001897
0.001894
0.001892
0.001890
0.001887
0.001885
0.001882
0.001880
0.001878
0.001875
0.001873
0.001870
0.001867
0.001865
0.001862
0.001859
0.001856
0.001854
0.001851
0.001849
0.001846
0.001844
0.001841
0.001838
0.001835
0.001832
0.001828
0.001825
0.001821
0.001818
0.001815
0.001812
0.001809
0.001806
0.001802
0.001799
0.001796
0.001793
0.001790
0.001787
0.001784
0.001781
0.001778
0.001775
0.001772
0.001769
0.001766
0.001763
0.001759
0.001756
0.001753
0.001750
0.001747
0.001744
0.001741
0.001738
0.001734
0.001732
0.001729
0.001726
0.001723
0.001721
0.001719
0.001716
0.001714
0.001712
0.001710
0.001708
0.001705
0.001703
0.001701
0.001699
0.001697
0.001695
0.001693
0.001691
0.001690
0.001688
0.001686
0.001684
0.001676
0.001680
0.001683
0.001683
0.001682
0.001681
0.001680
0.001679
0.001678
0.001677
0.001676
0.001675
0.001674
0.001673
0.001672
0.001671
0.001670
0.001669
0.001669
0.001668
0.001667
0.001665
0.001665
0.001663
0.001662
0.001661
0.001660
0.001659
0.001658
0.001657
0.001656
0.001655
0.001654
0.001653
0.001652
0.001651
0.001650
0.001649
0.001648
0.001647
0.001646
0.001645
0.001644
0.001643
0.001643
0.001642
0.001641
0.001640
0.001639
0.001638
0.001637
0.001636
0.001635
0.001634
0.001633
0.001632
0.001631
0.001630
0.001629
0.001628
0.001627
0.001626
0.001625
0.001624
0.001623
0.001622
0.001621
0.001620
0.001619
0.001618
0.001617
0.001616
0.001615
0.001614
0.001613
0.001612
0.001610
0.001609
0.001608
0.001607
0.001606
0.001605
0.001603
0.001602
0.001601
0.001600
0.001599
0.001597
0.001596
0.001595
0.001594
0.001592
0.001591
0.001590
0.001589
0.001587
0.001586
0.001585
0.001583
0.001582
