0.369861
0.114847
0.044740
0.026583
0.016269
0.009390
0.005816
0.004203
0.003389
0.002995
0.002720
0.002463
0.002271
0.002154
0.002079
0.002020
0.001968
0.001922
0.001876
0.001826
0.001776
0.001728
0.001682
0.001643
0.001612
0.001586
0.001564
0.001545
0.001527
0.001511
0.001494
0.001480
0.001467
0.001452
0.001439
0.001425
0.001413
0.001400
0.001389
0.001379
0.001362
0.001347
0.001333
0.001316
0.001301
0.001287
0.001274
0.001257
0.001244
0.001239
0.001227
0.001213
0.001202
0.001195
0.001189
0.001180
0.001166
0.001155
0.001147
0.001142
0.001139
0.001133
0.001125
0.001114
0.001106
0.001097
0.001091
0.001084
0.001079
0.001075
0.001070
0.001065
0.001062
0.001062
0.001062
0.001060
0.001058
0.001053
0.001051
0.001049
0.001046
0.001042
0.001039
0.001037
0.001034
0.001029
0.001025
0.001021
0.001017
0.001015
0.001014
0.001012
0.001012
0.001010
0.001009
0.001007
0.001003
0.001000
0.000997
0.000997
0.000929
0.000943
0.000920
0.000914
0.000916
0.000913
0.000912
0.000912
0.000911
0.000911
0.000909
0.000909
0.000909
0.000909
0.000909
0.000909
0.000909
0.000909
0.000909
0.000910
0.000910
0.000911
0.000912
0.000913
0.000914
0.000915
0.000916
0.000917
0.000918
0.000919
0.000920
0.000921
0.000922
0.000923
0.000923
0.000924
0.000925
0.000925
0.000926
0.000926
0.000926
0.000927
0.000928
0.000928
0.000928
0.000927
0.000927
0.000927
0.000926
0.000925
0.000925
0.000924
0.000922
0.000921
0.000921
0.000920
0.000919
0.000919
0.000919
0.000919
0.000918
0.000917
0.000917
0.000917
0.000917
0.000916
0.000916
0.000916
0.000915
0.000916
0.000915
0.000915
0.000915
0.000915
0.000915
0.000914
0.000914
0.000913
0.000913
0.000912
0.000912
0.000911
0.000911
0.000910
0.000910
0.000909
0.000909
0.000909
0.000908
0.000909
0.000908
0.000908
0.000908
0.000907
0.000907
0.000906
0.000905
0.000905
0.000905
0.000905
0.000868
0.000879
0.000887
0.000891
0.000892
0.000893
0.000892
0.000891
0.000890
0.000889
0.000887
0.000886
0.000885
0.000884
0.000883
0.000882
0.000881
0.000880
0.000879
0.000878
0.000878
0.000877
0.000876
0.000875
0.000874
0.000873
0.000873
0.000872
0.000871
0.000870
0.000869
0.000868
0.000868
0.000867
0.000866
0.000865
0.000864
0.000864
0.000863
0.000862
0.000861
0.000861
0.000860
0.000860
0.000859
0.000859
0.000858
0.000858
0.000857
0.000857
0.000856
0.000856
0.000856
0.000855
0.000855
0.000855
0.000854
0.000854
0.000854
0.000853
0.000853
0.000852
0.000852
0.000852
0.000851
0.000851
0.000851
0.000851
0.000850
0.000850
0.000850
0.000850
0.000849
0.000849
0.000849
0.000848
0.000848
0.000847
0.000847
0.000847
0.000847
0.000847
0.000846
0.000846
0.000846
0.000845
0.000845
0.000845
0.000844
0.000844
0.000844
0.000844
0.000844
0.000844
0.000844
0.000843
0.000843
0.000843
0.000843
0.000843
0.000830
0.000841
0.000845
0.000848
0.000850
0.000851
0.000852
0.000852
0.000853
0.000853
0.000853
0.000853
0.000854
0.000854
0.000853
0.000854
0.000854
0.000854
0.000853
0.000853
0.000853
0.000852
0.000852
0.000852
0.000851
0.000851
0.000851
0.000851
0.000850
0.000850
0.000850
0.000850
0.000850
0.000849
0.000849
0.000849
0.000849
0.000849
0.000849
0.000849
0.000849
0.000849
0.000849
0.000849
0.000848
0.000848
0.000848
0.000848
0.000848
0.000848
0.000848
0.000848
0.000848
0.000848
0.000847
0.000848
0.000848
0.000847
0.000847
0.000848
0.000847
0.000847
0.000848
0.000847
0.000847
0.000847
0.000847
0.000847
0.000847
0.000847
0.000847
0.000847
0.000847
0.000847
0.000847
0.000847
0.000846
0.000847
0.000846
0.000847
0.000847
0.000846
0.000846
0.000846
0.000846
0.000846
0.000846
0.000846
0.000846
0.000846
0.000846
0.000846
0.000845
0.000846
0.000845
0.000846
0.000845
0.000845
0.000845
0.000845
0.000830
0.000818
0.000815
0.000816
0.000815
0.000815
0.000815
0.000815
0.000815
0.000815
0.000815
0.000815
0.000815
0.000815
0.000815
0.000815
0.000815
0.000815
0.000815
0.000815
0.000815
0.000815
0.000815
0.000815
0.000815
0.000815
0.000815
0.000815
0.000815
0.000815
0.000815
0.000815
0.000815
0.000815
0.000815
0.000815
0.000815
0.000815
0.000815
0.000815
0.000815
0.000815
0.000815
0.000815
0.000815
0.000815
0.000815
0.000815
0.000815
0.000815
0.000815
0.000815
0.000815
0.000815
0.000815
0.000815
0.000815
0.000815
0.000815
0.000816
0.000815
0.000816
0.000815
0.000816
0.000816
0.000815
0.000816
0.000816
0.000816
0.000816
0.000816
0.000816
0.000816
0.000816
0.000816
0.000816
0.000816
0.000816
0.000816
0.000816
0.000816
0.000816
0.000816
0.000816
0.000816
0.000816
0.000816
0.000816
0.000816
0.000816
0.000816
0.000816
0.000816
0.000816
0.000816
0.000816
0.000816
0.000816
0.000816
0.000816
