0.408368
0.191866
0.070705
0.041337
0.026754
0.018636
0.013208
0.009617
0.007275
0.005716
0.004720
0.004052
0.003555
0.003216
0.002975
0.002774
0.002615
0.002480
0.002372
0.002278
0.002193
0.002117
0.002053
0.002002
0.001959
0.001918
0.001880
0.001846
0.001815
0.001786
0.001759
0.001732
0.001706
0.001681
0.001657
0.001634
0.001612
0.001591
0.001572
0.001553
0.001537
0.001523
0.001510
0.001498
0.001487
0.001476
0.001467
0.001458
0.001450
0.001442
0.001435
0.001427
0.001420
0.001414
0.001408
0.001401
0.001394
0.001389
0.001384
0.001379
0.001374
0.001369
0.001364
0.001360
0.001356
0.001352
0.001348
0.001344
0.001340
0.001337
0.001334
0.001330
0.001327
0.001322
0.001318
0.001314
0.001310
0.001306
0.001304
0.001302
0.001300
0.001298
0.001294
0.001291
0.001289
0.001284
0.001282
0.001278
0.001275
0.001269
0.001267
0.001264
0.001260
0.001259
0.001256
0.001253
0.001249
0.001247
0.001243
0.001242
0.001183
0.001181
0.001167
0.001173
0.001170
0.001168
0.001167
0.001165
0.001164
0.001162
0.001160
0.001159
0.001157
0.001156
0.001155
0.001153
0.001152
0.001151
0.001149
0.001148
0.001147
0.001146
0.001145
0.001144
0.001143
0.001142
0.001141
0.001140
0.001139
0.001138
0.001137
0.001137
0.001136
0.001135
0.001134
0.001134
0.001133
0.001132
0.001130
0.001129
0.001128
0.001126
0.001125
0.001124
0.001122
0.001121
0.001120
0.001119
0.001118
0.001116
0.001115
0.001114
0.001112
0.001111
0.001110
0.001109
0.001108
0.001106
0.001105
0.001103
0.001102
0.001101
0.001100
0.001099
0.001098
0.001096
0.001095
0.001094
0.001093
0.001092
0.001091
0.001089
0.001087
0.001086
0.001085
0.001083
0.001082
0.001081
0.001080
0.001079
0.001078
0.001077
0.001076
0.001075
0.001074
0.001073
0.001072
0.001071
0.001069
0.001068
0.001067
0.001066
0.001065
0.001064
0.001063
0.001062
0.001061
0.001060
0.001059
0.001059
0.001039
0.001044
0.001044
0.001045
0.001043
0.001042
0.001041
0.001040
0.001039
0.001039
0.001038
0.001037
0.001036
0.001035
0.001034
0.001034
0.001033
0.001032
0.001031
0.001030
0.001029
0.001029
0.001028
0.001027
0.001026
0.001026
0.001025
0.001024
0.001024
0.001023
0.001022
0.001022
0.001021
0.001020
0.001019
0.001019
0.001019
0.001018
0.001017
0.001017
0.001016
0.001016
0.001015
0.001015
0.001014
0.001014
0.001013
0.001013
0.001013
0.001012
0.001011
0.001011
0.001011
0.001010
0.001010
0.001009
0.001009
0.001008
0.001008
0.001007
0.001007
0.001007
0.001006
0.001006
0.001006
0.001005
0.001005
0.001005
0.001004
0.001004
0.001003
0.001003
0.001003
0.001002
0.001002
0.001001
0.001001
0.001000
0.001000
0.001000
0.000999
0.000999
0.000999
0.000998
0.000998
0.000998
0.000997
0.000997
0.000997
0.000996
0.000996
0.000996
0.000995
0.000995
0.000994
0.000994
0.000994
0.000993
0.000993
0.000993
0.000982
0.000988
0.000991
0.000994
0.000995
0.000995
0.000994
0.000993
0.000992
0.000991
0.000990
0.000989
0.000988
0.000987
0.000986
0.000985
0.000985
0.000984
0.000984
0.000984
0.000983
0.000983
0.000983
0.000982
0.000982
0.000982
0.000982
0.000982
0.000981
0.000981
0.000981
0.000981
0.000981
0.000981
0.000980
0.000980
0.000980
0.000980
0.000980
0.000980
0.000980
0.000980
0.000979
0.000979
0.000979
0.000979
0.000979
0.000979
0.000979
0.000979
0.000979
0.000978
0.000978
0.000978
0.000978
0.000978
0.000978
0.000978
0.000978
0.000978
0.000977
0.000977
0.000977
0.000977
0.000977
0.000977
0.000977
0.000977
0.000977
0.000977
0.000976
0.000976
0.000976
0.000976
0.000976
0.000976
0.000976
0.000976
0.000975
0.000975
0.000975
0.000975
0.000975
0.000975
0.000975
0.000975
0.000974
0.000974
0.000974
0.000974
0.000974
0.000974
0.000974
0.000974
0.000973
0.000973
0.000973
0.000973
0.000973
0.000973
0.000962
0.000956
0.000954
0.000954
0.000955
0.000954
0.000954
0.000954
0.000954
0.000954
0.000954
0.000954
0.000954
0.000954
0.000954
0.000954
0.000954
0.000953
0.000953
0.000953
0.000953
0.000953
0.000953
0.000953
0.000953
0.000953
0.000953
0.000953
0.000953
0.000953
0.000953
0.000953
0.000953
0.000952
0.000952
0.000952
0.000952
0.000952
0.000952
0.000952
0.000952
0.000952
0.000952
0.000952
0.000952
0.000952
0.000952
0.000952
0.000952
0.000952
0.000951
0.000951
0.000951
0.000951
0.000951
0.000951
0.000951
0.000951
0.000951
0.000951
0.000951
0.000951
0.000951
0.000951
0.000951
0.000951
0.000951
0.000951
0.000950
0.000950
0.000950
0.000950
0.000950
0.000950
0.000950
0.000950
0.000950
0.000950
0.000950
0.000950
0.000950
0.000950
0.000950
0.000950
0.000950
0.000949
0.000949
0.000949
0.000949
0.000949
0.000949
0.000949
0.000949
0.000949
0.000949
0.000949
0.000949
0.000949
0.000949
0.000949
