0.284296
0.076214
0.039432
0.019672
0.011420
0.008971
0.007885
0.007196
0.006681
0.006245
0.005849
0.005494
0.005191
0.004934
0.004715
0.004510
0.004317
0.004151
0.003996
0.003856
0.003734
0.003625
0.003520
0.003420
0.003319
0.003212
0.003100
0.002992
0.002884
0.002783
0.002690
0.002606
0.002527
0.002452
0.002381
0.002315
0.002253
0.002195
0.002139
0.002087
0.002038
0.001990
0.001945
0.001901
0.001860
0.001821
0.001785
0.001753
0.001724
0.001696
0.001669
0.001644
0.001623
0.001604
0.001587
0.001568
0.001548
0.001531
0.001515
0.001501
0.001485
0.001471
0.001459
0.001444
0.001432
0.001420
0.001409
0.001398
0.001387
0.001375
0.001364
0.001354
0.001344
0.001335
0.001327
0.001320
0.001312
0.001306
0.001300
0.001294
0.001289
0.001285
0.001281
0.001278
0.001275
0.001272
0.001270
0.001268
0.001267
0.001263
0.001261
0.001259
0.001257
0.001255
0.001253
0.001250
0.001250
0.001246
0.001245
0.001243
0.001205
0.001232
0.001238
0.001232
0.001225
0.001218
0.001214
0.001212
0.001211
0.001210
0.001209
0.001207
0.001206
0.001205
0.001203
0.001202
0.001201
0.001201
0.001199
0.001198
0.001196
0.001195
0.001194
0.001193
0.001191
0.001190
0.001189
0.001187
0.001186
0.001186
0.001185
0.001183
0.001182
0.001181
0.001179
0.001178
0.001177
0.001176
0.001174
0.001173
0.001172
0.001170
0.001169
0.001167
0.001166
0.001165
0.001163
0.001162
0.001161
0.001160
0.001158
0.001157
0.001156
0.001155
0.001154
0.001153
0.001151
0.001150
0.001149
0.001148
0.001146
0.001145
0.001144
0.001143
0.001142
0.001140
0.001140
0.001139
0.001138
0.001137
0.001136
0.001134
0.001133
0.001132
0.001131
0.001130
0.001129
0.001127
0.001126
0.001125
0.001124
0.001123
0.001122
0.001121
0.001120
0.001120
0.001119
0.001118
0.001117
0.001116
0.001115
0.001114
0.001114
0.001113
0.001113
0.001112
0.001111
0.001110
0.001110
0.001110
0.001081
0.001081
0.001090
0.001093
0.001093
0.001092
0.001091
0.001090
0.001090
0.001090
0.001089
0.001089
0.001089
0.001089
0.001088
0.001088
0.001088
0.001087
0.001087
0.001087
0.001087
0.001086
0.001086
0.001086
0.001085
0.001085
0.001085
0.001084
0.001084
0.001083
0.001083
0.001082
0.001082
0.001081
0.001080
0.001080
0.001079
0.001078
0.001078
0.001077
0.001076
0.001076
0.001075
0.001075
0.001074
0.001074
0.001073
0.001073
0.001072
0.001072
0.001071
0.001070
0.001070
0.001069
0.001068
0.001067
0.001066
0.001066
0.001065
0.001064
0.001063
0.001062
0.001061
0.001060
0.001059
0.001058
0.001057
0.001056
0.001056
0.001055
0.001054
0.001053
0.001051
0.001050
0.001049
0.001049
0.001048
0.001047
0.001045
0.001045
0.001043
0.001042
0.001041
0.001040
0.001039
0.001038
0.001037
0.001036
0.001034
0.001034
0.001033
0.001032
0.001031
0.001030
0.001029
0.001028
0.001027
0.001026
0.001026
0.001025
0.001013
0.000995
0.000991
0.000991
0.000990
0.000990
0.000989
0.000989
0.000989
0.000988
0.000988
0.000988
0.000987
0.000987
0.000987
0.000986
0.000986
0.000986
0.000986
0.000985
0.000985
0.000985
0.000984
0.000984
0.000984
0.000984
0.000983
0.000983
0.000983
0.000983
0.000982
0.000982
0.000982
0.000981
0.000981
0.000981
0.000981
0.000980
0.000980
0.000980
0.000979
0.000979
0.000979
0.000978
0.000978
0.000978
0.000977
0.000977
0.000977
0.000976
0.000976
0.000976
0.000976
0.000975
0.000975
0.000975
0.000974
0.000974
0.000974
0.000973
0.000973
0.000973
0.000972
0.000972
0.000972
0.000971
0.000971
0.000970
0.000970
0.000970
0.000970
0.000969
0.000969
0.000969
0.000968
0.000968
0.000968
0.000967
0.000967
0.000967
0.000966
0.000966
0.000966
0.000965
0.000965
0.000965
0.000964
0.000964
0.000964
0.000963
0.000963
0.000963
0.000962
0.000962
0.000962
0.000961
0.000961
0.000960
0.000960
0.000960
0.000948
0.000943
0.000941
0.000941
0.000941
0.000941
0.000941
0.000940
0.000940
0.000940
0.000940
0.000940
0.000939
0.000939
0.000939
0.000939
0.000939
0.000939
0.000938
0.000938
0.000938
0.000938
0.000938
0.000937
0.000937
0.000937
0.000937
0.000937
0.000937
0.000936
0.000936
0.000936
0.000936
0.000936
0.000935
0.000935
0.000935
0.000935
0.000935
0.000935
0.000934
0.000934
0.000934
0.000934
0.000934
0.000934
0.000933
0.000933
0.000933
0.000933
0.000933
0.000933
0.000932
0.000932
0.000932
0.000932
0.000932
0.000932
0.000931
0.000931
0.000931
0.000931
0.000931
0.000930
0.000930
0.000930
0.000930
0.000930
0.000930
0.000930
0.000929
0.000929
0.000929
0.000929
0.000929
0.000929
0.000928
0.000928
0.000928
0.000928
0.000928
0.000928
0.000928
0.000927
0.000927
0.000927
0.000927
0.000927
0.000927
0.000927
0.000926
0.000926
0.000926
0.000926
0.000926
0.000926
0.000926
0.000925
0.000925
0.000925
