0.445907
0.193325
0.041958
0.017963
0.011280
0.008649
0.007122
0.006238
0.005651
0.005228
0.004888
0.004599
0.004328
0.004108
0.003938
0.003790
0.003657
0.003533
0.003411
0.003294
0.003177
0.003065
0.002946
0.002825
0.002703
0.002585
0.002469
0.002361
0.002265
0.002177
0.002095
0.002020
0.001949
0.001883
0.001822
0.001771
0.001725
0.001681
0.001641
0.001605
0.001571
0.001538
0.001509
0.001480
0.001454
0.001430
0.001406
0.001383
0.001360
0.001337
0.001315
0.001294
0.001274
0.001254
0.001234
0.001215
0.001196
0.001179
0.001163
0.001147
0.001131
0.001116
0.001101
0.001087
0.001074
0.001061
0.001049
0.001038
0.001026
0.001015
0.001003
0.000992
0.000983
0.000973
0.000964
0.000955
0.000948
0.000939
0.000932
0.000925
0.000917
0.000911
0.000904
0.000896
0.000890
0.000882
0.000876
0.000869
0.000863
0.000858
0.000852
0.000847
0.000841
0.000836
0.000832
0.000827
0.000823
0.000819
0.000814
0.000809
0.000782
0.000771
0.000766
0.000761
0.000760
0.000758
0.000755
0.000753
0.000751
0.000749
0.000747
0.000745
0.000743
0.000741
0.000740
0.000738
0.000736
0.000734
0.000732
0.000730
0.000729
0.000727
0.000725
0.000723
0.000721
0.000720
0.000718
0.000716
0.000714
0.000713
0.000711
0.000710
0.000708
0.000707
0.000706
0.000704
0.000703
0.000701
0.000700
0.000698
0.000697
0.000696
0.000694
0.000693
0.000692
0.000690
0.000689
0.000688
0.000687
0.000685
0.000684
0.000683
0.000682
0.000680
0.000679
0.000678
0.000677
0.000675
0.000674
0.000673
0.000671
0.000669
0.000668
0.000667
0.000665
0.000664
0.000662
0.000660
0.000659
0.000658
0.000656
0.000655
0.000653
0.000652
0.000651
0.000649
0.000648
0.000647
0.000645
0.000644
0.000643
0.000642
0.000640
0.000638
0.000637
0.000635
0.000633
0.000632
0.000630
0.000629
0.000628
0.000627
0.000626
0.000624
0.000623
0.000622
0.000620
0.000619
0.000617
0.000616
0.000590
0.000582
0.000582
0.000582
0.000582
0.000581
0.000580
0.000579
0.000578
0.000578
0.000577
0.000576
0.000575
0.000574
0.000573
0.000573
0.000572
0.000571
0.000570
0.000570
0.000569
0.000568
0.000567
0.000566
0.000566
0.000565
0.000564
0.000564
0.000563
0.000563
0.000562
0.000561
0.000561
0.000560
0.000559
0.000559
0.000558
0.000557
0.000557
0.000556
0.000556
0.000555
0.000555
0.000554
0.000554
0.000553
0.000552
0.000552
0.000551
0.000551
0.000550
0.000550
0.000549
0.000549
0.000548
0.000548
0.000547
0.000546
0.000546
0.000545
0.000545
0.000545
0.000544
0.000544
0.000543
0.000543
0.000542
0.000542
0.000542
0.000541
0.000541
0.000540
0.000540
0.000540
0.000539
0.000539
0.000538
0.000538
0.000537
0.000537
0.000537
0.000537
0.000536
0.000536
0.000535
0.000535
0.000535
0.000534
0.000534
0.000534
0.000534
0.000533
0.000533
0.000533
0.000532
0.000531
0.000531
0.000531
0.000531
0.000530
0.000522
0.000525
0.000525
0.000525
0.000525
0.000524
0.000524
0.000524
0.000524
0.000524
0.000523
0.000523
0.000523
0.000523
0.000522
0.000522
0.000522
0.000522
0.000522
0.000521
0.000521
0.000521
0.000521
0.000521
0.000521
0.000520
0.000520
0.000520
0.000520
0.000520
0.000520
0.000520
0.000519
0.000519
0.000519
0.000519
0.000519
0.000519
0.000518
0.000518
0.000518
0.000518
0.000518
0.000518
0.000517
0.000517
0.000517
0.000517
0.000517
0.000517
0.000516
0.000516
0.000516
0.000516
0.000516
0.000516
0.000515
0.000515
0.000515
0.000515
0.000515
0.000515
0.000515
0.000514
0.000514
0.000514
0.000514
0.000514
0.000514
0.000513
0.000513
0.000513
0.000513
0.000513
0.000513
0.000512
0.000512
0.000512
0.000512
0.000512
0.000511
0.000511
0.000511
0.000511
0.000511
0.000511
0.000510
0.000510
0.000510
0.000510
0.000510
0.000510
0.000509
0.000509
0.000509
0.000509
0.000509
0.000509
0.000508
0.000508
0.000505
0.000500
0.000500
0.000500
0.000500
0.000500
0.000500
0.000500
0.000500
0.000500
0.000499
0.000499
0.000499
0.000499
0.000499
0.000499
0.000499
0.000499
0.000499
0.000499
0.000499
0.000499
0.000499
0.000499
0.000498
0.000498
0.000498
0.000498
0.000498
0.000498
0.000498
0.000498
0.000498
0.000498
0.000498
0.000498
0.000498
0.000497
0.000497
0.000497
0.000497
0.000497
0.000497
0.000497
0.000497
0.000497
0.000497
0.000497
0.000497
0.000497
0.000496
0.000496
0.000496
0.000496
0.000496
0.000496
0.000496
0.000496
0.000496
0.000496
0.000496
0.000496
0.000495
0.000495
0.000495
0.000495
0.000495
0.000495
0.000495
0.000495
0.000495
0.000495
0.000495
0.000495
0.000494
0.000494
0.000494
0.000494
0.000494
0.000494
0.000494
0.000494
0.000494
0.000494
0.000494
0.000494
0.000493
0.000493
0.000493
0.000493
0.000493
0.000493
0.000493
0.000493
0.000493
0.000493
0.000493
0.000493
0.000492
0.000492
