0.486183
0.321879
0.186353
0.080244
0.049689
0.038925
0.030987
0.024171
0.018495
0.014258
0.011452
0.009630
0.008433
0.007640
0.007099
0.006698
0.006376
0.006106
0.005873
0.005679
0.005516
0.005373
0.005243
0.005121
0.005002
0.004874
0.004726
0.004569
0.004418
0.004275
0.004143
0.004022
0.003907
0.003798
0.003695
0.003597
0.003505
0.003418
0.003335
0.003258
0.003185
0.003116
0.003051
0.002990
0.002931
0.002874
0.002820
0.002768
0.002717
0.002667
0.002619
0.002572
0.002527
0.002483
0.002440
0.002399
0.002360
0.002322
0.002285
0.002250
0.002216
0.002183
0.002152
0.002121
0.002091
0.002062
0.002034
0.002007
0.001980
0.001954
0.001929
0.001904
0.001880
0.001857
0.001835
0.001812
0.001790
0.001769
0.001748
0.001726
0.001704
0.001681
0.001658
0.001634
0.001607
0.001581
0.001557
0.001536
0.001516
0.001498
0.001481
0.001463
0.001446
0.001430
0.001414
0.001401
0.001388
0.001377
0.001368
0.001360
0.001343
0.001356
0.001359
0.001358
0.001357
0.001353
0.001350
0.001347
0.001344
0.001341
0.001339
0.001336
0.001334
0.001331
0.001328
0.001326
0.001324
0.001322
0.001319
0.001317
0.001315
0.001312
0.001310
0.001308
0.001305
0.001303
0.001301
0.001299
0.001297
0.001296
0.001294
0.001292
0.001290
0.001289
0.001287
0.001285
0.001283
0.001282
0.001280
0.001278
0.001276
0.001274
0.001272
0.001271
0.001269
0.001267
0.001266
0.001264
0.001262
0.001261
0.001259
0.001258
0.001256
0.001255
0.001254
0.001252
0.001251
0.001250
0.001249
0.001247
0.001246
0.001245
0.001244
0.001242
0.001241
0.001240
0.001239
0.001238
0.001237
0.001236
0.001235
0.001234
0.001233
0.001232
0.001231
0.001230
0.001229
0.001228
0.001227
0.001226
0.001226
0.001225
0.001224
0.001223
0.001222
0.001221
0.001221
0.001220
0.001219
0.001218
0.001218
0.001217
0.001216
0.001216
0.001215
0.001214
0.001214
0.001213
0.001212
0.001212
0.001211
0.001221
0.001219
0.001217
0.001217
0.001215
0.001213
0.001212
0.001212
0.001211
0.001211
0.001210
0.001210
0.001209
0.001209
0.001208
0.001208
0.001207
0.001207
0.001207
0.001206
0.001206
0.001206
0.001205
0.001205
0.001204
0.001204
0.001204
0.001204
0.001203
0.001203
0.001203
0.001203
0.001202
0.001202
0.001202
0.001201
0.001201
0.001201
0.001201
0.001200
0.001200
0.001200
0.001200
0.001199
0.001199
0.001199
0.001199
0.001198
0.001198
0.001198
0.001198
0.001197
0.001197
0.001197
0.001197
0.001197
0.001196
0.001196
0.001196
0.001196
0.001195
0.001195
0.001195
0.001195
0.001195
0.001194
0.001194
0.001194
0.001194
0.001193
0.001193
0.001193
0.001193
0.001193
0.001193
0.001192
0.001192
0.001192
0.001192
0.001192
0.001191
0.001191
0.001191
0.001191
0.001191
0.001190
0.001190
0.001190
0.001190
0.001189
0.001189
0.001189
0.001189
0.001189
0.001188
0.001188
0.001188
0.001188
0.001188
0.001173
0.001166
0.001162
0.001162
0.001162
0.001162
0.001162
0.001162
0.001161
0.001161
0.001161
0.001161
0.001161
0.001161
0.001161
0.001161
0.001161
0.001161
0.001160
0.001160
0.001160
0.001160
0.001160
0.001160
0.001160
0.001160
0.001160
0.001160
0.001160
0.001160
0.001159
0.001159
0.001159
0.001159
0.001159
0.001159
0.001159
0.001159
0.001159
0.001159
0.001159
0.001159
0.001159
0.001158
0.001158
0.001158
0.001158
0.001158
0.001158
0.001158
0.001158
0.001158
0.001158
0.001158
0.001158
0.001158
0.001158
0.001157
0.001157
0.001157
0.001157
0.001157
0.001157
0.001157
0.001157
0.001157
0.001157
0.001157
0.001157
0.001157
0.001157
0.001157
0.001157
0.001157
0.001156
0.001156
0.001156
0.001156
0.001156
0.001156
0.001156
0.001156
0.001156
0.001156
0.001156
0.001156
0.001156
0.001156
0.001156
0.001156
0.001156
0.001156
0.001155
0.001155
0.001155
0.001155
0.001155
0.001155
0.001155
0.001155
0.001150
0.001151
0.001151
0.001151
0.001150
0.001150
0.001150
0.001150
0.001150
0.001150
0.001150
0.001150
0.001150
0.001149
0.001149
0.001149
0.001149
0.001149
0.001149
0.001149
0.001149
0.001149
0.001149
0.001149
0.001149
0.001149
0.001149
0.001149
0.001148
0.001148
0.001148
0.001148
0.001148
0.001148
0.001148
0.001148
0.001148
0.001148
0.001148
0.001148
0.001148
0.001148
0.001148
0.001147
0.001147
0.001147
0.001147
0.001147
0.001147
0.001147
0.001147
0.001147
0.001147
0.001147
0.001147
0.001147
0.001147
0.001147
0.001146
0.001146
0.001146
0.001146
0.001146
0.001146
0.001146
0.001146
0.001146
0.001146
0.001146
0.001146
0.001146
0.001146
0.001146
0.001146
0.001145
0.001145
0.001145
0.001145
0.001145
0.001145
0.001145
0.001145
0.001145
0.001145
0.001145
0.001145
0.001145
0.001145
0.001145
0.001145
0.001144
0.001144
0.001144
0.001144
0.001144
0.001144
0.001144
0.001144
0.001144
0.001144
