0.472740
0.358949
0.230425
0.137564
0.089841
0.066978
0.048814
0.035309
0.025938
0.018974
0.013926
0.010502
0.008395
0.007244
0.006634
0.006300
0.006101
0.005980
0.005895
0.005828
0.005771
0.005722
0.005673
0.005621
0.005569
0.005515
0.005463
0.005413
0.005365
0.005317
0.005272
0.005229
0.005191
0.005158
0.005130
0.005106
0.005085
0.005067
0.005052
0.005037
0.005024
0.005013
0.005002
0.004992
0.004982
0.004973
0.004965
0.004957
0.004951
0.004944
0.004938
0.004931
0.004925
0.004920
0.004914
0.004907
0.004901
0.004896
0.004891
0.004885
0.004880
0.004875
0.004870
0.004865
0.004860
0.004855
0.004850
0.004845
0.004841
0.004836
0.004830
0.004825
0.004820
0.004816
0.004811
0.004807
0.004803
0.004799
0.004796
0.004793
0.004790
0.004786
0.004783
0.004780
0.004777
0.004774
0.004771
0.004769
0.004766
0.004764
0.004761
0.004758
0.004756
0.004754
0.004752
0.004750
0.004747
0.004744
0.004742
0.004740
0.004605
0.004560
0.004565
0.004568
0.004566
0.004565
0.004564
0.004564
0.004562
0.004561
0.004560
0.004559
0.004558
0.004557
0.004556
0.004555
0.004553
0.004552
0.004551
0.004550
0.004549
0.004547
0.004546
0.004545
0.004544
0.004544
0.004542
0.004541
0.004540
0.004539
0.004538
0.004537
0.004537
0.004536
0.004535
0.004534
0.004533
0.004533
0.004532
0.004531
0.004531
0.004530
0.004529
0.004529
0.004528
0.004528
0.004527
0.004526
0.004526
0.004526
0.004525
0.004524
0.004524
0.004523
0.004522
0.004522
0.004521
0.004521
0.004520
0.004519
0.004519
0.004518
0.004518
0.004517
0.004516
0.004515
0.004515
0.004513
0.004512
0.004511
0.004510
0.004509
0.004508
0.004507
0.004506
0.004504
0.004503
0.004501
0.004500
0.004498
0.004496
0.004494
0.004491
0.004489
0.004486
0.004483
0.004480
0.004476
0.004472
0.004468
0.004463
0.004458
0.004451
0.004446
0.004439
0.004432
0.004419
0.004407
0.004394
0.004381
0.004332
0.004337
0.004336
0.004323
0.004310
0.004298
0.004283
0.004268
0.004252
0.004238
0.004224
0.004212
0.004197
0.004184
0.004170
0.004159
0.004146
0.004133
0.004121
0.004109
0.004098
0.004087
0.004076
0.004065
0.004055
0.004046
0.004037
0.004028
0.004020
0.004012
0.004005
0.003998
0.003991
0.003985
0.003980
0.003974
0.003968
0.003963
0.003959
0.003954
0.003950
0.003946
0.003942
0.003939
0.003935
0.003932
0.003928
0.003924
0.003921
0.003918
0.003915
0.003913
0.003909
0.003907
0.003905
0.003902
0.003900
0.003898
0.003896
0.003894
0.003892
0.003891
0.003889
0.003887
0.003886
0.003884
0.003882
0.003881
0.003879
0.003878
0.003877
0.003875
0.003874
0.003873
0.003872
0.003871
0.003871
0.003870
0.003869
0.003867
0.003866
0.003865
0.003864
0.003863
0.003862
0.003861
0.003861
0.003860
0.003859
0.003858
0.003858
0.003857
0.003856
0.003856
0.003856
0.003855
0.003854
0.003853
0.003853
0.003852
0.003835
0.003828
0.003830
0.003830
0.003831
0.003831
0.003830
0.003830
0.003830
0.003829
0.003829
0.003829
0.003828
0.003828
0.003828
0.003827
0.003827
0.003827
0.003827
0.003826
0.003826
0.003826
0.003826
0.003825
0.003825
0.003825
0.003824
0.003824
0.003824
0.003824
0.003823
0.003823
0.003823
0.003823
0.003822
0.003822
0.003822
0.003821
0.003821
0.003821
0.003821
0.003821
0.003820
0.003820
0.003820
0.003820
0.003820
0.003819
0.003819
0.003819
0.003819
0.003819
0.003818
0.003818
0.003818
0.003818
0.003818
0.003817
0.003817
0.003817
0.003817
0.003817
0.003817
0.003816
0.003816
0.003816
0.003816
0.003816
0.003815
0.003815
0.003815
0.003815
0.003815
0.003815
0.003814
0.003814
0.003814
0.003814
0.003814
0.003813
0.003813
0.003813
0.003813
0.003813
0.003813
0.003812
0.003812
0.003812
0.003812
0.003812
0.003812
0.003812
0.003811
0.003811
0.003811
0.003811
0.003811
0.003810
0.003810
0.003810
0.003803
0.003807
0.003807
0.003805
0.003805
0.003805
0.003805
0.003805
0.003805
0.003805
0.003805
0.003805
0.003805
0.003805
0.003805
0.003804
0.003804
0.003804
0.003804
0.003804
0.003804
0.003804
0.003804
0.003804
0.003804
0.003803
0.003803
0.003803
0.003803
0.003803
0.003803
0.003803
0.003803
0.003803
0.003803
0.003803
0.003803
0.003802
0.003802
0.003802
0.003802
0.003802
0.003802
0.003802
0.003802
0.003802
0.003801
0.003801
0.003801
0.003801
0.003801
0.003801
0.003801
0.003801
0.003801
0.003801
0.003800
0.003800
0.003800
0.003800
0.003800
0.003800
0.003800
0.003800
0.003800
0.003800
0.003799
0.003799
0.003799
0.003799
0.003799
0.003799
0.003799
0.003799
0.003799
0.003798
0.003798
0.003798
0.003798
0.003798
0.003798
0.003798
0.003798
0.003798
0.003798
0.003797
0.003797
0.003797
0.003797
0.003797
0.003797
0.003797
0.003797
0.003797
0.003796
0.003796
0.003796
0.003796
0.003796
0.003796
