0.401013
0.153309
0.055119
0.038526
0.026627
0.017324
0.011037
0.007895
0.006636
0.006140
0.005819
0.005546
0.005306
0.005093
0.004901
0.004726
0.004565
0.004417
0.004279
0.004149
0.004024
0.003903
0.003788
0.003677
0.003568
0.003460
0.003353
0.003246
0.003142
0.003040
0.002941
0.002844
0.002751
0.002662
0.002577
0.002495
0.002417
0.002343
0.002274
0.002209
0.002150
0.002094
0.002042
0.001993
0.001948
0.001905
0.001864
0.001827
0.001794
0.001763
0.001735
0.001708
0.001683
0.001660
0.001637
0.001616
0.001595
0.001575
0.001556
0.001538
0.001522
0.001505
0.001489
0.001475
0.001462
0.001450
0.001440
0.001431
0.001421
0.001413
0.001405
0.001398
0.001392
0.001387
0.001380
0.001376
0.001372
0.001368
0.001364
0.001361
0.001357
0.001354
0.001351
0.001348
0.001346
0.001343
0.001341
0.001338
0.001335
0.001332
0.001330
0.001327
0.001325
0.001322
0.001320
0.001317
0.001315
0.001314
0.001312
0.001309
0.001263
0.001276
0.001268
0.001269
0.001267
0.001266
0.001265
0.001264
0.001263
0.001261
0.001260
0.001259
0.001258
0.001257
0.001256
0.001255
0.001254
0.001253
0.001252
0.001251
0.001250
0.001249
0.001249
0.001248
0.001246
0.001246
0.001245
0.001244
0.001243
0.001242
0.001241
0.001240
0.001239
0.001237
0.001236
0.001236
0.001234
0.001233
0.001232
0.001231
0.001230
0.001229
0.001227
0.001226
0.001225
0.001223
0.001222
0.001221
0.001220
0.001219
0.001218
0.001217
0.001216
0.001215
0.001214
0.001213
0.001212
0.001211
0.001210
0.001209
0.001208
0.001207
0.001206
0.001205
0.001205
0.001204
0.001203
0.001202
0.001200
0.001199
0.001198
0.001198
0.001197
0.001196
0.001196
0.001195
0.001194
0.001194
0.001193
0.001192
0.001191
0.001191
0.001190
0.001190
0.001189
0.001189
0.001188
0.001187
0.001187
0.001186
0.001185
0.001184
0.001183
0.001183
0.001182
0.001182
0.001181
0.001180
0.001180
0.001178
0.001170
0.001182
0.001191
0.001192
0.001191
0.001188
0.001187
0.001186
0.001185
0.001184
0.001184
0.001184
0.001184
0.001183
0.001183
0.001182
0.001182
0.001182
0.001182
0.001181
0.001181
0.001180
0.001180
0.001179
0.001178
0.001178
0.001178
0.001178
0.001177
0.001176
0.001176
0.001176
0.001175
0.001175
0.001174
0.001174
0.001173
0.001173
0.001173
0.001172
0.001171
0.001171
0.001170
0.001170
0.001169
0.001169
0.001168
0.001168
0.001168
0.001167
0.001166
0.001166
0.001165
0.001164
0.001164
0.001163
0.001163
0.001162
0.001162
0.001161
0.001161
0.001160
0.001160
0.001159
0.001159
0.001158
0.001157
0.001157
0.001157
0.001156
0.001156
0.001155
0.001154
0.001154
0.001154
0.001153
0.001153
0.001152
0.001152
0.001151
0.001151
0.001151
0.001150
0.001150
0.001149
0.001149
0.001148
0.001147
0.001147
0.001146
0.001146
0.001146
0.001145
0.001144
0.001144
0.001143
0.001143
0.001142
0.001142
0.001142
0.001123
0.001106
0.001102
0.001102
0.001100
0.001100
0.001100
0.001100
0.001100
0.001100
0.001100
0.001100
0.001099
0.001099
0.001099
0.001099
0.001099
0.001099
0.001098
0.001098
0.001098
0.001098
0.001097
0.001097
0.001097
0.001097
0.001097
0.001096
0.001096
0.001096
0.001096
0.001096
0.001095
0.001095
0.001095
0.001095
0.001094
0.001094
0.001094
0.001094
0.001093
0.001093
0.001093
0.001093
0.001092
0.001092
0.001092
0.001091
0.001091
0.001091
0.001091
0.001090
0.001090
0.001090
0.001090
0.001089
0.001089
0.001089
0.001089
0.001088
0.001088
0.001088
0.001087
0.001087
0.001087
0.001087
0.001086
0.001086
0.001086
0.001085
0.001085
0.001085
0.001084
0.001084
0.001084
0.001083
0.001083
0.001083
0.001082
0.001082
0.001082
0.001081
0.001081
0.001081
0.001080
0.001080
0.001079
0.001079
0.001079
0.001078
0.001078
0.001077
0.001077
0.001077
0.001076
0.001076
0.001075
0.001075
0.001074
0.001074
0.001065
0.001062
0.001061
0.001060
0.001060
0.001059
0.001059
0.001059
0.001059
0.001058
0.001058
0.001058
0.001058
0.001057
0.001057
0.001057
0.001056
0.001056
0.001056
0.001056
0.001055
0.001055
0.001055
0.001054
0.001054
0.001054
0.001054
0.001053
0.001053
0.001053
0.001052
0.001052
0.001052
0.001052
0.001051
0.001051
0.001051
0.001050
0.001050
0.001050
0.001050
0.001049
0.001049
0.001049
0.001048
0.001048
0.001048
0.001047
0.001047
0.001047
0.001047
0.001046
0.001046
0.001045
0.001045
0.001045
0.001044
0.001044
0.001044
0.001043
0.001043
0.001043
0.001042
0.001042
0.001042
0.001041
0.001041
0.001040
0.001040
0.001040
0.001039
0.001039
0.001039
0.001038
0.001038
0.001038
0.001037
0.001037
0.001037
0.001036
0.001036
0.001036
0.001035
0.001035
0.001034
0.001034
0.001034
0.001033
0.001033
0.001032
0.001032
0.001032
0.001031
0.001031
0.001030
0.001030
0.001029
0.001029
0.001029
0.001028
