0.443956
0.227347
0.097215
0.047047
0.029210
0.019670
0.013012
0.008621
0.005915
0.004398
0.003673
0.003271
0.003005
0.002790
0.002609
0.002460
0.002338
0.002242
0.002164
0.002100
0.002046
0.002001
0.001959
0.001923
0.001890
0.001860
0.001836
0.001815
0.001796
0.001779
0.001765
0.001753
0.001740
0.001728
0.001716
0.001704
0.001694
0.001684
0.001674
0.001665
0.001658
0.001648
0.001640
0.001632
0.001623
0.001615
0.001607
0.001600
0.001593
0.001586
0.001580
0.001573
0.001568
0.001560
0.001554
0.001548
0.001541
0.001536
0.001529
0.001524
0.001518
0.001513
0.001509
0.001504
0.001500
0.001496
0.001491
0.001485
0.001480
0.001475
0.001469
0.001464
0.001461
0.001458
0.001457
0.001453
0.001449
0.001445
0.001440
0.001436
0.001434
0.001432
0.001429
0.001428
0.001426
0.001424
0.001422
0.001420
0.001417
0.001416
0.001413
0.001411
0.001408
0.001406
0.001402
0.001399
0.001396
0.001395
0.001394
0.001391
0.001299
0.001288
0.001288
0.001286
0.001285
0.001284
0.001283
0.001281
0.001279
0.001276
0.001274
0.001272
0.001269
0.001266
0.001264
0.001262
0.001260
0.001258
0.001256
0.001254
0.001252
0.001250
0.001248
0.001246
0.001244
0.001243
0.001241
0.001239
0.001237
0.001236
0.001234
0.001233
0.001232
0.001230
0.001228
0.001227
0.001226
0.001225
0.001223
0.001222
0.001222
0.001221
0.001220
0.001219
0.001218
0.001217
0.001216
0.001215
0.001214
0.001212
0.001211
0.001210
0.001209
0.001208
0.001207
0.001206
0.001205
0.001204
0.001203
0.001201
0.001201
0.001200
0.001199
0.001198
0.001197
0.001196
0.001195
0.001194
0.001193
0.001192
0.001190
0.001190
0.001189
0.001188
0.001187
0.001186
0.001186
0.001184
0.001184
0.001183
0.001183
0.001182
0.001181
0.001181
0.001179
0.001179
0.001177
0.001177
0.001176
0.001176
0.001175
0.001174
0.001174
0.001173
0.001172
0.001173
0.001171
0.001171
0.001170
0.001169
0.001152
0.001147
0.001146
0.001143
0.001143
0.001143
0.001143
0.001143
0.001143
0.001143
0.001143
0.001143
0.001143
0.001143
0.001143
0.001142
0.001142
0.001142
0.001142
0.001142
0.001142
0.001142
0.001142
0.001142
0.001142
0.001142
0.001141
0.001141
0.001141
0.001141
0.001141
0.001141
0.001141
0.001141
0.001141
0.001140
0.001140
0.001140
0.001140
0.001140
0.001140
0.001139
0.001139
0.001139
0.001139
0.001138
0.001138
0.001138
0.001138
0.001137
0.001137
0.001137
0.001136
0.001136
0.001136
0.001136
0.001135
0.001135
0.001135
0.001134
0.001134
0.001134
0.001133
0.001133
0.001132
0.001132
0.001132
0.001131
0.001131
0.001131
0.001130
0.001130
0.001129
0.001129
0.001128
0.001128
0.001128
0.001127
0.001126
0.001126
0.001126
0.001125
0.001125
0.001124
0.001123
0.001123
0.001122
0.001121
0.001121
0.001120
0.001119
0.001119
0.001118
0.001118
0.001118
0.001117
0.001117
0.001116
0.001115
0.001115
0.001111
0.001094
0.001095
0.001094
0.001092
0.001092
0.001092
0.001091
0.001091
0.001091
0.001091
0.001090
0.001090
0.001090
0.001090
0.001089
0.001089
0.001089
0.001089
0.001088
0.001088
0.001088
0.001087
0.001087
0.001087
0.001087
0.001087
0.001086
0.001086
0.001086
0.001085
0.001085
0.001085
0.001084
0.001084
0.001084
0.001084
0.001084
0.001084
0.001083
0.001083
0.001083
0.001083
0.001083
0.001082
0.001082
0.001082
0.001082
0.001081
0.001081
0.001081
0.001081
0.001080
0.001080
0.001080
0.001080
0.001080
0.001079
0.001079
0.001079
0.001078
0.001078
0.001078
0.001078
0.001077
0.001077
0.001077
0.001077
0.001076
0.001076
0.001076
0.001076
0.001076
0.001075
0.001075
0.001075
0.001075
0.001074
0.001074
0.001074
0.001074
0.001074
0.001073
0.001073
0.001073
0.001073
0.001072
0.001072
0.001072
0.001071
0.001071
0.001071
0.001070
0.001070
0.001070
0.001069
0.001069
0.001069
0.001069
0.001068
0.001062
0.001061
0.001061
0.001060
0.001059
0.001059
0.001059
0.001059
0.001059
0.001058
0.001058
0.001058
0.001058
0.001058
0.001057
0.001057
0.001057
0.001057
0.001057
0.001057
0.001056
0.001056
0.001056
0.001056
0.001056
0.001055
0.001055
0.001055
0.001055
0.001055
0.001055
0.001054
0.001054
0.001054
0.001054
0.001054
0.001054
0.001054
0.001053
0.001053
0.001053
0.001053
0.001053
0.001053
0.001052
0.001052
0.001052
0.001052
0.001052
0.001052
0.001051
0.001051
0.001051
0.001051
0.001051
0.001051
0.001051
0.001050
0.001050
0.001050
0.001050
0.001050
0.001050
0.001049
0.001049
0.001049
0.001049
0.001049
0.001049
0.001048
0.001048
0.001048
0.001048
0.001048
0.001048
0.001048
0.001047
0.001047
0.001047
0.001047
0.001047
0.001047
0.001046
0.001046
0.001046
0.001046
0.001046
0.001046
0.001046
0.001045
0.001045
0.001045
0.001045
0.001045
0.001045
0.001045
0.001044
0.001044
0.001044
0.001044
