0.409473
0.156780
0.050474
0.034784
0.022305
0.011340
0.005825
0.004524
0.004152
0.003687
0.003344
0.003066
0.002883
0.002743
0.002622
0.002517
0.002426
0.002345
0.002272
0.002206
0.002145
0.002088
0.002035
0.001986
0.001941
0.001898
0.001858
0.001820
0.001784
0.001751
0.001720
0.001691
0.001661
0.001633
0.001608
0.001584
0.001561
0.001539
0.001519
0.001501
0.001484
0.001469
0.001452
0.001436
0.001419
0.001403
0.001387
0.001372
0.001356
0.001343
0.001330
0.001318
0.001308
0.001298
0.001289
0.001281
0.001273
0.001266
0.001258
0.001252
0.001245
0.001238
0.001232
0.001226
0.001220
0.001215
0.001210
0.001206
0.001200
0.001194
0.001187
0.001182
0.001174
0.001168
0.001165
0.001162
0.001160
0.001159
0.001158
0.001158
0.001158
0.001158
0.001159
0.001158
0.001156
0.001155
0.001154
0.001152
0.001149
0.001149
0.001147
0.001146
0.001145
0.001143
0.001142
0.001142
0.001140
0.001139
0.001137
0.001135
0.001069
0.001127
0.001150
0.001164
0.001156
0.001142
0.001126
0.001115
0.001109
0.001106
0.001104
0.001102
0.001101
0.001099
0.001098
0.001096
0.001095
0.001095
0.001094
0.001093
0.001092
0.001091
0.001090
0.001089
0.001088
0.001087
0.001086
0.001085
0.001084
0.001083
0.001082
0.001081
0.001080
0.001079
0.001078
0.001077
0.001076
0.001075
0.001075
0.001074
0.001073
0.001072
0.001071
0.001070
0.001069
0.001068
0.001067
0.001066
0.001065
0.001064
0.001063
0.001063
0.001062
0.001061
0.001060
0.001059
0.001058
0.001057
0.001056
0.001055
0.001054
0.001053
0.001052
0.001051
0.001050
0.001049
0.001048
0.001047
0.001045
0.001044
0.001043
0.001042
0.001041
0.001039
0.001038
0.001037
0.001036
0.001035
0.001034
0.001032
0.001031
0.001030
0.001029
0.001028
0.001027
0.001026
0.001025
0.001024
0.001023
0.001023
0.001022
0.001021
0.001020
0.001020
0.001019
0.001018
0.001017
0.001016
0.001016
0.001015
0.000986
0.000999
0.001004
0.001007
0.001011
0.001012
0.001012
0.001011
0.001011
0.001011
0.001010
0.001010
0.001009
0.001009
0.001008
0.001008
0.001007
0.001007
0.001006
0.001006
0.001005
0.001005
0.001004
0.001004
0.001003
0.001003
0.001002
0.001002
0.001001
0.001000
0.001000
0.000999
0.000999
0.000998
0.000997
0.000996
0.000996
0.000995
0.000994
0.000993
0.000992
0.000992
0.000991
0.000990
0.000989
0.000988
0.000987
0.000986
0.000986
0.000985
0.000984
0.000983
0.000982
0.000981
0.000980
0.000979
0.000978
0.000977
0.000977
0.000976
0.000975
0.000974
0.000973
0.000973
0.000972
0.000971
0.000971
0.000970
0.000970
0.000969
0.000969
0.000968
0.000968
0.000967
0.000967
0.000966
0.000966
0.000966
0.000965
0.000965
0.000965
0.000964
0.000964
0.000964
0.000963
0.000963
0.000963
0.000963
0.000962
0.000962
0.000962
0.000962
0.000961
0.000961
0.000961
0.000961
0.000960
0.000960
0.000960
0.000960
0.000954
0.000958
0.000955
0.000957
0.000956
0.000955
0.000954
0.000954
0.000953
0.000953
0.000953
0.000953
0.000952
0.000952
0.000952
0.000952
0.000952
0.000952
0.000952
0.000951
0.000951
0.000951
0.000951
0.000951
0.000951
0.000951
0.000951
0.000951
0.000951
0.000951
0.000951
0.000951
0.000951
0.000951
0.000951
0.000951
0.000951
0.000950
0.000950
0.000950
0.000950
0.000950
0.000950
0.000950
0.000950
0.000950
0.000950
0.000950
0.000950
0.000950
0.000950
0.000950
0.000950
0.000950
0.000949
0.000949
0.000949
0.000949
0.000949
0.000949
0.000949
0.000949
0.000949
0.000949
0.000949
0.000948
0.000948
0.000948
0.000948
0.000948
0.000948
0.000947
0.000947
0.000947
0.000947
0.000946
0.000946
0.000946
0.000946
0.000946
0.000945
0.000945
0.000945
0.000944
0.000944
0.000944
0.000944
0.000943
0.000943
0.000943
0.000943
0.000942
0.000942
0.000942
0.000942
0.000941
0.000941
0.000941
0.000940
0.000940
0.000927
0.000920
0.000916
0.000917
0.000917
0.000916
0.000916
0.000916
0.000916
0.000916
0.000916
0.000916
0.000915
0.000915
0.000915
0.000915
0.000915
0.000915
0.000914
0.000914
0.000914
0.000914
0.000914
0.000914
0.000913
0.000913
0.000913
0.000913
0.000913
0.000913
0.000913
0.000912
0.000912
0.000912
0.000912
0.000912
0.000911
0.000911
0.000911
0.000911
0.000910
0.000910
0.000910
0.000909
0.000909
0.000908
0.000908
0.000908
0.000907
0.000907
0.000907
0.000906
0.000906
0.000906
0.000905
0.000905
0.000905
0.000905
0.000904
0.000904
0.000904
0.000903
0.000903
0.000903
0.000903
0.000903
0.000902
0.000902
0.000902
0.000902
0.000902
0.000901
0.000901
0.000901
0.000901
0.000901
0.000901
0.000900
0.000900
0.000900
0.000900
0.000900
0.000900
0.000900
0.000899
0.000899
0.000899
0.000899
0.000899
0.000899
0.000899
0.000899
0.000899
0.000898
0.000898
0.000898
0.000898
0.000898
0.000898
0.000898
