0.401076
0.116073
0.042375
0.027193
0.017646
0.011144
0.006871
0.004547
0.003661
0.003426
0.003236
0.003086
0.002947
0.002831
0.002724
0.002626
0.002529
0.002436
0.002352
0.002271
0.002195
0.002116
0.002044
0.001981
0.001931
0.001892
0.001860
0.001832
0.001808
0.001788
0.001771
0.001757
0.001742
0.001727
0.001714
0.001701
0.001688
0.001677
0.001667
0.001655
0.001643
0.001633
0.001623
0.001613
0.001602
0.001594
0.001587
0.001579
0.001572
0.001563
0.001555
0.001547
0.001539
0.001532
0.001525
0.001517
0.001511
0.001503
0.001498
0.001493
0.001488
0.001482
0.001478
0.001471
0.001463
0.001455
0.001446
0.001440
0.001435
0.001429
0.001422
0.001416
0.001408
0.001404
0.001398
0.001393
0.001388
0.001383
0.001379
0.001374
0.001368
0.001362
0.001358
0.001353
0.001348
0.001343
0.001338
0.001335
0.001333
0.001329
0.001325
0.001322
0.001320
0.001317
0.001312
0.001306
0.001302
0.001300
0.001296
0.001292
0.001213
0.001192
0.001191
0.001188
0.001188
0.001186
0.001184
0.001181
0.001177
0.001174
0.001170
0.001167
0.001163
0.001159
0.001155
0.001152
0.001148
0.001145
0.001142
0.001139
0.001136
0.001133
0.001130
0.001128
0.001126
0.001123
0.001121
0.001119
0.001117
0.001115
0.001113
0.001111
0.001109
0.001107
0.001105
0.001104
0.001102
0.001100
0.001098
0.001096
0.001094
0.001092
0.001090
0.001087
0.001085
0.001083
0.001082
0.001080
0.001078
0.001076
0.001074
0.001073
0.001071
0.001069
0.001067
0.001066
0.001064
0.001063
0.001061
0.001059
0.001057
0.001056
0.001054
0.001053
0.001051
0.001050
0.001048
0.001046
0.001045
0.001043
0.001042
0.001040
0.001039
0.001038
0.001036
0.001035
0.001034
0.001033
0.001032
0.001031
0.001030
0.001030
0.001029
0.001028
0.001026
0.001025
0.001024
0.001024
0.001023
0.001022
0.001021
0.001021
0.001020
0.001019
0.001019
0.001018
0.001018
0.001017
0.001016
0.001016
0.001009
0.001012
0.001015
0.001016
0.001017
0.001015
0.001015
0.001014
0.001013
0.001012
0.001011
0.001011
0.001010
0.001009
0.001009
0.001008
0.001008
0.001007
0.001007
0.001007
0.001006
0.001006
0.001005
0.001005
0.001004
0.001003
0.001003
0.001002
0.001001
0.001000
0.001000
0.000999
0.000999
0.000998
0.000997
0.000996
0.000996
0.000996
0.000996
0.000995
0.000995
0.000994
0.000994
0.000994
0.000994
0.000993
0.000992
0.000992
0.000991
0.000991
0.000990
0.000990
0.000989
0.000989
0.000988
0.000988
0.000987
0.000987
0.000986
0.000986
0.000985
0.000985
0.000985
0.000984
0.000984
0.000983
0.000983
0.000983
0.000982
0.000982
0.000981
0.000981
0.000980
0.000980
0.000979
0.000979
0.000979
0.000978
0.000978
0.000977
0.000977
0.000977
0.000976
0.000976
0.000976
0.000975
0.000975
0.000974
0.000974
0.000973
0.000972
0.000972
0.000972
0.000971
0.000971
0.000970
0.000970
0.000970
0.000969
0.000968
0.000960
0.000961
0.000963
0.000963
0.000957
0.000952
0.000949
0.000947
0.000947
0.000946
0.000945
0.000945
0.000944
0.000943
0.000943
0.000942
0.000942
0.000942
0.000941
0.000941
0.000941
0.000940
0.000940
0.000940
0.000939
0.000939
0.000938
0.000938
0.000938
0.000938
0.000937
0.000937
0.000937
0.000936
0.000936
0.000936
0.000936
0.000935
0.000935
0.000935
0.000934
0.000934
0.000934
0.000934
0.000933
0.000933
0.000933
0.000932
0.000932
0.000932
0.000932
0.000932
0.000931
0.000931
0.000931
0.000931
0.000930
0.000930
0.000930
0.000929
0.000929
0.000929
0.000928
0.000928
0.000928
0.000928
0.000927
0.000927
0.000927
0.000926
0.000926
0.000926
0.000925
0.000925
0.000925
0.000924
0.000924
0.000924
0.000924
0.000923
0.000923
0.000923
0.000923
0.000922
0.000922
0.000922
0.000922
0.000921
0.000921
0.000921
0.000921
0.000920
0.000920
0.000920
0.000920
0.000919
0.000919
0.000919
0.000919
0.000918
0.000901
0.000903
0.000900
0.000899
0.000899
0.000899
0.000899
0.000899
0.000899
0.000898
0.000898
0.000898
0.000898
0.000898
0.000898
0.000898
0.000898
0.000897
0.000897
0.000897
0.000897
0.000897
0.000897
0.000897
0.000897
0.000897
0.000896
0.000896
0.000896
0.000896
0.000896
0.000896
0.000896
0.000896
0.000896
0.000895
0.000895
0.000895
0.000895
0.000895
0.000895
0.000895
0.000895
0.000895
0.000895
0.000894
0.000894
0.000894
0.000894
0.000894
0.000894
0.000894
0.000894
0.000894
0.000894
0.000894
0.000893
0.000893
0.000893
0.000893
0.000893
0.000893
0.000893
0.000893
0.000893
0.000893
0.000893
0.000892
0.000892
0.000892
0.000892
0.000892
0.000892
0.000892
0.000892
0.000892
0.000892
0.000892
0.000892
0.000892
0.000891
0.000891
0.000891
0.000891
0.000891
0.000891
0.000891
0.000891
0.000891
0.000891
0.000891
0.000891
0.000891
0.000891
0.000891
0.000890
0.000890
0.000890
0.000890
0.000890
