0.495941
0.373457
0.259202
0.174290
0.060753
0.036479
0.025417
0.018970
0.013636
0.009930
0.007571
0.006259
0.005527
0.005073
0.004754
0.004518
0.004340
0.004192
0.004065
0.003948
0.003845
0.003748
0.003659
0.003576
0.003506
0.003437
0.003370
0.003310
0.003247
0.003188
0.003140
0.003088
0.003038
0.002992
0.002949
0.002909
0.002873
0.002839
0.002809
0.002782
0.002757
0.002735
0.002714
0.002696
0.002680
0.002662
0.002643
0.002628
0.002613
0.002604
0.002594
0.002585
0.002574
0.002565
0.002555
0.002545
0.002537
0.002528
0.002518
0.002514
0.002507
0.002499
0.002491
0.002484
0.002479
0.002473
0.002469
0.002464
0.002458
0.002452
0.002443
0.002435
0.002425
0.002417
0.002413
0.002410
0.002408
0.002402
0.002396
0.002391
0.002386
0.002382
0.002381
0.002378
0.002372
0.002365
0.002361
0.002358
0.002354
0.002349
0.002348
0.002344
0.002340
0.002337
0.002333
0.002327
0.002321
0.002314
0.002310
0.002306
0.002214
0.002227
0.002258
0.002269
0.002272
0.002271
0.002269
0.002267
0.002265
0.002262
0.002260
0.002257
0.002255
0.002252
0.002249
0.002246
0.002242
0.002240
0.002239
0.002235
0.002232
0.002231
0.002229
0.002227
0.002225
0.002223
0.002220
0.002217
0.002215
0.002212
0.002209
0.002206
0.002202
0.002200
0.002198
0.002196
0.002194
0.002192
0.002190
0.002189
0.002188
0.002186
0.002184
0.002182
0.002180
0.002175
0.002171
0.002167
0.002163
0.002160
0.002156
0.002154
0.002150
0.002146
0.002143
0.002138
0.002135
0.002131
0.002127
0.002123
0.002119
0.002116
0.002112
0.002109
0.002106
0.002103
0.002101
0.002097
0.002093
0.002089
0.002085
0.002083
0.002081
0.002077
0.002073
0.002070
0.002067
0.002064
0.002061
0.002057
0.002053
0.002050
0.002046
0.002042
0.002037
0.002033
0.002029
0.002025
0.002021
0.002016
0.002013
0.002008
0.002003
0.001999
0.001995
0.001989
0.001984
0.001980
0.001975
0.001971
0.001916
0.001848
0.001838
0.001839
0.001832
0.001831
0.001828
0.001825
0.001822
0.001819
0.001816
0.001813
0.001810
0.001806
0.001802
0.001799
0.001795
0.001791
0.001786
0.001782
0.001778
0.001774
0.001769
0.001765
0.001760
0.001756
0.001751
0.001747
0.001742
0.001738
0.001733
0.001729
0.001724
0.001720
0.001715
0.001711
0.001706
0.001701
0.001697
0.001693
0.001688
0.001684
0.001680
0.001677
0.001673
0.001669
0.001666
0.001662
0.001659
0.001656
0.001653
0.001650
0.001646
0.001644
0.001641
0.001638
0.001636
0.001634
0.001631
0.001629
0.001627
0.001625
0.001623
0.001621
0.001619
0.001617
0.001615
0.001614
0.001612
0.001611
0.001609
0.001608
0.001607
0.001605
0.001604
0.001603
0.001602
0.001601
0.001599
0.001598
0.001597
0.001596
0.001595
0.001594
0.001593
0.001592
0.001591
0.001591
0.001590
0.001589
0.001588
0.001588
0.001587
0.001586
0.001586
0.001585
0.001584
0.001584
0.001583
0.001582
0.001558
0.001554
0.001550
0.001547
0.001547
0.001547
0.001546
0.001546
0.001545
0.001545
0.001544
0.001544
0.001543
0.001543
0.001543
0.001542
0.001542
0.001541
0.001541
0.001540
0.001540
0.001539
0.001539
0.001539
0.001538
0.001538
0.001537
0.001537
0.001537
0.001536
0.001536
0.001535
0.001535
0.001535
0.001534
0.001534
0.001534
0.001533
0.001533
0.001532
0.001532
0.001532
0.001531
0.001531
0.001531
0.001530
0.001530
0.001530
0.001529
0.001529
0.001529
0.001528
0.001528
0.001528
0.001527
0.001527
0.001527
0.001526
0.001526
0.001526
0.001525
0.001525
0.001525
0.001525
0.001524
0.001524
0.001524
0.001523
0.001523
0.001523
0.001522
0.001522
0.001522
0.001522
0.001521
0.001521
0.001521
0.001520
0.001520
0.001520
0.001519
0.001519
0.001519
0.001519
0.001518
0.001518
0.001518
0.001517
0.001517
0.001517
0.001517
0.001516
0.001516
0.001516
0.001515
0.001515
0.001515
0.001514
0.001514
0.001514
0.001506
0.001512
0.001515
0.001517
0.001517
0.001517
0.001517
0.001516
0.001516
0.001516
0.001516
0.001516
0.001516
0.001516
0.001516
0.001516
0.001516
0.001516
0.001516
0.001516
0.001516
0.001516
0.001516
0.001516
0.001516
0.001516
0.001516
0.001516
0.001516
0.001516
0.001516
0.001516
0.001516
0.001516
0.001516
0.001516
0.001516
0.001515
0.001515
0.001515
0.001515
0.001515
0.001515
0.001515
0.001515
0.001515
0.001515
0.001515
0.001515
0.001514
0.001514
0.001514
0.001514
0.001514
0.001514
0.001514
0.001514
0.001513
0.001513
0.001513
0.001513
0.001513
0.001513
0.001513
0.001512
0.001512
0.001512
0.001512
0.001512
0.001512
0.001511
0.001511
0.001511
0.001511
0.001511
0.001511
0.001510
0.001510
0.001510
0.001510
0.001510
0.001510
0.001509
0.001509
0.001509
0.001509
0.001509
0.001509
0.001508
0.001508
0.001508
0.001508
0.001508
0.001508
0.001507
0.001507
0.001507
0.001507
0.001507
0.001507
