0.465057
0.333811
0.210444
0.071854
0.038811
0.027486
0.020917
0.016142
0.012553
0.010115
0.008513
0.007551
0.007053
0.006805
0.006629
0.006501
0.006385
0.006284
0.006188
0.006096
0.006001
0.005910
0.005824
0.005738
0.005655
0.005570
0.005482
0.005389
0.005292
0.005193
0.005090
0.004981
0.004871
0.004758
0.004631
0.004492
0.004343
0.004183
0.004016
0.003855
0.003696
0.003540
0.003401
0.003274
0.003159
0.003053
0.002960
0.002880
0.002807
0.002743
0.002684
0.002631
0.002582
0.002538
0.002498
0.002463
0.002430
0.002399
0.002369
0.002341
0.002316
0.002292
0.002271
0.002251
0.002230
0.002210
0.002192
0.002175
0.002159
0.002144
0.002130
0.002118
0.002107
0.002096
0.002085
0.002073
0.002061
0.002051
0.002041
0.002031
0.002022
0.002013
0.002003
0.001995
0.001987
0.001980
0.001973
0.001966
0.001960
0.001953
0.001947
0.001941
0.001936
0.001929
0.001923
0.001917
0.001911
0.001904
0.001898
0.001893
0.001845
0.001845
0.001846
0.001847
0.001848
0.001846
0.001843
0.001841
0.001838
0.001834
0.001831
0.001828
0.001825
0.001822
0.001819
0.001816
0.001813
0.001810
0.001807
0.001804
0.001801
0.001798
0.001796
0.001792
0.001789
0.001786
0.001783
0.001780
0.001776
0.001773
0.001770
0.001768
0.001765
0.001762
0.001760
0.001756
0.001754
0.001751
0.001749
0.001746
0.001744
0.001741
0.001739
0.001737
0.001735
0.001733
0.001730
0.001728
0.001726
0.001725
0.001723
0.001721
0.001719
0.001717
0.001716
0.001714
0.001712
0.001710
0.001708
0.001706
0.001704
0.001702
0.001700
0.001698
0.001697
0.001695
0.001693
0.001691
0.001689
0.001687
0.001685
0.001683
0.001681
0.001680
0.001678
0.001676
0.001674
0.001671
0.001669
0.001667
0.001665
0.001663
0.001660
0.001658
0.001656
0.001654
0.001652
0.001650
0.001648
0.001646
0.001644
0.001641
0.001638
0.001636
0.001634
0.001631
0.001628
0.001625
0.001623
0.001620
0.001606
0.001612
0.001604
0.001596
0.001593
0.001593
0.001593
0.001592
0.001590
0.001589
0.001588
0.001586
0.001585
0.001583
0.001582
0.001581
0.001580
0.001579
0.001578
0.001577
0.001576
0.001574
0.001573
0.001572
0.001571
0.001570
0.001568
0.001567
0.001567
0.001565
0.001564
0.001563
0.001562
0.001561
0.001560
0.001559
0.001558
0.001556
0.001556
0.001555
0.001554
0.001553
0.001551
0.001550
0.001549
0.001548
0.001547
0.001546
0.001545
0.001544
0.001543
0.001542
0.001540
0.001539
0.001538
0.001537
0.001536
0.001535
0.001534
0.001533
0.001532
0.001531
0.001530
0.001529
0.001528
0.001527
0.001525
0.001524
0.001523
0.001522
0.001521
0.001520
0.001519
0.001518
0.001517
0.001516
0.001515
0.001514
0.001513
0.001512
0.001511
0.001510
0.001510
0.001508
0.001508
0.001507
0.001506
0.001505
0.001504
0.001503
0.001502
0.001501
0.001501
0.001500
0.001499
0.001498
0.001498
0.001497
0.001496
0.001496
0.001474
0.001455
0.001453
0.001453
0.001452
0.001452
0.001452
0.001451
0.001451
0.001450
0.001450
0.001450
0.001449
0.001449
0.001449
0.001448
0.001448
0.001447
0.001447
0.001446
0.001446
0.001446
0.001445
0.001445
0.001445
0.001444
0.001444
0.001443
0.001443
0.001443
0.001442
0.001442
0.001441
0.001441
0.001441
0.001440
0.001440
0.001439
0.001439
0.001439
0.001438
0.001438
0.001438
0.001437
0.001437
0.001437
0.001436
0.001436
0.001435
0.001435
0.001435
0.001434
0.001434
0.001434
0.001433
0.001433
0.001432
0.001432
0.001432
0.001431
0.001431
0.001431
0.001430
0.001430
0.001430
0.001429
0.001429
0.001428
0.001428
0.001428
0.001427
0.001427
0.001427
0.001426
0.001426
0.001426
0.001425
0.001425
0.001425
0.001424
0.001424
0.001424
0.001423
0.001423
0.001423
0.001422
0.001422
0.001421
0.001421
0.001421
0.001420
0.001420
0.001420
0.001419
0.001419
0.001418
0.001418
0.001418
0.001417
0.001417
0.001412
0.001408
0.001408
0.001407
0.001407
0.001407
0.001407
0.001407
0.001406
0.001406
0.001406
0.001406
0.001406
0.001405
0.001405
0.001405
0.001405
0.001405
0.001404
0.001404
0.001404
0.001404
0.001404
0.001403
0.001403
0.001403
0.001403
0.001402
0.001402
0.001402
0.001402
0.001402
0.001401
0.001401
0.001401
0.001401
0.001401
0.001400
0.001400
0.001400
0.001400
0.001400
0.001399
0.001399
0.001399
0.001399
0.001399
0.001398
0.001398
0.001398
0.001398
0.001398
0.001397
0.001397
0.001397
0.001397
0.001397
0.001397
0.001396
0.001396
0.001396
0.001396
0.001396
0.001395
0.001395
0.001395
0.001395
0.001395
0.001394
0.001394
0.001394
0.001394
0.001394
0.001393
0.001393
0.001393
0.001393
0.001393
0.001392
0.001392
0.001392
0.001392
0.001392
0.001391
0.001391
0.001391
0.001391
0.001391
0.001390
0.001390
0.001390
0.001390
0.001390
0.001389
0.001389
0.001389
0.001389
0.001389
0.001388
0.001388
