0.308826
0.061467
0.032962
0.019767
0.011231
0.006373
0.004528
0.003787
0.003411
0.003168
0.002967
0.002813
0.002685
0.002578
0.002481
0.002385
0.002292
0.002199
0.002107
0.002019
0.001938
0.001865
0.001798
0.001735
0.001679
0.001626
0.001572
0.001519
0.001466
0.001416
0.001375
0.001338
0.001307
0.001280
0.001257
0.001237
0.001218
0.001204
0.001192
0.001183
0.001176
0.001173
0.001170
0.001169
0.001167
0.001164
0.001160
0.001157
0.001155
0.001153
0.001148
0.001144
0.001140
0.001136
0.001133
0.001128
0.001122
0.001117
0.001111
0.001105
0.001100
0.001095
0.001090
0.001085
0.001081
0.001078
0.001075
0.001073
0.001070
0.001069
0.001067
0.001065
0.001064
0.001063
0.001062
0.001061
0.001060
0.001059
0.001057
0.001056
0.001055
0.001054
0.001053
0.001052
0.001051
0.001051
0.001051
0.001050
0.001050
0.001050
0.001048
0.001046
0.001045
0.001043
0.001042
0.001041
0.001040
0.001039
0.001038
0.001036
0.000972
0.000977
0.000988
0.000991
0.000995
0.000995
0.000995
0.000996
0.000997
0.000998
0.000998
0.000999
0.001000
0.001001
0.001001
0.001001
0.001001
0.001001
0.001001
0.001000
0.001000
0.000999
0.000997
0.000996
0.000995
0.000993
0.000992
0.000991
0.000991
0.000990
0.000989
0.000988
0.000987
0.000987
0.000986
0.000985
0.000984
0.000984
0.000983
0.000982
0.000982
0.000981
0.000980
0.000980
0.000980
0.000979
0.000979
0.000978
0.000978
0.000977
0.000977
0.000977
0.000977
0.000977
0.000977
0.000976
0.000976
0.000976
0.000976
0.000975
0.000975
0.000975
0.000974
0.000974
0.000974
0.000974
0.000973
0.000973
0.000973
0.000972
0.000972
0.000971
0.000971
0.000970
0.000969
0.000968
0.000968
0.000967
0.000966
0.000966
0.000965
0.000965
0.000964
0.000963
0.000963
0.000962
0.000962
0.000961
0.000960
0.000960
0.000959
0.000959
0.000958
0.000958
0.000957
0.000957
0.000956
0.000956
0.000955
0.000955
0.000922
0.000923
0.000924
0.000926
0.000928
0.000928
0.000928
0.000927
0.000927
0.000926
0.000926
0.000925
0.000924
0.000924
0.000923
0.000922
0.000921
0.000920
0.000920
0.000919
0.000918
0.000917
0.000916
0.000916
0.000915
0.000914
0.000913
0.000913
0.000912
0.000912
0.000911
0.000910
0.000910
0.000909
0.000909
0.000908
0.000908
0.000907
0.000907
0.000907
0.000906
0.000906
0.000906
0.000905
0.000905
0.000905
0.000905
0.000905
0.000904
0.000904
0.000904
0.000904
0.000904
0.000904
0.000904
0.000904
0.000904
0.000904
0.000904
0.000904
0.000904
0.000904
0.000904
0.000904
0.000904
0.000904
0.000904
0.000904
0.000904
0.000905
0.000905
0.000905
0.000905
0.000905
0.000905
0.000905
0.000905
0.000905
0.000905
0.000906
0.000906
0.000906
0.000906
0.000906
0.000906
0.000906
0.000906
0.000906
0.000906
0.000906
0.000906
0.000906
0.000906
0.000906
0.000906
0.000907
0.000907
0.000907
0.000907
0.000907
0.000898
0.000904
0.000906
0.000905
0.000905
0.000906
0.000906
0.000906
0.000906
0.000906
0.000906
0.000906
0.000906
0.000906
0.000906
0.000906
0.000906
0.000906
0.000906
0.000906
0.000906
0.000906
0.000906
0.000906
0.000906
0.000906
0.000906
0.000906
0.000906
0.000906
0.000906
0.000906
0.000906
0.000906
0.000906
0.000906
0.000906
0.000906
0.000906
0.000906
0.000906
0.000906
0.000906
0.000906
0.000906
0.000906
0.000906
0.000906
0.000906
0.000906
0.000906
0.000906
0.000906
0.000906
0.000906
0.000906
0.000906
0.000906
0.000906
0.000906
0.000906
0.000906
0.000906
0.000905
0.000906
0.000906
0.000905
0.000905
0.000905
0.000905
0.000905
0.000905
0.000905
0.000905
0.000905
0.000905
0.000905
0.000905
0.000905
0.000905
0.000905
0.000905
0.000905
0.000905
0.000905
0.000905
0.000905
0.000905
0.000905
0.000905
0.000904
0.000904
0.000904
0.000904
0.000904
0.000904
0.000904
0.000904
0.000904
0.000904
0.000899
0.000885
0.000881
0.000882
0.000882
0.000882
0.000882
0.000882
0.000882
0.000882
0.000882
0.000882
0.000882
0.000882
0.000882
0.000882
0.000882
0.000882
0.000882
0.000882
0.000882
0.000882
0.000882
0.000882
0.000882
0.000882
0.000882
0.000882
0.000882
0.000882
0.000882
0.000882
0.000882
0.000882
0.000882
0.000882
0.000882
0.000882
0.000882
0.000882
0.000882
0.000882
0.000882
0.000882
0.000882
0.000882
0.000882
0.000882
0.000882
0.000882
0.000882
0.000882
0.000882
0.000882
0.000882
0.000882
0.000882
0.000882
0.000882
0.000882
0.000882
0.000882
0.000882
0.000882
0.000882
0.000882
0.000882
0.000882
0.000882
0.000882
0.000882
0.000882
0.000882
0.000882
0.000882
0.000882
0.000882
0.000882
0.000882
0.000882
0.000882
0.000882
0.000882
0.000882
0.000882
0.000882
0.000882
0.000882
0.000882
0.000882
0.000882
0.000882
0.000882
0.000882
0.000882
0.000882
0.000882
0.000882
0.000882
0.000882
