0.436013
0.247263
0.153078
0.103770
0.079191
0.064996
0.054581
0.045202
0.036513
0.028791
0.022652
0.018130
0.014950
0.012941
0.011377
0.010178
0.009230
0.008429
0.007673
0.006857
0.005870
0.004837
0.004034
0.003602
0.003359
0.003079
0.002668
0.002426
0.002300
0.002241
0.002198
0.002172
0.002159
0.002146
0.002122
0.002085
0.002038
0.001992
0.001955
0.001925
0.001898
0.001876
0.001857
0.001841
0.001825
0.001809
0.001794
0.001781
0.001768
0.001754
0.001738
0.001717
0.001697
0.001677
0.001658
0.001641
0.001626
0.001612
0.001598
0.001584
0.001573
0.001563
0.001553
0.001544
0.001535
0.001525
0.001513
0.001499
0.001484
0.001471
0.001453
0.001436
0.001416
0.001396
0.001375
0.001355
0.001337
0.001325
0.001317
0.001313
0.001310
0.001309
0.001308
0.001306
0.001303
0.001301
0.001298
0.001296
0.001293
0.001290
0.001287
0.001285
0.001281
0.001279
0.001276
0.001276
0.001274
0.001273
0.001270
0.001269
0.001172
0.001172
0.001172
0.001173
0.001177
0.001176
0.001175
0.001173
0.001170
0.001167
0.001164
0.001161
0.001157
0.001153
0.001150
0.001147
0.001144
0.001141
0.001138
0.001136
0.001134
0.001132
0.001131
0.001130
0.001129
0.001128
0.001127
0.001126
0.001126
0.001125
0.001125
0.001124
0.001124
0.001124
0.001124
0.001123
0.001123
0.001123
0.001123
0.001123
0.001122
0.001121
0.001121
0.001120
0.001119
0.001118
0.001117
0.001116
0.001115
0.001113
0.001112
0.001110
0.001109
0.001107
0.001106
0.001104
0.001102
0.001101
0.001099
0.001097
0.001095
0.001093
0.001091
0.001089
0.001087
0.001085
0.001082
0.001080
0.001078
0.001076
0.001075
0.001073
0.001072
0.001070
0.001068
0.001067
0.001065
0.001064
0.001063
0.001062
0.001061
0.001060
0.001059
0.001058
0.001057
0.001057
0.001056
0.001054
0.001053
0.001052
0.001051
0.001050
0.001048
0.001047
0.001046
0.001045
0.001044
0.001043
0.001043
0.001042
0.001033
0.001051
0.001053
0.001050
0.001049
0.001048
0.001048
0.001048
0.001048
0.001048
0.001048
0.001048
0.001048
0.001047
0.001047
0.001047
0.001047
0.001047
0.001047
0.001047
0.001046
0.001046
0.001046
0.001046
0.001046
0.001045
0.001045
0.001045
0.001044
0.001044
0.001044
0.001043
0.001043
0.001043
0.001042
0.001042
0.001042
0.001041
0.001041
0.001041
0.001040
0.001040
0.001039
0.001039
0.001038
0.001038
0.001037
0.001037
0.001036
0.001036
0.001036
0.001035
0.001035
0.001034
0.001034
0.001033
0.001033
0.001032
0.001032
0.001031
0.001031
0.001030
0.001029
0.001029
0.001028
0.001028
0.001028
0.001027
0.001026
0.001026
0.001025
0.001025
0.001024
0.001024
0.001023
0.001023
0.001022
0.001021
0.001021
0.001020
0.001020
0.001019
0.001019
0.001019
0.001018
0.001017
0.001017
0.001017
0.001016
0.001015
0.001015
0.001014
0.001013
0.001013
0.001012
0.001012
0.001011
0.001011
0.001010
0.001009
0.000991
0.001006
0.001014
0.001016
0.001016
0.001015
0.001015
0.001015
0.001015
0.001015
0.001015
0.001015
0.001015
0.001015
0.001015
0.001016
0.001016
0.001016
0.001016
0.001017
0.001017
0.001017
0.001017
0.001017
0.001017
0.001017
0.001017
0.001017
0.001017
0.001017
0.001017
0.001017
0.001016
0.001016
0.001015
0.001015
0.001014
0.001013
0.001013
0.001012
0.001011
0.001011
0.001010
0.001009
0.001008
0.001008
0.001007
0.001007
0.001006
0.001006
0.001005
0.001004
0.001004
0.001004
0.001003
0.001003
0.001003
0.001003
0.001002
0.001002
0.001001
0.001001
0.001001
0.001001
0.001000
0.001000
0.001000
0.000999
0.000999
0.000999
0.000999
0.000998
0.000998
0.000998
0.000998
0.000998
0.000998
0.000997
0.000997
0.000997
0.000997
0.000997
0.000996
0.000996
0.000996
0.000996
0.000996
0.000996
0.000996
0.000996
0.000995
0.000995
0.000995
0.000995
0.000995
0.000995
0.000995
0.000994
0.000994
0.000994
0.000974
0.000960
0.000957
0.000958
0.000958
0.000958
0.000958
0.000958
0.000958
0.000957
0.000957
0.000957
0.000957
0.000957
0.000957
0.000957
0.000957
0.000957
0.000957
0.000957
0.000957
0.000957
0.000957
0.000957
0.000957
0.000957
0.000957
0.000957
0.000957
0.000957
0.000957
0.000957
0.000957
0.000956
0.000956
0.000956
0.000956
0.000956
0.000956
0.000956
0.000956
0.000956
0.000956
0.000956
0.000956
0.000956
0.000956
0.000956
0.000956
0.000956
0.000956
0.000956
0.000956
0.000956
0.000956
0.000956
0.000956
0.000956
0.000956
0.000956
0.000956
0.000956
0.000956
0.000956
0.000956
0.000956
0.000956
0.000956
0.000956
0.000956
0.000956
0.000956
0.000956
0.000956
0.000956
0.000956
0.000956
0.000956
0.000956
0.000956
0.000956
0.000956
0.000956
0.000956
0.000956
0.000956
0.000956
0.000956
0.000956
0.000956
0.000956
0.000956
0.000956
0.000956
0.000956
0.000956
0.000956
0.000956
0.000956
0.000956
