0.438967
0.282371
0.172110
0.112766
0.073782
0.048561
0.033906
0.025469
0.019975
0.016219
0.013482
0.011337
0.009679
0.008412
0.007487
0.006865
0.006458
0.006180
0.005970
0.005792
0.005626
0.005464
0.005304
0.005142
0.004976
0.004805
0.004630
0.004463
0.004304
0.004158
0.004018
0.003880
0.003749
0.003626
0.003515
0.003409
0.003308
0.003216
0.003136
0.003066
0.003005
0.002949
0.002898
0.002849
0.002804
0.002762
0.002725
0.002687
0.002655
0.002622
0.002589
0.002559
0.002528
0.002501
0.002474
0.002448
0.002424
0.002400
0.002375
0.002352
0.002332
0.002312
0.002294
0.002277
0.002264
0.002250
0.002237
0.002224
0.002212
0.002201
0.002192
0.002182
0.002172
0.002164
0.002155
0.002146
0.002137
0.002128
0.002118
0.002106
0.002096
0.002086
0.002077
0.002068
0.002057
0.002046
0.002036
0.002025
0.002014
0.002002
0.001987
0.001969
0.001951
0.001934
0.001914
0.001895
0.001876
0.001860
0.001844
0.001828
0.001775
0.001771
0.001763
0.001749
0.001736
0.001726
0.001717
0.001708
0.001700
0.001692
0.001685
0.001679
0.001672
0.001665
0.001659
0.001653
0.001648
0.001644
0.001639
0.001635
0.001631
0.001626
0.001622
0.001618
0.001614
0.001610
0.001607
0.001604
0.001601
0.001598
0.001595
0.001592
0.001589
0.001586
0.001584
0.001582
0.001579
0.001577
0.001575
0.001573
0.001571
0.001569
0.001568
0.001566
0.001564
0.001562
0.001560
0.001558
0.001557
0.001555
0.001553
0.001552
0.001551
0.001549
0.001548
0.001546
0.001544
0.001542
0.001540
0.001539
0.001536
0.001534
0.001532
0.001530
0.001528
0.001526
0.001524
0.001523
0.001521
0.001519
0.001517
0.001515
0.001513
0.001511
0.001509
0.001507
0.001505
0.001503
0.001501
0.001499
0.001497
0.001496
0.001494
0.001491
0.001490
0.001488
0.001486
0.001484
0.001483
0.001481
0.001480
0.001479
0.001477
0.001476
0.001475
0.001474
0.001473
0.001472
0.001470
0.001469
0.001461
0.001422
0.001427
0.001420
0.001420
0.001419
0.001419
0.001418
0.001418
0.001418
0.001418
0.001418
0.001418
0.001418
0.001417
0.001417
0.001417
0.001417
0.001417
0.001416
0.001416
0.001416
0.001416
0.001416
0.001415
0.001415
0.001415
0.001415
0.001415
0.001415
0.001414
0.001414
0.001414
0.001414
0.001414
0.001413
0.001413
0.001413
0.001413
0.001413
0.001413
0.001413
0.001412
0.001412
0.001412
0.001412
0.001412
0.001412
0.001412
0.001412
0.001412
0.001412
0.001412
0.001411
0.001411
0.001411
0.001411
0.001411
0.001411
0.001410
0.001410
0.001410
0.001410
0.001410
0.001409
0.001409
0.001409
0.001409
0.001409
0.001409
0.001408
0.001408
0.001408
0.001408
0.001408
0.001408
0.001407
0.001407
0.001407
0.001407
0.001407
0.001407
0.001407
0.001407
0.001407
0.001406
0.001406
0.001406
0.001406
0.001405
0.001405
0.001405
0.001405
0.001405
0.001405
0.001405
0.001404
0.001404
0.001404
0.001404
0.001384
0.001379
0.001372
0.001372
0.001371
0.001371
0.001371
0.001371
0.001371
0.001370
0.001370
0.001370
0.001370
0.001370
0.001370
0.001369
0.001369
0.001369
0.001369
0.001369
0.001369
0.001369
0.001368
0.001368
0.001368
0.001368
0.001368
0.001368
0.001368
0.001367
0.001367
0.001367
0.001367
0.001367
0.001367
0.001367
0.001367
0.001366
0.001366
0.001366
0.001366
0.001366
0.001366
0.001366
0.001366
0.001365
0.001365
0.001365
0.001365
0.001365
0.001365
0.001365
0.001365
0.001365
0.001364
0.001364
0.001364
0.001364
0.001364
0.001364
0.001364
0.001364
0.001364
0.001363
0.001363
0.001363
0.001363
0.001363
0.001363
0.001363
0.001363
0.001363
0.001363
0.001362
0.001362
0.001362
0.001362
0.001362
0.001362
0.001362
0.001362
0.001362
0.001362
0.001361
0.001361
0.001361
0.001361
0.001361
0.001361
0.001361
0.001361
0.001361
0.001361
0.001361
0.001360
0.001360
0.001360
0.001360
0.001360
0.001360
0.001354
0.001360
0.001363
0.001364
0.001364
0.001364
0.001364
0.001364
0.001364
0.001364
0.001364
0.001364
0.001364
0.001364
0.001364
0.001364
0.001364
0.001364
0.001364
0.001364
0.001364
0.001364
0.001363
0.001363
0.001363
0.001363
0.001363
0.001363
0.001363
0.001363
0.001363
0.001363
0.001363
0.001363
0.001363
0.001363
0.001362
0.001362
0.001362
0.001362
0.001362
0.001362
0.001362
0.001362
0.001362
0.001362
0.001361
0.001361
0.001361
0.001361
0.001361
0.001361
0.001361
0.001361
0.001361
0.001361
0.001361
0.001360
0.001360
0.001360
0.001360
0.001360
0.001360
0.001360
0.001360
0.001360
0.001360
0.001360
0.001359
0.001359
0.001359
0.001359
0.001359
0.001359
0.001359
0.001359
0.001359
0.001359
0.001358
0.001358
0.001358
0.001358
0.001358
0.001358
0.001358
0.001358
0.001358
0.001358
0.001358
0.001357
0.001357
0.001357
0.001357
0.001357
0.001357
0.001357
0.001357
0.001357
0.001357
0.001357
