0.389099
0.092142
0.036388
0.016502
0.009584
0.007588
0.006777
0.006271
0.005878
0.005539
0.005262
0.005025
0.004807
0.004610
0.004433
0.004272
0.004127
0.003995
0.003871
0.003751
0.003637
0.003528
0.003426
0.003326
0.003231
0.003138
0.003048
0.002958
0.002869
0.002780
0.002692
0.002607
0.002524
0.002444
0.002366
0.002289
0.002213
0.002139
0.002070
0.002009
0.001953
0.001905
0.001860
0.001819
0.001782
0.001748
0.001716
0.001688
0.001664
0.001640
0.001621
0.001603
0.001586
0.001571
0.001555
0.001541
0.001528
0.001514
0.001498
0.001485
0.001473
0.001461
0.001447
0.001435
0.001424
0.001414
0.001404
0.001396
0.001385
0.001379
0.001373
0.001367
0.001361
0.001356
0.001350
0.001344
0.001338
0.001333
0.001328
0.001325
0.001319
0.001313
0.001308
0.001304
0.001300
0.001295
0.001292
0.001288
0.001285
0.001279
0.001277
0.001272
0.001268
0.001266
0.001261
0.001257
0.001252
0.001248
0.001245
0.001242
0.001152
0.001147
0.001147
0.001149
0.001151
0.001150
0.001149
0.001147
0.001145
0.001143
0.001141
0.001139
0.001137
0.001134
0.001132
0.001130
0.001128
0.001125
0.001123
0.001121
0.001118
0.001115
0.001113
0.001111
0.001109
0.001107
0.001105
0.001103
0.001101
0.001098
0.001096
0.001094
0.001092
0.001090
0.001088
0.001086
0.001084
0.001082
0.001080
0.001078
0.001077
0.001075
0.001073
0.001071
0.001070
0.001068
0.001067
0.001065
0.001064
0.001062
0.001059
0.001058
0.001056
0.001055
0.001053
0.001051
0.001050
0.001049
0.001048
0.001047
0.001046
0.001045
0.001044
0.001043
0.001042
0.001041
0.001040
0.001039
0.001038
0.001037
0.001036
0.001035
0.001034
0.001032
0.001032
0.001031
0.001029
0.001028
0.001028
0.001027
0.001026
0.001025
0.001024
0.001024
0.001023
0.001022
0.001022
0.001021
0.001021
0.001020
0.001019
0.001018
0.001017
0.001017
0.001016
0.001016
0.001015
0.001015
0.001013
0.001012
0.000985
0.000973
0.000975
0.000979
0.000979
0.000979
0.000978
0.000977
0.000976
0.000975
0.000974
0.000973
0.000972
0.000972
0.000971
0.000970
0.000970
0.000969
0.000969
0.000968
0.000967
0.000967
0.000966
0.000966
0.000965
0.000965
0.000964
0.000964
0.000964
0.000963
0.000963
0.000962
0.000962
0.000962
0.000961
0.000961
0.000961
0.000960
0.000960
0.000960
0.000959
0.000959
0.000959
0.000959
0.000959
0.000959
0.000958
0.000958
0.000958
0.000957
0.000957
0.000957
0.000957
0.000957
0.000956
0.000956
0.000956
0.000955
0.000955
0.000955
0.000954
0.000954
0.000953
0.000953
0.000953
0.000953
0.000952
0.000952
0.000951
0.000951
0.000951
0.000951
0.000950
0.000950
0.000949
0.000949
0.000949
0.000948
0.000948
0.000948
0.000947
0.000947
0.000947
0.000946
0.000946
0.000946
0.000945
0.000945
0.000944
0.000944
0.000944
0.000943
0.000943
0.000943
0.000942
0.000942
0.000942
0.000941
0.000941
0.000941
0.000933
0.000947
0.000953
0.000953
0.000951
0.000950
0.000949
0.000949
0.000949
0.000949
0.000949
0.000948
0.000948
0.000948
0.000948
0.000947
0.000947
0.000947
0.000947
0.000946
0.000946
0.000946
0.000946
0.000946
0.000945
0.000945
0.000945
0.000945
0.000945
0.000944
0.000944
0.000944
0.000944
0.000943
0.000943
0.000943
0.000943
0.000943
0.000942
0.000942
0.000942
0.000942
0.000942
0.000941
0.000941
0.000941
0.000941
0.000941
0.000940
0.000940
0.000940
0.000940
0.000940
0.000940
0.000939
0.000939
0.000939
0.000939
0.000939
0.000938
0.000938
0.000938
0.000938
0.000938
0.000938
0.000937
0.000937
0.000937
0.000937
0.000937
0.000937
0.000936
0.000936
0.000936
0.000936
0.000936
0.000936
0.000935
0.000935
0.000935
0.000935
0.000935
0.000934
0.000934
0.000934
0.000934
0.000934
0.000933
0.000933
0.000933
0.000933
0.000933
0.000932
0.000932
0.000932
0.000932
0.000932
0.000932
0.000931
0.000931
0.000928
0.000912
0.000908
0.000910
0.000909
0.000909
0.000909
0.000909
0.000909
0.000909
0.000909
0.000909
0.000909
0.000909
0.000909
0.000909
0.000909
0.000909
0.000908
0.000908
0.000908
0.000908
0.000908
0.000908
0.000908
0.000908
0.000908
0.000908
0.000908
0.000908
0.000908
0.000908
0.000908
0.000908
0.000908
0.000908
0.000908
0.000908
0.000908
0.000908
0.000908
0.000908
0.000908
0.000908
0.000907
0.000907
0.000907
0.000907
0.000907
0.000907
0.000907
0.000907
0.000907
0.000907
0.000907
0.000907
0.000907
0.000907
0.000907
0.000907
0.000907
0.000907
0.000907
0.000907
0.000907
0.000907
0.000907
0.000907
0.000907
0.000906
0.000906
0.000906
0.000906
0.000906
0.000906
0.000906
0.000906
0.000906
0.000906
0.000906
0.000906
0.000906
0.000906
0.000906
0.000906
0.000906
0.000906
0.000906
0.000906
0.000905
0.000905
0.000905
0.000905
0.000905
0.000905
0.000905
0.000905
0.000905
0.000905
0.000905
