0.449775
0.302337
0.158857
0.060039
0.044480
0.034030
0.026453
0.020541
0.015804
0.012064
0.009267
0.007230
0.005741
0.004650
0.003897
0.003392
0.003063
0.002847
0.002700
0.002599
0.002525
0.002468
0.002423
0.002384
0.002352
0.002324
0.002300
0.002278
0.002260
0.002243
0.002227
0.002212
0.002196
0.002181
0.002167
0.002154
0.002141
0.002128
0.002114
0.002100
0.002087
0.002074
0.002062
0.002049
0.002037
0.002026
0.002014
0.002002
0.001992
0.001982
0.001973
0.001964
0.001957
0.001952
0.001947
0.001941
0.001935
0.001929
0.001920
0.001909
0.001893
0.001874
0.001853
0.001833
0.001816
0.001802
0.001790
0.001779
0.001769
0.001760
0.001751
0.001742
0.001733
0.001724
0.001715
0.001706
0.001697
0.001689
0.001681
0.001672
0.001665
0.001657
0.001648
0.001640
0.001634
0.001628
0.001621
0.001616
0.001612
0.001608
0.001600
0.001594
0.001587
0.001581
0.001574
0.001570
0.001565
0.001560
0.001554
0.001547
0.001476
0.001482
0.001494
0.001497
0.001494
0.001490
0.001485
0.001481
0.001476
0.001472
0.001468
0.001464
0.001460
0.001455
0.001451
0.001447
0.001442
0.001437
0.001433
0.001428
0.001424
0.001419
0.001413
0.001408
0.001402
0.001396
0.001390
0.001385
0.001379
0.001374
0.001369
0.001363
0.001358
0.001353
0.001348
0.001343
0.001338
0.001334
0.001329
0.001325
0.001321
0.001317
0.001314
0.001310
0.001307
0.001304
0.001300
0.001297
0.001294
0.001291
0.001288
0.001284
0.001281
0.001278
0.001275
0.001272
0.001270
0.001267
0.001264
0.001261
0.001258
0.001255
0.001253
0.001250
0.001247
0.001244
0.001242
0.001239
0.001236
0.001234
0.001231
0.001229
0.001226
0.001224
0.001221
0.001218
0.001216
0.001213
0.001211
0.001208
0.001205
0.001203
0.001201
0.001199
0.001197
0.001195
0.001192
0.001190
0.001188
0.001186
0.001183
0.001181
0.001178
0.001176
0.001173
0.001171
0.001169
0.001167
0.001165
0.001163
0.001154
0.001164
0.001158
0.001155
0.001155
0.001154
0.001153
0.001152
0.001151
0.001151
0.001150
0.001149
0.001149
0.001148
0.001147
0.001147
0.001146
0.001146
0.001145
0.001144
0.001144
0.001143
0.001143
0.001142
0.001142
0.001141
0.001141
0.001140
0.001140
0.001140
0.001139
0.001139
0.001138
0.001138
0.001137
0.001137
0.001136
0.001136
0.001135
0.001135
0.001134
0.001134
0.001134
0.001133
0.001133
0.001132
0.001132
0.001131
0.001131
0.001131
0.001130
0.001130
0.001129
0.001129
0.001129
0.001128
0.001128
0.001128
0.001127
0.001127
0.001127
0.001126
0.001126
0.001126
0.001125
0.001125
0.001125
0.001124
0.001124
0.001124
0.001123
0.001123
0.001123
0.001123
0.001122
0.001122
0.001122
0.001121
0.001121
0.001121
0.001121
0.001120
0.001120
0.001120
0.001119
0.001119
0.001119
0.001118
0.001118
0.001118
0.001117
0.001117
0.001117
0.001117
0.001116
0.001116
0.001116
0.001116
0.001115
0.001115
0.001097
0.001086
0.001084
0.001083
0.001083
0.001083
0.001083
0.001083
0.001082
0.001082
0.001082
0.001082
0.001082
0.001082
0.001082
0.001081
0.001081
0.001081
0.001081
0.001081
0.001081
0.001081
0.001081
0.001080
0.001080
0.001080
0.001080
0.001080
0.001080
0.001080
0.001080
0.001079
0.001079
0.001079
0.001079
0.001079
0.001079
0.001079
0.001079
0.001078
0.001078
0.001078
0.001078
0.001078
0.001078
0.001078
0.001078
0.001078
0.001078
0.001077
0.001077
0.001077
0.001077
0.001077
0.001077
0.001077
0.001077
0.001077
0.001076
0.001076
0.001076
0.001076
0.001076
0.001076
0.001076
0.001076
0.001075
0.001075
0.001075
0.001075
0.001075
0.001075
0.001075
0.001075
0.001075
0.001074
0.001074
0.001074
0.001074
0.001074
0.001074
0.001074
0.001074
0.001074
0.001074
0.001073
0.001073
0.001073
0.001073
0.001073
0.001073
0.001073
0.001073
0.001073
0.001072
0.001072
0.001072
0.001072
0.001072
0.001072
0.001067
0.001068
0.001068
0.001068
0.001068
0.001068
0.001068
0.001068
0.001067
0.001067
0.001067
0.001067
0.001067
0.001067
0.001067
0.001067
0.001067
0.001067
0.001066
0.001066
0.001066
0.001066
0.001066
0.001066
0.001066
0.001066
0.001066
0.001065
0.001065
0.001065
0.001065
0.001065
0.001065
0.001065
0.001065
0.001065
0.001065
0.001064
0.001064
0.001064
0.001064
0.001064
0.001064
0.001064
0.001064
0.001064
0.001064
0.001063
0.001063
0.001063
0.001063
0.001063
0.001063
0.001063
0.001063
0.001063
0.001063
0.001062
0.001062
0.001062
0.001062
0.001062
0.001062
0.001062
0.001062
0.001062
0.001062
0.001061
0.001061
0.001061
0.001061
0.001061
0.001061
0.001061
0.001061
0.001061
0.001061
0.001061
0.001060
0.001060
0.001060
0.001060
0.001060
0.001060
0.001060
0.001060
0.001060
0.001060
0.001059
0.001059
0.001059
0.001059
0.001059
0.001059
0.001059
0.001059
0.001059
0.001059
0.001058
0.001058
