0.348670
0.202879
0.133237
0.099945
0.075482
0.056639
0.041150
0.027237
0.009408
0.006151
0.005335
0.004629
0.004232
0.003809
0.003469
0.003167
0.002922
0.002728
0.002565
0.002427
0.002309
0.002202
0.002109
0.002030
0.001962
0.001902
0.001851
0.001806
0.001766
0.001729
0.001695
0.001662
0.001630
0.001599
0.001569
0.001542
0.001519
0.001497
0.001479
0.001465
0.001451
0.001438
0.001427
0.001417
0.001408
0.001399
0.001390
0.001382
0.001374
0.001366
0.001359
0.001352
0.001345
0.001338
0.001332
0.001325
0.001318
0.001312
0.001308
0.001302
0.001298
0.001295
0.001292
0.001288
0.001285
0.001282
0.001279
0.001276
0.001272
0.001268
0.001265
0.001261
0.001256
0.001253
0.001250
0.001247
0.001243
0.001239
0.001235
0.001232
0.001229
0.001226
0.001225
0.001223
0.001220
0.001218
0.001217
0.001215
0.001214
0.001212
0.001210
0.001209
0.001209
0.001208
0.001207
0.001205
0.001204
0.001203
0.001202
0.001201
0.001168
0.001197
0.001201
0.001196
0.001189
0.001183
0.001181
0.001181
0.001180
0.001180
0.001179
0.001178
0.001177
0.001176
0.001176
0.001175
0.001174
0.001174
0.001173
0.001172
0.001172
0.001171
0.001171
0.001170
0.001170
0.001169
0.001169
0.001169
0.001168
0.001168
0.001167
0.001166
0.001166
0.001165
0.001165
0.001165
0.001164
0.001164
0.001163
0.001163
0.001163
0.001162
0.001162
0.001162
0.001161
0.001161
0.001161
0.001160
0.001160
0.001160
0.001159
0.001159
0.001159
0.001159
0.001158
0.001158
0.001158
0.001158
0.001157
0.001157
0.001157
0.001157
0.001156
0.001156
0.001156
0.001156
0.001155
0.001155
0.001155
0.001155
0.001154
0.001154
0.001153
0.001153
0.001153
0.001153
0.001152
0.001152
0.001152
0.001152
0.001152
0.001152
0.001152
0.001151
0.001151
0.001151
0.001151
0.001151
0.001150
0.001150
0.001150
0.001149
0.001149
0.001149
0.001149
0.001149
0.001149
0.001149
0.001149
0.001148
0.001120
0.001132
0.001135
0.001139
0.001141
0.001142
0.001142
0.001142
0.001141
0.001141
0.001141
0.001141
0.001141
0.001140
0.001140
0.001140
0.001140
0.001139
0.001139
0.001139
0.001139
0.001138
0.001138
0.001138
0.001138
0.001138
0.001137
0.001137
0.001137
0.001136
0.001136
0.001136
0.001136
0.001135
0.001135
0.001135
0.001134
0.001134
0.001134
0.001133
0.001133
0.001133
0.001132
0.001132
0.001132
0.001131
0.001131
0.001130
0.001130
0.001130
0.001130
0.001129
0.001129
0.001128
0.001128
0.001127
0.001127
0.001127
0.001126
0.001126
0.001125
0.001125
0.001124
0.001124
0.001123
0.001123
0.001122
0.001122
0.001121
0.001121
0.001120
0.001120
0.001119
0.001119
0.001118
0.001118
0.001117
0.001116
0.001116
0.001115
0.001115
0.001114
0.001114
0.001114
0.001113
0.001113
0.001112
0.001112
0.001112
0.001111
0.001111
0.001111
0.001110
0.001110
0.001110
0.001109
0.001109
0.001109
0.001109
0.001109
0.001114
0.001123
0.001135
0.001138
0.001132
0.001123
0.001116
0.001112
0.001111
0.001111
0.001110
0.001109
0.001109
0.001108
0.001108
0.001108
0.001107
0.001107
0.001107
0.001107
0.001106
0.001106
0.001106
0.001106
0.001106
0.001106
0.001105
0.001105
0.001105
0.001105
0.001105
0.001105
0.001105
0.001105
0.001105
0.001105
0.001105
0.001105
0.001105
0.001105
0.001105
0.001105
0.001104
0.001105
0.001105
0.001105
0.001104
0.001104
0.001105
0.001104
0.001104
0.001104
0.001105
0.001104
0.001105
0.001105
0.001105
0.001104
0.001104
0.001105
0.001104
0.001104
0.001105
0.001105
0.001105
0.001105
0.001105
0.001105
0.001104
0.001105
0.001105
0.001105
0.001105
0.001105
0.001105
0.001105
0.001105
0.001105
0.001105
0.001105
0.001105
0.001105
0.001105
0.001105
0.001104
0.001105
0.001105
0.001105
0.001104
0.001104
0.001105
0.001105
0.001105
0.001104
0.001104
0.001104
0.001104
0.001104
0.001104
0.001104
0.001090
0.001089
0.001087
0.001086
0.001086
0.001086
0.001086
0.001086
0.001086
0.001086
0.001086
0.001086
0.001086
0.001086
0.001086
0.001086
0.001086
0.001086
0.001086
0.001086
0.001086
0.001086
0.001086
0.001086
0.001086
0.001085
0.001086
0.001085
0.001085
0.001085
0.001085
0.001085
0.001085
0.001085
0.001085
0.001085
0.001085
0.001085
0.001085
0.001085
0.001085
0.001085
0.001085
0.001085
0.001085
0.001085
0.001085
0.001085
0.001085
0.001085
0.001085
0.001085
0.001085
0.001085
0.001085
0.001085
0.001085
0.001085
0.001085
0.001085
0.001085
0.001085
0.001085
0.001085
0.001085
0.001085
0.001085
0.001085
0.001085
0.001085
0.001085
0.001085
0.001085
0.001085
0.001085
0.001085
0.001085
0.001085
0.001085
0.001085
0.001085
0.001085
0.001085
0.001085
0.001085
0.001085
0.001085
0.001085
0.001085
0.001085
0.001085
0.001085
0.001085
0.001085
0.001085
0.001085
0.001085
0.001085
0.001085
0.001085
