0.470106
0.292403
0.164900
0.088741
0.058039
0.041420
0.027083
0.017434
0.012307
0.009405
0.007965
0.007144
0.006567
0.006095
0.005679
0.005314
0.004994
0.004719
0.004479
0.004271
0.004087
0.003922
0.003777
0.003644
0.003523
0.003410
0.003306
0.003208
0.003116
0.003029
0.002945
0.002866
0.002790
0.002719
0.002655
0.002592
0.002535
0.002479
0.002430
0.002380
0.002332
0.002289
0.002246
0.002205
0.002165
0.002129
0.002093
0.002059
0.002027
0.001992
0.001962
0.001933
0.001903
0.001875
0.001847
0.001821
0.001794
0.001769
0.001747
0.001726
0.001704
0.001686
0.001668
0.001650
0.001634
0.001618
0.001603
0.001589
0.001574
0.001561
0.001549
0.001536
0.001525
0.001514
0.001505
0.001494
0.001483
0.001471
0.001461
0.001453
0.001444
0.001437
0.001428
0.001418
0.001408
0.001400
0.001390
0.001382
0.001375
0.001368
0.001361
0.001356
0.001349
0.001344
0.001340
0.001333
0.001326
0.001320
0.001315
0.001308
0.001189
0.001178
0.001170
0.001170
0.001167
0.001165
0.001161
0.001158
0.001155
0.001152
0.001150
0.001147
0.001144
0.001141
0.001139
0.001136
0.001133
0.001130
0.001128
0.001125
0.001122
0.001120
0.001117
0.001114
0.001112
0.001110
0.001107
0.001105
0.001102
0.001100
0.001098
0.001095
0.001093
0.001091
0.001089
0.001086
0.001084
0.001082
0.001080
0.001078
0.001076
0.001074
0.001072
0.001070
0.001068
0.001066
0.001064
0.001063
0.001061
0.001059
0.001057
0.001055
0.001053
0.001051
0.001049
0.001047
0.001044
0.001042
0.001039
0.001037
0.001034
0.001032
0.001029
0.001027
0.001024
0.001022
0.001019
0.001017
0.001015
0.001012
0.001010
0.001007
0.001005
0.001002
0.001000
0.000998
0.000995
0.000993
0.000991
0.000989
0.000986
0.000984
0.000981
0.000979
0.000976
0.000974
0.000971
0.000969
0.000966
0.000963
0.000961
0.000958
0.000955
0.000952
0.000949
0.000945
0.000942
0.000938
0.000934
0.000930
0.000902
0.000914
0.000923
0.000923
0.000921
0.000918
0.000915
0.000912
0.000910
0.000907
0.000905
0.000902
0.000900
0.000897
0.000894
0.000892
0.000889
0.000886
0.000883
0.000881
0.000878
0.000876
0.000873
0.000871
0.000868
0.000865
0.000863
0.000860
0.000858
0.000856
0.000853
0.000851
0.000849
0.000847
0.000845
0.000842
0.000840
0.000838
0.000836
0.000834
0.000832
0.000829
0.000827
0.000825
0.000823
0.000820
0.000818
0.000816
0.000814
0.000812
0.000810
0.000808
0.000806
0.000803
0.000801
0.000799
0.000797
0.000795
0.000793
0.000791
0.000789
0.000787
0.000785
0.000783
0.000780
0.000778
0.000776
0.000774
0.000772
0.000770
0.000768
0.000766
0.000765
0.000763
0.000761
0.000759
0.000757
0.000755
0.000754
0.000752
0.000750
0.000748
0.000747
0.000745
0.000743
0.000742
0.000740
0.000739
0.000737
0.000735
0.000734
0.000732
0.000731
0.000729
0.000728
0.000726
0.000725
0.000723
0.000722
0.000721
0.000717
0.000725
0.000725
0.000725
0.000724
0.000723
0.000722
0.000721
0.000720
0.000720
0.000719
0.000718
0.000717
0.000717
0.000716
0.000715
0.000714
0.000714
0.000713
0.000712
0.000711
0.000711
0.000710
0.000709
0.000709
0.000708
0.000707
0.000707
0.000706
0.000705
0.000704
0.000704
0.000703
0.000702
0.000702
0.000701
0.000700
0.000700
0.000699
0.000699
0.000698
0.000697
0.000697
0.000696
0.000695
0.000695
0.000694
0.000694
0.000693
0.000693
0.000692
0.000692
0.000691
0.000691
0.000690
0.000690
0.000689
0.000689
0.000688
0.000687
0.000687
0.000686
0.000686
0.000685
0.000685
0.000684
0.000684
0.000683
0.000683
0.000682
0.000682
0.000681
0.000681
0.000680
0.000680
0.000679
0.000679
0.000678
0.000677
0.000677
0.000676
0.000676
0.000675
0.000674
0.000674
0.000673
0.000673
0.000672
0.000671
0.000671
0.000670
0.000670
0.000669
0.000669
0.000668
0.000668
0.000667
0.000667
0.000667
0.000666
0.000655
0.000649
0.000648
0.000648
0.000648
0.000648
0.000647
0.000647
0.000647
0.000647
0.000647
0.000646
0.000646
0.000646
0.000646
0.000645
0.000645
0.000645
0.000645
0.000645
0.000644
0.000644
0.000644
0.000644
0.000643
0.000643
0.000643
0.000643
0.000643
0.000642
0.000642
0.000642
0.000642
0.000641
0.000641
0.000641
0.000641
0.000640
0.000640
0.000640
0.000640
0.000640
0.000639
0.000639
0.000639
0.000639
0.000638
0.000638
0.000638
0.000638
0.000638
0.000637
0.000637
0.000637
0.000637
0.000636
0.000636
0.000636
0.000636
0.000636
0.000635
0.000635
0.000635
0.000635
0.000635
0.000634
0.000634
0.000634
0.000634
0.000634
0.000633
0.000633
0.000633
0.000633
0.000632
0.000632
0.000632
0.000632
0.000632
0.000631
0.000631
0.000631
0.000631
0.000631
0.000630
0.000630
0.000630
0.000630
0.000629
0.000629
0.000629
0.000629
0.000629
0.000628
0.000628
0.000628
0.000628
0.000628
0.000627
0.000627
