0.476396
0.330445
0.187277
0.100855
0.063804
0.039506
0.021945
0.013770
0.010991
0.009537
0.008684
0.008231
0.008035
0.007968
0.007950
0.007949
0.007955
0.007961
0.007966
0.007972
0.007978
0.007982
0.007984
0.007986
0.007988
0.007989
0.007990
0.007990
0.007989
0.007988
0.007990
0.007989
0.007991
0.007991
0.007991
0.007995
0.007995
0.007994
0.007992
0.007993
0.007993
0.007993
0.007994
0.007993
0.007993
0.007993
0.007991
0.007991
0.007990
0.007989
0.007990
0.007990
0.007989
0.007988
0.007988
0.007986
0.007985
0.007984
0.007983
0.007983
0.007982
0.007982
0.007981
0.007978
0.007977
0.007976
0.007975
0.007974
0.007973
0.007971
0.007971
0.007969
0.007969
0.007967
0.007965
0.007964
0.007963
0.007962
0.007960
0.007958
0.007957
0.007955
0.007953
0.007952
0.007950
0.007949
0.007948
0.007945
0.007944
0.007941
0.007939
0.007937
0.007934
0.007931
0.007927
0.007923
0.007917
0.007914
0.007909
0.007904
0.007745
0.007689
0.007686
0.007678
0.007675
0.007676
0.007675
0.007674
0.007673
0.007672
0.007672
0.007671
0.007670
0.007669
0.007668
0.007667
0.007665
0.007664
0.007663
0.007661
0.007658
0.007656
0.007654
0.007652
0.007650
0.007648
0.007646
0.007644
0.007642
0.007640
0.007638
0.007635
0.007633
0.007630
0.007627
0.007624
0.007620
0.007616
0.007613
0.007610
0.007605
0.007601
0.007597
0.007592
0.007588
0.007584
0.007579
0.007575
0.007571
0.007567
0.007562
0.007557
0.007551
0.007545
0.007540
0.007534
0.007528
0.007521
0.007515
0.007508
0.007501
0.007494
0.007487
0.007480
0.007472
0.007464
0.007456
0.007449
0.007440
0.007432
0.007422
0.007413
0.007404
0.007396
0.007387
0.007378
0.007369
0.007361
0.007352
0.007343
0.007334
0.007325
0.007315
0.007305
0.007295
0.007284
0.007273
0.007263
0.007253
0.007243
0.007233
0.007223
0.007214
0.007204
0.007194
0.007184
0.007172
0.007160
0.007147
0.007132
0.007064
0.007036
0.007029
0.007015
0.007002
0.006982
0.006942
0.006838
0.006655
0.006518
0.006429
0.006345
0.006267
0.006192
0.006121
0.006054
0.005991
0.005932
0.005878
0.005829
0.005783
0.005739
0.005697
0.005655
0.005616
0.005577
0.005540
0.005505
0.005470
0.005437
0.005404
0.005371
0.005339
0.005308
0.005277
0.005249
0.005221
0.005193
0.005165
0.005139
0.005114
0.005089
0.005065
0.005042
0.005020
0.004999
0.004978
0.004957
0.004936
0.004916
0.004896
0.004877
0.004858
0.004840
0.004822
0.004805
0.004788
0.004771
0.004754
0.004738
0.004722
0.004706
0.004690
0.004674
0.004659
0.004644
0.004629
0.004614
0.004600
0.004586
0.004573
0.004561
0.004548
0.004536
0.004524
0.004512
0.004501
0.004490
0.004479
0.004468
0.004457
0.004447
0.004436
0.004426
0.004417
0.004408
0.004399
0.004390
0.004382
0.004375
0.004368
0.004360
0.004353
0.004347
0.004341
0.004334
0.004329
0.004322
0.004317
0.004312
0.004286
0.004279
0.004277
0.004274
0.004272
0.004269
0.004267
0.004265
0.004263
0.004261
0.004258
0.004256
0.004254
0.004252
0.004250
0.004248
0.004245
0.004243
0.004241
0.004239
0.004237
0.004235
0.004233
0.004231
0.004229
0.004228
0.004226
0.004224
0.004222
0.004220
0.004219
0.004217
0.004215
0.004213
0.004212
0.004210
0.004208
0.004207
0.004205
0.004203
0.004202
0.004200
0.004198
0.004197
0.004195
0.004194
0.004193
0.004191
0.004190
0.004189
0.004187
0.004186
0.004184
0.004183
0.004182
0.004180
0.004179
0.004178
0.004177
0.004175
0.004174
0.004173
0.004171
0.004170
0.004169
0.004168
0.004167
0.004165
0.004164
0.004163
0.004162
0.004161
0.004160
0.004159
0.004158
0.004157
0.004156
0.004154
0.004154
0.004152
0.004151
0.004150
0.004149
0.004148
0.004147
0.004146
0.004145
0.004144
0.004143
0.004142
0.004142
0.004141
0.004140
0.004139
0.004138
0.004137
0.004136
0.004136
0.004135
0.004134
0.004127
0.004128
0.004129
0.004128
0.004128
0.004127
0.004127
0.004127
0.004126
0.004126
0.004125
0.004125
0.004125
0.004124
0.004124
0.004123
0.004123
0.004123
0.004122
0.004122
0.004122
0.004121
0.004121
0.004120
0.004120
0.004120
0.004119
0.004119
0.004119
0.004118
0.004118
0.004117
0.004117
0.004117
0.004116
0.004116
0.004116
0.004115
0.004115
0.004115
0.004114
0.004114
0.004114
0.004113
0.004113
0.004113
0.004112
0.004112
0.004112
0.004111
0.004111
0.004111
0.004111
0.004110
0.004110
0.004110
0.004109
0.004109
0.004109
0.004109
0.004108
0.004108
0.004108
0.004108
0.004107
0.004107
0.004107
0.004106
0.004106
0.004106
0.004106
0.004105
0.004105
0.004105
0.004105
0.004104
0.004104
0.004104
0.004104
0.004103
0.004103
0.004103
0.004103
0.004102
0.004102
0.004102
0.004102
0.004101
0.004101
0.004101
0.004101
0.004101
0.004100
0.004100
0.004100
0.004100
0.004099
0.004099
0.004099
0.004099
