0.369462
0.137832
0.047494
0.029421
0.016904
0.008793
0.005400
0.003701
0.002957
0.002634
0.002464
0.002304
0.002183
0.002106
0.002043
0.001990
0.001941
0.001896
0.001850
0.001809
0.001770
0.001736
0.001704
0.001676
0.001652
0.001628
0.001605
0.001583
0.001565
0.001545
0.001525
0.001504
0.001481
0.001460
0.001443
0.001427
0.001414
0.001399
0.001387
0.001375
0.001364
0.001353
0.001341
0.001330
0.001318
0.001306
0.001295
0.001284
0.001273
0.001261
0.001250
0.001240
0.001230
0.001219
0.001209
0.001202
0.001195
0.001188
0.001181
0.001175
0.001168
0.001159
0.001153
0.001147
0.001141
0.001134
0.001130
0.001127
0.001124
0.001121
0.001117
0.001112
0.001108
0.001104
0.001099
0.001094
0.001087
0.001082
0.001078
0.001075
0.001073
0.001071
0.001068
0.001065
0.001062
0.001060
0.001058
0.001057
0.001056
0.001056
0.001055
0.001053
0.001052
0.001049
0.001048
0.001045
0.001044
0.001042
0.001042
0.001040
0.000985
0.000990
0.000986
0.000980
0.000979
0.000979
0.000978
0.000978
0.000977
0.000977
0.000977
0.000977
0.000977
0.000976
0.000976
0.000976
0.000976
0.000976
0.000976
0.000976
0.000976
0.000976
0.000976
0.000976
0.000977
0.000977
0.000977
0.000976
0.000976
0.000976
0.000976
0.000975
0.000975
0.000975
0.000974
0.000974
0.000973
0.000973
0.000973
0.000972
0.000972
0.000972
0.000971
0.000971
0.000970
0.000970
0.000970
0.000969
0.000969
0.000969
0.000969
0.000968
0.000968
0.000968
0.000968
0.000967
0.000967
0.000966
0.000965
0.000965
0.000965
0.000965
0.000965
0.000965
0.000965
0.000965
0.000965
0.000965
0.000965
0.000964
0.000965
0.000965
0.000965
0.000965
0.000965
0.000965
0.000965
0.000964
0.000963
0.000963
0.000963
0.000962
0.000961
0.000961
0.000960
0.000960
0.000959
0.000959
0.000959
0.000959
0.000958
0.000957
0.000957
0.000957
0.000957
0.000956
0.000956
0.000956
0.000955
0.000955
0.000927
0.000932
0.000936
0.000941
0.000942
0.000942
0.000942
0.000942
0.000942
0.000942
0.000942
0.000942
0.000942
0.000942
0.000942
0.000941
0.000941
0.000941
0.000941
0.000941
0.000941
0.000940
0.000940
0.000940
0.000940
0.000940
0.000940
0.000940
0.000939
0.000939
0.000939
0.000939
0.000939
0.000939
0.000939
0.000938
0.000938
0.000938
0.000938
0.000938
0.000938
0.000938
0.000938
0.000938
0.000938
0.000938
0.000938
0.000938
0.000938
0.000937
0.000937
0.000937
0.000937
0.000937
0.000936
0.000936
0.000936
0.000936
0.000936
0.000935
0.000935
0.000935
0.000935
0.000935
0.000935
0.000935
0.000935
0.000935
0.000935
0.000935
0.000934
0.000934
0.000934
0.000934
0.000934
0.000934
0.000934
0.000934
0.000933
0.000933
0.000933
0.000933
0.000932
0.000932
0.000932
0.000931
0.000931
0.000930
0.000930
0.000930
0.000930
0.000930
0.000930
0.000930
0.000929
0.000929
0.000929
0.000929
0.000929
0.000929
0.000924
0.000898
0.000908
0.000904
0.000905
0.000904
0.000903
0.000903
0.000902
0.000901
0.000901
0.000900
0.000900
0.000900
0.000899
0.000899
0.000899
0.000899
0.000898
0.000898
0.000898
0.000898
0.000898
0.000898
0.000897
0.000897
0.000897
0.000897
0.000897
0.000897
0.000897
0.000897
0.000897
0.000897
0.000897
0.000897
0.000897
0.000897
0.000896
0.000896
0.000896
0.000896
0.000896
0.000896
0.000896
0.000896
0.000896
0.000896
0.000896
0.000896
0.000896
0.000896
0.000896
0.000895
0.000895
0.000895
0.000895
0.000895
0.000895
0.000895
0.000895
0.000895
0.000895
0.000895
0.000895
0.000895
0.000895
0.000895
0.000895
0.000895
0.000895
0.000895
0.000895
0.000895
0.000895
0.000895
0.000895
0.000895
0.000895
0.000895
0.000895
0.000895
0.000895
0.000895
0.000895
0.000895
0.000895
0.000895
0.000895
0.000895
0.000895
0.000895
0.000895
0.000895
0.000895
0.000895
0.000895
0.000895
0.000894
0.000895
0.000881
0.000876
0.000872
0.000872
0.000872
0.000872
0.000872
0.000872
0.000872
0.000872
0.000871
0.000871
0.000871
0.000871
0.000871
0.000871
0.000871
0.000871
0.000871
0.000871
0.000871
0.000871
0.000871
0.000871
0.000871
0.000871
0.000871
0.000871
0.000871
0.000871
0.000871
0.000871
0.000871
0.000870
0.000870
0.000870
0.000870
0.000870
0.000870
0.000870
0.000870
0.000870
0.000870
0.000870
0.000870
0.000870
0.000870
0.000870
0.000870
0.000870
0.000870
0.000870
0.000870
0.000870
0.000870
0.000870
0.000870
0.000870
0.000870
0.000870
0.000870
0.000870
0.000870
0.000870
0.000870
0.000870
0.000870
0.000870
0.000870
0.000870
0.000870
0.000870
0.000870
0.000870
0.000870
0.000870
0.000870
0.000870
0.000870
0.000870
0.000870
0.000870
0.000870
0.000870
0.000870
0.000870
0.000870
0.000870
0.000870
0.000870
0.000870
0.000870
0.000870
0.000870
0.000870
0.000870
0.000870
0.000870
0.000870
0.000870
