0.342038
0.055603
0.018710
0.009977
0.007538
0.006142
0.005133
0.004580
0.004140
0.003766
0.003443
0.003149
0.002887
0.002667
0.002485
0.002324
0.002181
0.002066
0.001976
0.001900
0.001831
0.001770
0.001712
0.001655
0.001600
0.001548
0.001501
0.001459
0.001419
0.001382
0.001350
0.001321
0.001295
0.001270
0.001249
0.001227
0.001208
0.001188
0.001169
0.001148
0.001127
0.001106
0.001087
0.001072
0.001057
0.001042
0.001027
0.001011
0.000995
0.000979
0.000965
0.000950
0.000937
0.000922
0.000908
0.000896
0.000883
0.000872
0.000858
0.000848
0.000841
0.000834
0.000826
0.000819
0.000811
0.000802
0.000795
0.000787
0.000781
0.000775
0.000767
0.000759
0.000751
0.000743
0.000736
0.000730
0.000722
0.000716
0.000711
0.000706
0.000701
0.000697
0.000693
0.000688
0.000683
0.000678
0.000674
0.000670
0.000668
0.000665
0.000664
0.000661
0.000658
0.000655
0.000651
0.000649
0.000647
0.000648
0.000648
0.000648
0.000578
0.000542
0.000532
0.000523
0.000523
0.000520
0.000518
0.000517
0.000516
0.000515
0.000514
0.000513
0.000512
0.000511
0.000511
0.000510
0.000510
0.000509
0.000509
0.000509
0.000509
0.000509
0.000509
0.000509
0.000509
0.000509
0.000509
0.000508
0.000508
0.000507
0.000506
0.000505
0.000504
0.000503
0.000501
0.000500
0.000499
0.000498
0.000496
0.000495
0.000494
0.000492
0.000491
0.000490
0.000489
0.000488
0.000487
0.000485
0.000484
0.000483
0.000482
0.000481
0.000480
0.000479
0.000478
0.000477
0.000477
0.000476
0.000475
0.000475
0.000474
0.000474
0.000474
0.000473
0.000473
0.000473
0.000473
0.000473
0.000473
0.000472
0.000472
0.000472
0.000472
0.000472
0.000472
0.000472
0.000472
0.000472
0.000472
0.000472
0.000473
0.000473
0.000473
0.000473
0.000473
0.000473
0.000473
0.000473
0.000473
0.000473
0.000472
0.000472
0.000472
0.000472
0.000471
0.000471
0.000471
0.000471
0.000470
0.000470
0.000442
0.000438
0.000435
0.000435
0.000436
0.000436
0.000436
0.000436
0.000436
0.000435
0.000435
0.000435
0.000435
0.000434
0.000434
0.000434
0.000434
0.000434
0.000434
0.000433
0.000433
0.000433
0.000433
0.000433
0.000433
0.000433
0.000432
0.000432
0.000432
0.000432
0.000432
0.000432
0.000432
0.000432
0.000432
0.000432
0.000431
0.000431
0.000431
0.000431
0.000431
0.000431
0.000431
0.000431
0.000431
0.000431
0.000430
0.000430
0.000430
0.000430
0.000430
0.000429
0.000429
0.000429
0.000429
0.000428
0.000428
0.000428
0.000427
0.000427
0.000427
0.000426
0.000426
0.000426
0.000426
0.000425
0.000425
0.000425
0.000425
0.000425
0.000425
0.000424
0.000424
0.000424
0.000423
0.000423
0.000423
0.000423
0.000422
0.000422
0.000422
0.000422
0.000422
0.000421
0.000421
0.000421
0.000421
0.000421
0.000420
0.000420
0.000420
0.000420
0.000420
0.000420
0.000419
0.000419
0.000419
0.000419
0.000419
0.000419
0.000407
0.000405
0.000405
0.000405
0.000405
0.000405
0.000405
0.000405
0.000404
0.000404
0.000404
0.000404
0.000404
0.000403
0.000403
0.000403
0.000403
0.000403
0.000403
0.000402
0.000402
0.000402
0.000402
0.000402
0.000401
0.000401
0.000401
0.000401
0.000400
0.000400
0.000400
0.000400
0.000399
0.000399
0.000399
0.000399
0.000398
0.000398
0.000398
0.000398
0.000397
0.000397
0.000397
0.000397
0.000396
0.000396
0.000396
0.000396
0.000395
0.000395
0.000395
0.000395
0.000394
0.000394
0.000394
0.000394
0.000394
0.000394
0.000393
0.000393
0.000393
0.000393
0.000393
0.000393
0.000392
0.000392
0.000392
0.000392
0.000392
0.000392
0.000391
0.000391
0.000391
0.000391
0.000391
0.000391
0.000391
0.000391
0.000391
0.000390
0.000390
0.000390
0.000390
0.000390
0.000390
0.000390
0.000390
0.000390
0.000390
0.000389
0.000389
0.000389
0.000389
0.000389
0.000389
0.000389
0.000389
0.000389
0.000389
0.000389
0.000386
0.000388
0.000388
0.000388
0.000388
0.000388
0.000388
0.000388
0.000388
0.000388
0.000388
0.000388
0.000388
0.000388
0.000388
0.000388
0.000388
0.000388
0.000388
0.000388
0.000388
0.000388
0.000388
0.000388
0.000388
0.000388
0.000388
0.000388
0.000387
0.000387
0.000387
0.000387
0.000387
0.000387
0.000387
0.000387
0.000387
0.000387
0.000387
0.000387
0.000387
0.000387
0.000387
0.000387
0.000387
0.000387
0.000386
0.000386
0.000386
0.000386
0.000386
0.000386
0.000386
0.000386
0.000386
0.000386
0.000386
0.000386
0.000386
0.000386
0.000386
0.000386
0.000386
0.000386
0.000386
0.000385
0.000385
0.000385
0.000385
0.000385
0.000385
0.000385
0.000385
0.000385
0.000385
0.000385
0.000385
0.000385
0.000385
0.000385
0.000385
0.000385
0.000385
0.000385
0.000385
0.000384
0.000384
0.000384
0.000384
0.000384
0.000384
0.000384
0.000384
0.000384
0.000384
0.000384
0.000384
0.000384
0.000384
0.000384
