0.425453
0.180765
0.068551
0.040016
0.024712
0.016056
0.010986
0.008141
0.006577
0.005660
0.004991
0.004456
0.004029
0.003729
0.003530
0.003373
0.003265
0.003196
0.003137
0.003083
0.003034
0.002990
0.002951
0.002913
0.002876
0.002838
0.002800
0.002763
0.002726
0.002689
0.002652
0.002616
0.002581
0.002543
0.002505
0.002468
0.002430
0.002390
0.002349
0.002309
0.002268
0.002227
0.002187
0.002151
0.002112
0.002076
0.002043
0.002014
0.001984
0.001956
0.001931
0.001907
0.001885
0.001863
0.001840
0.001819
0.001799
0.001780
0.001763
0.001746
0.001726
0.001705
0.001687
0.001669
0.001654
0.001638
0.001624
0.001609
0.001595
0.001581
0.001568
0.001557
0.001547
0.001539
0.001530
0.001522
0.001513
0.001506
0.001498
0.001491
0.001482
0.001474
0.001464
0.001455
0.001447
0.001437
0.001427
0.001416
0.001404
0.001391
0.001380
0.001370
0.001361
0.001350
0.001339
0.001328
0.001317
0.001308
0.001299
0.001291
0.001247
0.001251
0.001238
0.001234
0.001233
0.001231
0.001229
0.001227
0.001224
0.001222
0.001220
0.001218
0.001216
0.001214
0.001213
0.001211
0.001209
0.001207
0.001206
0.001204
0.001202
0.001201
0.001199
0.001196
0.001194
0.001193
0.001192
0.001189
0.001187
0.001185
0.001184
0.001181
0.001179
0.001177
0.001175
0.001172
0.001170
0.001168
0.001166
0.001164
0.001162
0.001160
0.001157
0.001155
0.001152
0.001150
0.001148
0.001145
0.001143
0.001140
0.001137
0.001135
0.001132
0.001129
0.001126
0.001124
0.001121
0.001119
0.001117
0.001115
0.001113
0.001111
0.001109
0.001108
0.001106
0.001104
0.001101
0.001099
0.001097
0.001096
0.001094
0.001092
0.001090
0.001088
0.001087
0.001086
0.001084
0.001082
0.001081
0.001080
0.001079
0.001078
0.001077
0.001075
0.001074
0.001072
0.001071
0.001070
0.001070
0.001070
0.001069
0.001068
0.001067
0.001067
0.001066
0.001066
0.001066
0.001066
0.001066
0.001065
0.001025
0.001029
0.001040
0.001045
0.001047
0.001047
0.001047
0.001047
0.001047
0.001047
0.001046
0.001046
0.001046
0.001045
0.001044
0.001043
0.001042
0.001042
0.001041
0.001040
0.001040
0.001039
0.001038
0.001037
0.001036
0.001035
0.001034
0.001034
0.001033
0.001032
0.001031
0.001031
0.001030
0.001029
0.001029
0.001028
0.001027
0.001027
0.001026
0.001026
0.001025
0.001024
0.001024
0.001023
0.001023
0.001022
0.001022
0.001022
0.001021
0.001021
0.001020
0.001020
0.001019
0.001018
0.001018
0.001017
0.001017
0.001017
0.001016
0.001016
0.001015
0.001015
0.001014
0.001014
0.001013
0.001013
0.001013
0.001012
0.001012
0.001011
0.001011
0.001010
0.001010
0.001010
0.001009
0.001009
0.001008
0.001007
0.001007
0.001006
0.001006
0.001005
0.001005
0.001004
0.001004
0.001003
0.001003
0.001002
0.001001
0.001001
0.001000
0.001000
0.000999
0.000999
0.000998
0.000998
0.000997
0.000996
0.000996
0.000995
0.000997
0.000967
0.000966
0.000963
0.000963
0.000962
0.000962
0.000962
0.000962
0.000962
0.000962
0.000962
0.000962
0.000962
0.000962
0.000962
0.000962
0.000962
0.000962
0.000962
0.000962
0.000962
0.000962
0.000962
0.000962
0.000962
0.000962
0.000962
0.000962
0.000962
0.000962
0.000962
0.000962
0.000962
0.000962
0.000962
0.000962
0.000962
0.000962
0.000962
0.000962
0.000962
0.000962
0.000962
0.000962
0.000962
0.000962
0.000962
0.000962
0.000962
0.000962
0.000962
0.000962
0.000962
0.000962
0.000962
0.000962
0.000962
0.000962
0.000962
0.000962
0.000962
0.000962
0.000962
0.000962
0.000962
0.000962
0.000962
0.000962
0.000962
0.000962
0.000962
0.000962
0.000962
0.000962
0.000962
0.000962
0.000962
0.000962
0.000962
0.000962
0.000962
0.000962
0.000962
0.000962
0.000962
0.000962
0.000962
0.000962
0.000962
0.000962
0.000962
0.000962
0.000962
0.000962
0.000962
0.000962
0.000961
0.000961
0.000961
0.000950
0.000949
0.000946
0.000945
0.000945
0.000945
0.000945
0.000945
0.000945
0.000945
0.000945
0.000945
0.000945
0.000945
0.000945
0.000945
0.000944
0.000944
0.000944
0.000944
0.000944
0.000944
0.000944
0.000944
0.000944
0.000944
0.000944
0.000944
0.000944
0.000944
0.000944
0.000943
0.000943
0.000943
0.000943
0.000943
0.000943
0.000943
0.000943
0.000943
0.000943
0.000943
0.000943
0.000943
0.000943
0.000943
0.000943
0.000943
0.000942
0.000942
0.000942
0.000942
0.000942
0.000942
0.000942
0.000942
0.000942
0.000942
0.000942
0.000942
0.000942
0.000942
0.000942
0.000942
0.000942
0.000941
0.000941
0.000941
0.000941
0.000941
0.000941
0.000941
0.000941
0.000941
0.000941
0.000941
0.000941
0.000941
0.000941
0.000941
0.000941
0.000941
0.000940
0.000940
0.000940
0.000940
0.000940
0.000940
0.000940
0.000940
0.000940
0.000940
0.000940
0.000940
0.000940
0.000940
0.000940
0.000940
0.000939
0.000939
