0.534099
0.467276
0.408831
0.372098
0.350066
0.334780
0.322937
0.313001
0.304448
0.297077
0.290783
0.285501
0.281119
0.277513
0.274547
0.272069
0.269953
0.268120
0.266496
0.265040
0.263727
0.262540
0.261444
0.260427
0.259490
0.258616
0.257784
0.257001
0.256268
0.255577
0.254923
0.254294
0.253693
0.253117
0.252560
0.252027
0.251509
0.251010
0.250525
0.250053
0.249592
0.249140
0.248692
0.248259
0.247842
0.247439
0.247052
0.246677
0.246313
0.245960
0.245621
0.245295
0.244980
0.244678
0.244385
0.244102
0.243827
0.243560
0.243304
0.243058
0.242817
0.242588
0.242367
0.242154
0.241948
0.241752
0.241561
0.241378
0.241199
0.241029
0.240863
0.240703
0.240550
0.240402
0.240261
0.240122
0.239988
0.239859
0.239735
0.239615
0.239500
0.239388
0.239282
0.239178
0.239077
0.238981
0.238887
0.238798
0.238712
0.238629
0.238550
0.238474
0.238399
0.238327
0.238258
0.238193
0.238129
0.238067
0.238009
0.237952
0.237863
0.237841
0.237805
0.237782
0.237756
0.237731
0.237705
0.237681
0.237657
0.237633
0.237610
0.237587
0.237564
0.237542
0.237520
0.237498
0.237477
0.237456
0.237435
0.237415
0.237395
0.237375
0.237356
0.237337
0.237319
0.237301
0.237282
0.237264
0.237247
0.237230
0.237213
0.237197
0.237180
0.237164
0.237149
0.237133
0.237118
0.237103
0.237088
0.237074
0.237060
0.237045
0.237032
0.237018
0.237004
0.236991
0.236978
0.236965
0.236952
0.236940
0.236927
0.236915
0.236903
0.236891
0.236880
0.236869
0.236858
0.236847
0.236836
0.236826
0.236815
0.236805
0.236796
0.236786
0.236775
0.236766
0.236756
0.236747
0.236737
0.236728
0.236719
0.236710
0.236701
0.236693
0.236684
0.236676
0.236668
0.236659
0.236651
0.236644
0.236636
0.236629
0.236621
0.236613
0.236606
0.236599
0.236591
0.236584
0.236577
0.236570
0.236564
0.236557
0.236551
0.236545
0.236539
0.236532
0.236526
0.236519
0.236514
0.236508
0.236495
0.236517
0.236528
0.236528
0.236520
0.236509
0.236498
0.236489
0.236484
0.236479
0.236476
0.236472
0.236469
0.236466
0.236463
0.236460
0.236457
0.236454
0.236451
0.236449
0.236446
0.236443
0.236440
0.236438
0.236436
0.236433
0.236431
0.236428
0.236426
0.236423
0.236421
0.236419
0.236417
0.236415
0.236412
0.236410
0.236408
0.236405
0.236403
0.236401
0.236399
0.236397
0.236395
0.236392
0.236390
0.236388
0.236386
0.236384
0.236382
0.236380
0.236378
0.236376
0.236374
0.236372
0.236370
0.236368
0.236366
0.236364
0.236361
0.236359
0.236358
0.236356
0.236354
0.236352
0.236351
0.236349
0.236347
0.236345
0.236344
0.236342
0.236341
0.236339
0.236337
0.236336
0.236334
0.236332
0.236331
0.236329
0.236327
0.236326
0.236324
0.236322
0.236321
0.236319
0.236317
0.236316
0.236314
0.236313
0.236312
0.236310
0.236308
0.236307
0.236305
0.236304
0.236303
0.236301
0.236300
0.236299
0.236297
0.236296
0.236273
0.236272
0.236269
0.236268
0.236267
0.236267
0.236266
0.236265
0.236265
0.236264
0.236263
0.236263
0.236262
0.236261
0.236261
0.236260
0.236259
0.236259
0.236258
0.236258
0.236257
0.236256
0.236256
0.236255
0.236254
0.236254
0.236253
0.236253
0.236252
0.236251
0.236251
0.236250
0.236250
0.236249
0.236248
0.236248
0.236247
0.236247
0.236246
0.236245
0.236245
0.236244
0.236244
0.236243
0.236243
0.236242
0.236241
0.236241
0.236240
0.236240
0.236239
0.236239
0.236238
0.236237
0.236237
0.236236
0.236236
0.236235
0.236235
0.236234
0.236234
0.236233
0.236233
0.236232
0.236232
0.236231
0.236230
0.236230
0.236229
0.236229
0.236228
0.236228
0.236227
0.236227
0.236226
0.236226
0.236225
0.236225
0.236224
0.236224
0.236223
0.236223
0.236222
0.236222
0.236221
0.236221
0.236220
0.236220
0.236219
0.236219
0.236219
0.236218
0.236218
0.236217
0.236217
0.236216
0.236216
0.236215
0.236215
0.236214
0.236206
0.236206
0.236207
0.236206
0.236206
0.236206
0.236206
0.236205
0.236205
0.236205
0.236205
0.236204
0.236204
0.236204
0.236203
0.236203
0.236203
0.236203
0.236202
0.236202
0.236202
0.236202
0.236201
0.236201
0.236201
0.236201
0.236200
0.236200
0.236200
0.236200
0.236199
0.236199
0.236199
0.236199
0.236198
0.236198
0.236198
0.236198
0.236198
0.236197
0.236197
0.236197
0.236197
0.236196
0.236196
0.236196
0.236196
0.236195
0.236195
0.236195
0.236195
0.236194
0.236194
0.236194
0.236194
0.236193
0.236193
0.236193
0.236193
0.236193
0.236192
0.236192
0.236192
0.236192
0.236191
0.236191
0.236191
0.236191
0.236190
0.236190
0.236190
0.236190
0.236190
0.236189
0.236189
0.236189
0.236189
0.236188
0.236188
0.236188
0.236188
0.236188
0.236187
0.236187
0.236187
0.236187
0.236186
0.236186
0.236186
0.236186
0.236186
0.236185
0.236185
0.236185
0.236185
0.236184
0.236184
0.236184
0.236184
0.236184
