0.456818
0.266609
0.117116
0.056710
0.045110
0.037715
0.032291
0.027871
0.024186
0.020999
0.018203
0.015750
0.013601
0.011756
0.010222
0.008979
0.007996
0.007259
0.006726
0.006342
0.006055
0.005833
0.005655
0.005509
0.005384
0.005274
0.005175
0.005083
0.004993
0.004897
0.004769
0.004599
0.004428
0.004322
0.004251
0.004191
0.004136
0.004083
0.004030
0.003977
0.003924
0.003871
0.003821
0.003773
0.003727
0.003681
0.003634
0.003588
0.003545
0.003504
0.003461
0.003419
0.003377
0.003332
0.003291
0.003252
0.003214
0.003175
0.003136
0.003099
0.003062
0.003025
0.002986
0.002946
0.002913
0.002885
0.002858
0.002835
0.002811
0.002789
0.002768
0.002747
0.002725
0.002704
0.002685
0.002664
0.002643
0.002621
0.002601
0.002579
0.002557
0.002535
0.002512
0.002489
0.002466
0.002443
0.002420
0.002393
0.002366
0.002337
0.002304
0.002271
0.002237
0.002206
0.002180
0.002158
0.002142
0.002128
0.002117
0.002107
0.002071
0.002059
0.002060
0.002061
0.002056
0.002050
0.002045
0.002041
0.002037
0.002034
0.002030
0.002026
0.002021
0.002017
0.002013
0.002008
0.002005
0.002001
0.001998
0.001995
0.001992
0.001989
0.001986
0.001983
0.001980
0.001978
0.001976
0.001973
0.001970
0.001967
0.001964
0.001961
0.001959
0.001955
0.001952
0.001950
0.001947
0.001945
0.001943
0.001940
0.001938
0.001936
0.001933
0.001930
0.001928
0.001925
0.001922
0.001919
0.001916
0.001914
0.001912
0.001910
0.001908
0.001906
0.001904
0.001902
0.001901
0.001899
0.001897
0.001895
0.001894
0.001893
0.001891
0.001889
0.001888
0.001886
0.001885
0.001883
0.001882
0.001880
0.001879
0.001877
0.001875
0.001874
0.001872
0.001871
0.001869
0.001868
0.001867
0.001864
0.001863
0.001861
0.001861
0.001860
0.001858
0.001856
0.001854
0.001853
0.001850
0.001849
0.001846
0.001844
0.001842
0.001840
0.001838
0.001836
0.001834
0.001833
0.001831
0.001829
0.001792
0.001751
0.001748
0.001745
0.001743
0.001742
0.001741
0.001740
0.001739
0.001738
0.001737
0.001736
0.001735
0.001735
0.001734
0.001733
0.001732
0.001731
0.001730
0.001729
0.001728
0.001727
0.001726
0.001725
0.001724
0.001723
0.001722
0.001721
0.001720
0.001719
0.001718
0.001717
0.001716
0.001715
0.001714
0.001712
0.001711
0.001710
0.001709
0.001708
0.001707
0.001706
0.001705
0.001704
0.001702
0.001701
0.001700
0.001699
0.001698
0.001696
0.001695
0.001694
0.001693
0.001691
0.001690
0.001689
0.001687
0.001686
0.001684
0.001683
0.001682
0.001680
0.001679
0.001678
0.001676
0.001675
0.001674
0.001672
0.001671
0.001669
0.001668
0.001667
0.001666
0.001664
0.001662
0.001661
0.001660
0.001658
0.001657
0.001656
0.001654
0.001653
0.001652
0.001650
0.001649
0.001647
0.001646
0.001644
0.001643
0.001641
0.001639
0.001638
0.001637
0.001635
0.001633
0.001632
0.001630
0.001629
0.001627
0.001626
0.001613
0.001609
0.001608
0.001606
0.001605
0.001604
0.001603
0.001603
0.001602
0.001601
0.001600
0.001599
0.001598
0.001597
0.001597
0.001596
0.001595
0.001594
0.001593
0.001592
0.001591
0.001590
0.001590
0.001589
0.001588
0.001587
0.001586
0.001585
0.001585
0.001584
0.001583
0.001582
0.001581
0.001580
0.001579
0.001579
0.001578
0.001577
0.001576
0.001575
0.001574
0.001573
0.001572
0.001571
0.001570
0.001569
0.001568
0.001568
0.001566
0.001566
0.001565
0.001564
0.001563
0.001561
0.001561
0.001560
0.001559
0.001557
0.001557
0.001555
0.001554
0.001553
0.001552
0.001551
0.001551
0.001550
0.001548
0.001547
0.001546
0.001545
0.001544
0.001543
0.001543
0.001541
0.001540
0.001540
0.001539
0.001538
0.001537
0.001536
0.001535
0.001534
0.001533
0.001532
0.001532
0.001531
0.001529
0.001529
0.001528
0.001527
0.001526
0.001525
0.001525
0.001524
0.001523
0.001522
0.001521
0.001520
0.001519
0.001518
0.001513
0.001516
0.001518
0.001519
0.001519
0.001518
0.001518
0.001517
0.001517
0.001516
0.001516
0.001515
0.001514
0.001514
0.001513
0.001512
0.001512
0.001511
0.001511
0.001510
0.001510
0.001509
0.001508
0.001508
0.001507
0.001506
0.001506
0.001505
0.001505
0.001504
0.001504
0.001503
0.001503
0.001502
0.001501
0.001501
0.001500
0.001500
0.001499
0.001499
0.001498
0.001497
0.001497
0.001497
0.001496
0.001496
0.001495
0.001494
0.001494
0.001493
0.001493
0.001492
0.001492
0.001491
0.001491
0.001490
0.001489
0.001489
0.001488
0.001488
0.001487
0.001486
0.001486
0.001485
0.001485
0.001484
0.001484
0.001483
0.001482
0.001482
0.001481
0.001480
0.001480
0.001479
0.001479
0.001478
0.001478
0.001477
0.001476
0.001476
0.001475
0.001475
0.001474
0.001474
0.001473
0.001473
0.001472
0.001472
0.001471
0.001471
0.001470
0.001469
0.001469
0.001469
0.001468
0.001467
0.001467
0.001466
0.001465
0.001465
