0.433404
0.238733
0.062184
0.038716
0.026437
0.017810
0.011799
0.008860
0.007514
0.006700
0.006512
0.006346
0.006215
0.006102
0.006007
0.005923
0.005848
0.005785
0.005728
0.005677
0.005635
0.005597
0.005559
0.005527
0.005495
0.005465
0.005435
0.005403
0.005372
0.005342
0.005310
0.005278
0.005241
0.005201
0.005158
0.005112
0.005063
0.005013
0.004960
0.004906
0.004842
0.004778
0.004710
0.004643
0.004580
0.004522
0.004466
0.004413
0.004365
0.004313
0.004270
0.004220
0.004174
0.004124
0.004070
0.004011
0.003944
0.003876
0.003808
0.003737
0.003667
0.003599
0.003543
0.003488
0.003443
0.003396
0.003357
0.003318
0.003287
0.003260
0.003236
0.003218
0.003197
0.003182
0.003164
0.003150
0.003135
0.003118
0.003095
0.003063
0.003014
0.002952
0.002877
0.002791
0.002709
0.002637
0.002586
0.002555
0.002530
0.002515
0.002502
0.002489
0.002479
0.002468
0.002458
0.002448
0.002440
0.002433
0.002426
0.002418
0.002342
0.002323
0.002323
0.002324
0.002319
0.002315
0.002309
0.002304
0.002300
0.002295
0.002291
0.002286
0.002282
0.002278
0.002274
0.002270
0.002266
0.002262
0.002258
0.002254
0.002250
0.002246
0.002242
0.002239
0.002235
0.002231
0.002228
0.002224
0.002220
0.002216
0.002212
0.002208
0.002205
0.002201
0.002197
0.002194
0.002190
0.002187
0.002183
0.002179
0.002175
0.002172
0.002168
0.002164
0.002160
0.002157
0.002152
0.002149
0.002145
0.002141
0.002137
0.002133
0.002128
0.002124
0.002119
0.002114
0.002109
0.002103
0.002097
0.002091
0.002085
0.002078
0.002071
0.002064
0.002057
0.002050
0.002043
0.002035
0.002027
0.002019
0.002010
0.002001
0.001993
0.001985
0.001977
0.001970
0.001962
0.001955
0.001947
0.001939
0.001932
0.001924
0.001917
0.001909
0.001902
0.001895
0.001888
0.001881
0.001874
0.001867
0.001860
0.001853
0.001847
0.001841
0.001834
0.001829
0.001823
0.001818
0.001813
0.001808
0.001790
0.001806
0.001802
0.001793
0.001788
0.001787
0.001785
0.001782
0.001780
0.001778
0.001776
0.001774
0.001772
0.001770
0.001768
0.001766
0.001764
0.001762
0.001761
0.001759
0.001757
0.001755
0.001754
0.001752
0.001751
0.001749
0.001747
0.001746
0.001744
0.001743
0.001741
0.001740
0.001738
0.001737
0.001735
0.001734
0.001732
0.001731
0.001730
0.001728
0.001727
0.001725
0.001724
0.001723
0.001721
0.001720
0.001719
0.001718
0.001716
0.001715
0.001714
0.001713
0.001711
0.001710
0.001709
0.001708
0.001707
0.001706
0.001705
0.001704
0.001702
0.001701
0.001700
0.001699
0.001698
0.001697
0.001697
0.001696
0.001695
0.001694
0.001693
0.001692
0.001691
0.001690
0.001689
0.001688
0.001687
0.001687
0.001686
0.001685
0.001684
0.001683
0.001682
0.001682
0.001681
0.001680
0.001679
0.001679
0.001678
0.001677
0.001677
0.001676
0.001675
0.001674
0.001674
0.001673
0.001673
0.001672
0.001671
0.001671
0.001662
0.001675
0.001685
0.001688
0.001686
0.001684
0.001681
0.001678
0.001676
0.001674
0.001673
0.001672
0.001672
0.001671
0.001670
0.001669
0.001669
0.001668
0.001668
0.001667
0.001667
0.001666
0.001666
0.001665
0.001665
0.001665
0.001664
0.001664
0.001663
0.001663
0.001663
0.001662
0.001662
0.001662
0.001661
0.001661
0.001661
0.001660
0.001660
0.001660
0.001659
0.001659
0.001659
0.001658
0.001658
0.001658
0.001658
0.001657
0.001657
0.001657
0.001656
0.001656
0.001656
0.001656
0.001655
0.001655
0.001655
0.001655
0.001654
0.001654
0.001654
0.001654
0.001653
0.001653
0.001653
0.001653
0.001652
0.001652
0.001652
0.001652
0.001651
0.001651
0.001651
0.001651
0.001650
0.001650
0.001650
0.001650
0.001649
0.001649
0.001649
0.001649
0.001648
0.001648
0.001648
0.001648
0.001648
0.001647
0.001647
0.001647
0.001647
0.001646
0.001646
0.001646
0.001646
0.001645
0.001645
0.001645
0.001645
0.001645
0.001633
0.001624
0.001622
0.001622
0.001622
0.001622
0.001622
0.001622
0.001621
0.001621
0.001621
0.001621
0.001621
0.001621
0.001621
0.001621
0.001621
0.001621
0.001621
0.001620
0.001620
0.001620
0.001620
0.001620
0.001620
0.001620
0.001620
0.001620
0.001620
0.001619
0.001619
0.001619
0.001619
0.001619
0.001619
0.001619
0.001619
0.001619
0.001619
0.001619
0.001618
0.001618
0.001618
0.001618
0.001618
0.001618
0.001618
0.001618
0.001618
0.001618
0.001618
0.001617
0.001617
0.001617
0.001617
0.001617
0.001617
0.001617
0.001617
0.001617
0.001617
0.001616
0.001616
0.001616
0.001616
0.001616
0.001616
0.001616
0.001616
0.001616
0.001616
0.001615
0.001615
0.001615
0.001615
0.001615
0.001615
0.001615
0.001615
0.001615
0.001615
0.001614
0.001614
0.001614
0.001614
0.001614
0.001614
0.001614
0.001614
0.001614
0.001614
0.001613
0.001613
0.001613
0.001613
0.001613
0.001613
0.001613
0.001613
0.001613
