0.308539
0.050727
0.024697
0.012209
0.007532
0.005384
0.004137
0.003304
0.002761
0.002437
0.002232
0.002099
0.001993
0.001903
0.001820
0.001746
0.001676
0.001613
0.001561
0.001518
0.001485
0.001457
0.001428
0.001402
0.001378
0.001355
0.001335
0.001315
0.001297
0.001279
0.001262
0.001248
0.001233
0.001217
0.001203
0.001188
0.001175
0.001163
0.001151
0.001140
0.001128
0.001117
0.001104
0.001092
0.001079
0.001066
0.001054
0.001043
0.001033
0.001023
0.001013
0.001004
0.000996
0.000989
0.000983
0.000976
0.000970
0.000966
0.000961
0.000957
0.000953
0.000950
0.000947
0.000945
0.000943
0.000941
0.000939
0.000938
0.000937
0.000935
0.000932
0.000928
0.000925
0.000922
0.000920
0.000917
0.000915
0.000914
0.000912
0.000911
0.000910
0.000909
0.000908
0.000908
0.000908
0.000908
0.000907
0.000907
0.000907
0.000908
0.000909
0.000910
0.000911
0.000912
0.000913
0.000914
0.000914
0.000915
0.000917
0.000919
0.000882
0.000893
0.000885
0.000888
0.000890
0.000889
0.000889
0.000889
0.000889
0.000889
0.000889
0.000888
0.000888
0.000888
0.000888
0.000888
0.000887
0.000886
0.000886
0.000885
0.000884
0.000884
0.000883
0.000883
0.000882
0.000881
0.000881
0.000880
0.000879
0.000878
0.000878
0.000877
0.000877
0.000877
0.000876
0.000876
0.000875
0.000875
0.000874
0.000874
0.000873
0.000872
0.000872
0.000871
0.000871
0.000870
0.000870
0.000869
0.000869
0.000868
0.000868
0.000868
0.000867
0.000867
0.000867
0.000866
0.000865
0.000865
0.000864
0.000864
0.000864
0.000863
0.000863
0.000862
0.000862
0.000862
0.000862
0.000862
0.000861
0.000861
0.000861
0.000860
0.000860
0.000860
0.000860
0.000860
0.000860
0.000860
0.000859
0.000860
0.000859
0.000859
0.000859
0.000859
0.000859
0.000859
0.000859
0.000859
0.000858
0.000858
0.000858
0.000858
0.000858
0.000858
0.000858
0.000858
0.000858
0.000858
0.000858
0.000857
0.000838
0.000850
0.000851
0.000854
0.000855
0.000855
0.000854
0.000854
0.000853
0.000853
0.000852
0.000852
0.000851
0.000851
0.000850
0.000850
0.000849
0.000849
0.000848
0.000848
0.000848
0.000847
0.000847
0.000846
0.000846
0.000846
0.000845
0.000845
0.000845
0.000844
0.000844
0.000844
0.000843
0.000843
0.000843
0.000843
0.000842
0.000842
0.000842
0.000842
0.000842
0.000841
0.000841
0.000841
0.000841
0.000840
0.000840
0.000840
0.000840
0.000840
0.000839
0.000839
0.000839
0.000839
0.000839
0.000839
0.000839
0.000838
0.000838
0.000838
0.000838
0.000838
0.000838
0.000837
0.000837
0.000837
0.000837
0.000836
0.000836
0.000836
0.000836
0.000835
0.000835
0.000835
0.000835
0.000835
0.000834
0.000834
0.000834
0.000834
0.000834
0.000834
0.000834
0.000834
0.000834
0.000833
0.000833
0.000833
0.000833
0.000833
0.000833
0.000832
0.000832
0.000832
0.000832
0.000832
0.000831
0.000831
0.000831
0.000831
0.000836
0.000831
0.000846
0.000848
0.000847
0.000842
0.000836
0.000833
0.000831
0.000830
0.000829
0.000828
0.000828
0.000827
0.000827
0.000826
0.000826
0.000826
0.000825
0.000825
0.000825
0.000824
0.000824
0.000824
0.000824
0.000823
0.000823
0.000823
0.000823
0.000823
0.000823
0.000823
0.000823
0.000823
0.000822
0.000822
0.000822
0.000822
0.000822
0.000822
0.000822
0.000822
0.000822
0.000822
0.000822
0.000822
0.000821
0.000821
0.000821
0.000821
0.000821
0.000821
0.000821
0.000821
0.000821
0.000821
0.000821
0.000821
0.000821
0.000821
0.000821
0.000821
0.000821
0.000821
0.000821
0.000821
0.000821
0.000820
0.000820
0.000820
0.000820
0.000820
0.000820
0.000820
0.000820
0.000820
0.000820
0.000820
0.000820
0.000820
0.000820
0.000820
0.000820
0.000820
0.000820
0.000820
0.000820
0.000819
0.000819
0.000819
0.000819
0.000819
0.000819
0.000819
0.000819
0.000819
0.000819
0.000819
0.000819
0.000819
0.000806
0.000803
0.000800
0.000800
0.000799
0.000799
0.000799
0.000799
0.000799
0.000799
0.000799
0.000799
0.000799
0.000799
0.000799
0.000799
0.000799
0.000799
0.000799
0.000799
0.000799
0.000799
0.000799
0.000799
0.000799
0.000799
0.000799
0.000799
0.000799
0.000799
0.000799
0.000799
0.000799
0.000799
0.000799
0.000799
0.000799
0.000799
0.000799
0.000799
0.000799
0.000799
0.000799
0.000799
0.000799
0.000799
0.000799
0.000799
0.000799
0.000799
0.000799
0.000799
0.000799
0.000799
0.000799
0.000799
0.000799
0.000799
0.000799
0.000799
0.000799
0.000799
0.000799
0.000799
0.000799
0.000799
0.000799
0.000799
0.000799
0.000799
0.000799
0.000799
0.000799
0.000799
0.000799
0.000799
0.000799
0.000799
0.000799
0.000799
0.000799
0.000799
0.000799
0.000799
0.000799
0.000799
0.000799
0.000799
0.000799
0.000799
0.000800
0.000800
0.000800
0.000799
0.000800
0.000800
0.000799
0.000800
0.000799
0.000799
