0.735994
0.619643
0.552670
0.500955
0.462095
0.425513
0.393801
0.369958
0.352233
0.338747
0.328018
0.319011
0.311076
0.303880
0.297201
0.291019
0.285440
0.280594
0.276540
0.273203
0.270438
0.268083
0.266039
0.264225
0.262589
0.261096
0.259698
0.258385
0.257193
0.256105
0.255109
0.254188
0.253339
0.252547
0.251810
0.251122
0.250480
0.249885
0.249329
0.248821
0.248349
0.247907
0.247495
0.247108
0.246743
0.246399
0.246074
0.245765
0.245472
0.245194
0.244929
0.244675
0.244436
0.244207
0.243986
0.243776
0.243572
0.243374
0.243183
0.242999
0.242824
0.242656
0.242493
0.242334
0.242181
0.242031
0.241885
0.241744
0.241609
0.241479
0.241353
0.241233
0.241115
0.241002
0.240891
0.240786
0.240683
0.240581
0.240484
0.240389
0.240298
0.240211
0.240120
0.240038
0.239953
0.239873
0.239797
0.239721
0.239650
0.239578
0.239508
0.239440
0.239371
0.239305
0.239241
0.239176
0.239116
0.239056
0.238996
0.238939
0.238850
0.238833
0.238796
0.238770
0.238743
0.238715
0.238689
0.238662
0.238636
0.238609
0.238583
0.238558
0.238532
0.238505
0.238481
0.238457
0.238432
0.238408
0.238383
0.238360
0.238336
0.238312
0.238289
0.238266
0.238243
0.238221
0.238199
0.238177
0.238154
0.238133
0.238112
0.238090
0.238069
0.238048
0.238027
0.238006
0.237986
0.237966
0.237947
0.237927
0.237907
0.237887
0.237867
0.237849
0.237830
0.237812
0.237794
0.237776
0.237758
0.237740
0.237724
0.237705
0.237688
0.237672
0.237655
0.237639
0.237622
0.237606
0.237590
0.237575
0.237559
0.237543
0.237529
0.237511
0.237498
0.237483
0.237467
0.237454
0.237440
0.237425
0.237411
0.237397
0.237382
0.237369
0.237355
0.237342
0.237328
0.237315
0.237302
0.237288
0.237275
0.237263
0.237250
0.237238
0.237226
0.237214
0.237201
0.237190
0.237177
0.237166
0.237153
0.237143
0.237130
0.237119
0.237107
0.237097
0.237085
0.237075
0.237063
0.237053
0.237031
0.237048
0.237032
0.237014
0.237010
0.237006
0.236999
0.236993
0.236988
0.236982
0.236977
0.236971
0.236967
0.236961
0.236956
0.236951
0.236945
0.236940
0.236935
0.236929
0.236925
0.236920
0.236915
0.236910
0.236905
0.236900
0.236894
0.236890
0.236885
0.236880
0.236875
0.236871
0.236866
0.236862
0.236857
0.236852
0.236849
0.236844
0.236840
0.236835
0.236831
0.236826
0.236822
0.236818
0.236814
0.236810
0.236806
0.236801
0.236797
0.236793
0.236789
0.236785
0.236781
0.236777
0.236773
0.236769
0.236765
0.236761
0.236758
0.236754
0.236750
0.236746
0.236743
0.236739
0.236735
0.236732
0.236728
0.236724
0.236721
0.236718
0.236715
0.236711
0.236707
0.236704
0.236701
0.236698
0.236694
0.236690
0.236688
0.236686
0.236682
0.236679
0.236676
0.236672
0.236669
0.236666
0.236663
0.236660
0.236657
0.236654
0.236651
0.236648
0.236645
0.236642
0.236640
0.236636
0.236633
0.236631
0.236628
0.236625
0.236602
0.236597
0.236595
0.236593
0.236591
0.236590
0.236588
0.236587
0.236585
0.236584
0.236583
0.236581
0.236580
0.236579
0.236577
0.236576
0.236575
0.236573
0.236572
0.236571
0.236569
0.236568
0.236566
0.236565
0.236564
0.236563
0.236561
0.236560
0.236558
0.236557
0.236556
0.236554
0.236553
0.236552
0.236551
0.236549
0.236548
0.236547
0.236545
0.236544
0.236543
0.236541
0.236540
0.236539
0.236538
0.236536
0.236535
0.236533
0.236532
0.236531
0.236530
0.236529
0.236527
0.236526
0.236525
0.236523
0.236522
0.236521
0.236520
0.236518
0.236517
0.236516
0.236515
0.236513
0.236512
0.236511
0.236510
0.236509
0.236507
0.236506
0.236505
0.236504
0.236503
0.236501
0.236500
0.236499
0.236498
0.236497
0.236495
0.236494
0.236493
0.236492
0.236491
0.236490
0.236488
0.236487
0.236486
0.236485
0.236484
0.236483
0.236482
0.236480
0.236479
0.236478
0.236477
0.236476
0.236475
0.236474
0.236472
0.236471
0.236462
0.236461
0.236462
0.236462
0.236461
0.236461
0.236460
0.236460
0.236459
0.236459
0.236458
0.236457
0.236457
0.236456
0.236456
0.236455
0.236455
0.236454
0.236453
0.236453
0.236452
0.236452
0.236451
0.236450
0.236450
0.236449
0.236449
0.236448
0.236448
0.236447
0.236447
0.236446
0.236446
0.236445
0.236444
0.236444
0.236443
0.236443
0.236442
0.236442
0.236441
0.236441
0.236440
0.236440
0.236439
0.236439
0.236438
0.236438
0.236437
0.236437
0.236436
0.236436
0.236435
0.236434
0.236434
0.236433
0.236433
0.236432
0.236432
0.236431
0.236431
0.236430
0.236430
0.236429
0.236429
0.236428
0.236428
0.236427
0.236427
0.236426
0.236425
0.236425
0.236424
0.236424
0.236423
0.236423
0.236422
0.236422
0.236421
0.236421
0.236420
0.236420
0.236419
0.236419
0.236418
0.236418
0.236417
0.236417
0.236416
0.236416
0.236415
0.236415
0.236414
0.236414
0.236413
0.236413
0.236412
0.236412
0.236411
0.236411
