0.327277
0.128695
0.050247
0.032011
0.018129
0.009074
0.005463
0.004121
0.003440
0.003124
0.002950
0.002832
0.002747
0.002670
0.002598
0.002534
0.002476
0.002422
0.002368
0.002312
0.002256
0.002207
0.002167
0.002138
0.002110
0.002085
0.002065
0.002046
0.002029
0.002008
0.001989
0.001970
0.001956
0.001942
0.001924
0.001908
0.001890
0.001876
0.001863
0.001849
0.001836
0.001826
0.001817
0.001809
0.001799
0.001792
0.001784
0.001777
0.001770
0.001764
0.001758
0.001754
0.001750
0.001744
0.001737
0.001731
0.001727
0.001722
0.001716
0.001710
0.001705
0.001700
0.001695
0.001691
0.001685
0.001679
0.001671
0.001664
0.001658
0.001652
0.001646
0.001642
0.001636
0.001631
0.001626
0.001622
0.001618
0.001614
0.001608
0.001602
0.001596
0.001591
0.001586
0.001580
0.001575
0.001569
0.001562
0.001557
0.001552
0.001545
0.001538
0.001530
0.001522
0.001515
0.001509
0.001503
0.001498
0.001493
0.001485
0.001480
0.001362
0.001316
0.001306
0.001312
0.001313
0.001312
0.001310
0.001307
0.001304
0.001300
0.001296
0.001293
0.001289
0.001285
0.001282
0.001279
0.001276
0.001273
0.001270
0.001268
0.001265
0.001263
0.001261
0.001259
0.001257
0.001255
0.001253
0.001251
0.001249
0.001248
0.001246
0.001245
0.001243
0.001241
0.001240
0.001239
0.001237
0.001236
0.001235
0.001234
0.001232
0.001231
0.001229
0.001228
0.001227
0.001225
0.001224
0.001222
0.001221
0.001220
0.001218
0.001217
0.001215
0.001214
0.001212
0.001211
0.001210
0.001209
0.001208
0.001206
0.001205
0.001204
0.001203
0.001202
0.001201
0.001200
0.001199
0.001198
0.001197
0.001196
0.001195
0.001194
0.001193
0.001192
0.001191
0.001190
0.001190
0.001189
0.001189
0.001187
0.001186
0.001185
0.001185
0.001184
0.001183
0.001183
0.001182
0.001181
0.001181
0.001180
0.001179
0.001177
0.001177
0.001175
0.001174
0.001172
0.001171
0.001168
0.001168
0.001165
0.001131
0.001146
0.001152
0.001156
0.001157
0.001156
0.001156
0.001155
0.001154
0.001153
0.001151
0.001150
0.001149
0.001148
0.001147
0.001147
0.001146
0.001145
0.001144
0.001142
0.001141
0.001140
0.001139
0.001138
0.001137
0.001136
0.001135
0.001134
0.001133
0.001132
0.001131
0.001129
0.001128
0.001127
0.001125
0.001124
0.001123
0.001122
0.001121
0.001119
0.001118
0.001117
0.001115
0.001114
0.001113
0.001111
0.001110
0.001109
0.001107
0.001106
0.001105
0.001103
0.001102
0.001100
0.001099
0.001097
0.001096
0.001095
0.001093
0.001092
0.001090
0.001089
0.001087
0.001085
0.001083
0.001082
0.001080
0.001079
0.001077
0.001076
0.001074
0.001073
0.001071
0.001070
0.001069
0.001067
0.001066
0.001064
0.001063
0.001061
0.001060
0.001058
0.001056
0.001055
0.001053
0.001051
0.001050
0.001049
0.001047
0.001046
0.001045
0.001043
0.001042
0.001040
0.001039
0.001037
0.001036
0.001034
0.001033
0.001031
0.001023
0.001007
0.001016
0.001014
0.001013
0.001009
0.001005
0.001003
0.001001
0.001000
0.000999
0.000998
0.000997
0.000996
0.000995
0.000994
0.000994
0.000993
0.000992
0.000992
0.000991
0.000991
0.000990
0.000990
0.000989
0.000989
0.000988
0.000988
0.000987
0.000987
0.000986
0.000986
0.000985
0.000985
0.000985
0.000984
0.000984
0.000984
0.000983
0.000983
0.000983
0.000982
0.000982
0.000982
0.000981
0.000981
0.000981
0.000980
0.000980
0.000980
0.000979
0.000979
0.000979
0.000979
0.000978
0.000978
0.000978
0.000978
0.000977
0.000977
0.000977
0.000977
0.000976
0.000976
0.000976
0.000975
0.000975
0.000975
0.000975
0.000974
0.000974
0.000974
0.000974
0.000973
0.000973
0.000973
0.000973
0.000972
0.000972
0.000972
0.000972
0.000971
0.000971
0.000971
0.000971
0.000970
0.000970
0.000970
0.000970
0.000969
0.000969
0.000969
0.000968
0.000968
0.000968
0.000968
0.000968
0.000967
0.000967
0.000967
0.000956
0.000952
0.000948
0.000948
0.000949
0.000948
0.000948
0.000948
0.000948
0.000948
0.000947
0.000947
0.000947
0.000947
0.000947
0.000946
0.000946
0.000946
0.000946
0.000946
0.000945
0.000945
0.000945
0.000945
0.000945
0.000945
0.000944
0.000944
0.000944
0.000944
0.000944
0.000943
0.000943
0.000943
0.000943
0.000943
0.000942
0.000942
0.000942
0.000942
0.000942
0.000942
0.000941
0.000941
0.000941
0.000941
0.000941
0.000940
0.000940
0.000940
0.000940
0.000940
0.000939
0.000939
0.000939
0.000939
0.000939
0.000939
0.000938
0.000938
0.000938
0.000938
0.000938
0.000937
0.000937
0.000937
0.000937
0.000936
0.000936
0.000936
0.000936
0.000935
0.000935
0.000935
0.000935
0.000935
0.000934
0.000934
0.000934
0.000934
0.000934
0.000933
0.000933
0.000933
0.000933
0.000933
0.000933
0.000932
0.000932
0.000932
0.000932
0.000932
0.000931
0.000931
0.000931
0.000931
0.000931
0.000930
0.000930
0.000930
