0.450621
0.166558
0.041888
0.020106
0.010411
0.005818
0.004154
0.003639
0.003259
0.003002
0.002806
0.002643
0.002509
0.002397
0.002300
0.002214
0.002136
0.002066
0.002003
0.001947
0.001894
0.001841
0.001794
0.001756
0.001727
0.001701
0.001677
0.001655
0.001632
0.001611
0.001592
0.001573
0.001554
0.001538
0.001521
0.001505
0.001489
0.001476
0.001463
0.001452
0.001442
0.001432
0.001422
0.001413
0.001404
0.001396
0.001389
0.001383
0.001376
0.001369
0.001363
0.001357
0.001351
0.001345
0.001339
0.001333
0.001328
0.001323
0.001317
0.001311
0.001304
0.001298
0.001293
0.001288
0.001284
0.001279
0.001275
0.001270
0.001265
0.001260
0.001256
0.001251
0.001246
0.001239
0.001234
0.001229
0.001224
0.001219
0.001215
0.001211
0.001207
0.001202
0.001197
0.001192
0.001187
0.001183
0.001179
0.001174
0.001170
0.001166
0.001162
0.001157
0.001152
0.001147
0.001143
0.001139
0.001136
0.001132
0.001128
0.001125
0.001048
0.000998
0.000989
0.000991
0.000994
0.000993
0.000992
0.000989
0.000987
0.000985
0.000983
0.000981
0.000979
0.000977
0.000975
0.000974
0.000972
0.000971
0.000970
0.000969
0.000967
0.000966
0.000965
0.000964
0.000964
0.000963
0.000962
0.000962
0.000961
0.000960
0.000960
0.000959
0.000959
0.000958
0.000957
0.000956
0.000955
0.000954
0.000953
0.000952
0.000950
0.000949
0.000947
0.000945
0.000943
0.000942
0.000940
0.000938
0.000937
0.000935
0.000934
0.000932
0.000931
0.000930
0.000929
0.000928
0.000927
0.000926
0.000925
0.000924
0.000924
0.000923
0.000923
0.000922
0.000922
0.000921
0.000921
0.000921
0.000920
0.000920
0.000920
0.000920
0.000920
0.000920
0.000920
0.000920
0.000920
0.000920
0.000920
0.000920
0.000920
0.000920
0.000920
0.000920
0.000920
0.000920
0.000920
0.000920
0.000920
0.000919
0.000919
0.000919
0.000919
0.000919
0.000919
0.000919
0.000918
0.000918
0.000918
0.000918
0.000885
0.000893
0.000897
0.000899
0.000899
0.000899
0.000898
0.000898
0.000898
0.000898
0.000898
0.000898
0.000897
0.000897
0.000897
0.000897
0.000896
0.000896
0.000895
0.000895
0.000894
0.000894
0.000893
0.000893
0.000892
0.000892
0.000891
0.000890
0.000889
0.000889
0.000888
0.000887
0.000887
0.000886
0.000885
0.000884
0.000883
0.000883
0.000882
0.000881
0.000880
0.000880
0.000879
0.000878
0.000878
0.000877
0.000877
0.000876
0.000875
0.000875
0.000875
0.000874
0.000874
0.000873
0.000873
0.000872
0.000872
0.000871
0.000871
0.000871
0.000870
0.000870
0.000870
0.000869
0.000869
0.000868
0.000868
0.000867
0.000867
0.000867
0.000866
0.000866
0.000866
0.000865
0.000865
0.000865
0.000864
0.000864
0.000864
0.000863
0.000863
0.000863
0.000862
0.000862
0.000861
0.000861
0.000861
0.000860
0.000860
0.000860
0.000859
0.000859
0.000859
0.000858
0.000858
0.000858
0.000857
0.000857
0.000857
0.000856
0.000855
0.000862
0.000863
0.000864
0.000864
0.000864
0.000864
0.000864
0.000865
0.000866
0.000867
0.000868
0.000869
0.000871
0.000872
0.000873
0.000874
0.000875
0.000875
0.000876
0.000876
0.000875
0.000875
0.000874
0.000872
0.000871
0.000870
0.000868
0.000867
0.000866
0.000866
0.000865
0.000865
0.000864
0.000864
0.000863
0.000863
0.000863
0.000862
0.000862
0.000862
0.000862
0.000862
0.000862
0.000861
0.000861
0.000861
0.000861
0.000861
0.000861
0.000861
0.000861
0.000861
0.000860
0.000860
0.000860
0.000860
0.000860
0.000860
0.000860
0.000860
0.000860
0.000860
0.000860
0.000860
0.000860
0.000860
0.000860
0.000860
0.000860
0.000859
0.000859
0.000860
0.000859
0.000859
0.000859
0.000859
0.000859
0.000859
0.000859
0.000859
0.000859
0.000859
0.000859
0.000859
0.000859
0.000859
0.000858
0.000858
0.000858
0.000858
0.000858
0.000858
0.000858
0.000858
0.000858
0.000858
0.000858
0.000858
0.000858
0.000845
0.000839
0.000835
0.000836
0.000836
0.000836
0.000835
0.000836
0.000835
0.000835
0.000835
0.000835
0.000835
0.000835
0.000835
0.000835
0.000835
0.000835
0.000835
0.000835
0.000835
0.000835
0.000835
0.000835
0.000835
0.000835
0.000835
0.000835
0.000835
0.000835
0.000835
0.000835
0.000835
0.000835
0.000835
0.000835
0.000835
0.000835
0.000835
0.000835
0.000835
0.000835
0.000835
0.000835
0.000835
0.000835
0.000835
0.000835
0.000835
0.000835
0.000835
0.000835
0.000835
0.000835
0.000835
0.000835
0.000835
0.000835
0.000835
0.000835
0.000835
0.000835
0.000835
0.000835
0.000835
0.000835
0.000835
0.000835
0.000835
0.000835
0.000835
0.000835
0.000835
0.000835
0.000835
0.000835
0.000835
0.000835
0.000835
0.000835
0.000835
0.000835
0.000835
0.000835
0.000835
0.000835
0.000835
0.000835
0.000835
0.000835
0.000835
0.000835
0.000835
0.000835
0.000835
0.000835
0.000835
0.000835
0.000835
0.000835
