0.393821
0.155015
0.064079
0.045823
0.035638
0.027671
0.020732
0.015207
0.011409
0.009157
0.007841
0.006995
0.006370
0.005928
0.005587
0.005290
0.005022
0.004780
0.004567
0.004377
0.004207
0.004053
0.003913
0.003785
0.003668
0.003561
0.003462
0.003370
0.003281
0.003194
0.003111
0.003030
0.002952
0.002880
0.002812
0.002747
0.002686
0.002628
0.002573
0.002523
0.002474
0.002428
0.002385
0.002343
0.002303
0.002262
0.002224
0.002189
0.002152
0.002116
0.002081
0.002049
0.002017
0.001987
0.001957
0.001927
0.001899
0.001871
0.001845
0.001819
0.001797
0.001774
0.001754
0.001735
0.001717
0.001700
0.001684
0.001668
0.001655
0.001642
0.001629
0.001616
0.001603
0.001593
0.001583
0.001573
0.001563
0.001553
0.001544
0.001536
0.001529
0.001520
0.001512
0.001504
0.001499
0.001494
0.001487
0.001480
0.001473
0.001467
0.001460
0.001452
0.001445
0.001439
0.001433
0.001428
0.001423
0.001418
0.001413
0.001410
0.001367
0.001377
0.001384
0.001389
0.001391
0.001391
0.001390
0.001390
0.001389
0.001388
0.001387
0.001386
0.001385
0.001384
0.001383
0.001382
0.001381
0.001380
0.001379
0.001377
0.001376
0.001375
0.001374
0.001372
0.001371
0.001369
0.001367
0.001366
0.001365
0.001363
0.001362
0.001361
0.001359
0.001357
0.001355
0.001353
0.001351
0.001349
0.001348
0.001346
0.001344
0.001343
0.001341
0.001340
0.001338
0.001336
0.001335
0.001332
0.001331
0.001329
0.001328
0.001327
0.001325
0.001324
0.001322
0.001321
0.001320
0.001318
0.001317
0.001315
0.001314
0.001313
0.001311
0.001310
0.001308
0.001307
0.001306
0.001305
0.001304
0.001302
0.001300
0.001299
0.001298
0.001297
0.001296
0.001295
0.001294
0.001292
0.001291
0.001290
0.001289
0.001287
0.001286
0.001284
0.001283
0.001282
0.001280
0.001279
0.001278
0.001277
0.001276
0.001274
0.001273
0.001272
0.001270
0.001268
0.001267
0.001266
0.001264
0.001263
0.001257
0.001232
0.001233
0.001235
0.001234
0.001234
0.001233
0.001233
0.001232
0.001232
0.001231
0.001231
0.001231
0.001230
0.001229
0.001229
0.001228
0.001228
0.001228
0.001227
0.001226
0.001226
0.001225
0.001225
0.001225
0.001224
0.001224
0.001224
0.001223
0.001223
0.001222
0.001222
0.001221
0.001221
0.001220
0.001219
0.001219
0.001219
0.001218
0.001217
0.001217
0.001216
0.001215
0.001214
0.001214
0.001213
0.001212
0.001212
0.001211
0.001211
0.001210
0.001209
0.001209
0.001208
0.001208
0.001207
0.001206
0.001205
0.001205
0.001204
0.001203
0.001202
0.001201
0.001201
0.001200
0.001199
0.001199
0.001198
0.001197
0.001197
0.001196
0.001195
0.001194
0.001193
0.001192
0.001191
0.001191
0.001190
0.001189
0.001188
0.001187
0.001186
0.001186
0.001185
0.001184
0.001183
0.001182
0.001181
0.001180
0.001179
0.001178
0.001178
0.001177
0.001176
0.001175
0.001174
0.001173
0.001172
0.001171
0.001170
0.001151
0.001142
0.001136
0.001136
0.001136
0.001135
0.001135
0.001134
0.001134
0.001133
0.001133
0.001132
0.001132
0.001132
0.001131
0.001131
0.001130
0.001130
0.001129
0.001129
0.001128
0.001128
0.001127
0.001127
0.001126
0.001126
0.001125
0.001125
0.001124
0.001124
0.001123
0.001123
0.001122
0.001122
0.001121
0.001121
0.001120
0.001120
0.001119
0.001118
0.001118
0.001117
0.001117
0.001116
0.001115
0.001115
0.001114
0.001114
0.001113
0.001112
0.001112
0.001111
0.001110
0.001109
0.001109
0.001108
0.001107
0.001107
0.001106
0.001105
0.001105
0.001104
0.001103
0.001102
0.001102
0.001101
0.001100
0.001099
0.001098
0.001097
0.001096
0.001095
0.001095
0.001093
0.001093
0.001092
0.001091
0.001089
0.001088
0.001087
0.001086
0.001085
0.001084
0.001083
0.001082
0.001081
0.001079
0.001078
0.001077
0.001076
0.001075
0.001073
0.001072
0.001071
0.001070
0.001069
0.001068
0.001067
0.001066
0.001065
0.001059
0.001057
0.001058
0.001057
0.001056
0.001056
0.001055
0.001055
0.001054
0.001053
0.001053
0.001052
0.001052
0.001051
0.001051
0.001050
0.001050
0.001049
0.001049
0.001048
0.001047
0.001047
0.001046
0.001046
0.001045
0.001045
0.001044
0.001044
0.001043
0.001043
0.001042
0.001042
0.001041
0.001040
0.001040
0.001039
0.001039
0.001038
0.001038
0.001037
0.001037
0.001036
0.001036
0.001035
0.001035
0.001034
0.001034
0.001033
0.001033
0.001032
0.001032
0.001031
0.001031
0.001030
0.001030
0.001029
0.001029
0.001028
0.001028
0.001027
0.001027
0.001026
0.001026
0.001025
0.001025
0.001024
0.001024
0.001024
0.001023
0.001023
0.001022
0.001022
0.001021
0.001021
0.001020
0.001020
0.001019
0.001019
0.001018
0.001018
0.001017
0.001017
0.001016
0.001016
0.001016
0.001015
0.001015
0.001014
0.001014
0.001013
0.001013
0.001012
0.001012
0.001011
0.001011
0.001011
0.001010
0.001010
0.001009
0.001009
