0.504289
0.284979
0.106891
0.024015
0.011870
0.009364
0.008111
0.007475
0.007019
0.006632
0.006240
0.005884
0.005596
0.005361
0.005154
0.004964
0.004788
0.004625
0.004473
0.004326
0.004186
0.004054
0.003931
0.003814
0.003702
0.003594
0.003494
0.003401
0.003314
0.003233
0.003155
0.003076
0.002999
0.002924
0.002852
0.002782
0.002712
0.002645
0.002578
0.002510
0.002439
0.002367
0.002295
0.002224
0.002152
0.002079
0.002007
0.001936
0.001866
0.001799
0.001736
0.001681
0.001629
0.001582
0.001538
0.001497
0.001459
0.001423
0.001388
0.001356
0.001325
0.001295
0.001269
0.001244
0.001221
0.001198
0.001178
0.001159
0.001140
0.001122
0.001106
0.001091
0.001078
0.001066
0.001056
0.001045
0.001037
0.001030
0.001022
0.001015
0.001009
0.001002
0.000997
0.000991
0.000984
0.000979
0.000974
0.000968
0.000961
0.000954
0.000946
0.000940
0.000933
0.000927
0.000921
0.000916
0.000912
0.000909
0.000906
0.000904
0.000849
0.000830
0.000819
0.000818
0.000815
0.000814
0.000813
0.000813
0.000812
0.000812
0.000812
0.000811
0.000811
0.000810
0.000810
0.000810
0.000809
0.000808
0.000808
0.000807
0.000806
0.000806
0.000805
0.000803
0.000802
0.000801
0.000800
0.000799
0.000798
0.000797
0.000795
0.000794
0.000793
0.000792
0.000790
0.000789
0.000788
0.000787
0.000786
0.000785
0.000784
0.000783
0.000782
0.000781
0.000780
0.000779
0.000778
0.000778
0.000777
0.000776
0.000775
0.000774
0.000772
0.000770
0.000768
0.000765
0.000763
0.000759
0.000755
0.000750
0.000745
0.000740
0.000736
0.000732
0.000728
0.000725
0.000722
0.000719
0.000717
0.000714
0.000711
0.000709
0.000706
0.000704
0.000703
0.000701
0.000700
0.000699
0.000698
0.000696
0.000695
0.000694
0.000693
0.000692
0.000690
0.000688
0.000686
0.000684
0.000682
0.000681
0.000679
0.000677
0.000675
0.000675
0.000673
0.000672
0.000671
0.000670
0.000670
0.000668
0.000640
0.000632
0.000629
0.000628
0.000628
0.000627
0.000627
0.000626
0.000626
0.000625
0.000625
0.000624
0.000624
0.000624
0.000623
0.000623
0.000623
0.000622
0.000622
0.000622
0.000621
0.000621
0.000621
0.000620
0.000620
0.000620
0.000619
0.000619
0.000619
0.000619
0.000619
0.000618
0.000618
0.000618
0.000618
0.000618
0.000617
0.000617
0.000617
0.000617
0.000617
0.000617
0.000617
0.000616
0.000616
0.000616
0.000615
0.000615
0.000614
0.000614
0.000613
0.000613
0.000612
0.000612
0.000612
0.000611
0.000610
0.000610
0.000609
0.000608
0.000607
0.000607
0.000606
0.000605
0.000604
0.000603
0.000601
0.000600
0.000598
0.000595
0.000591
0.000587
0.000582
0.000576
0.000572
0.000568
0.000565
0.000562
0.000560
0.000557
0.000555
0.000553
0.000551
0.000549
0.000547
0.000545
0.000544
0.000542
0.000540
0.000539
0.000537
0.000536
0.000534
0.000533
0.000532
0.000531
0.000530
0.000529
0.000528
0.000527
0.000520
0.000518
0.000519
0.000518
0.000518
0.000518
0.000517
0.000517
0.000516
0.000516
0.000515
0.000515
0.000514
0.000514
0.000513
0.000513
0.000512
0.000512
0.000511
0.000511
0.000510
0.000510
0.000509
0.000509
0.000508
0.000508
0.000508
0.000507
0.000507
0.000506
0.000506
0.000506
0.000505
0.000505
0.000505
0.000504
0.000504
0.000504
0.000503
0.000503
0.000503
0.000502
0.000502
0.000502
0.000501
0.000501
0.000501
0.000500
0.000500
0.000500
0.000499
0.000499
0.000499
0.000498
0.000498
0.000498
0.000497
0.000497
0.000497
0.000497
0.000496
0.000496
0.000496
0.000496
0.000495
0.000495
0.000495
0.000495
0.000494
0.000494
0.000494
0.000494
0.000493
0.000493
0.000493
0.000493
0.000493
0.000492
0.000492
0.000492
0.000492
0.000492
0.000491
0.000491
0.000491
0.000491
0.000490
0.000490
0.000490
0.000490
0.000490
0.000490
0.000489
0.000489
0.000489
0.000489
0.000489
0.000488
0.000488
0.000488
0.000485
0.000488
0.000489
0.000489
0.000489
0.000489
0.000489
0.000489
0.000489
0.000489
0.000489
0.000489
0.000489
0.000489
0.000489
0.000489
0.000489
0.000489
0.000489
0.000489
0.000489
0.000489
0.000489
0.000489
0.000488
0.000488
0.000488
0.000488
0.000488
0.000488
0.000488
0.000488
0.000488
0.000487
0.000487
0.000487
0.000487
0.000487
0.000487
0.000487
0.000486
0.000486
0.000486
0.000486
0.000486
0.000486
0.000485
0.000485
0.000485
0.000485
0.000485
0.000485
0.000485
0.000484
0.000484
0.000484
0.000484
0.000484
0.000484
0.000483
0.000483
0.000483
0.000483
0.000483
0.000483
0.000483
0.000482
0.000482
0.000482
0.000482
0.000482
0.000482
0.000482
0.000482
0.000481
0.000481
0.000481
0.000481
0.000481
0.000481
0.000480
0.000480
0.000480
0.000480
0.000480
0.000480
0.000479
0.000479
0.000479
0.000479
0.000479
0.000479
0.000479
0.000478
0.000478
0.000478
0.000478
0.000478
0.000478
0.000477
