0.433672
0.203620
0.095004
0.042713
0.019962
0.011042
0.006366
0.004335
0.003656
0.003270
0.002945
0.002703
0.002531
0.002393
0.002275
0.002180
0.002105
0.002042
0.001988
0.001942
0.001901
0.001863
0.001830
0.001797
0.001767
0.001738
0.001710
0.001685
0.001660
0.001635
0.001612
0.001588
0.001564
0.001536
0.001511
0.001485
0.001462
0.001441
0.001424
0.001408
0.001393
0.001383
0.001368
0.001358
0.001346
0.001334
0.001320
0.001308
0.001296
0.001283
0.001271
0.001259
0.001249
0.001242
0.001235
0.001231
0.001226
0.001223
0.001219
0.001216
0.001215
0.001214
0.001213
0.001213
0.001213
0.001211
0.001212
0.001209
0.001206
0.001204
0.001203
0.001199
0.001195
0.001194
0.001190
0.001184
0.001181
0.001177
0.001175
0.001172
0.001170
0.001165
0.001160
0.001159
0.001156
0.001154
0.001151
0.001149
0.001147
0.001144
0.001142
0.001140
0.001137
0.001135
0.001130
0.001127
0.001127
0.001116
0.001113
0.001119
0.001047
0.001041
0.001020
0.001017
0.001017
0.001014
0.001013
0.001012
0.001010
0.001010
0.001009
0.001008
0.001008
0.001007
0.001007
0.001006
0.001006
0.001006
0.001006
0.001006
0.001007
0.001007
0.001007
0.001007
0.001007
0.001007
0.001007
0.001007
0.001008
0.001008
0.001008
0.001009
0.001009
0.001009
0.001009
0.001010
0.001010
0.001010
0.001010
0.001010
0.001009
0.001010
0.001009
0.001009
0.001009
0.001008
0.001008
0.001007
0.001007
0.001007
0.001006
0.001005
0.001005
0.001004
0.001003
0.001002
0.001002
0.001001
0.001001
0.001001
0.001000
0.001000
0.000999
0.000999
0.000998
0.000997
0.000997
0.000996
0.000996
0.000995
0.000995
0.000994
0.000994
0.000993
0.000992
0.000992
0.000992
0.000991
0.000991
0.000990
0.000990
0.000990
0.000990
0.000989
0.000989
0.000989
0.000988
0.000988
0.000988
0.000987
0.000987
0.000987
0.000986
0.000986
0.000985
0.000985
0.000984
0.000984
0.000984
0.000983
0.000949
0.000935
0.000941
0.000946
0.000948
0.000949
0.000948
0.000947
0.000946
0.000945
0.000944
0.000943
0.000942
0.000941
0.000940
0.000940
0.000939
0.000938
0.000938
0.000937
0.000936
0.000936
0.000935
0.000935
0.000934
0.000934
0.000933
0.000933
0.000933
0.000932
0.000932
0.000932
0.000931
0.000931
0.000931
0.000931
0.000930
0.000930
0.000930
0.000930
0.000929
0.000929
0.000929
0.000929
0.000929
0.000928
0.000928
0.000928
0.000927
0.000927
0.000926
0.000926
0.000926
0.000925
0.000925
0.000924
0.000924
0.000924
0.000923
0.000923
0.000922
0.000922
0.000922
0.000921
0.000921
0.000921
0.000920
0.000920
0.000920
0.000920
0.000919
0.000919
0.000919
0.000918
0.000918
0.000918
0.000918
0.000917
0.000917
0.000917
0.000917
0.000916
0.000916
0.000916
0.000916
0.000915
0.000915
0.000915
0.000915
0.000915
0.000914
0.000914
0.000914
0.000914
0.000914
0.000914
0.000914
0.000913
0.000913
0.000913
0.000908
0.000917
0.000916
0.000914
0.000913
0.000912
0.000912
0.000912
0.000912
0.000912
0.000912
0.000912
0.000912
0.000912
0.000912
0.000912
0.000912
0.000912
0.000912
0.000912
0.000912
0.000912
0.000912
0.000912
0.000912
0.000912
0.000912
0.000912
0.000912
0.000912
0.000912
0.000912
0.000912
0.000912
0.000912
0.000912
0.000912
0.000912
0.000912
0.000911
0.000911
0.000911
0.000911
0.000911
0.000911
0.000911
0.000911
0.000911
0.000911
0.000911
0.000911
0.000910
0.000910
0.000910
0.000910
0.000910
0.000910
0.000910
0.000910
0.000910
0.000910
0.000909
0.000909
0.000909
0.000909
0.000909
0.000909
0.000909
0.000909
0.000909
0.000909
0.000909
0.000909
0.000908
0.000908
0.000908
0.000908
0.000908
0.000908
0.000908
0.000908
0.000908
0.000907
0.000907
0.000907
0.000907
0.000907
0.000907
0.000907
0.000907
0.000907
0.000907
0.000906
0.000906
0.000906
0.000906
0.000906
0.000906
0.000906
0.000906
0.000908
0.000905
0.000904
0.000900
0.000896
0.000896
0.000896
0.000896
0.000895
0.000895
0.000895
0.000894
0.000894
0.000894
0.000894
0.000894
0.000894
0.000893
0.000893
0.000893
0.000893
0.000893
0.000893
0.000893
0.000892
0.000892
0.000892
0.000892
0.000892
0.000892
0.000892
0.000892
0.000892
0.000892
0.000892
0.000891
0.000891
0.000891
0.000891
0.000891
0.000891
0.000891
0.000891
0.000891
0.000891
0.000891
0.000891
0.000891
0.000891
0.000891
0.000890
0.000890
0.000890
0.000890
0.000890
0.000890
0.000890
0.000890
0.000890
0.000890
0.000890
0.000890
0.000890
0.000890
0.000890
0.000890
0.000890
0.000890
0.000890
0.000890
0.000889
0.000889
0.000889
0.000889
0.000889
0.000889
0.000889
0.000889
0.000889
0.000889
0.000889
0.000889
0.000889
0.000889
0.000889
0.000889
0.000889
0.000889
0.000889
0.000889
0.000888
0.000888
0.000888
0.000888
0.000888
0.000888
0.000888
0.000888
0.000888
0.000888
