0.389536
0.153166
0.033090
0.015676
0.010541
0.008073
0.006638
0.005790
0.005186
0.004870
0.004638
0.004434
0.004266
0.004121
0.003979
0.003848
0.003725
0.003610
0.003501
0.003399
0.003300
0.003211
0.003129
0.003051
0.002979
0.002909
0.002844
0.002785
0.002733
0.002685
0.002644
0.002609
0.002572
0.002530
0.002485
0.002442
0.002405
0.002365
0.002321
0.002275
0.002227
0.002183
0.002144
0.002109
0.002079
0.002053
0.002030
0.002007
0.001986
0.001964
0.001943
0.001926
0.001906
0.001887
0.001866
0.001846
0.001827
0.001808
0.001788
0.001768
0.001746
0.001724
0.001699
0.001676
0.001653
0.001628
0.001608
0.001582
0.001557
0.001536
0.001515
0.001493
0.001467
0.001446
0.001425
0.001403
0.001385
0.001366
0.001347
0.001332
0.001322
0.001308
0.001297
0.001289
0.001281
0.001273
0.001262
0.001255
0.001248
0.001241
0.001232
0.001223
0.001214
0.001207
0.001196
0.001186
0.001167
0.001146
0.001132
0.001120
0.001018
0.000987
0.000979
0.000977
0.000972
0.000967
0.000962
0.000957
0.000952
0.000946
0.000941
0.000936
0.000931
0.000926
0.000921
0.000916
0.000911
0.000906
0.000902
0.000897
0.000892
0.000888
0.000883
0.000879
0.000875
0.000870
0.000866
0.000862
0.000858
0.000855
0.000851
0.000848
0.000844
0.000841
0.000838
0.000834
0.000831
0.000827
0.000824
0.000821
0.000818
0.000815
0.000813
0.000810
0.000807
0.000803
0.000800
0.000797
0.000793
0.000790
0.000787
0.000783
0.000780
0.000776
0.000773
0.000770
0.000767
0.000764
0.000762
0.000759
0.000757
0.000754
0.000752
0.000750
0.000748
0.000746
0.000743
0.000742
0.000739
0.000738
0.000736
0.000734
0.000733
0.000732
0.000730
0.000729
0.000727
0.000726
0.000725
0.000724
0.000723
0.000721
0.000720
0.000719
0.000718
0.000717
0.000716
0.000715
0.000714
0.000713
0.000711
0.000711
0.000709
0.000709
0.000707
0.000707
0.000706
0.000705
0.000704
0.000703
0.000683
0.000680
0.000681
0.000683
0.000683
0.000683
0.000683
0.000683
0.000682
0.000682
0.000682
0.000681
0.000681
0.000681
0.000680
0.000680
0.000680
0.000679
0.000679
0.000679
0.000678
0.000678
0.000678
0.000677
0.000677
0.000677
0.000676
0.000676
0.000676
0.000675
0.000675
0.000675
0.000674
0.000674
0.000674
0.000674
0.000673
0.000673
0.000673
0.000672
0.000672
0.000672
0.000672
0.000671
0.000671
0.000671
0.000671
0.000670
0.000670
0.000670
0.000670
0.000670
0.000670
0.000670
0.000670
0.000669
0.000669
0.000669
0.000669
0.000669
0.000669
0.000669
0.000669
0.000669
0.000669
0.000669
0.000669
0.000670
0.000670
0.000670
0.000670
0.000670
0.000670
0.000670
0.000670
0.000670
0.000669
0.000669
0.000669
0.000669
0.000669
0.000669
0.000669
0.000669
0.000669
0.000669
0.000669
0.000669
0.000669
0.000668
0.000668
0.000668
0.000668
0.000668
0.000668
0.000668
0.000668
0.000667
0.000667
0.000667
0.000652
0.000653
0.000655
0.000655
0.000655
0.000655
0.000655
0.000655
0.000655
0.000655
0.000655
0.000655
0.000655
0.000655
0.000655
0.000655
0.000655
0.000655
0.000655
0.000655
0.000655
0.000655
0.000655
0.000655
0.000655
0.000654
0.000654
0.000654
0.000654
0.000654
0.000654
0.000654
0.000654
0.000654
0.000654
0.000654
0.000654
0.000653
0.000653
0.000653
0.000653
0.000653
0.000653
0.000653
0.000653
0.000653
0.000653
0.000652
0.000652
0.000652
0.000652
0.000652
0.000652
0.000652
0.000652
0.000651
0.000651
0.000651
0.000651
0.000651
0.000651
0.000651
0.000650
0.000650
0.000650
0.000650
0.000650
0.000650
0.000650
0.000649
0.000649
0.000649
0.000649
0.000649
0.000649
0.000649
0.000648
0.000648
0.000648
0.000648
0.000648
0.000648
0.000647
0.000647
0.000647
0.000647
0.000647
0.000647
0.000647
0.000647
0.000646
0.000646
0.000646
0.000646
0.000646
0.000646
0.000646
0.000646
0.000646
0.000646
0.000643
0.000634
0.000634
0.000635
0.000634
0.000634
0.000634
0.000634
0.000634
0.000634
0.000634
0.000634
0.000634
0.000634
0.000634
0.000634
0.000634
0.000634
0.000634
0.000634
0.000634
0.000634
0.000634
0.000634
0.000634
0.000634
0.000634
0.000634
0.000634
0.000634
0.000634
0.000634
0.000634
0.000634
0.000634
0.000634
0.000634
0.000634
0.000634
0.000634
0.000634
0.000634
0.000634
0.000634
0.000634
0.000634
0.000634
0.000634
0.000634
0.000634
0.000634
0.000634
0.000634
0.000634
0.000634
0.000634
0.000634
0.000634
0.000634
0.000634
0.000634
0.000634
0.000634
0.000634
0.000634
0.000634
0.000634
0.000634
0.000634
0.000634
0.000634
0.000634
0.000634
0.000634
0.000634
0.000634
0.000634
0.000634
0.000634
0.000634
0.000634
0.000634
0.000634
0.000634
0.000634
0.000634
0.000634
0.000634
0.000634
0.000634
0.000634
0.000634
0.000633
0.000633
0.000633
0.000633
0.000633
0.000633
0.000633
0.000633
