0.466357
0.386070
0.252858
0.118939
0.057951
0.039886
0.032330
0.026666
0.021905
0.018032
0.014894
0.012439
0.010577
0.009190
0.008185
0.007456
0.006917
0.006519
0.006211
0.005962
0.005747
0.005557
0.005383
0.005219
0.005058
0.004902
0.004763
0.004637
0.004528
0.004429
0.004346
0.004270
0.004203
0.004145
0.004099
0.004058
0.004022
0.003988
0.003957
0.003927
0.003895
0.003865
0.003835
0.003802
0.003766
0.003725
0.003685
0.003644
0.003601
0.003560
0.003519
0.003477
0.003432
0.003389
0.003343
0.003302
0.003263
0.003224
0.003187
0.003152
0.003121
0.003090
0.003061
0.003034
0.003009
0.002985
0.002959
0.002935
0.002912
0.002892
0.002871
0.002850
0.002828
0.002807
0.002787
0.002766
0.002747
0.002728
0.002709
0.002688
0.002667
0.002647
0.002628
0.002610
0.002592
0.002575
0.002556
0.002535
0.002514
0.002495
0.002473
0.002452
0.002430
0.002410
0.002390
0.002370
0.002349
0.002329
0.002309
0.002289
0.002224
0.002187
0.002173
0.002162
0.002156
0.002148
0.002140
0.002133
0.002125
0.002117
0.002109
0.002101
0.002093
0.002086
0.002079
0.002071
0.002063
0.002055
0.002047
0.002039
0.002031
0.002024
0.002016
0.002008
0.002000
0.001992
0.001983
0.001975
0.001967
0.001959
0.001951
0.001943
0.001935
0.001927
0.001919
0.001911
0.001903
0.001895
0.001887
0.001878
0.001870
0.001862
0.001854
0.001847
0.001839
0.001833
0.001826
0.001819
0.001813
0.001806
0.001800
0.001793
0.001787
0.001781
0.001775
0.001769
0.001764
0.001759
0.001754
0.001749
0.001744
0.001740
0.001735
0.001731
0.001728
0.001724
0.001720
0.001717
0.001713
0.001710
0.001707
0.001704
0.001701
0.001698
0.001695
0.001692
0.001690
0.001687
0.001685
0.001683
0.001680
0.001678
0.001675
0.001673
0.001670
0.001669
0.001666
0.001665
0.001663
0.001661
0.001659
0.001657
0.001655
0.001654
0.001652
0.001651
0.001650
0.001648
0.001647
0.001645
0.001630
0.001607
0.001600
0.001602
0.001600
0.001599
0.001598
0.001598
0.001597
0.001596
0.001595
0.001595
0.001594
0.001593
0.001593
0.001592
0.001591
0.001591
0.001590
0.001589
0.001588
0.001588
0.001587
0.001586
0.001586
0.001585
0.001584
0.001584
0.001583
0.001583
0.001582
0.001581
0.001581
0.001580
0.001580
0.001579
0.001578
0.001578
0.001577
0.001577
0.001576
0.001576
0.001575
0.001575
0.001574
0.001574
0.001573
0.001573
0.001572
0.001572
0.001571
0.001571
0.001571
0.001570
0.001570
0.001569
0.001569
0.001568
0.001568
0.001567
0.001567
0.001567
0.001566
0.001566
0.001565
0.001565
0.001564
0.001564
0.001564
0.001563
0.001563
0.001562
0.001562
0.001561
0.001561
0.001561
0.001560
0.001560
0.001559
0.001559
0.001559
0.001558
0.001558
0.001557
0.001557
0.001557
0.001556
0.001556
0.001556
0.001555
0.001555
0.001554
0.001554
0.001553
0.001553
0.001553
0.001552
0.001552
0.001552
0.001551
0.001541
0.001537
0.001536
0.001535
0.001534
0.001534
0.001534
0.001534
0.001533
0.001533
0.001533
0.001533
0.001532
0.001532
0.001532
0.001531
0.001531
0.001531
0.001531
0.001530
0.001530
0.001530
0.001529
0.001529
0.001529
0.001529
0.001528
0.001528
0.001528
0.001527
0.001527
0.001527
0.001527
0.001526
0.001526
0.001526
0.001526
0.001525
0.001525
0.001525
0.001524
0.001524
0.001524
0.001524
0.001523
0.001523
0.001523
0.001522
0.001522
0.001522
0.001521
0.001521
0.001521
0.001521
0.001520
0.001520
0.001520
0.001519
0.001519
0.001519
0.001519
0.001518
0.001518
0.001518
0.001518
0.001517
0.001517
0.001517
0.001516
0.001516
0.001516
0.001516
0.001515
0.001515
0.001515
0.001515
0.001514
0.001514
0.001514
0.001514
0.001513
0.001513
0.001513
0.001513
0.001512
0.001512
0.001512
0.001512
0.001511
0.001511
0.001511
0.001510
0.001510
0.001510
0.001510
0.001509
0.001509
0.001509
0.001509
0.001508
0.001505
0.001507
0.001511
0.001511
0.001511
0.001511
0.001510
0.001510
0.001510
0.001510
0.001509
0.001509
0.001509
0.001509
0.001509
0.001508
0.001508
0.001508
0.001508
0.001508
0.001507
0.001507
0.001507
0.001507
0.001507
0.001506
0.001506
0.001506
0.001506
0.001506
0.001506
0.001505
0.001505
0.001505
0.001505
0.001505
0.001505
0.001504
0.001504
0.001504
0.001504
0.001504
0.001504
0.001503
0.001503
0.001503
0.001503
0.001503
0.001503
0.001503
0.001502
0.001502
0.001502
0.001502
0.001502
0.001502
0.001502
0.001501
0.001501
0.001501
0.001501
0.001501
0.001501
0.001501
0.001500
0.001500
0.001500
0.001500
0.001500
0.001500
0.001500
0.001499
0.001499
0.001499
0.001499
0.001499
0.001499
0.001499
0.001499
0.001498
0.001498
0.001498
0.001498
0.001498
0.001498
0.001498
0.001497
0.001497
0.001497
0.001497
0.001497
0.001497
0.001497
0.001497
0.001497
0.001496
0.001496
0.001496
0.001496
0.001496
