0.486941
0.198782
0.073347
0.031275
0.012711
0.008222
0.006917
0.006106
0.005232
0.004521
0.004053
0.003728
0.003447
0.003227
0.003047
0.002883
0.002731
0.002608
0.002504
0.002411
0.002329
0.002256
0.002192
0.002134
0.002081
0.002033
0.001988
0.001948
0.001913
0.001886
0.001864
0.001843
0.001823
0.001805
0.001788
0.001770
0.001752
0.001735
0.001719
0.001703
0.001687
0.001671
0.001655
0.001639
0.001623
0.001606
0.001589
0.001572
0.001555
0.001540
0.001525
0.001514
0.001500
0.001487
0.001476
0.001465
0.001455
0.001443
0.001433
0.001424
0.001413
0.001404
0.001394
0.001387
0.001376
0.001367
0.001359
0.001350
0.001340
0.001332
0.001325
0.001319
0.001310
0.001304
0.001297
0.001290
0.001284
0.001278
0.001271
0.001265
0.001259
0.001252
0.001244
0.001238
0.001234
0.001230
0.001225
0.001219
0.001214
0.001210
0.001207
0.001202
0.001197
0.001193
0.001188
0.001182
0.001177
0.001172
0.001168
0.001164
0.001052
0.001043
0.001037
0.001035
0.001032
0.001029
0.001026
0.001023
0.001021
0.001018
0.001015
0.001012
0.001010
0.001007
0.001004
0.001002
0.001000
0.000997
0.000995
0.000993
0.000990
0.000988
0.000986
0.000984
0.000982
0.000979
0.000978
0.000975
0.000974
0.000972
0.000970
0.000969
0.000967
0.000965
0.000963
0.000961
0.000959
0.000958
0.000956
0.000954
0.000952
0.000950
0.000949
0.000946
0.000944
0.000942
0.000939
0.000936
0.000934
0.000931
0.000928
0.000925
0.000921
0.000918
0.000916
0.000912
0.000909
0.000906
0.000902
0.000898
0.000895
0.000892
0.000888
0.000884
0.000881
0.000877
0.000873
0.000869
0.000865
0.000861
0.000857
0.000852
0.000847
0.000842
0.000837
0.000831
0.000827
0.000821
0.000815
0.000811
0.000806
0.000801
0.000795
0.000790
0.000785
0.000780
0.000775
0.000770
0.000766
0.000761
0.000757
0.000753
0.000749
0.000745
0.000741
0.000737
0.000734
0.000730
0.000726
0.000723
0.000702
0.000706
0.000702
0.000699
0.000697
0.000695
0.000694
0.000692
0.000691
0.000690
0.000689
0.000688
0.000686
0.000685
0.000684
0.000682
0.000681
0.000680
0.000679
0.000677
0.000676
0.000674
0.000673
0.000672
0.000670
0.000669
0.000667
0.000666
0.000664
0.000663
0.000661
0.000660
0.000659
0.000657
0.000656
0.000655
0.000653
0.000652
0.000650
0.000649
0.000647
0.000646
0.000644
0.000643
0.000641
0.000640
0.000638
0.000637
0.000636
0.000635
0.000634
0.000632
0.000631
0.000630
0.000629
0.000627
0.000626
0.000625
0.000624
0.000623
0.000622
0.000620
0.000620
0.000618
0.000617
0.000616
0.000615
0.000614
0.000613
0.000612
0.000611
0.000610
0.000609
0.000608
0.000607
0.000606
0.000605
0.000604
0.000604
0.000603
0.000602
0.000601
0.000600
0.000599
0.000599
0.000598
0.000597
0.000596
0.000595
0.000594
0.000593
0.000592
0.000591
0.000591
0.000590
0.000589
0.000588
0.000587
0.000586
0.000585
0.000566
0.000563
0.000564
0.000564
0.000563
0.000562
0.000562
0.000561
0.000561
0.000560
0.000560
0.000559
0.000559
0.000558
0.000558
0.000557
0.000557
0.000556
0.000556
0.000555
0.000555
0.000554
0.000554
0.000554
0.000553
0.000553
0.000552
0.000552
0.000551
0.000551
0.000550
0.000550
0.000549
0.000549
0.000548
0.000548
0.000547
0.000547
0.000546
0.000546
0.000545
0.000544
0.000544
0.000543
0.000543
0.000542
0.000542
0.000541
0.000540
0.000540
0.000539
0.000538
0.000538
0.000537
0.000537
0.000536
0.000535
0.000535
0.000534
0.000533
0.000533
0.000532
0.000532
0.000531
0.000530
0.000530
0.000529
0.000529
0.000528
0.000528
0.000527
0.000527
0.000526
0.000526
0.000525
0.000525
0.000524
0.000524
0.000523
0.000523
0.000522
0.000522
0.000521
0.000521
0.000521
0.000520
0.000520
0.000519
0.000519
0.000518
0.000518
0.000517
0.000517
0.000517
0.000516
0.000516
0.000515
0.000515
0.000515
0.000514
0.000512
0.000512
0.000512
0.000512
0.000511
0.000511
0.000511
0.000511
0.000510
0.000510
0.000510
0.000510
0.000510
0.000510
0.000509
0.000509
0.000509
0.000509
0.000509
0.000509
0.000508
0.000508
0.000508
0.000508
0.000508
0.000507
0.000507
0.000507
0.000507
0.000507
0.000506
0.000506
0.000506
0.000506
0.000506
0.000505
0.000505
0.000505
0.000505
0.000505
0.000504
0.000504
0.000504
0.000504
0.000504
0.000503
0.000503
0.000503
0.000503
0.000503
0.000502
0.000502
0.000502
0.000502
0.000502
0.000501
0.000501
0.000501
0.000501
0.000501
0.000500
0.000500
0.000500
0.000500
0.000500
0.000500
0.000499
0.000499
0.000499
0.000499
0.000499
0.000498
0.000498
0.000498
0.000498
0.000498
0.000497
0.000497
0.000497
0.000497
0.000497
0.000497
0.000497
0.000496
0.000496
0.000496
0.000496
0.000496
0.000496
0.000495
0.000495
0.000495
0.000495
0.000495
0.000495
0.000494
0.000494
0.000494
0.000494
0.000494
