0.405301
0.094587
0.024297
0.012384
0.008429
0.006517
0.005779
0.005400
0.005074
0.004774
0.004471
0.004157
0.003844
0.003570
0.003338
0.003120
0.002911
0.002723
0.002551
0.002390
0.002234
0.002102
0.002021
0.001954
0.001874
0.001805
0.001743
0.001680
0.001611
0.001533
0.001461
0.001396
0.001347
0.001301
0.001270
0.001239
0.001200
0.001185
0.001171
0.001145
0.001125
0.001113
0.001101
0.001081
0.001065
0.001054
0.001041
0.001026
0.001012
0.000998
0.000985
0.000972
0.000958
0.000947
0.000939
0.000928
0.000918
0.000909
0.000899
0.000891
0.000885
0.000879
0.000870
0.000862
0.000853
0.000844
0.000836
0.000827
0.000820
0.000811
0.000803
0.000796
0.000788
0.000781
0.000773
0.000769
0.000765
0.000762
0.000756
0.000752
0.000746
0.000742
0.000738
0.000733
0.000728
0.000725
0.000721
0.000718
0.000713
0.000707
0.000702
0.000697
0.000691
0.000686
0.000681
0.000677
0.000673
0.000668
0.000665
0.000662
0.000570
0.000553
0.000548
0.000542
0.000541
0.000540
0.000539
0.000537
0.000537
0.000536
0.000534
0.000533
0.000532
0.000532
0.000531
0.000530
0.000530
0.000530
0.000530
0.000530
0.000530
0.000530
0.000530
0.000531
0.000531
0.000531
0.000531
0.000531
0.000531
0.000531
0.000530
0.000530
0.000529
0.000528
0.000527
0.000526
0.000525
0.000524
0.000522
0.000520
0.000519
0.000517
0.000515
0.000513
0.000511
0.000509
0.000508
0.000506
0.000504
0.000502
0.000500
0.000499
0.000497
0.000496
0.000495
0.000494
0.000492
0.000491
0.000490
0.000489
0.000489
0.000488
0.000487
0.000487
0.000487
0.000486
0.000486
0.000485
0.000485
0.000485
0.000485
0.000485
0.000485
0.000484
0.000484
0.000484
0.000483
0.000483
0.000483
0.000483
0.000483
0.000483
0.000483
0.000482
0.000482
0.000482
0.000482
0.000482
0.000481
0.000481
0.000481
0.000481
0.000481
0.000481
0.000481
0.000481
0.000480
0.000481
0.000480
0.000480
0.000446
0.000445
0.000438
0.000438
0.000437
0.000437
0.000437
0.000437
0.000437
0.000437
0.000436
0.000436
0.000436
0.000436
0.000436
0.000436
0.000436
0.000436
0.000436
0.000436
0.000436
0.000436
0.000436
0.000436
0.000437
0.000437
0.000437
0.000437
0.000437
0.000437
0.000438
0.000438
0.000438
0.000438
0.000438
0.000438
0.000439
0.000439
0.000439
0.000439
0.000439
0.000439
0.000439
0.000439
0.000439
0.000439
0.000439
0.000439
0.000439
0.000439
0.000439
0.000439
0.000439
0.000439
0.000438
0.000438
0.000438
0.000438
0.000438
0.000438
0.000437
0.000437
0.000437
0.000437
0.000437
0.000436
0.000436
0.000436
0.000436
0.000436
0.000435
0.000435
0.000435
0.000435
0.000435
0.000435
0.000435
0.000435
0.000435
0.000435
0.000435
0.000435
0.000435
0.000435
0.000435
0.000435
0.000435
0.000435
0.000436
0.000436
0.000436
0.000437
0.000438
0.000438
0.000439
0.000439
0.000439
0.000439
0.000438
0.000438
0.000412
0.000405
0.000404
0.000404
0.000404
0.000404
0.000404
0.000404
0.000403
0.000403
0.000403
0.000403
0.000403
0.000402
0.000402
0.000402
0.000402
0.000402
0.000402
0.000401
0.000401
0.000401
0.000401
0.000401
0.000401
0.000400
0.000400
0.000400
0.000400
0.000400
0.000400
0.000399
0.000399
0.000399
0.000399
0.000399
0.000399
0.000399
0.000398
0.000398
0.000398
0.000398
0.000398
0.000398
0.000398
0.000397
0.000397
0.000397
0.000397
0.000397
0.000397
0.000397
0.000396
0.000396
0.000396
0.000396
0.000396
0.000396
0.000396
0.000396
0.000395
0.000395
0.000395
0.000395
0.000395
0.000395
0.000395
0.000395
0.000395
0.000394
0.000394
0.000394
0.000394
0.000394
0.000394
0.000394
0.000394
0.000394
0.000394
0.000394
0.000393
0.000393
0.000393
0.000393
0.000393
0.000393
0.000393
0.000393
0.000393
0.000393
0.000393
0.000393
0.000392
0.000392
0.000392
0.000392
0.000392
0.000392
0.000392
0.000392
0.000387
0.000388
0.000388
0.000388
0.000388
0.000388
0.000388
0.000388
0.000388
0.000388
0.000388
0.000388
0.000388
0.000388
0.000388
0.000388
0.000388
0.000387
0.000387
0.000387
0.000387
0.000387
0.000387
0.000387
0.000387
0.000387
0.000387
0.000387
0.000387
0.000387
0.000387
0.000387
0.000387
0.000387
0.000387
0.000387
0.000387
0.000386
0.000386
0.000386
0.000386
0.000386
0.000386
0.000386
0.000386
0.000386
0.000386
0.000386
0.000386
0.000386
0.000386
0.000385
0.000385
0.000385
0.000385
0.000385
0.000385
0.000385
0.000385
0.000385
0.000385
0.000385
0.000385
0.000385
0.000385
0.000384
0.000384
0.000384
0.000384
0.000384
0.000384
0.000384
0.000384
0.000384
0.000384
0.000384
0.000384
0.000383
0.000383
0.000383
0.000383
0.000383
0.000383
0.000383
0.000383
0.000383
0.000383
0.000383
0.000383
0.000382
0.000382
0.000382
0.000382
0.000382
0.000382
0.000382
0.000382
0.000382
0.000382
0.000382
