0.397964
0.207002
0.073291
0.051958
0.038524
0.030487
0.024299
0.019499
0.015752
0.012796
0.010472
0.008653
0.007257
0.006241
0.005552
0.005100
0.004790
0.004552
0.004346
0.004156
0.003982
0.003823
0.003681
0.003553
0.003440
0.003341
0.003250
0.003170
0.003096
0.003028
0.002962
0.002901
0.002842
0.002784
0.002728
0.002670
0.002613
0.002558
0.002508
0.002461
0.002421
0.002389
0.002360
0.002334
0.002311
0.002290
0.002269
0.002251
0.002231
0.002213
0.002197
0.002181
0.002169
0.002156
0.002145
0.002134
0.002122
0.002110
0.002100
0.002092
0.002084
0.002077
0.002071
0.002065
0.002060
0.002054
0.002049
0.002043
0.002038
0.002033
0.002028
0.002024
0.002019
0.002015
0.002012
0.002008
0.002003
0.001998
0.001991
0.001981
0.001971
0.001960
0.001949
0.001937
0.001924
0.001913
0.001902
0.001891
0.001878
0.001866
0.001855
0.001846
0.001839
0.001832
0.001825
0.001821
0.001816
0.001811
0.001807
0.001802
0.001746
0.001742
0.001747
0.001748
0.001746
0.001744
0.001742
0.001740
0.001737
0.001735
0.001733
0.001731
0.001729
0.001727
0.001725
0.001722
0.001720
0.001717
0.001715
0.001712
0.001709
0.001706
0.001704
0.001701
0.001698
0.001695
0.001692
0.001689
0.001686
0.001683
0.001680
0.001677
0.001673
0.001670
0.001667
0.001664
0.001660
0.001657
0.001653
0.001650
0.001647
0.001643
0.001639
0.001635
0.001631
0.001627
0.001622
0.001618
0.001614
0.001609
0.001604
0.001600
0.001595
0.001590
0.001585
0.001579
0.001574
0.001568
0.001561
0.001555
0.001548
0.001542
0.001535
0.001528
0.001521
0.001514
0.001506
0.001499
0.001492
0.001484
0.001476
0.001469
0.001461
0.001454
0.001446
0.001438
0.001429
0.001420
0.001411
0.001402
0.001393
0.001384
0.001374
0.001365
0.001357
0.001349
0.001341
0.001333
0.001325
0.001318
0.001312
0.001305
0.001300
0.001295
0.001290
0.001286
0.001283
0.001279
0.001276
0.001273
0.001267
0.001275
0.001273
0.001272
0.001273
0.001272
0.001271
0.001270
0.001269
0.001268
0.001267
0.001266
0.001265
0.001264
0.001263
0.001262
0.001261
0.001260
0.001259
0.001258
0.001258
0.001257
0.001256
0.001255
0.001255
0.001254
0.001253
0.001253
0.001252
0.001252
0.001251
0.001251
0.001250
0.001250
0.001249
0.001249
0.001248
0.001248
0.001247
0.001247
0.001247
0.001246
0.001246
0.001246
0.001245
0.001245
0.001244
0.001244
0.001244
0.001243
0.001243
0.001243
0.001243
0.001242
0.001242
0.001242
0.001241
0.001241
0.001241
0.001240
0.001240
0.001240
0.001240
0.001239
0.001239
0.001239
0.001239
0.001239
0.001238
0.001238
0.001238
0.001238
0.001238
0.001238
0.001237
0.001237
0.001237
0.001237
0.001237
0.001236
0.001236
0.001236
0.001236
0.001236
0.001235
0.001235
0.001235
0.001235
0.001235
0.001235
0.001234
0.001234
0.001234
0.001234
0.001234
0.001233
0.001233
0.001233
0.001233
0.001233
0.001218
0.001208
0.001204
0.001205
0.001204
0.001204
0.001204
0.001204
0.001204
0.001204
0.001204
0.001204
0.001204
0.001204
0.001203
0.001203
0.001203
0.001203
0.001203
0.001203
0.001203
0.001203
0.001203
0.001203
0.001203
0.001203
0.001203
0.001203
0.001202
0.001202
0.001202
0.001202
0.001202
0.001202
0.001202
0.001202
0.001202
0.001202
0.001202
0.001202
0.001202
0.001202
0.001202
0.001202
0.001202
0.001202
0.001201
0.001201
0.001201
0.001201
0.001201
0.001201
0.001201
0.001201
0.001201
0.001201
0.001201
0.001201
0.001201
0.001201
0.001201
0.001201
0.001201
0.001201
0.001201
0.001201
0.001201
0.001201
0.001200
0.001200
0.001200
0.001200
0.001200
0.001200
0.001200
0.001200
0.001200
0.001200
0.001200
0.001200
0.001200
0.001200
0.001200
0.001200
0.001200
0.001200
0.001200
0.001200
0.001200
0.001200
0.001200
0.001200
0.001200
0.001200
0.001199
0.001199
0.001199
0.001199
0.001199
0.001199
0.001195
0.001196
0.001197
0.001196
0.001196
0.001195
0.001195
0.001195
0.001195
0.001195
0.001195
0.001195
0.001195
0.001195
0.001195
0.001195
0.001195
0.001195
0.001195
0.001195
0.001195
0.001195
0.001195
0.001194
0.001194
0.001194
0.001194
0.001194
0.001194
0.001194
0.001194
0.001194
0.001194
0.001194
0.001194
0.001194
0.001194
0.001194
0.001194
0.001194
0.001194
0.001193
0.001193
0.001193
0.001193
0.001193
0.001193
0.001193
0.001193
0.001193
0.001193
0.001193
0.001193
0.001193
0.001193
0.001193
0.001193
0.001193
0.001192
0.001192
0.001192
0.001192
0.001192
0.001192
0.001192
0.001192
0.001192
0.001192
0.001192
0.001192
0.001192
0.001192
0.001192
0.001192
0.001192
0.001192
0.001191
0.001191
0.001191
0.001191
0.001191
0.001191
0.001191
0.001191
0.001191
0.001191
0.001191
0.001191
0.001191
0.001191
0.001191
0.001191
0.001191
0.001191
0.001190
0.001190
0.001190
0.001190
0.001190
0.001190
