0.471833
0.370602
0.199550
0.077439
0.058548
0.045794
0.036090
0.027550
0.021549
0.017174
0.014180
0.012136
0.010700
0.009669
0.008898
0.008288
0.007796
0.007384
0.007018
0.006689
0.006386
0.006140
0.005963
0.005821
0.005700
0.005600
0.005514
0.005439
0.005373
0.005314
0.005260
0.005210
0.005164
0.005122
0.005081
0.005042
0.005005
0.004970
0.004938
0.004906
0.004875
0.004844
0.004813
0.004782
0.004750
0.004720
0.004689
0.004656
0.004623
0.004589
0.004554
0.004517
0.004477
0.004432
0.004385
0.004335
0.004275
0.004202
0.004123
0.004041
0.003959
0.003869
0.003777
0.003685
0.003596
0.003509
0.003424
0.003339
0.003257
0.003177
0.003100
0.003025
0.002955
0.002890
0.002829
0.002774
0.002721
0.002674
0.002629
0.002587
0.002549
0.002512
0.002481
0.002450
0.002425
0.002398
0.002377
0.002354
0.002333
0.002313
0.002294
0.002276
0.002255
0.002237
0.002217
0.002202
0.002183
0.002161
0.002138
0.002116
0.002014
0.002003
0.001984
0.001964
0.001949
0.001932
0.001915
0.001898
0.001880
0.001863
0.001844
0.001827
0.001810
0.001793
0.001777
0.001762
0.001746
0.001731
0.001718
0.001706
0.001694
0.001682
0.001672
0.001661
0.001651
0.001642
0.001633
0.001625
0.001618
0.001611
0.001603
0.001597
0.001591
0.001585
0.001580
0.001575
0.001571
0.001566
0.001562
0.001558
0.001554
0.001551
0.001548
0.001545
0.001542
0.001539
0.001536
0.001533
0.001530
0.001528
0.001526
0.001523
0.001522
0.001520
0.001518
0.001515
0.001514
0.001512
0.001510
0.001508
0.001506
0.001505
0.001503
0.001502
0.001500
0.001499
0.001498
0.001497
0.001496
0.001494
0.001493
0.001492
0.001491
0.001490
0.001489
0.001488
0.001487
0.001486
0.001486
0.001485
0.001484
0.001483
0.001482
0.001482
0.001481
0.001480
0.001480
0.001479
0.001479
0.001478
0.001477
0.001477
0.001476
0.001476
0.001475
0.001474
0.001474
0.001473
0.001473
0.001472
0.001464
0.001476
0.001482
0.001483
0.001485
0.001486
0.001487
0.001486
0.001486
0.001486
0.001486
0.001486
0.001486
0.001486
0.001486
0.001486
0.001485
0.001485
0.001485
0.001485
0.001485
0.001485
0.001485
0.001485
0.001485
0.001484
0.001484
0.001484
0.001484
0.001484
0.001484
0.001484
0.001484
0.001484
0.001484
0.001484
0.001484
0.001484
0.001484
0.001484
0.001484
0.001483
0.001483
0.001483
0.001483
0.001483
0.001483
0.001483
0.001482
0.001482
0.001482
0.001482
0.001482
0.001482
0.001482
0.001481
0.001481
0.001481
0.001481
0.001481
0.001481
0.001481
0.001481
0.001481
0.001481
0.001481
0.001481
0.001480
0.001480
0.001480
0.001480
0.001480
0.001480
0.001480
0.001480
0.001480
0.001480
0.001480
0.001480
0.001480
0.001480
0.001480
0.001480
0.001480
0.001480
0.001480
0.001480
0.001480
0.001480
0.001480
0.001480
0.001480
0.001480
0.001479
0.001479
0.001479
0.001479
0.001479
0.001479
0.001479
0.001466
0.001441
0.001435
0.001435
0.001434
0.001434
0.001434
0.001434
0.001434
0.001434
0.001434
0.001434
0.001434
0.001434
0.001434
0.001434
0.001434
0.001434
0.001434
0.001434
0.001434
0.001434
0.001434
0.001434
0.001435
0.001435
0.001435
0.001435
0.001435
0.001435
0.001435
0.001435
0.001435
0.001435
0.001435
0.001435
0.001435
0.001435
0.001435
0.001435
0.001435
0.001435
0.001435
0.001435
0.001435
0.001435
0.001435
0.001435
0.001436
0.001436
0.001436
0.001436
0.001436
0.001436
0.001436
0.001436
0.001436
0.001436
0.001436
0.001436
0.001436
0.001436
0.001436
0.001436
0.001436
0.001436
0.001436
0.001436
0.001437
0.001437
0.001437
0.001437
0.001437
0.001437
0.001437
0.001437
0.001437
0.001437
0.001437
0.001437
0.001437
0.001437
0.001437
0.001437
0.001437
0.001437
0.001437
0.001437
0.001437
0.001437
0.001438
0.001438
0.001438
0.001438
0.001438
0.001438
0.001438
0.001438
0.001438
0.001438
0.001430
0.001429
0.001431
0.001431
0.001431
0.001431
0.001431
0.001431
0.001431
0.001431
0.001431
0.001431
0.001431
0.001431
0.001431
0.001431
0.001431
0.001431
0.001431
0.001431
0.001431
0.001431
0.001431
0.001431
0.001431
0.001431
0.001431
0.001431
0.001431
0.001431
0.001431
0.001430
0.001430
0.001430
0.001430
0.001430
0.001430
0.001430
0.001430
0.001430
0.001430
0.001430
0.001430
0.001430
0.001430
0.001430
0.001430
0.001430
0.001430
0.001430
0.001430
0.001430
0.001430
0.001430
0.001430
0.001430
0.001430
0.001430
0.001430
0.001430
0.001430
0.001430
0.001430
0.001430
0.001430
0.001430
0.001430
0.001430
0.001430
0.001430
0.001430
0.001430
0.001430
0.001430
0.001430
0.001430
0.001430
0.001430
0.001430
0.001430
0.001430
0.001430
0.001430
0.001429
0.001429
0.001429
0.001429
0.001429
0.001429
0.001429
0.001429
0.001429
0.001429
0.001429
0.001429
0.001429
0.001429
0.001429
0.001429
0.001429
