0.458866
0.222022
0.050409
0.026532
0.015663
0.009957
0.007469
0.006573
0.006076
0.005691
0.005342
0.005006
0.004678
0.004368
0.004090
0.003846
0.003631
0.003443
0.003274
0.003123
0.002985
0.002859
0.002740
0.002631
0.002533
0.002446
0.002367
0.002294
0.002223
0.002155
0.002092
0.002034
0.001981
0.001933
0.001889
0.001849
0.001813
0.001779
0.001748
0.001718
0.001689
0.001662
0.001637
0.001613
0.001593
0.001576
0.001558
0.001544
0.001529
0.001515
0.001502
0.001489
0.001476
0.001466
0.001455
0.001445
0.001435
0.001424
0.001414
0.001404
0.001394
0.001384
0.001374
0.001365
0.001355
0.001347
0.001339
0.001332
0.001324
0.001317
0.001310
0.001304
0.001298
0.001292
0.001286
0.001280
0.001275
0.001269
0.001263
0.001258
0.001254
0.001248
0.001242
0.001236
0.001231
0.001225
0.001219
0.001214
0.001209
0.001203
0.001197
0.001192
0.001187
0.001182
0.001177
0.001172
0.001167
0.001162
0.001157
0.001153
0.001110
0.001102
0.001085
0.001082
0.001082
0.001079
0.001077
0.001075
0.001073
0.001072
0.001070
0.001069
0.001067
0.001065
0.001064
0.001062
0.001061
0.001059
0.001058
0.001057
0.001056
0.001055
0.001053
0.001053
0.001052
0.001050
0.001049
0.001048
0.001047
0.001047
0.001045
0.001044
0.001044
0.001043
0.001042
0.001041
0.001040
0.001039
0.001038
0.001036
0.001035
0.001034
0.001034
0.001032
0.001031
0.001030
0.001029
0.001028
0.001027
0.001026
0.001025
0.001025
0.001024
0.001023
0.001021
0.001020
0.001019
0.001018
0.001017
0.001016
0.001015
0.001015
0.001014
0.001013
0.001012
0.001012
0.001011
0.001010
0.001010
0.001010
0.001010
0.001009
0.001008
0.001007
0.001006
0.001004
0.001004
0.001004
0.001003
0.001002
0.001001
0.001000
0.000999
0.000998
0.000997
0.000997
0.000996
0.000995
0.000994
0.000994
0.000993
0.000992
0.000992
0.000991
0.000990
0.000989
0.000988
0.000987
0.000986
0.000985
0.000963
0.000965
0.000970
0.000970
0.000968
0.000968
0.000967
0.000967
0.000966
0.000965
0.000965
0.000964
0.000964
0.000963
0.000963
0.000962
0.000962
0.000961
0.000961
0.000960
0.000960
0.000959
0.000959
0.000958
0.000958
0.000957
0.000957
0.000956
0.000956
0.000955
0.000955
0.000955
0.000954
0.000954
0.000953
0.000952
0.000952
0.000951
0.000951
0.000950
0.000950
0.000949
0.000949
0.000949
0.000948
0.000948
0.000947
0.000947
0.000946
0.000946
0.000945
0.000945
0.000944
0.000944
0.000943
0.000943
0.000942
0.000942
0.000941
0.000941
0.000941
0.000940
0.000939
0.000939
0.000939
0.000938
0.000937
0.000937
0.000937
0.000936
0.000936
0.000935
0.000935
0.000934
0.000934
0.000933
0.000933
0.000932
0.000932
0.000931
0.000931
0.000930
0.000930
0.000929
0.000929
0.000928
0.000928
0.000927
0.000927
0.000926
0.000926
0.000925
0.000925
0.000924
0.000924
0.000923
0.000923
0.000923
0.000923
0.000922
0.000923
0.000920
0.000921
0.000919
0.000918
0.000919
0.000919
0.000919
0.000918
0.000918
0.000918
0.000918
0.000918
0.000918
0.000918
0.000918
0.000918
0.000918
0.000918
0.000918
0.000918
0.000918
0.000918
0.000918
0.000918
0.000917
0.000917
0.000917
0.000917
0.000917
0.000917
0.000917
0.000917
0.000917
0.000917
0.000917
0.000917
0.000917
0.000917
0.000917
0.000917
0.000917
0.000917
0.000917
0.000916
0.000916
0.000916
0.000916
0.000916
0.000916
0.000916
0.000916
0.000916
0.000916
0.000916
0.000916
0.000916
0.000916
0.000916
0.000916
0.000915
0.000915
0.000915
0.000915
0.000915
0.000915
0.000915
0.000915
0.000915
0.000915
0.000915
0.000915
0.000915
0.000915
0.000915
0.000915
0.000915
0.000915
0.000915
0.000915
0.000915
0.000915
0.000915
0.000914
0.000915
0.000914
0.000914
0.000914
0.000914
0.000914
0.000914
0.000914
0.000914
0.000913
0.000913
0.000913
0.000913
0.000913
0.000913
0.000913
0.000904
0.000901
0.000898
0.000898
0.000898
0.000898
0.000898
0.000898
0.000898
0.000898
0.000898
0.000898
0.000898
0.000898
0.000898
0.000898
0.000897
0.000897
0.000897
0.000897
0.000897
0.000897
0.000897
0.000897
0.000897
0.000897
0.000897
0.000897
0.000897
0.000897
0.000897
0.000897
0.000897
0.000897
0.000897
0.000897
0.000897
0.000897
0.000897
0.000897
0.000897
0.000897
0.000897
0.000896
0.000896
0.000896
0.000896
0.000896
0.000896
0.000896
0.000896
0.000896
0.000896
0.000896
0.000896
0.000896
0.000896
0.000896
0.000896
0.000896
0.000896
0.000896
0.000896
0.000896
0.000896
0.000896
0.000896
0.000896
0.000896
0.000896
0.000896
0.000896
0.000896
0.000896
0.000896
0.000896
0.000896
0.000895
0.000895
0.000895
0.000895
0.000895
0.000895
0.000895
0.000895
0.000895
0.000895
0.000895
0.000895
0.000895
0.000895
0.000895
0.000895
0.000895
0.000895
0.000895
0.000895
0.000895
0.000895
0.000895
