0.366735
0.160451
0.056017
0.026927
0.016334
0.010352
0.006275
0.004568
0.004013
0.003668
0.003343
0.003082
0.002847
0.002663
0.002515
0.002391
0.002297
0.002225
0.002163
0.002106
0.002058
0.002018
0.001981
0.001944
0.001909
0.001879
0.001854
0.001832
0.001813
0.001796
0.001781
0.001766
0.001752
0.001742
0.001733
0.001720
0.001706
0.001695
0.001684
0.001672
0.001663
0.001655
0.001646
0.001637
0.001628
0.001620
0.001613
0.001607
0.001601
0.001596
0.001589
0.001583
0.001576
0.001569
0.001564
0.001559
0.001555
0.001550
0.001545
0.001538
0.001530
0.001522
0.001516
0.001511
0.001506
0.001500
0.001494
0.001487
0.001480
0.001475
0.001469
0.001463
0.001456
0.001450
0.001442
0.001433
0.001422
0.001411
0.001402
0.001394
0.001389
0.001383
0.001377
0.001370
0.001366
0.001362
0.001359
0.001356
0.001351
0.001347
0.001342
0.001337
0.001332
0.001330
0.001328
0.001323
0.001319
0.001315
0.001310
0.001306
0.001188
0.001175
0.001171
0.001169
0.001168
0.001167
0.001165
0.001163
0.001160
0.001157
0.001154
0.001150
0.001147
0.001143
0.001140
0.001138
0.001135
0.001133
0.001130
0.001128
0.001126
0.001124
0.001123
0.001121
0.001119
0.001117
0.001116
0.001114
0.001112
0.001111
0.001109
0.001107
0.001106
0.001104
0.001103
0.001101
0.001100
0.001099
0.001098
0.001097
0.001096
0.001095
0.001094
0.001093
0.001092
0.001091
0.001091
0.001090
0.001089
0.001088
0.001088
0.001087
0.001086
0.001086
0.001085
0.001085
0.001084
0.001084
0.001083
0.001083
0.001083
0.001083
0.001082
0.001082
0.001082
0.001082
0.001082
0.001082
0.001082
0.001082
0.001082
0.001082
0.001082
0.001082
0.001082
0.001083
0.001083
0.001083
0.001083
0.001084
0.001084
0.001084
0.001085
0.001085
0.001086
0.001087
0.001087
0.001087
0.001088
0.001088
0.001088
0.001089
0.001089
0.001088
0.001089
0.001089
0.001089
0.001089
0.001088
0.001088
0.001054
0.001056
0.001055
0.001054
0.001053
0.001053
0.001053
0.001053
0.001054
0.001054
0.001055
0.001055
0.001055
0.001056
0.001056
0.001056
0.001056
0.001057
0.001057
0.001057
0.001057
0.001057
0.001057
0.001057
0.001057
0.001057
0.001057
0.001056
0.001056
0.001056
0.001056
0.001055
0.001055
0.001055
0.001054
0.001054
0.001053
0.001053
0.001052
0.001052
0.001051
0.001051
0.001050
0.001050
0.001049
0.001049
0.001048
0.001047
0.001047
0.001046
0.001045
0.001044
0.001044
0.001043
0.001042
0.001041
0.001040
0.001039
0.001038
0.001037
0.001037
0.001036
0.001035
0.001034
0.001033
0.001032
0.001031
0.001030
0.001029
0.001028
0.001027
0.001027
0.001026
0.001025
0.001024
0.001023
0.001022
0.001022
0.001021
0.001020
0.001019
0.001018
0.001018
0.001017
0.001016
0.001015
0.001015
0.001014
0.001014
0.001013
0.001012
0.001012
0.001011
0.001011
0.001010
0.001010
0.001009
0.001009
0.001008
0.001008
0.001003
0.001011
0.001009
0.001009
0.001006
0.001006
0.001006
0.001007
0.001007
0.001007
0.001007
0.001007
0.001007
0.001007
0.001007
0.001007
0.001007
0.001007
0.001007
0.001007
0.001007
0.001007
0.001007
0.001007
0.001007
0.001007
0.001007
0.001007
0.001008
0.001008
0.001008
0.001008
0.001008
0.001009
0.001009
0.001009
0.001009
0.001010
0.001010
0.001010
0.001011
0.001011
0.001011
0.001012
0.001012
0.001013
0.001013
0.001014
0.001014
0.001015
0.001015
0.001016
0.001016
0.001017
0.001017
0.001018
0.001018
0.001019
0.001019
0.001019
0.001019
0.001020
0.001020
0.001020
0.001020
0.001019
0.001019
0.001019
0.001018
0.001018
0.001017
0.001016
0.001016
0.001015
0.001014
0.001014
0.001013
0.001013
0.001012
0.001012
0.001011
0.001010
0.001010
0.001010
0.001009
0.001009
0.001008
0.001008
0.001008
0.001007
0.001007
0.001007
0.001007
0.001006
0.001006
0.001006
0.001005
0.001005
0.001005
0.001005
0.000985
0.000981
0.000978
0.000977
0.000978
0.000977
0.000977
0.000977
0.000977
0.000977
0.000977
0.000977
0.000977
0.000977
0.000977
0.000977
0.000976
0.000976
0.000976
0.000976
0.000976
0.000976
0.000976
0.000976
0.000976
0.000976
0.000976
0.000975
0.000975
0.000975
0.000975
0.000975
0.000975
0.000975
0.000975
0.000975
0.000975
0.000975
0.000975
0.000975
0.000974
0.000974
0.000974
0.000974
0.000974
0.000974
0.000974
0.000974
0.000974
0.000974
0.000974
0.000973
0.000973
0.000973
0.000973
0.000973
0.000973
0.000973
0.000973
0.000973
0.000972
0.000972
0.000972
0.000972
0.000972
0.000972
0.000972
0.000972
0.000972
0.000972
0.000971
0.000971
0.000971
0.000971
0.000971
0.000971
0.000971
0.000971
0.000971
0.000971
0.000971
0.000970
0.000970
0.000970
0.000970
0.000970
0.000970
0.000970
0.000970
0.000970
0.000969
0.000969
0.000969
0.000969
0.000969
0.000969
0.000969
0.000969
0.000969
0.000969
