0.553254
0.474903
0.380021
0.285378
0.203153
0.119192
0.086880
0.060623
0.038687
0.024559
0.017215
0.013378
0.011017
0.009407
0.008329
0.007623
0.007146
0.006788
0.006401
0.006123
0.005912
0.005736
0.005581
0.005444
0.005319
0.005203
0.005098
0.005001
0.004907
0.004818
0.004732
0.004649
0.004569
0.004491
0.004417
0.004345
0.004275
0.004206
0.004136
0.004066
0.003994
0.003920
0.003839
0.003739
0.003599
0.003441
0.003317
0.003218
0.003137
0.003059
0.002989
0.002922
0.002859
0.002798
0.002740
0.002683
0.002628
0.002574
0.002523
0.002475
0.002430
0.002389
0.002349
0.002312
0.002277
0.002243
0.002208
0.002176
0.002147
0.002119
0.002093
0.002069
0.002046
0.002027
0.002009
0.001992
0.001977
0.001962
0.001947
0.001934
0.001921
0.001909
0.001899
0.001888
0.001878
0.001869
0.001859
0.001850
0.001842
0.001833
0.001824
0.001817
0.001809
0.001802
0.001795
0.001789
0.001783
0.001776
0.001771
0.001766
0.001708
0.001697
0.001683
0.001682
0.001679
0.001676
0.001672
0.001669
0.001666
0.001663
0.001660
0.001657
0.001654
0.001651
0.001648
0.001645
0.001642
0.001639
0.001637
0.001634
0.001631
0.001629
0.001626
0.001623
0.001621
0.001618
0.001616
0.001613
0.001611
0.001609
0.001606
0.001604
0.001601
0.001599
0.001597
0.001595
0.001592
0.001590
0.001588
0.001586
0.001584
0.001582
0.001579
0.001578
0.001575
0.001573
0.001571
0.001569
0.001568
0.001566
0.001564
0.001562
0.001560
0.001559
0.001557
0.001555
0.001554
0.001552
0.001551
0.001549
0.001548
0.001546
0.001545
0.001543
0.001542
0.001541
0.001539
0.001538
0.001536
0.001535
0.001534
0.001533
0.001532
0.001531
0.001530
0.001528
0.001527
0.001526
0.001525
0.001524
0.001523
0.001522
0.001521
0.001520
0.001519
0.001518
0.001517
0.001517
0.001516
0.001515
0.001514
0.001513
0.001513
0.001512
0.001511
0.001510
0.001510
0.001509
0.001508
0.001507
0.001497
0.001508
0.001515
0.001514
0.001513
0.001513
0.001513
0.001513
0.001513
0.001513
0.001512
0.001512
0.001512
0.001512
0.001511
0.001511
0.001510
0.001510
0.001509
0.001509
0.001508
0.001508
0.001508
0.001507
0.001506
0.001506
0.001505
0.001505
0.001504
0.001504
0.001503
0.001503
0.001502
0.001501
0.001501
0.001500
0.001500
0.001500
0.001499
0.001499
0.001499
0.001498
0.001498
0.001498
0.001497
0.001497
0.001497
0.001496
0.001496
0.001496
0.001495
0.001495
0.001494
0.001494
0.001494
0.001493
0.001493
0.001492
0.001492
0.001491
0.001491
0.001491
0.001490
0.001490
0.001489
0.001489
0.001489
0.001488
0.001488
0.001488
0.001487
0.001487
0.001487
0.001487
0.001486
0.001486
0.001486
0.001486
0.001485
0.001485
0.001485
0.001484
0.001484
0.001484
0.001483
0.001483
0.001483
0.001482
0.001482
0.001482
0.001481
0.001481
0.001481
0.001481
0.001480
0.001480
0.001480
0.001479
0.001479
0.001479
0.001464
0.001450
0.001444
0.001445
0.001444
0.001444
0.001444
0.001444
0.001444
0.001444
0.001444
0.001444
0.001443
0.001443
0.001443
0.001443
0.001443
0.001443
0.001443
0.001443
0.001443
0.001443
0.001443
0.001443
0.001443
0.001443
0.001443
0.001443
0.001442
0.001442
0.001442
0.001442
0.001442
0.001442
0.001442
0.001442
0.001442
0.001442
0.001442
0.001442
0.001442
0.001442
0.001442
0.001442
0.001442
0.001442
0.001442
0.001442
0.001442
0.001442
0.001442
0.001442
0.001442
0.001441
0.001441
0.001441
0.001441
0.001441
0.001441
0.001441
0.001441
0.001441
0.001441
0.001441
0.001441
0.001441
0.001441
0.001441
0.001441
0.001441
0.001441
0.001441
0.001441
0.001441
0.001441
0.001440
0.001440
0.001440
0.001440
0.001440
0.001440
0.001440
0.001440
0.001440
0.001440
0.001440
0.001440
0.001440
0.001440
0.001440
0.001440
0.001440
0.001440
0.001440
0.001440
0.001439
0.001439
0.001439
0.001439
0.001439
0.001432
0.001430
0.001431
0.001430
0.001430
0.001430
0.001430
0.001429
0.001429
0.001429
0.001429
0.001429
0.001429
0.001429
0.001429
0.001429
0.001429
0.001429
0.001429
0.001429
0.001429
0.001429
0.001428
0.001428
0.001428
0.001428
0.001428
0.001428
0.001428
0.001428
0.001428
0.001428
0.001428
0.001428
0.001428
0.001428
0.001428
0.001428
0.001427
0.001427
0.001427
0.001427
0.001427
0.001427
0.001427
0.001427
0.001427
0.001427
0.001427
0.001427
0.001427
0.001427
0.001427
0.001427
0.001426
0.001426
0.001426
0.001426
0.001426
0.001426
0.001426
0.001426
0.001426
0.001426
0.001426
0.001426
0.001426
0.001426
0.001426
0.001426
0.001425
0.001425
0.001425
0.001425
0.001425
0.001425
0.001425
0.001425
0.001425
0.001425
0.001425
0.001425
0.001425
0.001425
0.001425
0.001425
0.001425
0.001424
0.001424
0.001424
0.001424
0.001424
0.001424
0.001424
0.001424
0.001424
0.001424
0.001424
0.001424
0.001424
