0.472293
0.194699
0.037316
0.017043
0.009572
0.006574
0.005279
0.004625
0.004281
0.004033
0.003804
0.003588
0.003380
0.003190
0.003013
0.002850
0.002702
0.002570
0.002454
0.002350
0.002253
0.002161
0.002072
0.001984
0.001900
0.001824
0.001756
0.001696
0.001644
0.001592
0.001538
0.001485
0.001433
0.001385
0.001343
0.001307
0.001275
0.001248
0.001224
0.001205
0.001188
0.001173
0.001158
0.001144
0.001129
0.001116
0.001102
0.001089
0.001075
0.001058
0.001040
0.001024
0.001009
0.000995
0.000981
0.000968
0.000955
0.000946
0.000937
0.000929
0.000920
0.000912
0.000904
0.000896
0.000886
0.000876
0.000869
0.000862
0.000855
0.000849
0.000842
0.000836
0.000830
0.000824
0.000814
0.000807
0.000802
0.000797
0.000790
0.000784
0.000779
0.000774
0.000769
0.000764
0.000760
0.000755
0.000749
0.000743
0.000737
0.000732
0.000729
0.000726
0.000725
0.000725
0.000724
0.000723
0.000720
0.000715
0.000710
0.000704
0.000615
0.000603
0.000597
0.000597
0.000596
0.000592
0.000588
0.000584
0.000581
0.000577
0.000574
0.000571
0.000568
0.000565
0.000563
0.000560
0.000558
0.000556
0.000554
0.000553
0.000551
0.000550
0.000548
0.000547
0.000546
0.000545
0.000544
0.000543
0.000542
0.000541
0.000540
0.000539
0.000538
0.000538
0.000537
0.000536
0.000534
0.000533
0.000532
0.000530
0.000529
0.000527
0.000526
0.000525
0.000525
0.000524
0.000524
0.000524
0.000524
0.000525
0.000526
0.000527
0.000527
0.000528
0.000528
0.000529
0.000529
0.000529
0.000528
0.000528
0.000527
0.000526
0.000525
0.000524
0.000524
0.000523
0.000522
0.000522
0.000521
0.000521
0.000520
0.000519
0.000518
0.000518
0.000518
0.000517
0.000517
0.000516
0.000515
0.000515
0.000515
0.000514
0.000513
0.000512
0.000512
0.000511
0.000510
0.000509
0.000508
0.000507
0.000507
0.000506
0.000505
0.000504
0.000504
0.000504
0.000503
0.000503
0.000502
0.000502
0.000475
0.000463
0.000451
0.000452
0.000451
0.000451
0.000450
0.000450
0.000450
0.000449
0.000449
0.000449
0.000449
0.000448
0.000448
0.000448
0.000448
0.000447
0.000447
0.000447
0.000447
0.000447
0.000447
0.000447
0.000447
0.000447
0.000446
0.000446
0.000447
0.000447
0.000447
0.000447
0.000447
0.000447
0.000447
0.000447
0.000448
0.000448
0.000448
0.000448
0.000448
0.000448
0.000448
0.000448
0.000448
0.000448
0.000448
0.000448
0.000448
0.000448
0.000448
0.000448
0.000448
0.000448
0.000448
0.000447
0.000447
0.000447
0.000447
0.000447
0.000447
0.000446
0.000446
0.000446
0.000446
0.000446
0.000445
0.000445
0.000445
0.000445
0.000445
0.000444
0.000444
0.000444
0.000444
0.000443
0.000443
0.000443
0.000443
0.000443
0.000442
0.000442
0.000442
0.000441
0.000441
0.000441
0.000441
0.000440
0.000440
0.000440
0.000440
0.000439
0.000439
0.000439
0.000439
0.000438
0.000438
0.000438
0.000438
0.000438
0.000427
0.000421
0.000418
0.000418
0.000418
0.000417
0.000417
0.000417
0.000417
0.000416
0.000416
0.000416
0.000415
0.000415
0.000415
0.000414
0.000414
0.000414
0.000413
0.000413
0.000413
0.000413
0.000412
0.000412
0.000412
0.000412
0.000411
0.000411
0.000411
0.000411
0.000410
0.000410
0.000410
0.000410
0.000409
0.000409
0.000409
0.000409
0.000409
0.000408
0.000408
0.000408
0.000408
0.000407
0.000407
0.000407
0.000407
0.000407
0.000407
0.000406
0.000406
0.000406
0.000406
0.000406
0.000405
0.000405
0.000405
0.000405
0.000405
0.000405
0.000404
0.000404
0.000404
0.000404
0.000404
0.000404
0.000404
0.000404
0.000404
0.000403
0.000403
0.000403
0.000403
0.000403
0.000403
0.000402
0.000402
0.000402
0.000402
0.000402
0.000402
0.000402
0.000402
0.000401
0.000401
0.000401
0.000401
0.000401
0.000401
0.000401
0.000400
0.000400
0.000400
0.000400
0.000400
0.000400
0.000399
0.000399
0.000399
0.000399
0.000394
0.000397
0.000399
0.000399
0.000398
0.000398
0.000398
0.000398
0.000398
0.000398
0.000398
0.000398
0.000397
0.000397
0.000397
0.000397
0.000397
0.000397
0.000397
0.000397
0.000397
0.000397
0.000396
0.000396
0.000396
0.000396
0.000396
0.000396
0.000396
0.000396
0.000396
0.000396
0.000395
0.000395
0.000395
0.000395
0.000395
0.000395
0.000395
0.000395
0.000395
0.000394
0.000394
0.000394
0.000394
0.000394
0.000394
0.000394
0.000394
0.000394
0.000393
0.000393
0.000393
0.000393
0.000393
0.000393
0.000393
0.000393
0.000392
0.000392
0.000392
0.000392
0.000392
0.000392
0.000392
0.000392
0.000392
0.000391
0.000391
0.000391
0.000391
0.000391
0.000391
0.000391
0.000391
0.000391
0.000390
0.000390
0.000390
0.000390
0.000390
0.000390
0.000390
0.000390
0.000390
0.000389
0.000389
0.000389
0.000389
0.000389
0.000389
0.000389
0.000389
0.000388
0.000388
0.000388
0.000388
0.000388
0.000388
0.000388
