0.468818
0.238703
0.112309
0.054084
0.034795
0.022286
0.014170
0.009624
0.007366
0.006284
0.005736
0.005390
0.005107
0.004872
0.004673
0.004505
0.004353
0.004214
0.004087
0.003972
0.003863
0.003761
0.003665
0.003579
0.003504
0.003437
0.003378
0.003325
0.003277
0.003232
0.003193
0.003155
0.003120
0.003088
0.003057
0.003028
0.003001
0.002975
0.002949
0.002925
0.002901
0.002879
0.002857
0.002833
0.002809
0.002785
0.002763
0.002740
0.002717
0.002695
0.002673
0.002651
0.002630
0.002609
0.002589
0.002566
0.002546
0.002525
0.002505
0.002484
0.002464
0.002445
0.002424
0.002404
0.002383
0.002363
0.002343
0.002322
0.002301
0.002281
0.002262
0.002243
0.002225
0.002207
0.002189
0.002172
0.002156
0.002142
0.002126
0.002110
0.002094
0.002078
0.002062
0.002042
0.002025
0.002003
0.001980
0.001949
0.001929
0.001903
0.001881
0.001860
0.001840
0.001821
0.001806
0.001792
0.001780
0.001771
0.001762
0.001753
0.001639
0.001618
0.001639
0.001649
0.001650
0.001647
0.001643
0.001639
0.001634
0.001630
0.001625
0.001621
0.001616
0.001611
0.001607
0.001601
0.001596
0.001590
0.001585
0.001579
0.001575
0.001571
0.001565
0.001561
0.001556
0.001552
0.001547
0.001542
0.001536
0.001532
0.001527
0.001523
0.001518
0.001514
0.001511
0.001507
0.001503
0.001499
0.001496
0.001492
0.001489
0.001486
0.001482
0.001479
0.001476
0.001473
0.001469
0.001466
0.001462
0.001459
0.001457
0.001453
0.001450
0.001447
0.001444
0.001441
0.001438
0.001435
0.001432
0.001430
0.001427
0.001424
0.001421
0.001418
0.001416
0.001413
0.001411
0.001408
0.001405
0.001402
0.001399
0.001397
0.001394
0.001392
0.001389
0.001387
0.001384
0.001382
0.001380
0.001377
0.001375
0.001373
0.001371
0.001369
0.001366
0.001364
0.001362
0.001360
0.001357
0.001355
0.001353
0.001351
0.001349
0.001347
0.001345
0.001343
0.001340
0.001338
0.001337
0.001335
0.001313
0.001335
0.001351
0.001353
0.001352
0.001351
0.001349
0.001348
0.001347
0.001345
0.001344
0.001342
0.001341
0.001340
0.001338
0.001337
0.001335
0.001334
0.001332
0.001331
0.001330
0.001329
0.001327
0.001326
0.001325
0.001323
0.001322
0.001321
0.001319
0.001318
0.001317
0.001315
0.001314
0.001312
0.001311
0.001309
0.001308
0.001307
0.001306
0.001305
0.001303
0.001302
0.001301
0.001300
0.001299
0.001297
0.001296
0.001294
0.001293
0.001292
0.001290
0.001289
0.001288
0.001287
0.001285
0.001284
0.001283
0.001282
0.001280
0.001279
0.001278
0.001276
0.001274
0.001273
0.001271
0.001269
0.001268
0.001266
0.001265
0.001263
0.001261
0.001260
0.001258
0.001256
0.001255
0.001254
0.001253
0.001251
0.001250
0.001249
0.001247
0.001246
0.001244
0.001243
0.001242
0.001241
0.001239
0.001238
0.001236
0.001235
0.001233
0.001232
0.001231
0.001230
0.001228
0.001227
0.001226
0.001224
0.001223
0.001221
0.001210
0.001176
0.001171
0.001173
0.001170
0.001170
0.001169
0.001169
0.001168
0.001168
0.001167
0.001166
0.001166
0.001165
0.001165
0.001164
0.001164
0.001163
0.001162
0.001162
0.001161
0.001161
0.001160
0.001159
0.001159
0.001158
0.001158
0.001157
0.001156
0.001156
0.001155
0.001155
0.001154
0.001153
0.001153
0.001152
0.001152
0.001151
0.001151
0.001150
0.001149
0.001149
0.001148
0.001147
0.001147
0.001146
0.001145
0.001144
0.001144
0.001143
0.001142
0.001141
0.001141
0.001140
0.001139
0.001139
0.001138
0.001137
0.001137
0.001136
0.001135
0.001135
0.001134
0.001134
0.001133
0.001132
0.001131
0.001131
0.001130
0.001129
0.001129
0.001128
0.001128
0.001127
0.001126
0.001125
0.001125
0.001124
0.001123
0.001123
0.001122
0.001121
0.001121
0.001120
0.001119
0.001118
0.001118
0.001117
0.001116
0.001116
0.001115
0.001114
0.001113
0.001113
0.001112
0.001111
0.001111
0.001110
0.001109
0.001108
0.001100
0.001092
0.001092
0.001091
0.001090
0.001090
0.001090
0.001089
0.001089
0.001088
0.001088
0.001087
0.001087
0.001087
0.001086
0.001086
0.001085
0.001085
0.001084
0.001084
0.001084
0.001083
0.001083
0.001083
0.001082
0.001082
0.001081
0.001081
0.001080
0.001080
0.001080
0.001079
0.001079
0.001078
0.001078
0.001078
0.001077
0.001077
0.001076
0.001076
0.001075
0.001075
0.001075
0.001074
0.001074
0.001074
0.001073
0.001073
0.001072
0.001072
0.001071
0.001071
0.001071
0.001070
0.001070
0.001070
0.001069
0.001069
0.001068
0.001068
0.001067
0.001067
0.001067
0.001066
0.001066
0.001066
0.001065
0.001065
0.001064
0.001064
0.001063
0.001063
0.001063
0.001062
0.001062
0.001062
0.001061
0.001061
0.001060
0.001060
0.001060
0.001059
0.001059
0.001058
0.001058
0.001058
0.001057
0.001057
0.001056
0.001056
0.001056
0.001055
0.001055
0.001054
0.001054
0.001054
0.001053
0.001053
0.001053
0.001052
