5.666229
2.596361
2.959501
3.170056
4.917548
2.650159
2.472405
8.437871
2.860558
7.364168
2.452758
8.410519
2.756446
8.416641
7.569566
2.593965
8.402790
2.472169
4.011206
3.377723
2.552490
7.429732
2.248315
2.285006
8.467677
2.316142
2.530123
2.511874
2.589073
6.268918
4.006159
2.377238
4.687803
3.999978
2.462267
3.682599
2.368784
2.860505
8.485768
4.016583
2.531370
2.558028
8.484794
3.629626
3.020178
2.394998
7.420526
4.042478
2.744237
4.005701
3.534170
6.147026
3.580857
4.032769
2.511768
2.711969
3.999214
2.400715
2.235709
2.259784
2.705368
8.404249
6.277508
2.361377
2.477741
7.137921
2.398661
8.339660
2.449848
3.673489
2.841782
2.718139
2.341922
3.971514
6.140477
4.948629
2.720197
2.690426
2.698848
3.998855
2.229097
2.879486
3.592788
4.985178
6.572358
2.715699
3.392685
6.020094
7.525738
7.496632
8.444138
8.410602
2.641656
2.719053
4.581311
2.386612
4.633527
4.017518
2.906258
3.601378
5.846661
8.098593
3.010176
6.368190
2.660273
3.494937
6.440395
8.408572
5.011476
3.261646
4.009365
2.477010
4.883224
2.451456
2.746083
4.887787
2.673797
4.645193
4.789596
2.500615
