-28.076924
-28.218396
-28.141370
-27.488371
-27.794414
-27.795818
-28.140291
-27.874789
-27.316105
-25.997390
-27.332450
-27.871035
-27.462977
-27.576842
-28.233116
-27.628674
-27.598015
-27.219054
-27.811474
-27.088002
-27.193623
-27.310260
-27.966477
-27.702819
-27.219674
-28.039452
-26.350652
-27.557181
-27.162177
-27.653071
-27.521062
-28.151336
-27.752606
-28.144838
-28.029941
-27.962349
-28.022889
-28.162385
-28.189889
-27.752286
-28.029368
-27.994344
-25.900445
-27.912084
-28.171195
-26.412849
-27.605922
-26.829877
-28.096812
-27.855201
-27.944309
-27.268301
-27.698257
-27.901971
-27.115653
-25.851700
-27.905945
-27.840178
-27.557656
-27.844685
-28.120683
-27.205733
-27.757503
-27.419098
-27.728945
-28.369079
-27.307198
-27.125385
-27.762053
-27.183356
-25.997438
-26.824952
-27.440558
-27.976918
-27.562465
-28.044624
-27.357992
-27.643067
-25.359417
-27.808934
-25.551005
-26.411290
-25.795448
-27.063808
-26.033488
-27.596141
-26.530986
-27.746177
-27.497216
-25.996518
-26.726125
-26.644456
-25.387915
-25.527905
-26.760763
-27.525191
-25.507503
-28.118996
-27.346385
-27.601251
-27.076390
-27.905673
-28.069059
-25.110792
-27.231142
-25.139342
-27.652831
-27.712435
-27.477682
-27.627607
-27.539507
-28.139887
-25.255453
-27.936729
-27.968539
-26.517205
-27.563850
-28.064060
-24.764841
-25.441470
-27.561998
-28.101622
-27.882360
-27.722108
-27.452228
-27.426638
-27.348829
-27.863723
-28.111434
-27.503382
-27.893298
-25.104180
-25.667635
-27.898300
-25.483997
-27.994494
-27.175346
-27.486862
-27.724351
-27.574611
-26.836490
-26.624056
-27.617818
-27.500234
-27.874814
-27.973068
-27.641527
-28.089145
-27.859427
-28.044316
-25.902152
-27.096159
-28.089562
-27.928336
-27.413590
-27.558362
-27.685326
-28.033799
-27.565101
-27.513433
-27.273186
-27.573740
-25.544530
-25.423673
-27.371548
-26.870292
-27.390976
-27.751855
-27.899634
-27.378559
-28.185420
-27.778370
-27.821683
-27.804950
-27.767853
-26.950435
-26.938602
-28.148174
-27.921620
-27.832305
-28.070977
-28.086016
-28.512058
-25.690531
-28.388730
-24.515834
-27.488279
-26.816708
-25.738198
-27.578164
-24.985322
-26.585284
-27.382904
-27.774946
-28.099237
-22.913739
-27.896090
-19.827170
-27.487408
-24.943397
-27.680927
-25.565719
-27.707765
-27.479937
-27.602997
-27.980582
-27.982638
-26.328019
-27.992737
-27.069669
-27.063995
-26.971796
-27.990734
-26.711256
-26.753870
-28.008085
-27.040451
-28.179513
-25.738149
-28.148949
-27.409546
-27.649907
-25.849963
-27.711760
-26.542616
-27.477562
-27.764308
-27.393510
-27.446864
-27.769688
-26.565400
-27.585163
-27.341148
-28.211002
-26.213409
-27.225142
-27.972638
-27.268684
-26.149960
-27.815846
-26.898274
-27.598431
-26.794410
-27.127787
-27.191267
-27.389035
-27.990734
-28.377402
-28.407081
-27.652616
-27.416359
-27.251697
-28.009511
-27.824472
-27.540484
-28.013162
-27.683442
-26.211182
-27.794361
-26.922124
-27.998219
-26.691783
-25.204508
-27.984621
-28.239371
-27.834533
-27.511156
-27.420951
-28.052393
-27.230436
-25.944131
-27.737519
-25.586453
-26.934503
-27.757995
-26.513503
-25.109767
-27.902041
-26.650925
-27.814797
-27.786241
-27.566517
-26.010673
-26.019343
-27.405264
-26.887194
-26.074460
-28.173434
-28.190598
-27.845017
-28.020768
-26.868530
-27.990962
-27.893136
-27.466202
-27.891120
-26.304243
-26.937169
-28.378364
-27.122234
-27.857023
-25.889825
-28.126498
-27.274832
-27.449516
-27.357754
-27.732718
-27.627028
-27.234827
-28.176257
-27.518608
-27.650367
-26.782074
-27.471570
-27.325062
-26.420951
-27.633809
-28.100456
-27.403857
-27.583082
-27.990693
-27.915159
-27.273302
-27.937713
-27.799741
-27.293377
-27.702770
-27.996149
-27.531484
-28.007189
-27.943630
-27.931463
-26.169139
-26.181416
-27.644732
-27.572561
-25.618929
-27.533462
-28.022963
-28.021766
-28.119673
-27.623728
-28.149349
-28.091996
-26.967665
-27.992787
-27.481880
-27.933966
-27.510793
-27.180632
-26.827158
-26.782634
-27.430602
-27.833222
-28.154171
-28.020681
-27.575464
-27.752013
-25.505386
-26.476427
-28.439853
-27.893311
-27.956698
-27.715019
-24.549014
-27.991888
-26.814480
-26.802382
-27.338473
-28.121295
-27.864578
-27.411689
-27.710897
-26.613944
-27.476908
-27.672951
-25.570356
-27.800869
-26.373371
-26.647390
-23.588179
-27.945827
-27.193835
-27.720317
-28.367807
-27.587821
-26.956061
-27.157041
-27.300237
-27.704028
-27.045410
-28.053381
-27.920760
-25.725530
-26.791605
-28.054669
-27.696514
-27.530367
-27.704204
-27.104794
-27.711094
-25.184319
-26.309569
-26.583029
-27.554431
-26.615210
-28.001556
-27.819829
-26.713435
-26.980781
-26.866532
-28.151258
-27.812967
-27.575373
-27.873537
-27.845364
-28.221947
-27.922923
-27.534519
-28.070716
-27.988129
-27.784682
-27.117100
-27.899811
-27.543035
-25.478652
-27.847501
-28.112760
-28.071957
-25.413726
-27.628715
-26.301354
-24.948846
-27.302442
-27.205790
-26.567156
-28.047175
-27.734473
-27.790570
-27.691884
-27.829121
-25.118448
-27.904536
-25.347910
-27.108363
-25.255419
-25.595970
-26.357202
-26.458804
-27.701984
-27.322799
-27.526982
-26.603078
-27.758905
-27.535385
-27.224170
-27.572329
-27.171805
-25.941974
-25.497637
-26.669023
-27.467201
-26.858746
-27.819386
-27.924837
-28.102750
-27.857347
-27.552443
-27.698369
-26.790923
-27.967557
-26.478021
-27.583986
-26.730642
-26.343716
-25.351178
-26.725381
-27.270714
-25.566198
-26.908646
-24.559525
-25.406247
-26.451910
-27.141078
-26.354120
-25.225022
-26.125782
-25.111647
-27.419429
-26.352234
-27.090608
-28.012883
-27.153682
-25.593424
-26.169749
-27.579382
-27.492692
-25.473438
-26.737126
-26.539605
