3.489159
3.526090
4.369884
3.650189
3.703996
3.676593
4.282104
3.649007
4.923120
3.539577
4.169622
5.766169
3.614314
5.761503
4.029403
3.651417
3.610173
3.715365
4.032109
4.459397
3.335179
4.728064
4.786184
3.589950
4.527948
5.124290
3.732603
4.808164
3.832948
3.554888
4.037114
3.544081
3.511404
3.777184
3.480290
5.522031
3.808540
3.787655
4.159285
3.455129
3.937392
4.481825
4.044111
4.010371
3.465290
4.442391
3.818312
3.741051
9.392514
5.646236
3.674985
7.907173
4.615617
4.526185
4.060941
3.977295
9.236038
4.818010
4.427680
3.890510
25.474804
4.366560
4.245344
5.617001
8.850280
4.713193
7.683603
4.111617
4.986161
3.780026
3.758802
3.622467
5.748155
3.675123
4.693630
6.838756
8.512935
3.612410
3.967015
3.511851
4.615415
3.870349
8.941380
5.652141
6.764249
4.001542
3.565352
6.435619
3.547390
3.836611
8.521182
7.103214
3.614651
6.654990
3.711639
3.401705
3.518033
3.556776
8.991128
3.606638
5.594540
8.575304
3.805915
5.653643
3.580708
4.729770
3.551680
4.537647
5.054991
5.490576
4.358401
3.897177
3.982654
4.417138
6.116472
5.959069
3.792696
4.873017
3.541996
5.372176
5.479519
3.734228
3.785394
3.731351
5.814451
3.573877
4.251737
3.514459
9.275741
3.565279
3.695576
7.804162
3.605610
9.579463
4.020406
4.398737
3.611058
3.529398
3.564595
3.546973
4.271753
3.740647
3.705544
4.102695
3.730394
3.765482
3.843345
3.777792
6.254532
3.880094
4.073749
6.271804
6.717951
3.552144
3.617708
4.416305
8.635212
4.410392
3.837790
6.047786
4.629567
4.532305
3.551996
3.672092
7.608020
5.608965
3.698859
3.562896
4.254434
5.548055
3.529140
3.784609
3.520859
4.523221
3.736478
6.088280
3.901176
4.384848
4.596297
8.679317
5.526692
3.557023
3.717677
3.538049
4.738871
3.688024
3.696237
7.722485
8.634183
4.043759
3.733100
4.564161
4.068349
4.013040
4.932012
3.921837
3.843378
7.193030
5.839899
3.804386
4.300491
9.427532
5.830640
3.700498
3.546119
3.573019
4.220050
3.717823
4.249057
4.059024
3.479084
8.519196
9.228859
3.671454
3.762972
3.537427
4.251330
7.632684
7.855136
3.750383
4.504055
4.231855
3.993145
5.647495
3.884123
8.295734
4.044130
4.330861
3.532728
4.771729
4.338292
8.521635
3.777521
3.712981
6.771258
4.669237
3.607077
3.588000
3.833226
3.504436
3.778794
3.686237
3.823013
3.590026
3.572106
3.734774
3.584935
3.747975
3.735754
3.604348
3.892918
3.610458
3.566532
3.702393
3.669407
3.728455
3.544580
3.660666
3.624767
3.647057
3.606445
5.699300
3.749205
3.820197
3.648046
3.696443
8.126180
4.186986
7.782784
4.292685
3.665302
3.794115
3.857835
3.439529
4.821148
3.637389
4.742576
3.695742
3.448678
5.020286
7.684856
3.608715
4.685512
3.348509
3.600324
3.800196
3.745236
3.949799
3.590569
4.002770
3.775694
3.372037
8.937638
7.715369
5.642848
5.505746
3.832082
3.726448
3.766992
4.525048
3.535911
9.240771
8.594426
7.652872
3.444356
3.543139
3.339162
3.593012
3.723500
3.741567
3.742590
3.580673
3.555488
3.690601
3.654362
3.474634
3.466697
3.470153
3.447546
3.445830
3.538028
3.462224
3.511026
3.483969
3.702061
4.968082
3.543008
3.531062
3.554613
3.409952
3.601984
3.536415
4.767945
3.491710
3.509036
3.626826
3.502439
3.427289
4.632148
3.569340
3.794007
3.576791
3.536740
3.559439
3.890788
3.691379
9.246035
3.967032
3.609449
5.134677
4.078931
4.413003
3.735075
3.613415
4.147760
4.246458
4.226700
4.161809
3.616142
3.663659
3.741628
4.680295
3.681409
3.629433
3.592645
3.555202
3.539052
5.801242
3.522785
3.612314
3.524472
5.560801
4.793298
4.077047
3.811744
3.828303
4.773032
3.516742
7.738375
3.523678
4.015131
3.435228
3.519965
3.820239
3.807917
3.676689
3.988682
3.736147
5.944594
4.437777
8.283978
3.487551
3.866249
5.606368
3.561841
3.867346
3.722804
5.177159
3.793658
4.230642
3.941910
6.855168
3.901159
6.629527
4.458375
5.517568
4.229953
3.549566
4.004050
4.011173
3.646864
4.962056
6.776262
3.800652
3.371818
5.497330
3.915928
3.698595
5.848314
3.571924
4.044807
5.747368
3.909028
3.619357
8.739767
3.969303
3.554471
8.961742
3.585628
3.750037
3.942252
4.552626
4.711776
3.668101
5.576345
3.658542
8.591298
4.258753
4.130012
3.602417
6.723558
3.712078
4.755540
3.687917
3.716458
3.873731
3.609643
6.307951
4.951933
4.335769
3.781049
6.354334
3.530721
3.737867
3.918663
3.692738
8.474067
3.882701
4.310207
3.751707
3.382627
3.962217
3.590667
3.479345
4.179702
3.644714
3.785740
3.688878
3.674931
8.576440
5.332074
3.898643
4.565667
3.786836
3.418074
3.749917
3.529451
3.665004
3.941198
3.600041
3.512203
3.639394
3.555576
3.631230
3.508938
3.703788
3.787097
3.485612
3.682207
3.798872
3.557694
3.528171
3.550373
3.627757
3.655388
8.546734
3.586353
3.670697
3.635804
5.195383
