575.000000
1537.000000
411.000000
3000.000000
761.000000
1095.000000
1382.000000
922.000000
1513.000000
310.000000
731.000000
615.000000
317.000000
720.000000
1172.000000
1705.000000
662.000000
739.000000
839.000000
385.000000
1146.000000
317.000000
1431.000000
1170.000000
973.000000
656.000000
404.000000
1348.000000
668.000000
487.000000
939.000000
1084.000000
597.000000
1256.000000
1041.000000
1700.000000
746.000000
1084.000000
962.000000
538.000000
625.000000
874.000000
433.000000
859.000000
1380.000000
436.000000
582.000000
461.000000
894.000000
557.000000
1700.000000
1662.000000
514.000000
462.000000
452.000000
469.000000
775.000000
849.000000
724.000000
481.000000
1385.000000
317.000000
697.000000
560.000000
1761.000000
1068.000000
294.000000
1074.000000
1649.000000
1426.000000
1058.000000
605.000000
669.000000
943.000000
428.000000
775.000000
1164.000000
1472.000000
736.000000
1004.000000
175.000000
219.000000
235.000000
219.000000
343.000000
418.000000
381.000000
337.000000
380.000000
252.000000
269.000000
204.000000
160.000000
229.000000
319.000000
320.000000
240.000000
1279.000000
321.000000
450.000000
1123.000000
1319.000000
566.000000
328.000000
285.000000
200.000000
443.000000
775.000000
344.000000
1856.000000
336.000000
1143.000000
265.000000
629.000000
1272.000000
330.000000
353.000000
1084.000000
217.000000
206.000000
336.000000
1156.000000
787.000000
600.000000
425.000000
1108.000000
407.000000
816.000000
895.000000
1406.000000
490.000000
225.000000
355.000000
1482.000000
206.000000
1111.000000
486.000000
419.000000
865.000000
475.000000
418.000000
388.000000
402.000000
623.000000
394.000000
528.000000
1015.000000
800.000000
731.000000
870.000000
226.000000
433.000000
988.000000
870.000000
1138.000000
1082.000000
345.000000
905.000000
1668.000000
394.000000
532.000000
370.000000
250.000000
206.000000
279.000000
1094.000000
1529.000000
886.000000
1041.000000
659.000000
1033.000000
500.000000
370.000000
370.000000
385.000000
336.000000
434.000000
324.000000
732.000000
1389.000000
1222.000000
1230.000000
1311.000000
1264.000000
1311.000000
324.000000
559.000000
1311.000000
633.000000
324.000000
747.000000
324.000000
339.000000
324.000000
966.000000
309.000000
1535.000000
324.000000
388.000000
324.000000
249.000000
264.000000
952.000000
234.000000
934.000000
1254.000000
1425.000000
249.000000
1123.000000
371.000000
309.000000
324.000000
824.000000
269.000000
512.000000
606.000000
730.000000
1319.000000
371.000000
952.000000
1960.000000
1170.000000
324.000000
309.000000
269.000000
1304.000000
309.000000
287.000000
287.000000
1311.000000
354.000000
347.000000
1376.000000
1221.000000
264.000000
557.000000
1358.000000
328.000000
324.000000
1704.000000
659.000000
935.000000
302.000000
584.000000
324.000000
682.000000
609.000000
1368.000000
1272.000000
303.000000
1417.000000
1927.000000
1311.000000
915.000000
920.000000
1376.000000
339.000000
625.000000
324.000000
294.000000
632.000000
320.000000
309.000000
512.000000
878.000000
775.000000
2138.000000
287.000000
708.000000
1076.000000
700.000000
235.000000
370.000000
327.000000
1273.000000
209.000000
266.000000
824.000000
638.000000
945.000000
576.000000
1311.000000
388.000000
594.000000
439.000000
371.000000
798.000000
1123.000000
1123.000000
473.000000
669.000000
396.000000
1629.000000
465.000000
506.000000
1264.000000
551.000000
354.000000
1172.000000
1011.000000
731.000000
384.000000
976.000000
560.000000
512.000000
1074.000000
1011.000000
1051.000000
1484.000000
1358.000000
1172.000000
619.000000
1596.000000
606.000000
369.000000
284.000000
2048.000000
309.000000
700.000000
700.000000
780.000000
855.000000
879.000000
762.000000
731.000000
731.000000
846.000000
1197.000000
700.000000
912.000000
886.000000
1068.000000
714.000000
297.000000
945.000000
514.000000
466.000000
700.000000
534.000000
899.000000
879.000000
421.000000
976.000000
1209.000000
762.000000
1170.000000
894.000000
1197.000000
638.000000
780.000000
579.000000
452.000000
516.000000
864.000000
1283.000000
894.000000
709.000000
824.000000
318.000000
545.000000
1221.000000
1221.000000
1170.000000
1119.000000
294.000000
1429.000000
849.000000
731.000000
252.000000
829.000000
294.000000
369.000000
669.000000
689.000000
339.000000
351.000000
551.000000
1197.000000
421.000000
439.000000
204.000000
888.000000
354.000000
780.000000
1653.000000
295.000000
235.000000
318.000000
1039.000000
452.000000
669.000000
1123.000000
370.000000
204.000000
388.000000
813.000000
1653.000000
748.000000
354.000000
804.000000
829.000000
516.000000
204.000000
342.000000
622.000000
371.000000
1164.000000
514.000000
249.000000
734.000000
1217.000000
992.000000
1505.000000
1456.000000
1517.000000
1456.000000
1329.000000
1223.000000
1456.000000
951.000000
1090.000000
528.000000
505.000000
955.000000
587.000000
320.000000
740.000000
1442.000000
998.000000
182.000000
310.000000
336.000000
160.000000
235.000000
535.000000
219.000000
528.000000
505.000000
528.000000
528.000000
528.000000
160.000000
550.000000
528.000000
252.000000
371.000000
320.000000
780.000000
452.000000
266.000000
336.000000
339.000000
336.000000
319.000000
336.000000
396.000000
280.000000
265.000000
358.000000
336.000000
302.000000
295.000000
310.000000
904.000000
388.000000
1123.000000
309.000000
302.000000
1029.000000
339.000000
643.000000
1170.000000
418.000000
204.000000
328.000000
204.000000
452.000000
328.000000
235.000000
328.000000
252.000000
204.000000
204.000000
252.000000
204.000000
235.000000
219.000000
204.000000
886.000000
235.000000
339.000000
1123.000000
700.000000
384.000000
433.000000
669.000000
388.000000
358.000000
354.000000
235.000000
