6646.000000
6890.000000
1130.000000
3125.000000
5443.000000
3240.000000
1025.000000
1191.000000
1010.000000
2110.000000
949.000000
243.000000
1084.000000
214.000000
678.000000
707.000000
921.000000
1813.000000
899.000000
675.000000
2986.000000
272.000000
511.000000
819.000000
173.000000
590.000000
428.000000
2350.000000
462.000000
5610.000000
988.000000
768.000000
2986.000000
967.000000
1200.000000
190.000000
2934.000000
533.000000
1543.000000
939.000000
2232.000000
1265.000000
547.000000
1307.000000
3350.000000
417.000000
513.000000
1635.000000
105.000000
173.000000
620.000000
465.000000
324.000000
981.000000
411.000000
780.000000
306.000000
504.000000
326.000000
547.000000
831.000000
326.000000
275.000000
207.000000
243.000000
429.000000
425.000000
374.000000
224.000000
1113.000000
598.000000
836.000000
437.000000
462.000000
895.000000
399.000000
173.000000
1843.000000
547.000000
1618.000000
207.000000
1485.000000
156.000000
122.000000
266.000000
1043.000000
1372.000000
229.000000
1084.000000
411.000000
347.000000
274.000000
4458.000000
190.000000
513.000000
2412.000000
2412.000000
2624.000000
122.000000
785.000000
272.000000
345.000000
530.000000
139.000000
1167.000000
190.000000
1229.000000
258.000000
716.000000
285.000000
377.000000
411.000000
428.000000
173.000000
1810.000000
204.000000
757.000000
557.000000
1987.000000
169.000000
207.000000
802.000000
734.000000
666.000000
377.000000
880.000000
674.000000
1575.000000
105.000000
768.000000
581.000000
139.000000
2518.000000
122.000000
394.000000
190.000000
1564.000000
2069.000000
3025.000000
1670.000000
574.000000
734.000000
598.000000
740.000000
683.000000
1405.000000
564.000000
768.000000
408.000000
1126.000000
1797.000000
303.000000
148.000000
2200.000000
736.000000
968.000000
433.000000
541.000000
855.000000
379.000000
574.000000
340.000000
2359.000000
802.000000
229.000000
347.000000
1670.000000
870.000000
343.000000
173.000000
1142.000000
1920.000000
1055.000000
275.000000
717.000000
571.000000
1003.000000
524.000000
309.000000
105.000000
330.000000
1905.000000
2306.000000
819.000000
295.000000
564.000000
1167.000000
398.000000
122.000000
1224.000000
736.000000
1082.000000
1897.000000
1493.000000
2231.000000
2345.000000
3127.000000
127.000000
303.000000
821.000000
424.000000
122.000000
557.000000
360.000000
1316.000000
1200.000000
591.000000
649.000000
620.000000
562.000000
1258.000000
185.000000
243.000000
2430.000000
794.000000
1316.000000
533.000000
185.000000
122.000000
1191.000000
3847.000000
499.000000
463.000000
169.000000
442.000000
490.000000
377.000000
649.000000
1084.000000
769.000000
275.000000
105.000000
1265.000000
700.000000
127.000000
156.000000
910.000000
852.000000
504.000000
3090.000000
475.000000
751.000000
445.000000
794.000000
564.000000
547.000000
564.000000
968.000000
615.000000
598.000000
581.000000
1617.000000
910.000000
547.000000
997.000000
547.000000
1564.000000
1985.000000
564.000000
598.000000
823.000000
156.000000
968.000000
530.000000
1055.000000
581.000000
214.000000
824.000000
105.000000
2070.000000
881.000000
3165.000000
1713.000000
2465.000000
880.000000
1723.000000
446.000000
785.000000
2253.000000
388.000000
347.000000
1167.000000
511.000000
1741.000000
2135.000000
2360.000000
2167.000000
2415.000000
2099.000000
2084.000000
2273.000000
1700.000000
105.000000
122.000000
173.000000
139.000000
326.000000
598.000000
564.000000
309.000000
581.000000
265.000000
306.000000
347.000000
1618.000000
1782.000000
1700.000000
4739.000000
4775.000000
4977.000000
4658.000000
3993.000000
3641.000000
3896.000000
4807.000000
4005.000000
1659.000000
3720.000000
1700.000000
1659.000000
1741.000000
1700.000000
1618.000000
1741.000000
4017.000000
2542.000000
1536.000000
2069.000000
1700.000000
1782.000000
3744.000000
2345.000000
470.000000
1700.000000
1577.000000
6383.000000
1741.000000
1823.000000
675.000000
1618.000000
2096.000000
1741.000000
1782.000000
2635.000000
2672.000000
3548.000000
265.000000
820.000000
870.000000
388.000000
1644.000000
716.000000
462.000000
700.000000
962.000000
4993.000000
798.000000
316.000000
2641.000000
3666.000000
2917.000000
822.000000
1352.000000
2020.000000
2700.000000
1617.000000
2895.000000
861.000000
2147.000000
2505.000000
2094.000000
190.000000
359.000000
1335.000000
615.000000
700.000000
417.000000
2253.000000
139.000000
1951.000000
849.000000
1229.000000
1561.000000
1524.000000
1524.000000
1561.000000
904.000000
841.000000
960.000000
673.000000
148.000000
1524.000000
841.000000
169.000000
3581.000000
484.000000
1561.000000
249.000000
841.000000
599.000000
3666.000000
750.000000
862.000000
303.000000
1875.000000
340.000000
999.000000
2986.000000
505.000000
2745.000000
5104.000000
449.000000
127.000000
1893.000000
2779.000000
232.000000
1719.000000
853.000000
490.000000
2200.000000
925.000000
224.000000
3096.000000
717.000000
345.000000
562.000000
734.000000
139.000000
3671.000000
3496.000000
883.000000
1400.000000
504.000000
666.000000
211.000000
1044.000000
398.000000
326.000000
895.000000
2440.000000
224.000000
3502.000000
716.000000
1487.000000
700.000000
462.000000
1258.000000
571.000000
1670.000000
1049.000000
666.000000
229.000000
2359.000000
700.000000
2350.000000
1564.000000
148.000000
683.000000
349.000000
504.000000
5755.000000
736.000000
717.000000
1316.000000
949.000000
1723.000000
591.000000
2912.000000
862.000000
490.000000
861.000000
649.000000
275.000000
3317.000000
1229.000000
615.000000
785.000000
802.000000
836.000000
785.000000
802.000000
802.000000
870.000000
836.000000
785.000000
768.000000
598.000000
819.000000
819.000000
819.000000
2412.000000
1495.000000
853.000000
632.000000
1372.000000
139.000000
1829.000000
870.000000
1905.000000
585.000000
