22.738423
3.015013
3.221130
7.502844
25.390821
6.507778
3.590581
7.976775
3.528053
25.602525
22.403181
26.783316
3.285645
4.421010
3.069522
3.397538
26.560584
26.803963
3.521555
6.146488
4.633038
5.696623
7.066456
2.989132
4.619528
23.500499
24.710443
20.989379
26.005338
3.914183
3.582550
18.784836
3.129962
4.644594
4.757323
4.830512
3.843448
7.585183
3.049076
4.418394
2.998992
6.230653
5.789272
3.995807
26.929257
3.695939
6.125935
6.028826
2.891898
26.708591
4.418381
3.440237
3.961927
3.905719
26.582614
7.499373
5.613986
3.064995
3.243563
3.549032
5.972552
13.267001
3.410947
19.038351
3.084455
4.659042
3.279639
5.288061
3.772683
3.433006
26.863740
20.963682
4.978326
3.529256
27.358592
3.137007
3.930571
22.294267
2.957912
4.613199
4.030846
12.868732
3.293063
3.771799
9.159092
7.281587
4.202941
2.959768
11.199130
24.676088
3.197347
3.780847
18.686519
3.380217
8.326637
26.816305
24.773876
3.513273
