4.019692
5.342194
7.284005
3.921439
2.935014
8.140243
7.408218
6.044272
3.376774
3.055213
3.259141
8.529920
3.734403
3.227289
3.595673
3.370401
3.090565
8.314704
3.741004
3.567793
3.479383
5.211381
3.643437
4.145841
3.918473
4.021882
2.974166
3.684488
5.538984
3.257581
6.948399
3.932007
3.775681
3.748199
5.062767
5.008198
4.144913
6.267213
3.457995
3.355762
6.241683
7.214049
4.195173
4.107779
4.603772
6.562182
5.202695
3.585809
2.969321
4.980971
3.317268
7.231071
4.716485
7.688339
7.765210
5.045778
8.749885
4.379743
3.202373
6.306854
7.692559
8.812414
8.279641
3.259288
4.162208
8.770025
2.931170
3.063393
3.217226
3.100998
2.854703
2.918241
3.215924
3.007025
2.900597
3.110086
3.116674
4.587109
3.058405
3.120597
3.018359
3.186744
3.132745
3.015586
5.189814
3.082379
3.075017
3.893304
3.029438
3.121162
3.766625
3.271115
3.062261
3.749066
5.190654
4.018866
2.911380
3.472451
3.524683
3.048794
3.224577
7.952303
4.277828
8.110975
3.099931
8.732774
4.250535
3.698327
3.340169
5.211678
3.438393
3.278547
3.842698
8.029141
3.742889
3.060517
3.300380
3.158052
3.251899
27.594667
4.262372
3.116815
6.833621
2.983746
4.894697
6.418743
7.158210
7.277763
3.385755
8.701494
6.362244
3.540778
3.654819
7.251977
3.521906
8.130152
3.100567
7.242690
4.105500
5.207117
8.729861
3.178099
3.102327
3.267114
4.205402
3.488415
4.010747
3.178156
9.109289
3.071051
7.752797
3.328540
3.073620
3.051451
3.330540
7.219381
3.403932
3.241940
2.913373
4.892716
5.921791
8.797562
3.673181
4.183826
8.519210
8.754903
5.790071
3.165383
4.785707
4.148499
7.590059
8.078011
8.750704
3.022005
2.974099
4.604876
5.168055
3.145629
8.477278
4.735821
3.181260
4.323020
8.525179
3.041109
3.413603
4.183478
4.314535
6.091390
3.192209
3.035940
3.139407
5.198454
5.321275
7.288108
7.205748
3.124799
3.786149
5.537589
3.448078
3.772092
3.569426
3.012756
5.294713
5.993884
6.980930
6.783108
42.934845
5.103016
8.821514
3.059366
3.279067
4.717207
2.955893
2.969691
8.117156
3.150399
3.202912
8.759166
8.529000
3.142967
3.255203
5.238496
7.821516
3.923473
7.988219
6.795543
7.768698
3.114873
8.168352
8.575525
3.273518
8.547521
6.537631
3.367029
5.943082
3.166246
8.465376
8.761004
3.039178
5.216559
3.300715
3.165704
3.030488
4.773931
5.418364
8.545892
4.146612
3.228913
3.166907
3.461413
8.095638
3.811462
3.279480
3.037502
3.079315
3.278492
3.205261
3.134584
3.425552
6.142412
5.715711
4.612590
3.030955
3.051227
3.182707
3.276106
3.036455
2.912613
3.149213
3.559970
3.622991
3.262293
8.127263
3.057398
8.225849
3.011204
5.097851
3.074605
4.118274
8.786109
4.354985
3.724469
5.222782
7.836004
7.293271
3.471027
4.027588
3.209851
5.245607
3.301298
7.254144
8.530356
5.544858
3.934536
7.046557
7.309143
9.110221
3.499441
4.340511
3.026927
3.468985
4.907218
7.078264
9.154304
7.199370
3.185265
3.577252
7.679576
3.208893
6.767016
8.773337
3.260446
5.291371
8.506237
3.020181
5.604526
3.338495
7.380444
8.763476
3.071671
3.348858
8.736531
3.453928
3.614838
3.340845
8.162250
7.225462
10.813218
8.066421
3.133290
3.014429
3.316915
5.194329
6.859611
5.087916
3.168528
3.063069
8.760651
3.109673
8.087895
3.217676
3.310574
3.237496
8.746710
7.135875
3.120635
5.212026
3.124290
3.387924
3.012730
2.979396
7.801251
6.017289
3.138685
4.099729
7.276538
5.219028
7.032890
3.310628
5.704888
8.514937
4.707756
3.614921
6.433570
3.444937
3.388461
3.114829
5.187179
6.710499
7.372591
8.812061
5.240763
3.314700
3.790487
3.751344
2.940313
3.131215
7.230290
7.271518
4.421935
6.821921
3.043522
4.870502
2.912056
7.204798
3.263320
5.113577
8.226691
3.099019
3.211318
3.233831
4.264963
8.742305
3.650234
3.236183
4.151906
7.225752
8.766297
3.121276
6.165351
8.829097
8.070391
3.532810
8.079991
3.397615
3.295974
39.033476
3.030046
3.289029
3.949645
3.211193
3.839520
8.053301
4.272977
4.300937
7.596792
3.104991
8.833352
3.224162
3.233261
5.055768
8.020190
40.990400
2.964658
3.683764
3.719286
5.173267
3.063646
3.915725
3.114769
5.315655
3.119988
3.527962
3.508503
7.118867
3.026901
3.300956
3.348013
3.761686
4.278598
3.414716
3.454662
3.751882
4.292121
4.247822
5.178202
3.473364
8.751955
4.105992
3.866187
3.173323
2.925393
3.290686
3.754166
3.191835
3.231064
3.957670
3.244530
7.658102
3.134407
3.979529
7.894213
4.101858
6.489823
3.347507
8.108934
4.139163
4.202102
5.194989
3.402571
8.758862
6.281721
3.016950
3.647353
8.184576
3.138165
3.519684
3.304456
32.396088
3.113487
32.144776
3.186300
3.214369
4.146493
8.389445
2.977841
3.220571
3.224418
5.230265
8.572009
3.681752
8.474623
23.475527
2.932528
3.269686
5.268935
3.921779
3.348459
10.158553
3.168744
