2272.000000
5594.000000
156.000000
3529.000000
1398.000000
6497.000000
796.000000
582.000000
474.000000
836.000000
3000.000000
88.000000
295.000000
2641.000000
1054.000000
2050.000000
2917.000000
127.000000
1643.000000
867.000000
808.000000
156.000000
574.000000
207.000000
362.000000
326.000000
1938.000000
589.000000
3336.000000
2675.000000
229.000000
449.000000
524.000000
1595.000000
345.000000
399.000000
330.000000
687.000000
821.000000
1697.000000
519.000000
122.000000
207.000000
388.000000
358.000000
1445.000000
716.000000
747.000000
3325.000000
633.000000
820.000000
122.000000
156.000000
88.000000
88.000000
173.000000
54.000000
190.000000
785.000000
278.000000
693.000000
71.000000
122.000000
530.000000
2604.000000
98.000000
1055.000000
1659.000000
496.000000
2597.000000
4876.000000
4626.000000
2072.000000
1316.000000
7674.000000
1935.000000
1490.000000
4089.000000
1659.000000
968.000000
3016.000000
881.000000
1126.000000
2253.000000
853.000000
598.000000
3000.000000
4924.000000
1084.000000
1635.000000
921.000000
513.000000
547.000000
1264.000000
139.000000
2496.000000
2557.000000
799.000000
505.000000
802.000000
924.000000
139.000000
190.000000
105.000000
819.000000
85.000000
224.000000
316.000000
428.000000
173.000000
292.000000
839.000000
292.000000
214.000000
1352.000000
836.000000
2750.000000
910.000000
462.000000
54.000000
139.000000
3318.000000
374.000000
1946.000000
414.000000
241.000000
620.000000
207.000000
798.000000
127.000000
571.000000
716.000000
809.000000
214.000000
377.000000
88.000000
3880.000000
105.000000
292.000000
173.000000
105.000000
853.000000
819.000000
649.000000
815.000000
275.000000
3389.000000
1564.000000
94.000000
1935.000000
287.000000
1747.000000
802.000000
1659.000000
462.000000
490.000000
581.000000
1162.000000
1316.000000
932.000000
758.000000
202.000000
456.000000
750.000000
88.000000
54.000000
403.000000
1475.000000
156.000000
224.000000
122.000000
105.000000
124.000000
768.000000
751.000000
434.000000
139.000000
768.000000
295.000000
1013.000000
1858.000000
207.000000
71.000000
774.000000
2856.000000
610.000000
258.000000
266.000000
598.000000
751.000000
2766.000000
139.000000
292.000000
173.000000
425.000000
1445.000000
174.000000
174.000000
925.000000
1199.000000
724.000000
2118.000000
124.000000
124.000000
149.000000
124.000000
74.000000
149.000000
99.000000
2028.000000
1074.000000
266.000000
1709.000000
1374.000000
124.000000
853.000000
1524.000000
54.000000
139.000000
513.000000
819.000000
273.000000
183.000000
1983.000000
156.000000
174.000000
105.000000
1345.000000
139.000000
71.000000
649.000000
124.000000
228.000000
1124.000000
174.000000
1224.000000
273.000000
74.000000
802.000000
199.000000
513.000000
598.000000
1229.000000
228.000000
149.000000
71.000000
272.000000
799.000000
462.000000
904.000000
122.000000
445.000000
574.000000
819.000000
870.000000
1812.000000
1124.000000
785.000000
479.000000
124.000000
122.000000
450.000000
1495.000000
1432.000000
1200.000000
1223.000000
1823.000000
1374.000000
823.000000
533.000000
2340.000000
794.000000
122.000000
666.000000
105.000000
2701.000000
139.000000
649.000000
190.000000
74.000000
156.000000
397.000000
139.000000
122.000000
122.000000
824.000000
275.000000
2116.000000
156.000000
924.000000
105.000000
122.000000
1174.000000
3107.000000
156.000000
139.000000
351.000000
360.000000
173.000000
853.000000
360.000000
324.000000
139.000000
622.000000
105.000000
1108.000000
707.000000
99.000000
2118.000000
606.000000
54.000000
1675.000000
199.000000
156.000000
785.000000
287.000000
1720.000000
273.000000
122.000000
581.000000
547.000000
71.000000
974.000000
995.000000
564.000000
855.000000
156.000000
300.000000
122.000000
836.000000
2518.000000
1782.000000
156.000000
171.000000
243.000000
4761.000000
734.000000
54.000000
823.000000
71.000000
623.000000
774.000000
2462.000000
124.000000
148.000000
819.000000
173.000000
785.000000
654.000000
1461.000000
2700.000000
124.000000
490.000000
632.000000
352.000000
139.000000
318.000000
265.000000
445.000000
370.000000
155.000000
2003.000000
4548.000000
617.000000
2490.000000
610.000000
1868.000000
5764.000000
264.000000
193.000000
64.000000
287.000000
462.000000
1930.000000
358.000000
1229.000000
785.000000
122.000000
156.000000
313.000000
1249.000000
836.000000
169.000000
3155.000000
105.000000
4927.000000
330.000000
142.000000
870.000000
802.000000
1339.000000
594.000000
54.000000
478.000000
1562.000000
593.000000
214.000000
127.000000
2654.000000
408.000000
98.000000
306.000000
1149.000000
156.000000
1301.000000
513.000000
124.000000
1287.000000
717.000000
199.000000
2286.000000
326.000000
265.000000
249.000000
156.000000
750.000000
819.000000
183.000000
768.000000
547.000000
527.000000
345.000000
54.000000
1461.000000
479.000000
299.000000
173.000000
1174.000000
475.000000
1606.000000
122.000000
2158.000000
533.000000
523.000000
156.000000
1084.000000
1723.000000
411.000000
258.000000
258.000000
377.000000
309.000000
258.000000
224.000000
224.000000
241.000000
343.000000
98.000000
275.000000
292.000000
2923.000000
1345.000000
394.000000
491.000000
484.000000
736.000000
635.000000
2009.000000
113.000000
1030.000000
337.000000
1348.000000
224.000000
4745.000000
530.000000
88.000000
343.000000
190.000000
635.000000
1189.000000
54.000000
403.000000
802.000000
360.000000
88.000000
1819.000000
610.000000
581.000000
54.000000
751.000000
71.000000
1927.000000
2375.000000
292.000000
88.000000
853.000000
649.000000
2917.000000
1360.000000
71.000000
258.000000
345.000000
94.000000
1009.000000
1553.000000
241.000000
394.000000
428.000000
160.000000
785.000000
