0.006184
0.009699
0.001940
0.005536
0.000759
0.000221
0.001817
0.003226
0.009870
0.000892
0.003701
0.006512
0.006783
0.007549
0.007666
0.008288
0.005279
0.006165
0.003949
0.004062
0.004614
0.004041
0.008543
0.009091
0.008568
0.008783
0.007527
0.007671
0.005771
0.006811
0.006071
0.007424
0.004874
0.002354
0.006263
0.007301
0.005289
0.002892
0.007965
0.004602
0.005725
0.005578
0.006984
0.006170
0.009347
0.005885
0.006446
0.000310
0.005066
0.004514
0.001532
0.005807
0.007177
0.007795
0.003477
0.009988
0.008149
0.006705
0.005389
0.001337
0.005833
0.005462
0.002890
0.006552
0.006511
0.008588
0.006560
0.006678
0.007030
0.006449
0.006174
0.006243
0.004255
0.005106
0.007523
0.004923
0.002306
0.000889
0.005985
0.000037
0.006385
0.006503
0.006859
0.005555
0.000603
0.000546
0.001318
0.001179
0.000607
0.001063
0.000483
0.000693
0.001990
0.003086
0.009647
0.003785
0.002443
0.001690
0.002663
0.000690
0.002111
0.002540
0.000103
0.000630
0.000686
0.000255
0.000023
0.000039
0.000025
0.000404
0.000251
0.000724
0.000040
0.000035
0.000872
0.004370
0.003386
0.009053
0.000913
0.000947
0.001048
0.000924
0.001027
0.000884
0.000971
0.000963
0.000971
0.000947
0.000367
0.000298
0.000995
0.000238
0.000930
0.000357
0.000242
0.000859
0.000447
0.000463
0.001239
0.008281
0.000219
0.000214
0.001615
0.000192
0.000807
0.009727
0.001142
0.001432
0.000495
0.000988
0.009347
0.000211
0.000146
0.004697
0.000419
0.000388
0.000501
0.000366
0.000439
0.000503
0.000455
0.000375
0.000485
0.000583
0.000546
0.000485
0.000490
0.000537
0.000548
0.000518
0.000390
0.000407
0.007974
0.000408
0.000348
0.000320
0.007287
0.000332
0.004121
0.002907
0.003565
0.008903
0.000368
0.000013
0.000257
0.000261
0.000260
0.000350
0.000195
0.000222
0.003794
0.000254
0.000176
0.005164
0.000192
0.000215
0.007743
0.008677
0.003183
0.000021
