2451.000000
2050.000000
211.000000
1149.000000
490.000000
664.000000
139.000000
524.000000
1039.000000
581.000000
4290.000000
585.000000
232.000000
1297.000000
246.000000
1366.000000
457.000000
211.000000
4571.000000
4843.000000
1627.000000
1476.000000
1049.000000
547.000000
778.000000
904.000000
547.000000
235.000000
139.000000
2360.000000
337.000000
774.000000
564.000000
211.000000
2934.000000
391.000000
809.000000
74.000000
91.000000
641.000000
730.000000
530.000000
148.000000
249.000000
649.000000
2698.000000
400.000000
428.000000
1117.000000
494.000000
