0.257619
0.041143
0.012502
0.008601
0.006690
0.005582
0.004539
0.003538
0.002776
0.002294
0.001946
0.001700
0.001527
0.001398
0.001296
0.001211
0.001139
0.001078
0.001023
0.000975
0.000930
0.000888
0.000850
0.000816
0.000787
0.000763
0.000743
0.000726
0.000710
0.000697
0.000684
0.000673
0.000662
0.000653
0.000643
0.000635
0.000626
0.000618
0.000610
0.000602
0.000595
0.000588
0.000581
0.000574
0.000567
0.000560
0.000554
0.000547
0.000541
0.000535
0.000529
0.000523
0.000517
0.000512
0.000506
0.000501
0.000495
0.000490
0.000485
0.000480
0.000475
0.000470
0.000465
0.000460
0.000456
0.000451
0.000447
0.000442
0.000438
0.000434
0.000430
0.000426
0.000422
0.000418
0.000415
0.000411
0.000408
0.000404
0.000401
0.000398
0.000395
0.000392
0.000389
0.000386
0.000383
0.000380
0.000378
0.000375
0.000373
0.000370
0.000368
0.000366
0.000363
0.000361
0.000359
0.000357
0.000355
0.000353
0.000351
0.000349
