0.222260
0.061742
0.033510
0.015050
0.006226
0.004030
0.002932
0.002295
0.001896
0.001624
0.001429
0.001287
0.001181
0.001102
0.001040
0.000993
0.000955
0.000925
0.000901
0.000882
0.000866
0.000853
0.000841
0.000831
0.000822
0.000814
0.000806
0.000799
0.000793
0.000788
0.000783
0.000778
0.000774
0.000771
0.000768
0.000766
0.000763
0.000761
0.000759
0.000758
0.000756
0.000755
0.000754
0.000753
0.000752
0.000751
0.000750
0.000749
0.000748
0.000748
0.000747
0.000746
0.000746
0.000745
0.000745
0.000744
0.000743
0.000743
0.000742
0.000742
0.000741
0.000741
0.000741
0.000740
0.000740
0.000739
0.000739
0.000738
0.000738
0.000738
0.000737
0.000737
0.000736
0.000736
0.000736
0.000735
0.000735
0.000735
0.000734
0.000734
0.000733
0.000733
0.000733
0.000732
0.000732
0.000732
0.000732
0.000731
0.000731
0.000731
0.000731
0.000731
0.000730
0.000730
0.000730
0.000730
0.000730
0.000730
0.000729
0.000729
