0.354932
0.066551
0.039996
0.022963
0.013686
0.008151
0.005280
0.004040
0.003491
0.003188
0.002969
0.002767
0.002572
0.002386
0.002209
0.002040
0.001881
0.001732
0.001596
0.001474
0.001367
0.001276
0.001201
0.001142
0.001097
0.001065
0.001040
0.001020
0.001003
0.000987
0.000972
0.000959
0.000946
0.000934
0.000923
0.000912
0.000902
0.000893
0.000885
0.000877
0.000870
0.000863
0.000857
0.000851
0.000846
0.000841
0.000836
0.000832
0.000828
0.000825
0.000821
0.000818
0.000814
0.000811
0.000808
0.000805
0.000803
0.000800
0.000798
0.000795
0.000793
0.000791
0.000789
0.000787
0.000785
0.000783
0.000782
0.000780
0.000779
0.000778
0.000776
0.000775
0.000774
0.000773
0.000772
0.000771
0.000770
0.000769
0.000768
0.000767
0.000766
0.000765
0.000764
0.000763
0.000763
0.000762
0.000761
0.000761
0.000760
0.000759
0.000759
0.000758
0.000758
0.000757
0.000757
0.000756
0.000756
0.000755
0.000755
0.000755
