0.306675
0.082314
0.048057
0.027582
0.013996
0.007318
0.005204
0.004190
0.003434
0.002895
0.002487
0.002183
0.001963
0.001803
0.001680
0.001577
0.001486
0.001405
0.001331
0.001265
0.001204
0.001149
0.001100
0.001056
0.001017
0.000983
0.000953
0.000928
0.000906
0.000887
0.000872
0.000859
0.000848
0.000838
0.000830
0.000823
0.000817
0.000811
0.000806
0.000802
0.000798
0.000794
0.000791
0.000788
0.000785
0.000783
0.000781
0.000779
0.000777
0.000775
0.000773
0.000772
0.000770
0.000769
0.000768
0.000767
0.000765
0.000764
0.000763
0.000762
0.000761
0.000761
0.000760
0.000759
0.000758
0.000757
0.000756
0.000755
0.000754
0.000754
0.000753
0.000752
0.000751
0.000750
0.000749
0.000748
0.000747
0.000747
0.000746
0.000745
0.000744
0.000744
0.000743
0.000742
0.000742
0.000741
0.000741
0.000740
0.000740
0.000739
0.000739
0.000739
0.000738
0.000738
0.000738
0.000738
0.000737
0.000737
0.000737
0.000737
