0.314942
0.042845
0.013011
0.008840
0.006387
0.004557
0.003339
0.002582
0.002081
0.001729
0.001463
0.001256
0.001094
0.000966
0.000865
0.000785
0.000722
0.000671
0.000631
0.000598
0.000571
0.000549
0.000531
0.000516
0.000503
0.000493
0.000484
0.000476
0.000469
0.000463
0.000457
0.000451
0.000446
0.000441
0.000437
0.000432
0.000428
0.000424
0.000420
0.000416
0.000412
0.000408
0.000404
0.000401
0.000397
0.000394
0.000390
0.000386
0.000383
0.000380
0.000376
0.000373
0.000370
0.000366
0.000363
0.000360
0.000358
0.000355
0.000352
0.000350
0.000348
0.000345
0.000343
0.000341
0.000339
0.000337
0.000335
0.000333
0.000332
0.000330
0.000328
0.000327
0.000326
0.000324
0.000323
0.000322
0.000321
0.000320
0.000319
0.000318
0.000317
0.000316
0.000315
0.000314
0.000313
0.000312
0.000311
0.000310
0.000310
0.000309
0.000309
0.000308
0.000308
0.000307
0.000307
0.000307
0.000306
0.000306
0.000306
0.000306
