0.151207
0.044374
0.015008
0.004510
0.002804
0.002100
0.001755
0.001516
0.001331
0.001190
0.001085
0.001008
0.000952
0.000912
0.000883
0.000862
0.000846
0.000834
0.000825
0.000818
0.000812
0.000807
0.000803
0.000800
0.000797
0.000794
0.000792
0.000790
0.000788
0.000786
0.000785
0.000784
0.000782
0.000781
0.000780
0.000779
0.000778
0.000777
0.000776
0.000775
0.000774
0.000773
0.000772
0.000770
0.000769
0.000768
0.000767
0.000765
0.000764
0.000763
0.000762
0.000760
0.000759
0.000758
0.000757
0.000756
0.000755
0.000754
0.000754
0.000753
0.000752
0.000751
0.000750
0.000750
0.000749
0.000748
0.000748
0.000747
0.000746
0.000746
0.000745
0.000745
0.000744
0.000744
0.000743
0.000743
0.000742
0.000742
0.000741
0.000741
0.000741
0.000740
0.000740
0.000739
0.000739
0.000739
0.000738
0.000738
0.000738
0.000738
0.000737
0.000737
0.000737
0.000736
0.000736
0.000736
0.000736
0.000735
0.000735
0.000735
