0.173243
0.013927
0.006516
0.002889
0.002211
0.001809
0.001496
0.001293
0.001152
0.001043
0.000959
0.000895
0.000846
0.000806
0.000771
0.000738
0.000707
0.000680
0.000655
0.000632
0.000611
0.000592
0.000574
0.000558
0.000542
0.000528
0.000515
0.000503
0.000491
0.000481
0.000471
0.000461
0.000452
0.000444
0.000436
0.000428
0.000421
0.000414
0.000408
0.000402
0.000397
0.000391
0.000387
0.000382
0.000378
0.000374
0.000371
0.000367
0.000364
0.000361
0.000357
0.000354
0.000351
0.000348
0.000346
0.000343
0.000341
0.000338
0.000336
0.000334
0.000332
0.000330
0.000329
0.000327
0.000326
0.000324
0.000323
0.000322
0.000321
0.000320
0.000319
0.000318
0.000317
0.000317
0.000316
0.000315
0.000315
0.000314
0.000313
0.000313
0.000312
0.000312
0.000311
0.000311
0.000310
0.000310
0.000310
0.000309
0.000309
0.000309
0.000309
0.000308
0.000308
0.000308
0.000308
0.000308
0.000308
0.000307
0.000307
0.000307
