0.182208
0.052948
0.041405
0.028320
0.018915
0.012000
0.007165
0.003888
0.002033
0.001272
0.001057
0.000976
0.000921
0.000885
0.000861
0.000843
0.000831
0.000821
0.000814
0.000808
0.000804
0.000800
0.000797
0.000794
0.000792
0.000789
0.000788
0.000786
0.000784
0.000783
0.000782
0.000780
0.000779
0.000778
0.000777
0.000776
0.000776
0.000775
0.000774
0.000774
0.000774
0.000773
0.000773
0.000773
0.000773
0.000772
0.000772
0.000771
0.000770
0.000770
0.000768
0.000767
0.000766
0.000765
0.000764
0.000763
0.000762
0.000762
0.000761
0.000760
0.000760
0.000760
0.000759
0.000759
0.000759
0.000758
0.000758
0.000758
0.000758
0.000757
0.000757
0.000757
0.000757
0.000757
0.000757
0.000756
0.000756
0.000756
0.000756
0.000756
0.000756
0.000756
0.000756
0.000756
0.000756
0.000756
0.000756
0.000756
0.000756
0.000756
0.000757
0.000757
0.000757
0.000757
0.000757
0.000758
0.000758
0.000758
0.000759
0.000759
