0.388012
0.116922
0.062274
0.049073
0.037687
0.028631
0.020892
0.014469
0.009490
0.006028
0.004061
0.003246
0.002957
0.002794
0.002654
0.002525
0.002404
0.002290
0.002180
0.002072
0.001967
0.001863
0.001760
0.001659
0.001560
0.001466
0.001380
0.001305
0.001244
0.001197
0.001160
0.001131
0.001108
0.001088
0.001070
0.001055
0.001042
0.001029
0.001017
0.001006
0.000996
0.000986
0.000977
0.000968
0.000959
0.000951
0.000944
0.000937
0.000930
0.000924
0.000918
0.000912
0.000907
0.000902
0.000897
0.000893
0.000889
0.000885
0.000882
0.000878
0.000875
0.000873
0.000870
0.000868
0.000866
0.000864
0.000862
0.000860
0.000859
0.000857
0.000856
0.000855
0.000853
0.000852
0.000851
0.000850
0.000849
0.000849
0.000848
0.000847
0.000846
0.000845
0.000844
0.000844
0.000843
0.000842
0.000841
0.000840
0.000839
0.000838
0.000837
0.000836
0.000835
0.000834
0.000833
0.000832
0.000832
0.000831
0.000830
0.000829
