0.126488
0.024602
0.010946
0.007677
0.006266
0.005448
0.004713
0.004081
0.003475
0.002949
0.002510
0.002172
0.001928
0.001754
0.001620
0.001509
0.001411
0.001322
0.001241
0.001166
0.001095
0.001028
0.000964
0.000903
0.000844
0.000788
0.000737
0.000690
0.000648
0.000613
0.000583
0.000558
0.000538
0.000521
0.000508
0.000497
0.000488
0.000480
0.000473
0.000466
0.000461
0.000455
0.000450
0.000446
0.000441
0.000437
0.000433
0.000429
0.000426
0.000422
0.000419
0.000416
0.000412
0.000409
0.000406
0.000404
0.000401
0.000398
0.000396
0.000393
0.000391
0.000388
0.000386
0.000384
0.000382
0.000380
0.000378
0.000376
0.000374
0.000372
0.000370
0.000368
0.000367
0.000365
0.000364
0.000362
0.000361
0.000359
0.000358
0.000357
0.000355
0.000354
0.000353
0.000352
0.000350
0.000349
0.000348
0.000346
0.000345
0.000344
0.000342
0.000341
0.000340
0.000339
0.000337
0.000336
0.000335
0.000334
0.000334
0.000333
