0.129015
0.011623
0.005875
0.003362
0.002921
0.002471
0.002197
0.001952
0.001726
0.001528
0.001355
0.001204
0.001076
0.000969
0.000882
0.000811
0.000755
0.000709
0.000672
0.000641
0.000615
0.000592
0.000572
0.000555
0.000540
0.000527
0.000515
0.000504
0.000494
0.000485
0.000476
0.000468
0.000461
0.000454
0.000447
0.000441
0.000435
0.000429
0.000424
0.000419
0.000414
0.000409
0.000404
0.000400
0.000396
0.000392
0.000388
0.000384
0.000381
0.000378
0.000374
0.000371
0.000368
0.000365
0.000363
0.000360
0.000357
0.000355
0.000353
0.000350
0.000348
0.000346
0.000344
0.000342
0.000341
0.000339
0.000337
0.000336
0.000334
0.000333
0.000332
0.000330
0.000329
0.000328
0.000327
0.000326
0.000325
0.000324
0.000323
0.000322
0.000321
0.000320
0.000320
0.000319
0.000318
0.000318
0.000317
0.000316
0.000316
0.000315
0.000315
0.000314
0.000313
0.000313
0.000312
0.000312
0.000311
0.000311
0.000311
0.000310
