0.168518
0.016288
0.006777
0.003522
0.002498
0.001939
0.001528
0.001246
0.001049
0.000917
0.000830
0.000770
0.000723
0.000681
0.000646
0.000615
0.000589
0.000567
0.000546
0.000528
0.000511
0.000495
0.000481
0.000468
0.000456
0.000445
0.000435
0.000426
0.000418
0.000410
0.000402
0.000396
0.000389
0.000384
0.000378
0.000373
0.000369
0.000365
0.000361
0.000358
0.000355
0.000353
0.000351
0.000349
0.000347
0.000346
0.000345
0.000343
0.000343
0.000342
0.000341
0.000340
0.000339
0.000339
0.000338
0.000338
0.000337
0.000337
0.000336
0.000336
0.000335
0.000335
0.000334
0.000334
0.000334
0.000333
0.000333
0.000332
0.000331
0.000331
0.000330
0.000330
0.000329
0.000328
0.000327
0.000326
0.000325
0.000324
0.000323
0.000322
0.000321
0.000320
0.000319
0.000318
0.000317
0.000317
0.000316
0.000316
0.000315
0.000315
0.000315
0.000314
0.000314
0.000314
0.000314
0.000313
0.000313
0.000313
0.000313
0.000313
