0.124581
0.023856
0.010628
0.007487
0.006115
0.005326
0.004595
0.003960
0.003348
0.002819
0.002387
0.002063
0.001834
0.001670
0.001540
0.001429
0.001331
0.001242
0.001162
0.001089
0.001022
0.000959
0.000901
0.000847
0.000797
0.000753
0.000715
0.000683
0.000657
0.000636
0.000619
0.000605
0.000593
0.000583
0.000575
0.000567
0.000560
0.000553
0.000547
0.000541
0.000536
0.000530
0.000525
0.000520
0.000516
0.000511
0.000507
0.000503
0.000499
0.000495
0.000491
0.000487
0.000484
0.000480
0.000477
0.000474
0.000471
0.000468
0.000465
0.000462
0.000459
0.000456
0.000454
0.000451
0.000449
0.000446
0.000444
0.000442
0.000439
0.000437
0.000435
0.000433
0.000432
0.000430
0.000428
0.000426
0.000425
0.000423
0.000421
0.000419
0.000417
0.000415
0.000413
0.000411
0.000409
0.000407
0.000405
0.000404
0.000402
0.000400
0.000399
0.000397
0.000396
0.000394
0.000393
0.000392
0.000391
0.000390
0.000388
0.000387
