0.162117
0.047295
0.015416
0.005027
0.003031
0.002221
0.001873
0.001668
0.001490
0.001342
0.001219
0.001118
0.001036
0.000970
0.000918
0.000878
0.000846
0.000821
0.000802
0.000788
0.000777
0.000768
0.000762
0.000757
0.000753
0.000751
0.000749
0.000747
0.000746
0.000745
0.000744
0.000744
0.000743
0.000743
0.000743
0.000743
0.000742
0.000742
0.000741
0.000740
0.000739
0.000738
0.000738
0.000737
0.000736
0.000736
0.000735
0.000735
0.000735
0.000734
0.000734
0.000734
0.000734
0.000733
0.000733
0.000733
0.000732
0.000732
0.000732
0.000732
0.000731
0.000731
0.000731
0.000731
0.000731
0.000730
0.000730
0.000730
0.000730
0.000730
0.000730
0.000730
0.000730
0.000730
0.000730
0.000729
0.000729
0.000729
0.000729
0.000729
0.000730
0.000730
0.000730
0.000730
0.000730
0.000730
0.000730
0.000730
0.000730
0.000730
0.000731
0.000731
0.000731
0.000731
0.000731
0.000731
0.000731
0.000732
0.000732
0.000732
