0.105169
0.015450
0.005978
0.002766
0.002129
0.001749
0.001563
0.001413
0.001283
0.001170
0.001071
0.000981
0.000901
0.000833
0.000780
0.000739
0.000707
0.000681
0.000659
0.000640
0.000624
0.000609
0.000595
0.000582
0.000570
0.000558
0.000547
0.000537
0.000527
0.000517
0.000508
0.000499
0.000491
0.000483
0.000475
0.000467
0.000460
0.000453
0.000447
0.000440
0.000434
0.000428
0.000423
0.000417
0.000412
0.000407
0.000403
0.000398
0.000394
0.000390
0.000387
0.000383
0.000380
0.000376
0.000373
0.000370
0.000368
0.000365
0.000362
0.000359
0.000357
0.000354
0.000351
0.000349
0.000346
0.000344
0.000341
0.000339
0.000337
0.000335
0.000333
0.000331
0.000330
0.000328
0.000327
0.000325
0.000324
0.000322
0.000321
0.000320
0.000319
0.000317
0.000316
0.000315
0.000315
0.000314
0.000313
0.000312
0.000311
0.000311
0.000310
0.000310
0.000309
0.000309
0.000308
0.000308
0.000308
0.000307
0.000307
0.000307
