0.306344
0.081404
0.047890
0.026998
0.013987
0.007710
0.005353
0.004062
0.003293
0.002838
0.002530
0.002308
0.002133
0.001989
0.001866
0.001758
0.001661
0.001572
0.001488
0.001410
0.001337
0.001270
0.001211
0.001160
0.001117
0.001081
0.001049
0.001022
0.000997
0.000975
0.000955
0.000939
0.000925
0.000913
0.000902
0.000893
0.000885
0.000877
0.000871
0.000865
0.000859
0.000854
0.000849
0.000845
0.000841
0.000837
0.000834
0.000831
0.000828
0.000825
0.000822
0.000820
0.000818
0.000816
0.000814
0.000812
0.000810
0.000808
0.000807
0.000805
0.000804
0.000802
0.000801
0.000800
0.000799
0.000797
0.000796
0.000795
0.000794
0.000793
0.000792
0.000791
0.000790
0.000789
0.000788
0.000788
0.000787
0.000786
0.000785
0.000784
0.000783
0.000783
0.000782
0.000781
0.000780
0.000779
0.000779
0.000778
0.000777
0.000777
0.000776
0.000775
0.000775
0.000774
0.000773
0.000773
0.000772
0.000772
0.000771
0.000770
