0.183108
0.053276
0.041845
0.028372
0.018917
0.012119
0.007388
0.004184
0.002340
0.001544
0.001277
0.001161
0.001084
0.001033
0.000999
0.000973
0.000954
0.000939
0.000927
0.000917
0.000909
0.000902
0.000896
0.000891
0.000886
0.000881
0.000877
0.000873
0.000870
0.000867
0.000863
0.000860
0.000858
0.000855
0.000852
0.000850
0.000848
0.000846
0.000844
0.000842
0.000840
0.000839
0.000837
0.000836
0.000835
0.000833
0.000832
0.000830
0.000828
0.000826
0.000824
0.000822
0.000820
0.000818
0.000816
0.000814
0.000812
0.000811
0.000809
0.000808
0.000807
0.000805
0.000804
0.000803
0.000802
0.000801
0.000800
0.000799
0.000798
0.000797
0.000796
0.000795
0.000794
0.000793
0.000792
0.000792
0.000791
0.000790
0.000789
0.000789
0.000788
0.000788
0.000787
0.000787
0.000786
0.000786
0.000785
0.000785
0.000785
0.000785
0.000785
0.000784
0.000784
0.000784
0.000785
0.000785
0.000785
0.000785
0.000785
0.000785
