0.255181
0.035693
0.010136
0.007090
0.005834
0.005005
0.003946
0.002746
0.001804
0.001367
0.001155
0.001022
0.000923
0.000847
0.000784
0.000733
0.000693
0.000661
0.000635
0.000614
0.000595
0.000579
0.000564
0.000551
0.000538
0.000527
0.000516
0.000506
0.000497
0.000488
0.000481
0.000473
0.000466
0.000460
0.000454
0.000448
0.000442
0.000437
0.000431
0.000426
0.000420
0.000415
0.000410
0.000405
0.000400
0.000395
0.000391
0.000387
0.000384
0.000380
0.000377
0.000374
0.000371
0.000369
0.000366
0.000364
0.000362
0.000360
0.000358
0.000356
0.000354
0.000352
0.000350
0.000348
0.000347
0.000345
0.000344
0.000342
0.000341
0.000340
0.000339
0.000338
0.000337
0.000336
0.000335
0.000334
0.000333
0.000332
0.000332
0.000331
0.000331
0.000330
0.000330
0.000330
0.000329
0.000329
0.000328
0.000328
0.000328
0.000327
0.000327
0.000326
0.000326
0.000325
0.000325
0.000325
0.000324
0.000324
0.000323
0.000323
