0.331900
0.091568
0.069685
0.046912
0.030424
0.017483
0.010279
0.007866
0.006627
0.005793
0.005175
0.004678
0.004254
0.003871
0.003514
0.003174
0.002853
0.002557
0.002296
0.002082
0.001919
0.001807
0.001733
0.001684
0.001648
0.001620
0.001596
0.001573
0.001552
0.001532
0.001512
0.001492
0.001473
0.001454
0.001435
0.001416
0.001398
0.001380
0.001362
0.001343
0.001326
0.001308
0.001291
0.001274
0.001257
0.001240
0.001224
0.001208
0.001193
0.001178
0.001164
0.001150
0.001137
0.001124
0.001112
0.001101
0.001090
0.001079
0.001069
0.001059
0.001049
0.001040
0.001031
0.001022
0.001014
0.001005
0.000997
0.000989
0.000981
0.000973
0.000965
0.000957
0.000949
0.000941
0.000933
0.000924
0.000915
0.000906
0.000896
0.000886
0.000877
0.000868
0.000861
0.000856
0.000852
0.000848
0.000845
0.000843
0.000841
0.000839
0.000837
0.000836
0.000834
0.000833
0.000832
0.000831
0.000830
0.000829
0.000828
0.000828
