0.106608
0.010762
0.005539
0.003423
0.002871
0.002430
0.002125
0.001905
0.001719
0.001562
0.001429
0.001314
0.001214
0.001124
0.001043
0.000970
0.000905
0.000847
0.000796
0.000753
0.000714
0.000680
0.000649
0.000621
0.000597
0.000575
0.000555
0.000537
0.000521
0.000506
0.000493
0.000481
0.000471
0.000461
0.000453
0.000445
0.000438
0.000432
0.000426
0.000421
0.000416
0.000411
0.000407
0.000402
0.000399
0.000395
0.000392
0.000388
0.000385
0.000382
0.000379
0.000377
0.000374
0.000372
0.000369
0.000367
0.000365
0.000363
0.000361
0.000359
0.000357
0.000355
0.000354
0.000352
0.000350
0.000349
0.000347
0.000345
0.000344
0.000342
0.000341
0.000339
0.000338
0.000337
0.000336
0.000334
0.000333
0.000333
0.000332
0.000331
0.000330
0.000329
0.000328
0.000328
0.000327
0.000326
0.000326
0.000325
0.000325
0.000324
0.000324
0.000323
0.000322
0.000322
0.000321
0.000321
0.000321
0.000320
0.000320
0.000319
