0.169127
0.015459
0.006555
0.003365
0.002396
0.001931
0.001582
0.001340
0.001167
0.001043
0.000954
0.000888
0.000833
0.000786
0.000744
0.000708
0.000677
0.000650
0.000627
0.000607
0.000588
0.000572
0.000557
0.000543
0.000530
0.000517
0.000506
0.000495
0.000485
0.000476
0.000467
0.000459
0.000451
0.000443
0.000436
0.000429
0.000423
0.000417
0.000411
0.000405
0.000400
0.000395
0.000390
0.000385
0.000380
0.000376
0.000371
0.000367
0.000363
0.000359
0.000355
0.000352
0.000349
0.000347
0.000344
0.000342
0.000340
0.000338
0.000337
0.000335
0.000334
0.000333
0.000332
0.000331
0.000330
0.000329
0.000328
0.000327
0.000326
0.000324
0.000323
0.000322
0.000320
0.000319
0.000318
0.000318
0.000317
0.000316
0.000315
0.000315
0.000314
0.000314
0.000313
0.000313
0.000312
0.000312
0.000312
0.000311
0.000311
0.000311
0.000310
0.000310
0.000310
0.000310
0.000310
0.000309
0.000309
0.000309
0.000309
0.000309
