0.315315
0.042673
0.012999
0.008839
0.006705
0.005242
0.004129
0.003286
0.002737
0.002354
0.002052
0.001807
0.001609
0.001449
0.001319
0.001215
0.001132
0.001065
0.001008
0.000959
0.000914
0.000871
0.000829
0.000789
0.000752
0.000718
0.000687
0.000658
0.000631
0.000605
0.000579
0.000555
0.000532
0.000511
0.000490
0.000471
0.000454
0.000438
0.000423
0.000410
0.000399
0.000389
0.000380
0.000373
0.000366
0.000361
0.000356
0.000352
0.000348
0.000345
0.000342
0.000339
0.000337
0.000335
0.000333
0.000331
0.000329
0.000327
0.000325
0.000324
0.000322
0.000321
0.000319
0.000318
0.000317
0.000316
0.000315
0.000314
0.000313
0.000312
0.000312
0.000311
0.000310
0.000310
0.000309
0.000309
0.000308
0.000308
0.000308
0.000307
0.000307
0.000307
0.000307
0.000306
0.000306
0.000306
0.000306
0.000305
0.000305
0.000305
0.000305
0.000305
0.000305
0.000304
0.000304
0.000304
0.000304
0.000304
0.000304
0.000304
