0.202855
0.031947
0.008569
0.006377
0.005450
0.004921
0.004383
0.003821
0.003224
0.002677
0.002241
0.001939
0.001734
0.001585
0.001470
0.001377
0.001295
0.001221
0.001151
0.001084
0.001020
0.000959
0.000901
0.000847
0.000799
0.000756
0.000718
0.000687
0.000660
0.000637
0.000618
0.000602
0.000587
0.000574
0.000563
0.000552
0.000542
0.000532
0.000524
0.000515
0.000508
0.000500
0.000494
0.000487
0.000481
0.000475
0.000470
0.000464
0.000459
0.000455
0.000450
0.000446
0.000442
0.000438
0.000434
0.000431
0.000427
0.000424
0.000421
0.000418
0.000416
0.000413
0.000411
0.000408
0.000406
0.000404
0.000402
0.000401
0.000399
0.000397
0.000395
0.000393
0.000391
0.000389
0.000387
0.000385
0.000383
0.000380
0.000378
0.000376
0.000373
0.000371
0.000369
0.000367
0.000365
0.000363
0.000362
0.000360
0.000359
0.000357
0.000356
0.000355
0.000354
0.000353
0.000352
0.000351
0.000350
0.000349
0.000348
0.000347
