0.194659
0.043666
0.016621
0.006128
0.003839
0.003440
0.003067
0.002773
0.002504
0.002269
0.002070
0.001905
0.001769
0.001654
0.001555
0.001468
0.001390
0.001321
0.001260
0.001208
0.001163
0.001125
0.001093
0.001065
0.001041
0.001018
0.000998
0.000980
0.000965
0.000951
0.000940
0.000930
0.000921
0.000913
0.000905
0.000899
0.000893
0.000888
0.000883
0.000879
0.000875
0.000872
0.000869
0.000867
0.000865
0.000864
0.000862
0.000861
0.000860
0.000860
0.000859
0.000858
0.000858
0.000857
0.000856
0.000855
0.000855
0.000854
0.000853
0.000852
0.000851
0.000851
0.000850
0.000849
0.000848
0.000847
0.000847
0.000846
0.000845
0.000844
0.000844
0.000843
0.000842
0.000842
0.000841
0.000840
0.000840
0.000839
0.000838
0.000838
0.000837
0.000836
0.000836
0.000835
0.000834
0.000834
0.000833
0.000832
0.000832
0.000831
0.000830
0.000830
0.000829
0.000828
0.000827
0.000827
0.000826
0.000825
0.000824
0.000823
