0.115472
0.041539
0.017728
0.007524
0.003350
0.002334
0.001865
0.001601
0.001432
0.001318
0.001236
0.001174
0.001123
0.001080
0.001043
0.001009
0.000980
0.000954
0.000930
0.000910
0.000891
0.000875
0.000861
0.000849
0.000839
0.000829
0.000820
0.000812
0.000804
0.000797
0.000791
0.000786
0.000781
0.000778
0.000774
0.000771
0.000769
0.000766
0.000764
0.000762
0.000760
0.000759
0.000758
0.000756
0.000755
0.000754
0.000753
0.000752
0.000752
0.000751
0.000750
0.000750
0.000750
0.000749
0.000749
0.000749
0.000749
0.000749
0.000748
0.000748
0.000748
0.000748
0.000748
0.000748
0.000748
0.000748
0.000748
0.000748
0.000748
0.000748
0.000748
0.000748
0.000747
0.000747
0.000747
0.000747
0.000747
0.000747
0.000747
0.000747
0.000746
0.000746
0.000746
0.000746
0.000746
0.000746
0.000746
0.000745
0.000745
0.000745
0.000745
0.000745
0.000745
0.000745
0.000744
0.000744
0.000744
0.000744
0.000744
0.000744
