0.538564
0.051859
0.022373
0.011158
0.008460
0.007338
0.006155
0.005166
0.004240
0.003464
0.002868
0.002433
0.002090
0.001793
0.001531
0.001302
0.001106
0.000942
0.000808
0.000700
0.000617
0.000554
0.000506
0.000471
0.000445
0.000425
0.000410
0.000398
0.000388
0.000381
0.000374
0.000369
0.000365
0.000361
0.000358
0.000355
0.000353
0.000350
0.000349
0.000347
0.000345
0.000344
0.000343
0.000341
0.000340
0.000339
0.000338
0.000337
0.000337
0.000336
0.000335
0.000334
0.000334
0.000333
0.000332
0.000331
0.000331
0.000330
0.000329
0.000329
0.000328
0.000327
0.000327
0.000326
0.000325
0.000325
0.000324
0.000323
0.000323
0.000322
0.000321
0.000321
0.000320
0.000320
0.000319
0.000318
0.000318
0.000317
0.000317
0.000316
0.000316
0.000315
0.000314
0.000314
0.000313
0.000313
0.000312
0.000312
0.000312
0.000311
0.000311
0.000310
0.000310
0.000309
0.000309
0.000308
0.000308
0.000308
0.000307
0.000307
