0.126311
0.024302
0.011077
0.007725
0.006258
0.005385
0.004607
0.003946
0.003334
0.002831
0.002441
0.002156
0.001952
0.001796
0.001668
0.001556
0.001458
0.001370
0.001292
0.001221
0.001155
0.001094
0.001037
0.000983
0.000932
0.000885
0.000842
0.000803
0.000767
0.000735
0.000705
0.000678
0.000653
0.000629
0.000608
0.000587
0.000569
0.000551
0.000535
0.000520
0.000506
0.000494
0.000481
0.000470
0.000460
0.000450
0.000441
0.000432
0.000424
0.000417
0.000410
0.000403
0.000397
0.000391
0.000386
0.000381
0.000377
0.000373
0.000369
0.000365
0.000362
0.000359
0.000356
0.000353
0.000351
0.000348
0.000346
0.000344
0.000342
0.000341
0.000339
0.000337
0.000336
0.000334
0.000333
0.000331
0.000330
0.000328
0.000327
0.000326
0.000325
0.000324
0.000323
0.000322
0.000321
0.000320
0.000319
0.000319
0.000318
0.000318
0.000317
0.000316
0.000316
0.000316
0.000315
0.000315
0.000314
0.000314
0.000314
0.000313
