0.152606
0.044083
0.014432
0.004088
0.002607
0.001994
0.001694
0.001478
0.001313
0.001188
0.001092
0.001018
0.000959
0.000913
0.000878
0.000851
0.000831
0.000817
0.000806
0.000797
0.000791
0.000786
0.000782
0.000778
0.000776
0.000774
0.000772
0.000771
0.000770
0.000769
0.000768
0.000767
0.000766
0.000764
0.000763
0.000762
0.000761
0.000760
0.000759
0.000758
0.000757
0.000756
0.000755
0.000754
0.000753
0.000753
0.000752
0.000751
0.000751
0.000750
0.000749
0.000749
0.000748
0.000748
0.000748
0.000747
0.000747
0.000746
0.000746
0.000746
0.000746
0.000745
0.000745
0.000745
0.000745
0.000745
0.000745
0.000744
0.000744
0.000744
0.000744
0.000744
0.000744
0.000744
0.000745
0.000745
0.000745
0.000745
0.000745
0.000745
0.000745
0.000745
0.000745
0.000745
0.000745
0.000745
0.000746
0.000746
0.000746
0.000746
0.000746
0.000746
0.000746
0.000746
0.000746
0.000746
0.000746
0.000746
0.000746
0.000746
