0.310056
0.043199
0.012688
0.008897
0.006652
0.005154
0.003984
0.003100
0.002532
0.002137
0.001829
0.001578
0.001374
0.001208
0.001077
0.000973
0.000892
0.000829
0.000779
0.000739
0.000706
0.000678
0.000655
0.000634
0.000616
0.000601
0.000587
0.000575
0.000564
0.000554
0.000545
0.000536
0.000528
0.000520
0.000512
0.000505
0.000498
0.000490
0.000483
0.000476
0.000469
0.000462
0.000454
0.000447
0.000440
0.000434
0.000427
0.000421
0.000415
0.000410
0.000405
0.000401
0.000396
0.000392
0.000388
0.000384
0.000381
0.000377
0.000374
0.000371
0.000368
0.000365
0.000362
0.000359
0.000356
0.000354
0.000351
0.000349
0.000347
0.000345
0.000343
0.000341
0.000339
0.000338
0.000336
0.000335
0.000333
0.000332
0.000330
0.000329
0.000327
0.000326
0.000325
0.000324
0.000323
0.000322
0.000321
0.000320
0.000319
0.000318
0.000318
0.000317
0.000316
0.000316
0.000315
0.000314
0.000314
0.000313
0.000313
0.000312
