0.394340
0.120275
0.061324
0.048389
0.036735
0.027603
0.019593
0.012932
0.007996
0.005163
0.003959
0.003435
0.003118
0.002863
0.002645
0.002451
0.002274
0.002110
0.001957
0.001814
0.001681
0.001560
0.001455
0.001367
0.001298
0.001245
0.001206
0.001177
0.001154
0.001134
0.001117
0.001101
0.001087
0.001074
0.001061
0.001049
0.001038
0.001028
0.001018
0.001009
0.001000
0.000992
0.000984
0.000977
0.000970
0.000964
0.000957
0.000952
0.000946
0.000941
0.000936
0.000931
0.000926
0.000922
0.000918
0.000914
0.000910
0.000906
0.000902
0.000899
0.000895
0.000892
0.000889
0.000886
0.000883
0.000880
0.000878
0.000875
0.000872
0.000870
0.000867
0.000865
0.000862
0.000860
0.000858
0.000855
0.000853
0.000851
0.000849
0.000847
0.000845
0.000843
0.000841
0.000839
0.000837
0.000835
0.000833
0.000832
0.000830
0.000828
0.000826
0.000825
0.000823
0.000821
0.000820
0.000818
0.000817
0.000815
0.000814
0.000812
