0.114618
0.041276
0.017397
0.007329
0.002985
0.001922
0.001567
0.001334
0.001188
0.001085
0.001012
0.000959
0.000921
0.000894
0.000873
0.000856
0.000842
0.000831
0.000821
0.000813
0.000806
0.000800
0.000795
0.000791
0.000787
0.000783
0.000780
0.000777
0.000775
0.000772
0.000770
0.000768
0.000766
0.000764
0.000762
0.000760
0.000758
0.000756
0.000754
0.000753
0.000751
0.000749
0.000747
0.000746
0.000744
0.000743
0.000742
0.000741
0.000740
0.000739
0.000739
0.000738
0.000738
0.000737
0.000737
0.000736
0.000736
0.000736
0.000736
0.000735
0.000735
0.000735
0.000735
0.000734
0.000734
0.000734
0.000734
0.000734
0.000734
0.000734
0.000734
0.000734
0.000733
0.000733
0.000733
0.000733
0.000733
0.000733
0.000733
0.000733
0.000733
0.000733
0.000733
0.000733
0.000733
0.000733
0.000733
0.000733
0.000733
0.000733
0.000733
0.000733
0.000733
0.000733
0.000733
0.000734
0.000734
0.000734
0.000734
0.000734
