0.180096
0.026912
0.007925
0.004938
0.003326
0.002531
0.001901
0.001515
0.001252
0.001067
0.000934
0.000833
0.000757
0.000700
0.000654
0.000618
0.000589
0.000564
0.000543
0.000524
0.000507
0.000492
0.000478
0.000466
0.000455
0.000446
0.000438
0.000430
0.000424
0.000418
0.000412
0.000407
0.000402
0.000398
0.000393
0.000389
0.000385
0.000382
0.000379
0.000375
0.000372
0.000370
0.000367
0.000364
0.000362
0.000359
0.000357
0.000355
0.000353
0.000351
0.000349
0.000347
0.000346
0.000344
0.000342
0.000341
0.000339
0.000337
0.000336
0.000334
0.000333
0.000331
0.000330
0.000328
0.000327
0.000326
0.000325
0.000323
0.000322
0.000321
0.000320
0.000319
0.000318
0.000318
0.000317
0.000316
0.000315
0.000315
0.000314
0.000313
0.000313
0.000312
0.000312
0.000311
0.000311
0.000310
0.000310
0.000309
0.000309
0.000309
0.000308
0.000308
0.000307
0.000307
0.000307
0.000307
0.000306
0.000306
0.000305
0.000305
