0.112109
0.010766
0.005860
0.003523
0.002996
0.002498
0.002158
0.001891
0.001661
0.001468
0.001310
0.001181
0.001075
0.000988
0.000914
0.000851
0.000797
0.000751
0.000710
0.000676
0.000646
0.000620
0.000598
0.000578
0.000561
0.000545
0.000531
0.000518
0.000506
0.000496
0.000486
0.000477
0.000469
0.000462
0.000455
0.000448
0.000443
0.000437
0.000432
0.000427
0.000423
0.000419
0.000415
0.000411
0.000407
0.000404
0.000401
0.000397
0.000395
0.000392
0.000389
0.000386
0.000384
0.000381
0.000379
0.000377
0.000374
0.000372
0.000370
0.000368
0.000366
0.000364
0.000363
0.000361
0.000359
0.000358
0.000356
0.000355
0.000353
0.000352
0.000350
0.000349
0.000348
0.000347
0.000346
0.000344
0.000343
0.000342
0.000341
0.000341
0.000340
0.000339
0.000338
0.000337
0.000336
0.000335
0.000335
0.000334
0.000333
0.000332
0.000331
0.000331
0.000330
0.000329
0.000328
0.000327
0.000327
0.000326
0.000325
0.000324
