0.192656
0.044611
0.017256
0.006443
0.003895
0.003483
0.003067
0.002711
0.002347
0.001999
0.001719
0.001527
0.001396
0.001304
0.001234
0.001179
0.001134
0.001096
0.001063
0.001034
0.001008
0.000985
0.000963
0.000942
0.000923
0.000905
0.000888
0.000873
0.000859
0.000845
0.000833
0.000823
0.000813
0.000804
0.000797
0.000790
0.000784
0.000779
0.000774
0.000770
0.000767
0.000764
0.000761
0.000759
0.000757
0.000755
0.000753
0.000752
0.000750
0.000749
0.000748
0.000747
0.000747
0.000746
0.000745
0.000745
0.000744
0.000744
0.000743
0.000743
0.000742
0.000742
0.000742
0.000742
0.000741
0.000741
0.000741
0.000741
0.000740
0.000740
0.000740
0.000740
0.000740
0.000740
0.000739
0.000739
0.000739
0.000739
0.000739
0.000739
0.000739
0.000740
0.000740
0.000740
0.000740
0.000740
0.000740
0.000741
0.000741
0.000741
0.000741
0.000742
0.000742
0.000742
0.000742
0.000742
0.000743
0.000743
0.000743
0.000743
