0.333073
0.091900
0.070627
0.048820
0.033032
0.019996
0.011462
0.008091
0.006813
0.005995
0.005412
0.004940
0.004540
0.004188
0.003868
0.003570
0.003288
0.003017
0.002756
0.002503
0.002261
0.002032
0.001822
0.001634
0.001473
0.001340
0.001237
0.001161
0.001106
0.001067
0.001039
0.001017
0.000998
0.000982
0.000967
0.000953
0.000941
0.000929
0.000919
0.000910
0.000901
0.000894
0.000886
0.000880
0.000874
0.000868
0.000863
0.000858
0.000853
0.000849
0.000845
0.000841
0.000838
0.000835
0.000832
0.000829
0.000826
0.000824
0.000821
0.000819
0.000817
0.000815
0.000813
0.000811
0.000809
0.000807
0.000805
0.000804
0.000802
0.000800
0.000799
0.000797
0.000796
0.000795
0.000793
0.000792
0.000791
0.000790
0.000788
0.000787
0.000786
0.000785
0.000784
0.000783
0.000782
0.000781
0.000780
0.000779
0.000779
0.000778
0.000777
0.000776
0.000775
0.000775
0.000774
0.000773
0.000773
0.000772
0.000771
0.000771
