0.202340
0.024715
0.005581
0.003069
0.002184
0.001694
0.001415
0.001211
0.001078
0.000992
0.000935
0.000894
0.000862
0.000836
0.000814
0.000794
0.000775
0.000758
0.000740
0.000724
0.000708
0.000692
0.000677
0.000662
0.000647
0.000633
0.000620
0.000606
0.000594
0.000581
0.000569
0.000557
0.000546
0.000535
0.000525
0.000515
0.000505
0.000497
0.000488
0.000480
0.000473
0.000466
0.000460
0.000454
0.000448
0.000443
0.000439
0.000434
0.000430
0.000426
0.000422
0.000419
0.000415
0.000412
0.000409
0.000406
0.000404
0.000401
0.000399
0.000397
0.000395
0.000393
0.000391
0.000389
0.000387
0.000386
0.000384
0.000382
0.000381
0.000379
0.000378
0.000377
0.000375
0.000374
0.000372
0.000371
0.000370
0.000368
0.000367
0.000366
0.000365
0.000363
0.000362
0.000361
0.000360
0.000358
0.000357
0.000356
0.000355
0.000354
0.000353
0.000351
0.000350
0.000349
0.000348
0.000347
0.000346
0.000345
0.000344
0.000343
