0.373166
0.067197
0.039616
0.025591
0.017911
0.012477
0.008070
0.004928
0.003090
0.002209
0.001788
0.001536
0.001351
0.001214
0.001112
0.001037
0.000981
0.000939
0.000908
0.000883
0.000864
0.000850
0.000838
0.000829
0.000821
0.000815
0.000809
0.000805
0.000801
0.000798
0.000795
0.000793
0.000791
0.000789
0.000787
0.000786
0.000785
0.000783
0.000782
0.000781
0.000781
0.000780
0.000779
0.000778
0.000778
0.000777
0.000777
0.000776
0.000775
0.000775
0.000774
0.000774
0.000773
0.000773
0.000772
0.000772
0.000772
0.000771
0.000771
0.000771
0.000770
0.000770
0.000770
0.000770
0.000769
0.000769
0.000769
0.000769
0.000768
0.000768
0.000768
0.000767
0.000767
0.000766
0.000765
0.000765
0.000764
0.000763
0.000763
0.000762
0.000761
0.000760
0.000759
0.000758
0.000758
0.000757
0.000756
0.000756
0.000755
0.000754
0.000754
0.000753
0.000753
0.000752
0.000752
0.000751
0.000751
0.000751
0.000750
0.000750
