0.206180
0.060461
0.032722
0.014266
0.005631
0.003594
0.002480
0.001895
0.001555
0.001334
0.001180
0.001071
0.000992
0.000935
0.000893
0.000862
0.000839
0.000822
0.000809
0.000799
0.000791
0.000785
0.000780
0.000776
0.000773
0.000769
0.000767
0.000764
0.000762
0.000760
0.000758
0.000756
0.000755
0.000753
0.000752
0.000751
0.000750
0.000749
0.000748
0.000747
0.000746
0.000745
0.000745
0.000744
0.000743
0.000742
0.000741
0.000740
0.000740
0.000739
0.000738
0.000737
0.000736
0.000736
0.000735
0.000735
0.000734
0.000734
0.000733
0.000733
0.000732
0.000732
0.000732
0.000731
0.000731
0.000731
0.000730
0.000730
0.000730
0.000730
0.000729
0.000729
0.000729
0.000729
0.000728
0.000728
0.000728
0.000728
0.000728
0.000728
0.000727
0.000727
0.000727
0.000727
0.000727
0.000727
0.000727
0.000727
0.000727
0.000727
0.000727
0.000727
0.000727
0.000727
0.000727
0.000727
0.000727
0.000727
0.000728
0.000728
