0.197914
0.037868
0.023885
0.017351
0.012453
0.008749
0.005994
0.003999
0.002751
0.002119
0.001845
0.001688
0.001555
0.001433
0.001323
0.001224
0.001138
0.001064
0.001004
0.000956
0.000918
0.000888
0.000866
0.000848
0.000833
0.000821
0.000811
0.000803
0.000796
0.000790
0.000785
0.000781
0.000777
0.000774
0.000771
0.000769
0.000767
0.000765
0.000763
0.000761
0.000759
0.000758
0.000757
0.000756
0.000754
0.000753
0.000752
0.000751
0.000751
0.000750
0.000749
0.000748
0.000747
0.000747
0.000746
0.000745
0.000745
0.000744
0.000744
0.000743
0.000743
0.000742
0.000742
0.000741
0.000741
0.000740
0.000740
0.000740
0.000739
0.000739
0.000739
0.000739
0.000738
0.000738
0.000738
0.000738
0.000737
0.000737
0.000737
0.000737
0.000737
0.000737
0.000737
0.000737
0.000737
0.000737
0.000737
0.000737
0.000737
0.000737
0.000737
0.000737
0.000737
0.000737
0.000738
0.000738
0.000738
0.000738
0.000738
0.000738
