0.283561
0.064134
0.013313
0.007906
0.007723
0.007111
0.006763
0.006400
0.005979
0.005498
0.004972
0.004455
0.004009
0.003653
0.003355
0.003087
0.002841
0.002618
0.002414
0.002227
0.002056
0.001897
0.001750
0.001613
0.001487
0.001370
0.001263
0.001165
0.001077
0.000998
0.000928
0.000867
0.000813
0.000766
0.000725
0.000689
0.000658
0.000632
0.000608
0.000588
0.000571
0.000556
0.000542
0.000530
0.000520
0.000510
0.000502
0.000494
0.000487
0.000480
0.000474
0.000468
0.000463
0.000457
0.000452
0.000447
0.000443
0.000438
0.000434
0.000430
0.000426
0.000423
0.000419
0.000416
0.000413
0.000410
0.000407
0.000404
0.000401
0.000398
0.000396
0.000393
0.000391
0.000388
0.000386
0.000384
0.000382
0.000380
0.000378
0.000376
0.000374
0.000372
0.000370
0.000368
0.000367
0.000365
0.000363
0.000362
0.000360
0.000359
0.000357
0.000356
0.000355
0.000353
0.000352
0.000351
0.000350
0.000348
0.000347
0.000346
