0.193230
0.045169
0.017883
0.006970
0.004262
0.003829
0.003428
0.003087
0.002744
0.002411
0.002107
0.001857
0.001673
0.001538
0.001432
0.001349
0.001284
0.001231
0.001190
0.001156
0.001128
0.001105
0.001085
0.001067
0.001051
0.001036
0.001022
0.001009
0.000996
0.000983
0.000970
0.000958
0.000945
0.000933
0.000921
0.000910
0.000899
0.000890
0.000881
0.000873
0.000865
0.000858
0.000851
0.000845
0.000839
0.000833
0.000828
0.000823
0.000819
0.000815
0.000811
0.000808
0.000804
0.000802
0.000799
0.000797
0.000795
0.000794
0.000793
0.000792
0.000791
0.000790
0.000790
0.000790
0.000790
0.000789
0.000789
0.000789
0.000789
0.000789
0.000789
0.000789
0.000789
0.000789
0.000788
0.000788
0.000788
0.000788
0.000788
0.000788
0.000787
0.000787
0.000787
0.000787
0.000787
0.000787
0.000786
0.000786
0.000786
0.000786
0.000786
0.000785
0.000785
0.000785
0.000785
0.000784
0.000784
0.000784
0.000783
0.000783
