0.179582
0.025546
0.008148
0.004770
0.003301
0.002595
0.002063
0.001726
0.001476
0.001283
0.001138
0.001028
0.000941
0.000871
0.000812
0.000762
0.000718
0.000679
0.000643
0.000611
0.000582
0.000557
0.000535
0.000518
0.000503
0.000490
0.000479
0.000469
0.000460
0.000452
0.000445
0.000438
0.000432
0.000427
0.000422
0.000417
0.000412
0.000408
0.000404
0.000400
0.000397
0.000394
0.000391
0.000388
0.000385
0.000382
0.000379
0.000377
0.000374
0.000371
0.000369
0.000366
0.000364
0.000362
0.000359
0.000357
0.000355
0.000353
0.000351
0.000349
0.000347
0.000346
0.000344
0.000343
0.000341
0.000340
0.000339
0.000338
0.000337
0.000336
0.000335
0.000334
0.000333
0.000332
0.000331
0.000330
0.000329
0.000328
0.000327
0.000326
0.000325
0.000323
0.000322
0.000321
0.000321
0.000320
0.000319
0.000318
0.000317
0.000317
0.000316
0.000315
0.000315
0.000314
0.000314
0.000313
0.000313
0.000312
0.000312
0.000311
