0.104650
0.016037
0.006167
0.002880
0.002208
0.001816
0.001619
0.001465
0.001334
0.001222
0.001125
0.001037
0.000957
0.000888
0.000833
0.000790
0.000757
0.000729
0.000705
0.000684
0.000665
0.000649
0.000633
0.000619
0.000605
0.000592
0.000580
0.000568
0.000556
0.000545
0.000535
0.000525
0.000515
0.000506
0.000497
0.000489
0.000480
0.000472
0.000465
0.000457
0.000450
0.000444
0.000437
0.000431
0.000425
0.000419
0.000414
0.000408
0.000403
0.000398
0.000394
0.000389
0.000385
0.000381
0.000377
0.000373
0.000369
0.000365
0.000361
0.000357
0.000354
0.000351
0.000348
0.000345
0.000342
0.000340
0.000338
0.000336
0.000334
0.000332
0.000331
0.000329
0.000328
0.000326
0.000325
0.000324
0.000323
0.000322
0.000321
0.000320
0.000319
0.000318
0.000317
0.000316
0.000316
0.000315
0.000315
0.000314
0.000314
0.000313
0.000313
0.000312
0.000312
0.000311
0.000311
0.000311
0.000310
0.000310
0.000310
0.000310
