0.179440
0.026015
0.007999
0.004892
0.003331
0.002533
0.001913
0.001531
0.001272
0.001091
0.000961
0.000867
0.000798
0.000745
0.000703
0.000669
0.000640
0.000614
0.000591
0.000570
0.000550
0.000532
0.000516
0.000502
0.000490
0.000480
0.000471
0.000462
0.000454
0.000447
0.000441
0.000434
0.000429
0.000423
0.000418
0.000413
0.000409
0.000405
0.000401
0.000397
0.000393
0.000390
0.000386
0.000383
0.000380
0.000378
0.000375
0.000372
0.000370
0.000367
0.000365
0.000363
0.000360
0.000358
0.000356
0.000354
0.000352
0.000350
0.000348
0.000346
0.000344
0.000342
0.000341
0.000339
0.000338
0.000337
0.000335
0.000334
0.000333
0.000332
0.000331
0.000330
0.000329
0.000328
0.000327
0.000326
0.000325
0.000325
0.000324
0.000323
0.000323
0.000322
0.000321
0.000321
0.000320
0.000319
0.000319
0.000318
0.000317
0.000316
0.000316
0.000315
0.000315
0.000314
0.000313
0.000313
0.000312
0.000312
0.000311
0.000311
