0.300377
0.099618
0.062659
0.042361
0.026433
0.014304
0.007086
0.004470
0.003602
0.002969
0.002497
0.002125
0.001823
0.001581
0.001394
0.001258
0.001167
0.001108
0.001069
0.001041
0.001018
0.000998
0.000981
0.000965
0.000951
0.000938
0.000927
0.000917
0.000908
0.000900
0.000893
0.000886
0.000880
0.000875
0.000870
0.000866
0.000862
0.000858
0.000855
0.000852
0.000849
0.000846
0.000843
0.000841
0.000838
0.000835
0.000833
0.000830
0.000828
0.000825
0.000822
0.000819
0.000817
0.000814
0.000812
0.000809
0.000807
0.000804
0.000802
0.000800
0.000798
0.000796
0.000794
0.000792
0.000790
0.000789
0.000787
0.000785
0.000784
0.000783
0.000781
0.000780
0.000778
0.000777
0.000776
0.000774
0.000773
0.000771
0.000770
0.000769
0.000767
0.000766
0.000765
0.000764
0.000763
0.000762
0.000761
0.000760
0.000759
0.000758
0.000758
0.000757
0.000757
0.000757
0.000756
0.000756
0.000756
0.000756
0.000755
0.000755
