0.390872
0.118713
0.062343
0.049448
0.038110
0.029351
0.021938
0.015841
0.011077
0.007588
0.005243
0.003869
0.003189
0.002895
0.002749
0.002643
0.002548
0.002461
0.002381
0.002307
0.002236
0.002168
0.002103
0.002039
0.001977
0.001915
0.001854
0.001794
0.001735
0.001676
0.001618
0.001560
0.001503
0.001446
0.001390
0.001336
0.001282
0.001231
0.001182
0.001137
0.001097
0.001061
0.001031
0.001007
0.000988
0.000972
0.000959
0.000949
0.000939
0.000931
0.000923
0.000916
0.000909
0.000903
0.000897
0.000891
0.000886
0.000881
0.000876
0.000871
0.000867
0.000863
0.000859
0.000855
0.000852
0.000849
0.000846
0.000843
0.000840
0.000837
0.000835
0.000832
0.000830
0.000828
0.000826
0.000824
0.000822
0.000821
0.000819
0.000818
0.000816
0.000815
0.000813
0.000812
0.000811
0.000810
0.000809
0.000808
0.000807
0.000806
0.000805
0.000804
0.000803
0.000803
0.000802
0.000801
0.000801
0.000800
0.000799
0.000799
