0.165785
0.013355
0.006093
0.002928
0.002121
0.001726
0.001420
0.001196
0.001027
0.000901
0.000810
0.000743
0.000691
0.000648
0.000612
0.000580
0.000553
0.000530
0.000510
0.000492
0.000477
0.000463
0.000450
0.000439
0.000429
0.000420
0.000412
0.000404
0.000397
0.000391
0.000385
0.000379
0.000374
0.000369
0.000364
0.000360
0.000356
0.000353
0.000349
0.000346
0.000343
0.000340
0.000338
0.000335
0.000333
0.000331
0.000329
0.000327
0.000326
0.000324
0.000323
0.000321
0.000320
0.000319
0.000318
0.000317
0.000315
0.000314
0.000313
0.000312
0.000311
0.000310
0.000309
0.000308
0.000307
0.000306
0.000305
0.000304
0.000303
0.000302
0.000302
0.000301
0.000300
0.000300
0.000299
0.000299
0.000298
0.000298
0.000297
0.000297
0.000297
0.000296
0.000296
0.000296
0.000296
0.000295
0.000295
0.000295
0.000295
0.000295
0.000294
0.000294
0.000294
0.000294
0.000294
0.000294
0.000294
0.000294
0.000294
0.000294
