0.204802
0.031866
0.008627
0.006668
0.005710
0.005154
0.004576
0.003954
0.003283
0.002681
0.002246
0.001972
0.001784
0.001638
0.001521
0.001422
0.001336
0.001258
0.001186
0.001118
0.001054
0.000994
0.000937
0.000883
0.000832
0.000786
0.000745
0.000709
0.000679
0.000654
0.000634
0.000619
0.000606
0.000595
0.000586
0.000578
0.000570
0.000563
0.000556
0.000550
0.000543
0.000537
0.000531
0.000525
0.000520
0.000515
0.000509
0.000504
0.000500
0.000495
0.000490
0.000486
0.000481
0.000477
0.000473
0.000469
0.000465
0.000461
0.000457
0.000453
0.000449
0.000446
0.000442
0.000439
0.000436
0.000432
0.000429
0.000426
0.000423
0.000420
0.000417
0.000414
0.000411
0.000409
0.000406
0.000403
0.000401
0.000398
0.000396
0.000394
0.000391
0.000389
0.000387
0.000385
0.000383
0.000381
0.000379
0.000378
0.000376
0.000374
0.000373
0.000371
0.000370
0.000369
0.000367
0.000366
0.000364
0.000363
0.000362
0.000360
