0.302309
0.095667
0.052765
0.030972
0.015966
0.006999
0.004254
0.003331
0.002601
0.002117
0.001805
0.001610
0.001470
0.001356
0.001263
0.001186
0.001123
0.001072
0.001029
0.000993
0.000962
0.000936
0.000914
0.000895
0.000879
0.000865
0.000853
0.000842
0.000833
0.000825
0.000818
0.000813
0.000809
0.000806
0.000803
0.000801
0.000800
0.000798
0.000797
0.000796
0.000796
0.000795
0.000795
0.000794
0.000794
0.000794
0.000794
0.000793
0.000793
0.000793
0.000793
0.000793
0.000793
0.000793
0.000793
0.000793
0.000792
0.000792
0.000792
0.000792
0.000792
0.000792
0.000792
0.000792
0.000792
0.000792
0.000792
0.000792
0.000792
0.000792
0.000792
0.000792
0.000792
0.000792
0.000792
0.000792
0.000792
0.000792
0.000792
0.000792
0.000792
0.000792
0.000792
0.000792
0.000792
0.000792
0.000792
0.000792
0.000792
0.000792
0.000792
0.000792
0.000792
0.000792
0.000792
0.000792
0.000792
0.000792
0.000792
0.000792
