0.333871
0.092884
0.071582
0.049822
0.034062
0.020844
0.011789
0.007928
0.006666
0.005939
0.005448
0.005054
0.004714
0.004409
0.004129
0.003866
0.003615
0.003374
0.003140
0.002912
0.002691
0.002477
0.002273
0.002083
0.001910
0.001756
0.001625
0.001514
0.001423
0.001349
0.001287
0.001234
0.001188
0.001147
0.001111
0.001078
0.001048
0.001021
0.000996
0.000973
0.000953
0.000934
0.000918
0.000902
0.000889
0.000877
0.000867
0.000859
0.000852
0.000846
0.000841
0.000836
0.000832
0.000829
0.000825
0.000822
0.000819
0.000816
0.000813
0.000811
0.000808
0.000806
0.000804
0.000801
0.000799
0.000797
0.000796
0.000794
0.000792
0.000790
0.000789
0.000787
0.000786
0.000785
0.000784
0.000782
0.000781
0.000780
0.000779
0.000778
0.000777
0.000776
0.000776
0.000775
0.000774
0.000773
0.000773
0.000772
0.000772
0.000771
0.000771
0.000770
0.000770
0.000769
0.000769
0.000768
0.000768
0.000768
0.000767
0.000767
