0.354099
0.066031
0.039506
0.022422
0.013047
0.007538
0.004818
0.003739
0.003303
0.003041
0.002813
0.002598
0.002397
0.002209
0.002032
0.001866
0.001712
0.001572
0.001448
0.001341
0.001251
0.001181
0.001129
0.001092
0.001066
0.001045
0.001027
0.001010
0.000995
0.000980
0.000967
0.000954
0.000942
0.000931
0.000921
0.000911
0.000902
0.000894
0.000886
0.000879
0.000872
0.000866
0.000860
0.000855
0.000850
0.000845
0.000841
0.000837
0.000833
0.000829
0.000826
0.000823
0.000819
0.000816
0.000814
0.000811
0.000808
0.000805
0.000803
0.000801
0.000799
0.000796
0.000795
0.000793
0.000791
0.000789
0.000788
0.000786
0.000785
0.000783
0.000782
0.000781
0.000780
0.000778
0.000777
0.000776
0.000775
0.000774
0.000773
0.000772
0.000771
0.000770
0.000769
0.000769
0.000768
0.000767
0.000767
0.000766
0.000765
0.000765
0.000764
0.000764
0.000763
0.000763
0.000762
0.000762
0.000762
0.000761
0.000761
0.000761
