0.203583
0.032089
0.008656
0.006553
0.005631
0.005111
0.004592
0.004038
0.003429
0.002839
0.002346
0.002000
0.001776
0.001622
0.001506
0.001412
0.001332
0.001260
0.001193
0.001129
0.001067
0.001008
0.000952
0.000898
0.000847
0.000800
0.000757
0.000718
0.000683
0.000653
0.000628
0.000606
0.000588
0.000572
0.000559
0.000547
0.000536
0.000526
0.000517
0.000509
0.000501
0.000494
0.000487
0.000480
0.000474
0.000468
0.000462
0.000457
0.000452
0.000448
0.000443
0.000439
0.000435
0.000431
0.000427
0.000423
0.000420
0.000417
0.000414
0.000411
0.000408
0.000405
0.000403
0.000400
0.000398
0.000396
0.000394
0.000392
0.000390
0.000388
0.000387
0.000385
0.000383
0.000382
0.000380
0.000378
0.000376
0.000374
0.000372
0.000370
0.000368
0.000366
0.000364
0.000361
0.000359
0.000357
0.000355
0.000354
0.000352
0.000350
0.000349
0.000348
0.000346
0.000345
0.000344
0.000343
0.000342
0.000341
0.000340
0.000339
