0.537227
0.048615
0.023431
0.011217
0.008282
0.007101
0.005622
0.004223
0.003147
0.002556
0.002074
0.001699
0.001424
0.001236
0.001098
0.000989
0.000896
0.000816
0.000746
0.000686
0.000634
0.000592
0.000557
0.000529
0.000506
0.000487
0.000472
0.000459
0.000448
0.000438
0.000430
0.000423
0.000416
0.000410
0.000405
0.000400
0.000396
0.000392
0.000388
0.000385
0.000382
0.000379
0.000376
0.000374
0.000371
0.000369
0.000367
0.000365
0.000363
0.000361
0.000360
0.000358
0.000356
0.000355
0.000353
0.000352
0.000351
0.000349
0.000348
0.000347
0.000345
0.000344
0.000343
0.000342
0.000341
0.000339
0.000338
0.000337
0.000336
0.000335
0.000334
0.000333
0.000332
0.000331
0.000331
0.000330
0.000329
0.000328
0.000327
0.000327
0.000326
0.000325
0.000325
0.000324
0.000323
0.000323
0.000322
0.000322
0.000321
0.000321
0.000320
0.000319
0.000319
0.000318
0.000318
0.000317
0.000317
0.000317
0.000316
0.000316
