0.280661
0.063008
0.012913
0.007997
0.007656
0.006900
0.006406
0.005829
0.005137
0.004354
0.003575
0.002940
0.002492
0.002157
0.001877
0.001646
0.001460
0.001312
0.001195
0.001101
0.001025
0.000962
0.000909
0.000865
0.000827
0.000795
0.000767
0.000743
0.000721
0.000702
0.000684
0.000668
0.000653
0.000640
0.000627
0.000614
0.000603
0.000592
0.000581
0.000571
0.000561
0.000552
0.000543
0.000535
0.000527
0.000519
0.000511
0.000504
0.000497
0.000491
0.000485
0.000479
0.000473
0.000467
0.000462
0.000457
0.000452
0.000447
0.000443
0.000439
0.000434
0.000431
0.000427
0.000423
0.000419
0.000416
0.000413
0.000410
0.000407
0.000404
0.000401
0.000399
0.000396
0.000394
0.000392
0.000390
0.000388
0.000386
0.000384
0.000382
0.000381
0.000379
0.000378
0.000376
0.000375
0.000373
0.000372
0.000371
0.000370
0.000369
0.000367
0.000366
0.000365
0.000364
0.000363
0.000362
0.000361
0.000360
0.000360
0.000359
