0.202240
0.031754
0.008659
0.006338
0.005418
0.004939
0.004452
0.003966
0.003456
0.002993
0.002618
0.002342
0.002145
0.001995
0.001875
0.001773
0.001683
0.001600
0.001521
0.001445
0.001371
0.001298
0.001228
0.001160
0.001097
0.001039
0.000988
0.000945
0.000908
0.000877
0.000850
0.000826
0.000804
0.000783
0.000764
0.000746
0.000728
0.000711
0.000695
0.000680
0.000666
0.000652
0.000638
0.000625
0.000613
0.000601
0.000590
0.000579
0.000568
0.000559
0.000549
0.000540
0.000532
0.000524
0.000516
0.000509
0.000502
0.000496
0.000490
0.000485
0.000480
0.000475
0.000470
0.000465
0.000461
0.000456
0.000451
0.000446
0.000441
0.000435
0.000430
0.000425
0.000420
0.000416
0.000412
0.000408
0.000404
0.000401
0.000398
0.000395
0.000392
0.000390
0.000387
0.000385
0.000382
0.000380
0.000378
0.000376
0.000374
0.000372
0.000370
0.000368
0.000366
0.000365
0.000363
0.000362
0.000360
0.000359
0.000357
0.000356
