0.298913
0.100459
0.063792
0.043593
0.027684
0.015424
0.007794
0.004584
0.003661
0.003138
0.002711
0.002363
0.002069
0.001821
0.001611
0.001436
0.001296
0.001188
0.001110
0.001056
0.001019
0.000992
0.000971
0.000953
0.000938
0.000924
0.000912
0.000901
0.000890
0.000881
0.000873
0.000865
0.000859
0.000853
0.000847
0.000842
0.000838
0.000834
0.000830
0.000827
0.000824
0.000821
0.000818
0.000815
0.000813
0.000810
0.000808
0.000805
0.000803
0.000801
0.000798
0.000796
0.000794
0.000792
0.000791
0.000789
0.000788
0.000786
0.000785
0.000783
0.000782
0.000781
0.000780
0.000779
0.000778
0.000777
0.000776
0.000775
0.000774
0.000773
0.000772
0.000771
0.000770
0.000770
0.000769
0.000768
0.000768
0.000767
0.000766
0.000766
0.000765
0.000765
0.000764
0.000764
0.000763
0.000763
0.000762
0.000761
0.000761
0.000761
0.000760
0.000760
0.000759
0.000759
0.000758
0.000758
0.000757
0.000757
0.000756
0.000756
