0.183080
0.053019
0.041502
0.028773
0.019697
0.012964
0.008072
0.004701
0.002818
0.002016
0.001686
0.001507
0.001386
0.001302
0.001240
0.001191
0.001153
0.001121
0.001094
0.001070
0.001048
0.001029
0.001011
0.000994
0.000979
0.000964
0.000950
0.000936
0.000923
0.000910
0.000899
0.000887
0.000876
0.000866
0.000856
0.000847
0.000839
0.000831
0.000824
0.000816
0.000809
0.000802
0.000796
0.000789
0.000783
0.000778
0.000773
0.000770
0.000766
0.000763
0.000761
0.000759
0.000757
0.000756
0.000755
0.000754
0.000753
0.000752
0.000752
0.000752
0.000752
0.000752
0.000752
0.000752
0.000752
0.000752
0.000753
0.000753
0.000754
0.000754
0.000755
0.000755
0.000756
0.000756
0.000757
0.000757
0.000758
0.000758
0.000759
0.000759
0.000759
0.000760
0.000760
0.000760
0.000761
0.000761
0.000761
0.000761
0.000762
0.000762
0.000762
0.000762
0.000762
0.000762
0.000763
0.000763
0.000763
0.000763
0.000763
0.000763
