0.354040
0.065608
0.037819
0.020264
0.010442
0.005424
0.003920
0.003550
0.003217
0.002930
0.002681
0.002458
0.002259
0.002081
0.001924
0.001788
0.001672
0.001572
0.001485
0.001407
0.001338
0.001275
0.001218
0.001167
0.001120
0.001078
0.001040
0.001006
0.000975
0.000948
0.000923
0.000901
0.000881
0.000864
0.000851
0.000840
0.000833
0.000827
0.000822
0.000819
0.000816
0.000813
0.000811
0.000809
0.000807
0.000806
0.000804
0.000803
0.000802
0.000801
0.000800
0.000799
0.000798
0.000798
0.000797
0.000797
0.000796
0.000796
0.000795
0.000795
0.000795
0.000795
0.000794
0.000794
0.000794
0.000794
0.000794
0.000794
0.000794
0.000794
0.000794
0.000794
0.000794
0.000794
0.000794
0.000794
0.000794
0.000794
0.000794
0.000794
0.000794
0.000794
0.000794
0.000794
0.000794
0.000794
0.000794
0.000794
0.000794
0.000794
0.000794
0.000794
0.000794
0.000794
0.000794
0.000794
0.000794
0.000794
0.000794
0.000794
