0.201269
0.023736
0.005518
0.003355
0.002372
0.001908
0.001625
0.001399
0.001229
0.001103
0.001011
0.000945
0.000895
0.000858
0.000827
0.000801
0.000778
0.000757
0.000737
0.000718
0.000700
0.000682
0.000665
0.000649
0.000633
0.000618
0.000603
0.000589
0.000576
0.000563
0.000550
0.000538
0.000527
0.000516
0.000505
0.000495
0.000485
0.000476
0.000468
0.000459
0.000451
0.000444
0.000437
0.000431
0.000425
0.000419
0.000414
0.000409
0.000404
0.000399
0.000395
0.000391
0.000387
0.000383
0.000379
0.000376
0.000373
0.000370
0.000367
0.000365
0.000363
0.000361
0.000359
0.000358
0.000356
0.000355
0.000353
0.000352
0.000351
0.000350
0.000349
0.000348
0.000347
0.000346
0.000345
0.000344
0.000343
0.000343
0.000342
0.000341
0.000341
0.000340
0.000339
0.000339
0.000338
0.000338
0.000337
0.000337
0.000336
0.000336
0.000335
0.000335
0.000334
0.000334
0.000333
0.000333
0.000333
0.000332
0.000332
0.000332
