0.126055
0.024594
0.010871
0.007671
0.006313
0.005543
0.004850
0.004250
0.003664
0.003140
0.002684
0.002314
0.002037
0.001839
0.001695
0.001582
0.001485
0.001398
0.001319
0.001245
0.001176
0.001110
0.001046
0.000985
0.000924
0.000865
0.000809
0.000756
0.000708
0.000665
0.000627
0.000595
0.000568
0.000545
0.000527
0.000512
0.000500
0.000490
0.000482
0.000475
0.000468
0.000462
0.000457
0.000452
0.000447
0.000442
0.000438
0.000434
0.000430
0.000426
0.000422
0.000419
0.000415
0.000412
0.000409
0.000406
0.000403
0.000400
0.000397
0.000394
0.000391
0.000389
0.000386
0.000384
0.000381
0.000379
0.000377
0.000375
0.000373
0.000371
0.000369
0.000367
0.000365
0.000363
0.000362
0.000360
0.000358
0.000356
0.000354
0.000352
0.000350
0.000349
0.000347
0.000345
0.000344
0.000342
0.000341
0.000339
0.000338
0.000337
0.000336
0.000335
0.000334
0.000333
0.000332
0.000331
0.000330
0.000329
0.000328
0.000327
