0.307451
0.083086
0.048459
0.027414
0.013891
0.007442
0.005228
0.004060
0.003273
0.002801
0.002494
0.002281
0.002121
0.001994
0.001887
0.001795
0.001715
0.001643
0.001579
0.001522
0.001469
0.001422
0.001378
0.001339
0.001303
0.001270
0.001240
0.001213
0.001189
0.001167
0.001148
0.001130
0.001114
0.001099
0.001086
0.001074
0.001063
0.001053
0.001043
0.001034
0.001026
0.001018
0.001010
0.001003
0.000996
0.000989
0.000982
0.000976
0.000969
0.000963
0.000957
0.000951
0.000946
0.000940
0.000935
0.000930
0.000925
0.000919
0.000914
0.000909
0.000904
0.000900
0.000895
0.000890
0.000885
0.000880
0.000875
0.000870
0.000865
0.000860
0.000855
0.000849
0.000844
0.000838
0.000832
0.000826
0.000820
0.000814
0.000808
0.000802
0.000796
0.000791
0.000787
0.000784
0.000781
0.000778
0.000776
0.000774
0.000772
0.000771
0.000769
0.000768
0.000767
0.000766
0.000765
0.000764
0.000764
0.000763
0.000762
0.000762
