0.546586
0.048681
0.022909
0.011152
0.008317
0.007014
0.005604
0.004421
0.003522
0.002985
0.002548
0.002163
0.001841
0.001591
0.001407
0.001270
0.001158
0.001061
0.000973
0.000893
0.000820
0.000757
0.000705
0.000662
0.000626
0.000595
0.000569
0.000547
0.000528
0.000511
0.000496
0.000483
0.000471
0.000460
0.000451
0.000442
0.000434
0.000426
0.000419
0.000413
0.000407
0.000401
0.000396
0.000391
0.000386
0.000382
0.000378
0.000374
0.000371
0.000367
0.000364
0.000361
0.000358
0.000356
0.000353
0.000351
0.000348
0.000346
0.000344
0.000342
0.000340
0.000339
0.000337
0.000335
0.000334
0.000332
0.000331
0.000329
0.000328
0.000327
0.000326
0.000325
0.000324
0.000323
0.000322
0.000321
0.000320
0.000319
0.000318
0.000317
0.000317
0.000316
0.000315
0.000314
0.000314
0.000313
0.000313
0.000312
0.000312
0.000311
0.000310
0.000310
0.000309
0.000309
0.000309
0.000308
0.000308
0.000307
0.000307
0.000307
