0.392588
0.119584
0.062018
0.049187
0.037793
0.029001
0.021480
0.015257
0.010383
0.006864
0.004631
0.003485
0.003030
0.002856
0.002745
0.002644
0.002549
0.002461
0.002376
0.002296
0.002218
0.002143
0.002070
0.002000
0.001931
0.001863
0.001797
0.001732
0.001668
0.001605
0.001542
0.001481
0.001420
0.001361
0.001302
0.001246
0.001193
0.001144
0.001101
0.001066
0.001037
0.001016
0.001000
0.000987
0.000978
0.000969
0.000961
0.000955
0.000948
0.000942
0.000936
0.000931
0.000925
0.000920
0.000916
0.000911
0.000907
0.000902
0.000898
0.000895
0.000891
0.000888
0.000884
0.000881
0.000878
0.000875
0.000873
0.000870
0.000867
0.000865
0.000863
0.000861
0.000859
0.000857
0.000855
0.000853
0.000851
0.000850
0.000848
0.000847
0.000845
0.000844
0.000843
0.000841
0.000840
0.000839
0.000838
0.000837
0.000836
0.000835
0.000834
0.000833
0.000832
0.000831
0.000830
0.000829
0.000828
0.000827
0.000826
0.000825
