0.154245
0.045061
0.015260
0.004856
0.003105
0.002361
0.002024
0.001788
0.001600
0.001450
0.001332
0.001242
0.001172
0.001119
0.001079
0.001047
0.001022
0.001002
0.000984
0.000968
0.000953
0.000940
0.000928
0.000916
0.000905
0.000895
0.000886
0.000877
0.000868
0.000859
0.000850
0.000841
0.000832
0.000823
0.000815
0.000808
0.000802
0.000796
0.000791
0.000786
0.000782
0.000778
0.000774
0.000771
0.000768
0.000765
0.000762
0.000760
0.000758
0.000757
0.000756
0.000755
0.000754
0.000753
0.000752
0.000752
0.000752
0.000751
0.000751
0.000750
0.000750
0.000749
0.000749
0.000748
0.000748
0.000747
0.000747
0.000747
0.000746
0.000746
0.000745
0.000745
0.000745
0.000745
0.000744
0.000744
0.000744
0.000744
0.000744
0.000743
0.000743
0.000743
0.000743
0.000743
0.000743
0.000743
0.000743
0.000743
0.000743
0.000743
0.000742
0.000742
0.000742
0.000742
0.000742
0.000742
0.000742
0.000742
0.000742
0.000742
