0.373944
0.065781
0.038982
0.025419
0.018282
0.013308
0.009167
0.006022
0.003859
0.002645
0.002041
0.001702
0.001472
0.001299
0.001167
0.001069
0.000996
0.000941
0.000900
0.000869
0.000846
0.000827
0.000813
0.000801
0.000792
0.000785
0.000778
0.000773
0.000769
0.000766
0.000763
0.000761
0.000759
0.000757
0.000755
0.000754
0.000753
0.000752
0.000751
0.000751
0.000750
0.000749
0.000749
0.000748
0.000748
0.000747
0.000747
0.000746
0.000746
0.000746
0.000745
0.000745
0.000744
0.000744
0.000744
0.000743
0.000743
0.000742
0.000742
0.000742
0.000741
0.000741
0.000740
0.000740
0.000740
0.000740
0.000739
0.000739
0.000739
0.000739
0.000739
0.000738
0.000738
0.000738
0.000738
0.000738
0.000738
0.000738
0.000738
0.000738
0.000738
0.000738
0.000738
0.000738
0.000738
0.000738
0.000738
0.000738
0.000737
0.000737
0.000737
0.000737
0.000736
0.000736
0.000735
0.000735
0.000735
0.000734
0.000734
0.000733
