0.193677
0.044815
0.017523
0.006648
0.004056
0.003630
0.003225
0.002884
0.002546
0.002228
0.001947
0.001720
0.001555
0.001437
0.001349
0.001283
0.001231
0.001189
0.001156
0.001128
0.001105
0.001084
0.001066
0.001049
0.001033
0.001019
0.001005
0.000991
0.000978
0.000965
0.000952
0.000940
0.000928
0.000916
0.000904
0.000894
0.000884
0.000876
0.000868
0.000861
0.000854
0.000848
0.000842
0.000837
0.000832
0.000828
0.000824
0.000821
0.000818
0.000815
0.000813
0.000811
0.000810
0.000808
0.000807
0.000807
0.000806
0.000806
0.000806
0.000806
0.000806
0.000806
0.000806
0.000806
0.000806
0.000806
0.000806
0.000806
0.000806
0.000805
0.000805
0.000805
0.000805
0.000804
0.000804
0.000804
0.000803
0.000803
0.000803
0.000802
0.000802
0.000802
0.000801
0.000801
0.000800
0.000800
0.000799
0.000799
0.000799
0.000798
0.000798
0.000797
0.000796
0.000796
0.000795
0.000795
0.000794
0.000793
0.000793
0.000792
