0.214309
0.026155
0.006201
0.004057
0.002940
0.002394
0.002020
0.001695
0.001430
0.001225
0.001074
0.000970
0.000901
0.000854
0.000821
0.000795
0.000772
0.000751
0.000731
0.000713
0.000695
0.000678
0.000662
0.000646
0.000631
0.000617
0.000603
0.000589
0.000576
0.000563
0.000551
0.000539
0.000528
0.000517
0.000506
0.000496
0.000486
0.000477
0.000468
0.000459
0.000450
0.000442
0.000435
0.000427
0.000420
0.000414
0.000408
0.000402
0.000396
0.000390
0.000384
0.000378
0.000373
0.000368
0.000363
0.000359
0.000355
0.000352
0.000349
0.000346
0.000343
0.000341
0.000339
0.000337
0.000335
0.000334
0.000332
0.000331
0.000330
0.000329
0.000328
0.000327
0.000327
0.000326
0.000325
0.000325
0.000324
0.000324
0.000323
0.000323
0.000323
0.000322
0.000322
0.000322
0.000321
0.000321
0.000321
0.000320
0.000320
0.000320
0.000320
0.000320
0.000319
0.000319
0.000319
0.000319
0.000318
0.000318
0.000318
0.000318
