0.109286
0.010794
0.005633
0.003332
0.002840
0.002421
0.002118
0.001880
0.001669
0.001486
0.001333
0.001205
0.001098
0.001009
0.000932
0.000865
0.000808
0.000757
0.000714
0.000677
0.000646
0.000618
0.000595
0.000574
0.000555
0.000539
0.000524
0.000511
0.000498
0.000487
0.000477
0.000468
0.000459
0.000451
0.000444
0.000437
0.000430
0.000424
0.000419
0.000413
0.000408
0.000404
0.000399
0.000395
0.000391
0.000387
0.000383
0.000380
0.000377
0.000374
0.000371
0.000368
0.000365
0.000363
0.000360
0.000358
0.000355
0.000353
0.000351
0.000349
0.000347
0.000345
0.000344
0.000342
0.000340
0.000339
0.000337
0.000336
0.000335
0.000333
0.000332
0.000331
0.000330
0.000329
0.000328
0.000327
0.000326
0.000325
0.000324
0.000323
0.000323
0.000322
0.000321
0.000321
0.000320
0.000320
0.000319
0.000319
0.000318
0.000318
0.000317
0.000317
0.000316
0.000316
0.000315
0.000314
0.000314
0.000313
0.000313
0.000312
