0.356600
0.067077
0.039017
0.021440
0.011633
0.006253
0.004099
0.003477
0.003160
0.002876
0.002627
0.002405
0.002208
0.002031
0.001874
0.001735
0.001614
0.001510
0.001422
0.001351
0.001294
0.001249
0.001214
0.001185
0.001160
0.001138
0.001118
0.001100
0.001083
0.001067
0.001052
0.001038
0.001025
0.001013
0.001002
0.000991
0.000981
0.000972
0.000964
0.000956
0.000948
0.000940
0.000933
0.000927
0.000920
0.000914
0.000908
0.000902
0.000896
0.000891
0.000886
0.000881
0.000876
0.000871
0.000867
0.000862
0.000858
0.000853
0.000849
0.000845
0.000841
0.000837
0.000833
0.000830
0.000826
0.000823
0.000820
0.000817
0.000814
0.000811
0.000809
0.000807
0.000805
0.000803
0.000801
0.000800
0.000798
0.000797
0.000796
0.000795
0.000794
0.000792
0.000792
0.000791
0.000790
0.000789
0.000788
0.000787
0.000786
0.000786
0.000785
0.000784
0.000784
0.000783
0.000782
0.000782
0.000781
0.000781
0.000780
0.000779
