0.313346
0.039622
0.012987
0.008341
0.006544
0.005352
0.004464
0.003671
0.003016
0.002488
0.002023
0.001622
0.001299
0.001062
0.000901
0.000794
0.000722
0.000679
0.000650
0.000629
0.000611
0.000594
0.000578
0.000564
0.000550
0.000536
0.000523
0.000511
0.000499
0.000487
0.000476
0.000465
0.000456
0.000446
0.000438
0.000429
0.000421
0.000414
0.000407
0.000400
0.000394
0.000389
0.000385
0.000381
0.000377
0.000374
0.000372
0.000369
0.000367
0.000365
0.000363
0.000361
0.000360
0.000358
0.000357
0.000355
0.000354
0.000353
0.000351
0.000350
0.000349
0.000348
0.000346
0.000345
0.000344
0.000343
0.000341
0.000340
0.000339
0.000338
0.000337
0.000336
0.000335
0.000335
0.000334
0.000333
0.000332
0.000332
0.000331
0.000331
0.000330
0.000329
0.000329
0.000328
0.000328
0.000327
0.000326
0.000326
0.000325
0.000325
0.000324
0.000324
0.000323
0.000323
0.000322
0.000322
0.000321
0.000321
0.000321
0.000320
