0.280512
0.063859
0.012548
0.008261
0.007834
0.007086
0.006627
0.006070
0.005408
0.004627
0.003796
0.003057
0.002518
0.002143
0.001841
0.001586
0.001379
0.001214
0.001087
0.000989
0.000915
0.000857
0.000811
0.000774
0.000743
0.000717
0.000695
0.000675
0.000658
0.000642
0.000628
0.000615
0.000602
0.000591
0.000580
0.000570
0.000560
0.000551
0.000543
0.000534
0.000526
0.000519
0.000511
0.000504
0.000497
0.000491
0.000485
0.000478
0.000472
0.000467
0.000461
0.000455
0.000450
0.000445
0.000440
0.000435
0.000430
0.000425
0.000421
0.000416
0.000412
0.000408
0.000404
0.000400
0.000396
0.000393
0.000390
0.000387
0.000384
0.000381
0.000378
0.000375
0.000373
0.000370
0.000368
0.000366
0.000364
0.000362
0.000360
0.000358
0.000356
0.000355
0.000353
0.000352
0.000350
0.000349
0.000347
0.000346
0.000345
0.000344
0.000342
0.000341
0.000340
0.000339
0.000338
0.000337
0.000337
0.000336
0.000335
0.000334
