0.203046
0.025976
0.005904
0.003934
0.002743
0.002240
0.001894
0.001617
0.001391
0.001216
0.001086
0.000990
0.000921
0.000871
0.000833
0.000805
0.000783
0.000764
0.000748
0.000732
0.000718
0.000703
0.000690
0.000676
0.000663
0.000651
0.000638
0.000626
0.000614
0.000602
0.000591
0.000580
0.000569
0.000559
0.000549
0.000539
0.000529
0.000520
0.000511
0.000502
0.000494
0.000485
0.000477
0.000469
0.000462
0.000454
0.000447
0.000440
0.000433
0.000427
0.000421
0.000415
0.000409
0.000404
0.000399
0.000394
0.000389
0.000384
0.000380
0.000375
0.000371
0.000367
0.000364
0.000360
0.000358
0.000355
0.000353
0.000351
0.000349
0.000347
0.000346
0.000344
0.000343
0.000341
0.000340
0.000339
0.000338
0.000337
0.000336
0.000335
0.000334
0.000333
0.000333
0.000332
0.000331
0.000331
0.000330
0.000330
0.000329
0.000329
0.000328
0.000328
0.000328
0.000327
0.000327
0.000327
0.000326
0.000326
0.000326
0.000326
