0.275085
0.056964
0.017980
0.006652
0.005320
0.004800
0.004290
0.003885
0.003487
0.003117
0.002777
0.002479
0.002228
0.002021
0.001852
0.001713
0.001595
0.001495
0.001410
0.001337
0.001274
0.001219
0.001169
0.001122
0.001078
0.001036
0.000997
0.000960
0.000926
0.000894
0.000864
0.000835
0.000807
0.000780
0.000754
0.000729
0.000706
0.000683
0.000660
0.000639
0.000619
0.000600
0.000581
0.000564
0.000547
0.000532
0.000517
0.000504
0.000491
0.000479
0.000468
0.000458
0.000448
0.000439
0.000432
0.000424
0.000418
0.000412
0.000406
0.000401
0.000396
0.000392
0.000388
0.000384
0.000381
0.000378
0.000375
0.000372
0.000369
0.000366
0.000364
0.000361
0.000359
0.000356
0.000354
0.000352
0.000350
0.000348
0.000346
0.000345
0.000343
0.000342
0.000340
0.000339
0.000338
0.000337
0.000336
0.000335
0.000334
0.000333
0.000332
0.000331
0.000330
0.000330
0.000329
0.000328
0.000328
0.000327
0.000327
0.000326
