0.279103
0.062020
0.013122
0.008145
0.007853
0.007167
0.006764
0.006319
0.005786
0.005152
0.004433
0.003716
0.003124
0.002694
0.002362
0.002083
0.001854
0.001671
0.001529
0.001417
0.001329
0.001258
0.001199
0.001149
0.001107
0.001070
0.001038
0.001009
0.000983
0.000960
0.000938
0.000917
0.000898
0.000880
0.000862
0.000845
0.000829
0.000813
0.000797
0.000782
0.000768
0.000753
0.000739
0.000726
0.000713
0.000701
0.000690
0.000679
0.000669
0.000660
0.000651
0.000643
0.000636
0.000629
0.000623
0.000617
0.000611
0.000606
0.000601
0.000596
0.000591
0.000586
0.000581
0.000576
0.000572
0.000567
0.000563
0.000559
0.000555
0.000550
0.000546
0.000542
0.000538
0.000534
0.000530
0.000526
0.000523
0.000519
0.000515
0.000511
0.000507
0.000504
0.000500
0.000496
0.000493
0.000489
0.000485
0.000482
0.000478
0.000475
0.000471
0.000468
0.000464
0.000461
0.000457
0.000454
0.000451
0.000447
0.000444
0.000440
