0.102448
0.015447
0.006159
0.003024
0.002330
0.001948
0.001760
0.001605
0.001467
0.001348
0.001245
0.001153
0.001068
0.000990
0.000920
0.000860
0.000810
0.000768
0.000733
0.000703
0.000677
0.000654
0.000634
0.000615
0.000599
0.000583
0.000568
0.000555
0.000542
0.000529
0.000518
0.000506
0.000496
0.000485
0.000476
0.000466
0.000457
0.000449
0.000441
0.000433
0.000426
0.000419
0.000412
0.000406
0.000400
0.000395
0.000390
0.000385
0.000380
0.000376
0.000371
0.000368
0.000364
0.000361
0.000358
0.000355
0.000352
0.000350
0.000348
0.000345
0.000343
0.000341
0.000339
0.000337
0.000334
0.000332
0.000330
0.000328
0.000326
0.000324
0.000323
0.000321
0.000320
0.000319
0.000317
0.000316
0.000315
0.000314
0.000313
0.000313
0.000312
0.000311
0.000310
0.000310
0.000309
0.000309
0.000308
0.000308
0.000307
0.000307
0.000307
0.000306
0.000306
0.000306
0.000305
0.000305
0.000305
0.000305
0.000304
0.000304
