0.177800
0.026240
0.007865
0.005048
0.003483
0.002704
0.002038
0.001584
0.001251
0.001028
0.000876
0.000766
0.000684
0.000625
0.000581
0.000549
0.000524
0.000504
0.000487
0.000473
0.000460
0.000449
0.000439
0.000431
0.000423
0.000417
0.000411
0.000406
0.000401
0.000397
0.000393
0.000389
0.000385
0.000382
0.000378
0.000375
0.000372
0.000369
0.000367
0.000364
0.000361
0.000359
0.000357
0.000354
0.000352
0.000350
0.000348
0.000346
0.000344
0.000342
0.000340
0.000337
0.000335
0.000333
0.000331
0.000330
0.000328
0.000326
0.000325
0.000323
0.000322
0.000321
0.000319
0.000318
0.000317
0.000316
0.000315
0.000314
0.000313
0.000312
0.000311
0.000310
0.000309
0.000309
0.000308
0.000307
0.000307
0.000306
0.000305
0.000305
0.000304
0.000304
0.000304
0.000303
0.000303
0.000302
0.000302
0.000302
0.000301
0.000301
0.000301
0.000301
0.000300
0.000300
0.000300
0.000300
0.000300
0.000299
0.000299
0.000299
