-26.384819
-28.164771
-25.281261
-33.188078
-22.173146
-36.316944
-36.188451
-28.112384
-30.069045
-21.514981
-36.948808
-28.271424
-36.388211
-28.268490
-20.775849
-27.427994
-28.283244
-34.661821
-32.286700
-22.647255
-32.977203
-25.775516
-32.871809
-36.499821
-28.250617
-36.096213
-31.058677
-31.370546
-32.949048
-23.572375
-32.683166
-29.793100
-20.848003
-32.574725
-37.175718
-23.394000
-36.830191
-24.541961
-28.250464
-32.434308
-26.778348
-27.786086
-28.257505
-25.100459
-31.662416
-29.819589
-21.712408
-32.093706
-35.878893
-32.459699
-26.757191
-22.034308
-23.360463
-33.315782
-30.949589
-36.361837
-32.703446
-37.226957
-35.021493
-30.358655
-35.596433
-28.274874
-29.056877
-36.971864
-33.401409
-20.183833
-26.758396
-28.539112
-36.438057
-31.335154
-28.534462
-35.071394
-36.866989
-32.809927
-20.992086
-25.809897
-34.645233
-34.475797
-36.671506
-32.348851
-36.042843
-25.158821
-26.250361
-29.029301
-25.647138
-34.820289
-22.443663
-20.798555
-20.640921
-22.999118
-28.270808
-28.252536
-33.852314
-35.933532
-21.366146
-34.977228
-31.072660
-32.415197
-23.973565
-28.141625
-20.475070
-26.790220
-27.025835
-26.151320
-35.482171
-22.136709
-21.838209
-28.269301
-22.131619
-33.305650
-32.496141
-30.850631
-26.235240
-30.419397
-24.287088
-23.888161
-29.903906
-21.101864
-26.749236
-32.584469
