-34.530182
-34.464694
-35.310077
-33.532439
-34.906381
-33.811838
-33.741716
-34.935015
-34.594052
-33.450250
-33.665671
-34.090239
-33.728222
-34.546367
-32.488541
-35.134121
-33.482015
-33.788730
-34.786893
-32.435387
-34.016453
-34.746936
-34.505752
-35.488812
-35.590247
-34.628086
-35.196205
-34.551926
-34.015771
-33.413908
-34.779461
-35.603013
-35.337380
-33.312338
-33.990688
-31.209102
-31.625592
-33.462524
-31.991418
-34.811815
-32.676147
-29.095880
-29.861748
-33.935691
-34.400861
-34.218761
-34.724484
-33.937985
-33.809864
-34.503436
-28.148557
-33.170055
-31.074705
-31.040933
-30.040239
-31.024357
-32.973465
-33.048471
-30.935285
-34.991971
-34.649443
-33.838237
-34.038484
-34.356185
-34.766108
-34.889661
-31.188233
-34.521938
-34.394862
-30.320686
-30.028638
-31.204069
-31.500630
-33.678412
-35.230906
-32.773845
-34.613325
-34.840209
-34.647604
-34.518816
-34.718466
-34.473015
-32.716146
-34.516297
-34.409272
-28.138504
-28.844022
-32.838658
-33.692772
-33.338891
-31.460751
-33.201991
-33.189766
-33.615806
-33.366045
-33.316222
-31.561619
-31.889101
-33.048115
-33.490058
-31.508228
-34.392300
-34.812838
-35.534060
-34.522575
-30.624626
-34.009259
-34.042709
-29.778125
-34.041791
-31.519828
-34.267599
-34.614444
-31.196144
-30.444991
-34.660994
-29.100483
-34.427601
-34.477849
-34.210150
-28.918421
-27.914304
-28.381339
-34.377690
-33.263982
-33.840705
-32.892357
-33.997486
-34.640334
-34.315149
-33.335869
-28.017338
-34.533744
-34.503220
-34.443337
-34.624096
-34.380340
-33.415865
-34.013823
-28.178445
-29.020775
-33.701552
-34.609994
-34.661456
-32.948321
-29.051659
-32.840371
-34.462982
-34.277681
-34.301091
-34.406510
-33.938442
-28.434357
-31.697824
-29.041860
-34.030618
-34.309483
-34.475564
-32.240088
-34.333842
-31.610849
-32.706701
-33.290498
-31.762975
-31.213648
-33.097084
-31.691114
-28.225213
-34.203738
-32.885173
-32.848322
-34.253452
-34.267858
-28.296058
-34.907158
-34.404734
-31.615251
-33.994772
-33.194761
-31.623091
-32.591799
-32.813380
-28.096162
-34.222911
-28.831474
-34.871755
-34.411384
-29.044414
-29.338721
-29.204957
-34.373882
-30.117532
-34.197743
-33.131648
-33.146868
-32.660403
-34.268505
-32.777651
-35.091539
-29.079544
-34.570035
-34.444871
-32.961109
-33.278611
-28.998623
-28.073565
-31.616268
-33.206569
-29.275598
-28.792598
-28.956965
-35.058107
-32.923146
-28.253318
-34.311509
-32.265963
-33.040885
-28.012498
-33.863222
-35.074872
-33.249091
-29.066900
-33.991858
-35.155569
-33.844293
-34.469666
-34.619274
-34.128057
-34.815939
-33.496445
-34.584577
-33.716599
-33.527081
-34.558708
-35.478788
-30.079103
-28.481248
-29.332234
-29.433226
-32.893315
-29.410730
-33.807555
-29.058864
-28.380253
-28.351024
-33.383784
-28.281056
-28.438847
-34.333268
-28.533003
-29.073674
-31.037894
-31.523556
-30.555392
-34.342785
-34.681502
-32.833718
-29.937243
-31.852424
-31.703178
-31.607870
-29.154945
-33.385059
-31.730935
-33.724234
-32.844988
-34.338011
-32.786567
-31.644462
-33.212007
-35.348089
-35.192926
-35.209600
-34.537445
-34.915025
-34.121777
-35.240399
-34.962648
-34.360748
-34.235599
-31.612041
-33.047650
-34.267459
-35.299299
-31.255851
-34.013714
-34.712694
-32.922986
-31.665059
-29.022789
-34.198652
-31.281166
-28.750977
-34.781485
-29.472410
-35.115803
-31.543336
-31.514175
-33.474688
-35.476164
-28.410715
-31.591571
-35.573355
-34.739231
-35.294152
-29.711016
-31.608549
-33.080954
-35.161087
-31.597732
-34.117773
-32.783851
-31.661249
-32.779567
-32.832749
-34.485977
-34.172975
-28.105261
-34.791960
-33.442403
-34.369207
-28.408947
-32.270360
-33.016132
-34.366300
-34.329238
-33.179373
-32.494834
-33.206320
-33.761110
-28.122500
-32.843223
-31.562285
-28.378266
-33.512107
-33.727260
-34.406040
-34.384456
-34.758320
-34.939691
-35.403947
-35.174709
-30.780301
-34.671041
-28.413001
-28.739144
-34.545140
-34.999483
-33.833620
-35.287637
-34.631241
-27.994253
-34.444674
-28.386730
-34.457438
-29.553616
-32.941147
-29.486223
-34.263073
-28.336125
-33.367927
-31.627305
-28.756485
-32.647149
-34.164704
-33.877916
-34.866351
-35.047764
-34.930846
-34.624015
-35.228245
-33.626061
-34.385897
-34.895365
-34.555626
-30.748850
-29.754082
-34.364326
-30.776362
-34.601473
-33.768079
-34.395244
-34.654080
-31.654638
-33.770778
-28.402873
-34.344533
-31.626379
-33.302772
-33.929215
-34.744876
-35.115870
-34.530052
-35.015055
-34.972167
-34.278401
-33.124324
-34.283712
-34.957588
-34.339125
-33.887894
-28.778100
-33.917732
-28.085748
-34.720430
-35.004469
-31.545963
-32.832310
-28.783628
-35.005134
-34.458588
-32.777707
-32.406752
-34.142237
-34.557453
-35.040146
-34.802159
-32.567540
-29.605353
-29.125092
-31.628620
-31.041047
-29.148034
-34.226651
-33.080387
-33.446958
-33.469071
-35.206570
-35.092894
-34.179646
-34.707698
-35.071890
-32.814653
-34.695580
-34.335065
-35.348451
-28.338589
-34.566673
-33.898370
-29.532644
-34.358604
-32.843290
-35.059621
-28.542030
-34.900932
-34.791149
-28.739387
-28.005296
-34.398583
-31.654725
-28.908379
-28.777449
-28.343248
-29.460443
-28.420499
-34.394111
-29.080572
-35.361433
-34.359906
-35.205764
-35.268073
-34.412376
-34.240685
-33.334755
-33.483419
-32.777588
-33.739183
-28.404442
-33.652681
-28.710325
-28.786779
-28.986421
-28.596753
-34.818648
-35.447082
-34.229765
-34.785298
-29.368528
-28.155549
-34.350655
-33.835648
-34.430660
-34.337143
-31.530675
-34.704881
-33.685064
-28.321899
-28.406966
-29.126505
-35.323641
-28.883675
-34.775144
-34.732162
-34.257918
-28.873457
-34.667387
-34.964013
-35.115406
-33.921070
-32.589075
