634.000000
2152.000000
1618.000000
4740.000000
2854.000000
4883.000000
658.000000
3049.000000
574.000000
3119.000000
1242.000000
1567.000000
981.000000
1308.000000
678.000000
1246.000000
2136.000000
2731.000000
649.000000
543.000000
3538.000000
649.000000
479.000000
852.000000
852.000000
598.000000
794.000000
649.000000
1335.000000
520.000000
562.000000
910.000000
1126.000000
326.000000
1552.000000
211.000000
543.000000
295.000000
1215.000000
1169.000000
702.000000
169.000000
169.000000
337.000000
1167.000000
3108.000000
1524.000000
337.000000
2115.000000
784.000000
148.000000
295.000000
253.000000
190.000000
266.000000
273.000000
253.000000
316.000000
408.000000
1302.000000
988.000000
253.000000
5511.000000
6004.000000
1421.000000
4157.000000
169.000000
530.000000
479.000000
232.000000
229.000000
169.000000
190.000000
326.000000
1617.000000
880.000000
1224.000000
564.000000
649.000000
824.000000
862.000000
564.000000
190.000000
445.000000
445.000000
122.000000
173.000000
156.000000
429.000000
688.000000
343.000000
425.000000
426.000000
1075.000000
663.000000
481.000000
388.000000
588.000000
751.000000
446.000000
306.000000
513.000000
1124.000000
2021.000000
802.000000
274.000000
1465.000000
670.000000
266.000000
757.000000
388.000000
2013.000000
674.000000
451.000000
148.000000
530.000000
139.000000
581.000000
411.000000
411.000000
105.000000
139.000000
105.000000
309.000000
309.000000
360.000000
173.000000
496.000000
428.000000
428.000000
462.000000
105.000000
394.000000
513.000000
479.000000
547.000000
530.000000
292.000000
343.000000
105.000000
122.000000
394.000000
598.000000
530.000000
258.000000
173.000000
241.000000
564.000000
428.000000
479.000000
496.000000
309.000000
122.000000
156.000000
139.000000
343.000000
462.000000
649.000000
173.000000
377.000000
214.000000
232.000000
484.000000
229.000000
169.000000
292.000000
156.000000
105.000000
821.000000
241.000000
511.000000
858.000000
475.000000
122.000000
736.000000
547.000000
156.000000
526.000000
309.000000
139.000000
363.000000
173.000000
105.000000
360.000000
173.000000
734.000000
496.000000
139.000000
214.000000
190.000000
479.000000
249.000000
2613.000000
224.000000
224.000000
815.000000
411.000000
224.000000
794.000000
156.000000
632.000000
513.000000
258.000000
330.000000
122.000000
105.000000
156.000000
224.000000
345.000000
243.000000
190.000000
2749.000000
353.000000
105.000000
377.000000
504.000000
263.000000
122.000000
649.000000
852.000000
945.000000
105.000000
7415.000000
857.000000
2612.000000
878.000000
3762.000000
5063.000000
3669.000000
1005.000000
946.000000
1270.000000
292.000000
326.000000
1403.000000
214.000000
105.000000
243.000000
265.000000
156.000000
243.000000
388.000000
156.000000
122.000000
105.000000
299.000000
214.000000
139.000000
589.000000
173.000000
105.000000
190.000000
224.000000
169.000000
462.000000
988.000000
156.000000
190.000000
190.000000
139.000000
139.000000
122.000000
309.000000
173.000000
343.000000
173.000000
513.000000
326.000000
207.000000
275.000000
736.000000
1003.000000
962.000000
411.000000
1003.000000
1044.000000
1458.000000
1405.000000
1632.000000
394.000000
139.000000
360.000000
445.000000
1413.000000
620.000000
1149.000000
678.000000
301.000000
190.000000
139.000000
526.000000
156.000000
214.000000
632.000000
301.000000
1084.000000
243.000000
470.000000
504.000000
1171.000000
214.000000
272.000000
1461.000000
1405.000000
1331.000000
301.000000
243.000000
675.000000
1660.000000
214.000000
462.000000
769.000000
156.000000
470.000000
173.000000
411.000000
496.000000
139.000000
533.000000
309.000000
449.000000
105.000000
224.000000
326.000000
377.000000
360.000000
224.000000
207.000000
207.000000
343.000000
105.000000
207.000000
207.000000
105.000000
241.000000
360.000000
343.000000
581.000000
530.000000
852.000000
881.000000
823.000000
214.000000
591.000000
214.000000
185.000000
562.000000
823.000000
417.000000
910.000000
751.000000
122.000000
377.000000
105.000000
3859.000000
214.000000
224.000000
243.000000
513.000000
122.000000
343.000000
190.000000
185.000000
139.000000
1892.000000
2590.000000
3530.000000
1950.000000
2234.000000
2882.000000
2954.000000
2625.000000
632.000000
1746.000000
674.000000
199.000000
148.000000
484.000000
266.000000
899.000000
358.000000
1850.000000
993.000000
243.000000
1010.000000
105.000000
564.000000
156.000000
309.000000
1254.000000
462.000000
736.000000
411.000000
1299.000000
765.000000
428.000000
462.000000
428.000000
794.000000
445.000000
445.000000
243.000000
394.000000
105.000000
666.000000
1352.000000
214.000000
156.000000
214.000000
1855.000000
411.000000
139.000000
343.000000
1987.000000
826.000000
2394.000000
925.000000
599.000000
229.000000
148.000000
156.000000
363.000000
105.000000
275.000000
275.000000
258.000000
275.000000
1985.000000
939.000000
292.000000
1246.000000
736.000000
241.000000
853.000000
496.000000
1026.000000
122.000000
462.000000
411.000000
272.000000
445.000000
258.000000
823.000000
105.000000
785.000000
717.000000
214.000000
105.000000
394.000000
122.000000
105.000000
185.000000
122.000000
326.000000
105.000000
428.000000
105.000000
1026.000000
504.000000
1776.000000
1113.000000
513.000000
530.000000
446.000000
275.000000
139.000000
562.000000
214.000000
533.000000
185.000000
243.000000
122.000000
139.000000
823.000000
1085.000000
326.000000
1595.000000
185.000000
122.000000
360.000000
504.000000
428.000000
462.000000
243.000000
683.000000
377.000000
105.000000
185.000000
139.000000
852.000000
122.000000
836.000000
757.000000
428.000000
214.000000
445.000000
1405.000000
707.000000
241.000000
466.000000
